0.167969 0.070312 0.030151 0.101074
-0.082031 0.067871 -0.308594 0.055420
-0.247070 -0.008179 -0.222656 -0.017456
0.182617 -0.019897 0.103027 0.003082
-0.063477 0.107422 0.231445 -0.281250
-0.042480 0.149414 0.088379 -0.318359
-0.271484 -0.161133 0.153320 0.287109
-0.074707 0.118164 0.143555 0.025146
0.166992 -0.148438 -0.193359 -0.043457
0.058594 0.020874 -0.037842 -0.028076
0.029541 -0.308594 -0.111816 0.198242
-0.343750 0.114746 -0.139648 0.138672
-0.079102 -0.083008 -0.037598 0.187500
0.255859 -0.197266 -0.281250 0.151367
-0.229492 0.013184 -0.133789 0.015198
-0.075684 0.171875 0.153320 0.024536
0.128906 0.038330 0.233398 -0.072266
0.158203 0.091797 -0.314453 0.108887
0.166016 -0.092773 0.257812 -0.106445
0.345703 -0.125977 -0.002731 0.190430
0.117188 -0.011963 -0.075684 0.034424
-0.020020 0.122070 -0.084961 0.172852
0.298828 -0.037109 0.047363 0.179688
0.111328 -0.058350 -0.291016 0.030396
-0.341797 0.013062 -0.071777 0.141602
-0.206055 -0.269531 0.196289 0.126953
0.130859 0.049805 0.195312 -0.277344
-0.003845 0.091797 0.052734 -0.028076
-0.104004 0.074707 0.105469 -0.115723
-0.242188 0.185547 -0.019775 -0.197266
-0.001480 0.246094 -0.118652 -0.281250
-0.184570 -0.123535 0.029663 -0.097656
0.170898 0.145508 0.088379 0.136719
-0.075684 0.045654 0.006256 0.031982
0.062988 0.213867 -0.036865 -0.185547
0.062988 0.015381 0.029785 -0.275391
-0.089355 -0.144531 -0.226562 -0.117188
-0.017700 -0.081055 0.136719 -0.142578
-0.007141 0.013489 -0.131836 -0.005463
-0.126953 -0.178711 -0.104492 -0.028687
