-0.079102 -0.140625 -0.113281 -0.096191
-0.063477 0.202148 0.122559 0.102539
-0.051025 -0.062256 0.035400 0.031128
-0.116211 0.164062 0.211914 -0.042725
-0.145508 0.014893 -0.007751 -0.160156
0.030762 -0.054688 -0.082520 0.113281
-0.043701 0.015869 0.166016 -0.199219
-0.144531 0.111816 0.019897 0.045654
0.088867 0.204102 -0.104492 -0.081543
-0.035400 0.049316 0.137695 0.068848
-0.190430 -0.083008 -0.098633 -0.127930
-0.016479 0.247070 0.099121 0.146484
-0.128906 0.179688 0.161133 -0.010010
0.015198 0.092285 -0.100586 -0.069824
0.048584 -0.130859 -0.078613 -0.038818
0.008850 0.166016 0.083496 0.211914
0.083984 0.180664 -0.052734 0.150391
0.147461 0.058350 0.083008 0.086914
0.341797 0.025391 0.033203 0.026489
0.143555 -0.104980 -0.164062 -0.011963
0.061035 -0.032715 0.025024 0.125977
0.181641 0.039307 -0.095215 0.031006
-0.217773 -0.222656 0.040527 -0.125977
0.014893 -0.064941 0.086426 0.198242
-0.294922 0.154297 -0.062012 -0.027588
-0.034668 -0.062500 0.016357 0.106445
-0.212891 -0.085938 0.199219 0.055664
-0.176758 -0.119629 -0.025879 0.041504
-0.182617 0.269531 -0.062012 -0.209961
-0.169922 0.036621 0.094727 0.199219
-0.027954 0.025635 -0.343750 -0.136719
-0.109375 -0.212891 -0.008972 -0.038574
-0.006775 0.088379 0.054199 -0.194336
-0.067383 0.001495 -0.015198 0.007568
-0.249023 0.059570 0.091797 -0.028931
-0.128906 -0.125977 -0.081055 -0.007782
-0.182617 0.125977 -0.006439 0.095215
-0.147461 0.009583 -0.030273 -0.131836
-0.009949 -0.112305 -0.204102 -0.160156
-0.210938 -0.195312 0.008789 0.162109
0.050049 0.025635 -0.071777 0.041260
0.239258 0.178711 -0.141602 0.016968
0.149414 0.161133 0.012878 0.138672
-0.132812 -0.113281 -0.101074 -0.102051
-0.122559 -0.378906 0.181641 0.213867
0.021606 0.150391 -0.027466 0.074219
-0.066895 -0.408203 -0.025513 -0.298828
-0.105957 -0.059570 -0.053467 -0.124512
-0.032959 -0.032959 0.160156 -0.158203
0.009705 0.021851 -0.038574 0.133789
-0.199219 -0.180664 -0.004028 0.277344
-0.101562 0.024780 0.063477 -0.058838
-0.231445 -0.073242 -0.101562 -0.441406
0.012146 -0.091797 0.007050 0.033203
-0.097168 -0.036133 -0.182617 -0.328125
-0.099121 -0.064941 -0.051514 -0.161133
-0.110352 0.038818 0.182617 -0.157227
0.024414 -0.011719 -0.035400 0.067383
-0.206055 -0.153320 0.073730 0.206055
0.053467 -0.030884 -0.174805 0.074707
-0.023926 -0.169922 0.090820 -0.040527
-0.116699 0.158203 -0.004700 -0.032715
-0.076172 -0.122070 -0.107422 -0.123535
-0.021118 0.034424 -0.101562 0.025757
-0.004059 -0.233398 -0.014038 0.054199
0.202148 0.146484 -0.036377 0.190430
0.007996 0.134766 0.006195 -0.011047
0.138672 -0.095703 -0.036133 0.067871
0.047363 -0.108398 0.291016 0.073242
0.060303 -0.036133 -0.054443 -0.008362
-0.005890 -0.486328 -0.077148 -0.161133
0.146484 -0.014648 -0.076660 -0.081055
-0.167969 0.026855 0.100098 -0.075195
-0.094727 0.124512 0.101074 0.027222
-0.054688 -0.039551 0.009338 -0.066406
-0.000744 0.029907 -0.221680 -0.195312
-0.121094 0.197266 0.069824 -0.025391
-0.093750 -0.031250 -0.140625 -0.173828
-0.210938 -0.081543 0.061523 -0.020508
0.026123 0.084961 -0.129883 -0.035645
-0.009766 0.136719 0.150391 0.061035
-0.055664 0.104004 0.182617 0.037354
-0.182617 0.108887 0.171875 0.051758
0.150391 0.130859 -0.099121 -0.191406
-0.048340 0.053223 0.091309 -0.068359
-0.098633 0.064941 0.158203 -0.205078
-0.193359 -0.116211 -0.007050 -0.160156
-0.105957 -0.009216 0.041748 -0.009155
0.068359 -0.026245 0.153320 0.156250
-0.017212 -0.085449 0.123047 0.182617
0.047852 0.095215 0.171875 0.120605
0.202148 -0.237305 -0.095703 -0.047119
0.267578 -0.103027 -0.054199 0.020508
-0.080566 -0.121582 0.129883 0.045410
0.164062 0.035645 -0.001274 -0.031738
0.040527 -0.250000 0.031006 0.091797
-0.052734 -0.095703 -0.105957 0.071289
-0.036133 0.061768 -0.100586 0.067871
-0.074219 -0.194336 -0.071777 0.104004
-0.277344 0.259766 0.090820 -0.433594
-0.187500 -0.118164 0.036621 0.133789
-0.126953 -0.134766 0.114746 -0.100586
-0.162109 -0.176758 -0.131836 -0.027100
-0.208008 0.031128 0.082520 -0.104492
-0.052002 -0.020874 -0.179688 0.084961
-0.121582 -0.137695 -0.064453 0.044434
-0.169922 -0.035400 -0.176758 0.082031
0.166016 0.080078 0.154297 0.016235
-0.169922 -0.114746 -0.072754 0.000992
-0.224609 -0.071289 0.036133 0.202148
-0.200195 -0.221680 -0.081055 -0.065918
-0.133789 -0.072266 0.010925 0.211914
-0.023682 -0.073242 -0.169922 -0.010132
-0.027588 -0.169922 -0.180664 0.049805
-0.123047 0.080078 -0.057617 0.100586
0.265625 -0.246094 0.120605 0.148438
0.055176 -0.188477 -0.097168 0.023315
-0.197266 0.012146 -0.063477 0.115723
0.048584 -0.075684 -0.031128 0.243164
-0.074219 -0.061523 0.149414 0.043701
0.147461 0.034424 -0.061768 0.056396
0.017212 0.208984 -0.136719 0.023438
-0.101074 -0.017578 -0.110840 0.166016
-0.306641 -0.006439 0.118652 -0.406250
-0.176758 0.034424 -0.163086 0.006958
-0.141602 -0.165039 -0.172852 0.077148
-0.367188 -0.349609 -0.001091 0.212891
-0.205078 -0.310547 -0.059082 -0.120117
0.120605 0.241211 -0.017090 -0.250000
0.117676 -0.055664 -0.056152 -0.077637
0.069824 0.135742 0.008362 0.037109
0.023926 -0.072266 0.031982 -0.142578
-0.047363 -0.165039 -0.103516 0.135742
0.082520 0.023804 0.025024 0.138672
-0.222656 -0.171875 -0.125000 0.157227
0.093262 -0.154297 0.079102 0.186523
0.139648 -0.039307 -0.066895 -0.150391
0.241211 -0.102539 -0.103027 -0.022339
0.107422 0.052979 -0.063965 -0.214844
0.218750 -0.203125 0.072266 0.090332
0.100098 -0.052490 -0.196289 0.255859
0.028931 -0.078613 -0.031128 -0.006592
-0.103027 0.002960 0.063477 0.104492
0.073242 -0.113281 0.066406 0.128906
0.037354 0.011658 0.103516 -0.128906
0.003250 0.130859 -0.084473 -0.242188
-0.027222 0.169922 -0.095703 -0.320312
0.022949 0.027100 0.049805 -0.414062
0.034912 0.019653 -0.136719 -0.049805
-0.004608 0.086914 0.170898 -0.110840
-0.099121 -0.255859 0.024658 0.044434
0.036621 0.009155 -0.080078 -0.365234
0.078613 -0.106445 -0.030762 -0.086914
-0.054932 -0.074219 0.116699 -0.275391
-0.062500 -0.194336 0.101074 -0.053955
0.014465 0.170898 0.044678 -0.106445
-0.082031 -0.145508 -0.043701 0.090820
-0.037598 -0.194336 0.009827 0.019775
-0.062988 0.025024 0.058838 0.071777
0.051270 0.190430 -0.017212 -0.160156
0.018066 0.263672 -0.067871 0.013184
0.036865 -0.102539 0.085449 -0.369141
-0.085938 -0.170898 0.046631 -0.105469
-0.081543 -0.154297 -0.070801 -0.386719
0.055664 0.061768 -0.108398 0.161133
0.073242 0.069336 0.086426 -0.193359
-0.120605 -0.030762 -0.209961 0.031738
0.029663 -0.035156 0.002716 -0.390625
-0.052490 0.164062 0.221680 -0.212891
-0.066895 0.116699 -0.068359 0.058838
0.033203 0.093262 -0.013794 -0.328125
0.054688 -0.104004 -0.193359 -0.029297
0.062500 -0.102051 0.094238 -0.108398
-0.091309 0.027100 0.021729 -0.053955
-0.060547 -0.273438 -0.102539 -0.102051
0.054199 0.081055 -0.161133 -0.095703
0.010071 -0.075195 0.083008 -0.118164
-0.110352 -0.000896 0.158203 -0.019775
0.039795 0.093750 0.045166 -0.102051
0.056396 0.251953 0.045898 0.078125
-0.094727 -0.314453 0.062988 -0.080566
-0.057861 -0.076660 0.017334 -0.059082
0.016235 -0.016724 -0.182617 0.029785
0.000900 0.158203 0.031006 0.099121
0.038818 0.075684 -0.086426 -0.086426
0.079102 -0.094238 -0.099609 0.127930
0.017944 -0.245117 0.004059 0.044189
-0.110840 0.236328 -0.277344 0.090332
-0.100098 -0.080566 0.310547 -0.206055
0.070312 0.015015 -0.006958 -0.149414
0.002090 0.152344 -0.040039 0.046631
0.062256 0.208008 0.011902 0.114258
-0.005035 0.164062 -0.221680 -0.048096
-0.157227 0.013245 -0.245117 -0.043213
-0.109863 0.063965 -0.304688 -0.137695
-0.043457 -0.049316 -0.369141 0.013672
0.067871 -0.271484 -0.235352 0.123047
-0.005493 0.259766 -0.151367 0.060303
-0.073242 -0.167969 0.069336 -0.040771
-0.122559 -0.101074 -0.273438 0.072754
0.051025 -0.118652 -0.166992 0.077148
0.015991 0.092285 0.140625 0.055420
-0.106445 0.159180 -0.132812 0.006470
-0.102051 0.155273 -0.199219 -0.010071
0.012512 -0.193359 -0.165039 0.094727
0.034180 0.012512 -0.129883 0.107422
-0.022583 -0.166016 0.057861 -0.053223
0.027222 0.253906 -0.289062 -0.014587
0.022949 -0.056885 -0.148438 -0.056885
0.099609 -0.086426 -0.022095 0.179688
-0.058350 -0.112305 -0.159180 0.068359
-0.014282 0.087891 -0.031982 0.135742
-0.139648 -0.065430 -0.263672 0.139648
-0.055420 -0.143555 -0.229492 0.091797
-0.064941 0.062012 0.049805 -0.056641
-0.010254 0.044678 -0.168945 0.130859
-0.005524 -0.035645 -0.103516 -0.292969
0.092285 -0.102051 -0.057617 -0.247070
-0.071777 0.005005 -0.071777 -0.404297
-0.018433 -0.052734 -0.003937 -0.028931
-0.025269 0.121582 -0.051270 -0.396484
-0.071289 -0.040527 -0.129883 -0.281250
-0.035156 0.095703 -0.120117 -0.416016
-0.109863 0.086426 0.027344 -0.122559
-0.016846 -0.159180 0.064453 -0.190430
-0.016968 -0.068848 -0.034912 -0.109863
-0.060791 -0.209961 0.082520 -0.117676
0.039551 -0.048584 -0.098145 0.376953
-0.004425 0.148438 0.036133 -0.120605
0.082031 -0.057861 -0.027466 -0.201172
-0.008484 -0.009827 0.091309 -0.052490
0.023926 -0.033447 -0.047852 0.026733
-0.003418 0.221680 0.148438 -0.239258
-0.095215 0.015137 0.158203 -0.392578
0.031494 -0.116211 0.112305 -0.203125
-0.006653 0.195312 -0.106934 0.175781
0.046143 -0.144531 0.005829 -0.232422
0.019897 -0.106934 0.096191 -0.166992
-0.001320 -0.312500 -0.086914 0.039795
-0.102051 0.017334 -0.004608 0.005371
-0.051270 -0.024292 -0.248047 0.167969
0.061523 -0.022461 -0.310547 0.137695
-0.049072 0.052979 0.028442 0.012268
0.025269 0.156250 0.112305 -0.188477
0.074707 0.016846 0.018066 -0.082031
0.013245 0.066406 -0.241211 -0.110352
-0.048584 0.159180 -0.255859 -0.277344
0.055176 -0.147461 -0.098145 -0.215820
0.043701 -0.058350 -0.229492 0.155273
0.049805 -0.050537 -0.060059 0.031250
-0.000793 -0.110840 -0.046875 -0.000122
0.005371 -0.318359 0.223633 -0.116699
-0.082520 0.121094 0.075684 0.145508
0.048096 0.031738 -0.090820 -0.025635
-0.066895 0.153320 -0.001350 -0.114746
-0.046875 -0.129883 0.109375 -0.228516
-0.092285 0.261719 -0.088379 -0.061035
-0.061523 0.091309 -0.157227 0.133789
0.050781 0.004761 0.186523 0.011719
0.019165 -0.060059 0.279297 -0.106934
0.011536 -0.093750 -0.100586 0.063965
0.019775 0.145508 -0.004150 -0.171875
-0.001465 -0.108887 0.100098 -0.015015
-0.092773 0.052490 0.333984 -0.337891
-0.157227 0.049561 -0.130859 0.168945
-0.063965 -0.113770 -0.022583 0.082520
-0.044678 0.084473 -0.419922 0.137695
0.086914 0.087402 0.003220 -0.039062
-0.047363 -0.043701 -0.195312 -0.120605
-0.050293 -0.271484 -0.132812 0.044922
0.052002 0.018555 -0.410156 -0.006042
0.009460 -0.164062 -0.190430 0.080566
0.043457 -0.245117 -0.060547 -0.010315
0.028931 0.001411 0.110352 -0.006775
-0.065430 -0.074219 -0.212891 0.061279
-0.004211 -0.020508 0.112793 0.124512
-0.060303 0.228516 -0.103027 0.086914
-0.043701 -0.094727 -0.145508 -0.071289
0.008057 0.194336 -0.190430 -0.061768
-0.152344 -0.086426 -0.060303 0.001602
-0.073730 0.098145 0.098633 0.028442
-0.075684 0.096680 0.199219 0.096191
0.072754 -0.019409 -0.037109 0.025879
-0.006989 0.014465 -0.069824 0.113281
-0.080078 0.024536 -0.043213 0.199219
-0.026489 0.011230 -0.083008 0.079590
-0.057129 -0.008728 -0.091309 0.033203
-0.073242 -0.124512 -0.216797 0.145508
-0.147461 -0.010437 0.227539 -0.001472
0.072754 -0.114746 -0.047363 0.028076
0.013000 -0.057861 -0.018921 -0.033203
-0.009521 0.082520 0.024170 -0.039062
-0.232422 -0.037842 0.049561 -0.093750
-0.108887 -0.044678 0.095703 0.071777
-0.042480 0.083008 0.098633 0.129883
0.030273 0.110352 0.098633 0.078613
-0.146484 -0.063477 0.051270 0.066406
-0.011414 0.047119 0.048828 0.104492
0.027710 -0.018677 0.133789 0.017090
0.053223 0.087891 0.148438 -0.007599
-0.015747 -0.208008 0.061035 -0.090820
-0.005981 0.060791 0.026123 0.103516
-0.091797 -0.017944 -0.162109 0.110840
0.140625 0.208008 0.217773 0.168945
-0.339844 -0.101074 0.054932 0.150391
-0.038330 -0.098633 0.088379 0.038330
0.034668 0.089355 -0.027222 0.117188
0.077637 -0.134766 0.094238 -0.111816
0.033691 0.105469 0.011047 0.015381
-0.140625 0.042480 -0.054688 0.097656
0.068848 -0.102539 -0.144531 -0.147461
0.095703 0.088867 0.115234 0.119629
-0.253906 -0.066895 -0.132812 0.008484
-0.006500 -0.062988 -0.240234 0.068359
0.004761 0.052734 -0.156250 -0.114258
0.151367 0.145508 -0.114258 -0.117676
-0.115723 0.031982 -0.188477 -0.163086
-0.009033 0.013855 -0.113770 -0.024414
-0.075684 0.032715 0.001411 -0.028564
0.185547 -0.020630 -0.160156 -0.155273
-0.013184 0.034912 0.095703 -0.096680
0.150391 -0.091309 -0.187500 -0.076660
0.028931 0.156250 -0.002472 0.052490
0.087891 -0.106445 -0.155273 -0.130859
0.083496 0.203125 -0.074707 -0.010132
-0.113770 0.024658 0.037842 0.163086
-0.037598 -0.105957 0.091797 -0.102539
0.151367 -0.064941 -0.076660 -0.035645
-0.072754 -0.030029 -0.019775 -0.203125
0.142578 0.047363 0.056396 -0.170898
0.000500 0.096680 0.063477 -0.060059
0.145508 0.036621 -0.148438 -0.151367
0.086914 0.186523 0.235352 0.136719
-0.158203 -0.097168 0.067871 -0.167969
-0.048096 -0.063965 -0.006653 -0.134766
0.181641 -0.027588 -0.072754 -0.125000
0.011353 0.014587 -0.208984 -0.035156
0.078125 -0.019043 0.064453 -0.018066
0.099609 -0.038330 -0.122559 -0.016113
-0.151367 0.119629 -0.170898 -0.009583
-0.036621 0.090332 -0.233398 0.086426
0.033691 0.007080 -0.115723 0.023438
-0.157227 0.011230 0.053467 -0.134766
-0.011963 0.076172 -0.043213 0.047607
-0.093262 -0.027222 -0.449219 -0.423828
-0.090332 -0.111816 -0.070801 -0.207031
0.152344 0.022095 -0.228516 -0.009705
0.026611 -0.096680 -0.112793 -0.113281
0.223633 0.233398 -0.314453 0.052979
-0.033203 -0.117676 -0.294922 -0.302734
-0.294922 0.002441 0.108887 -0.035156
0.030518 -0.117188 -0.177734 0.023926
0.058594 0.033936 -0.073730 -0.079102
-0.089355 -0.010559 -0.068848 -0.265625
-0.007935 -0.050781 -0.257812 -0.133789
-0.151367 -0.065918 -0.071289 -0.267578
0.166992 -0.040527 -0.243164 -0.102539
0.077637 -0.047363 -0.073242 -0.312500
-0.250000 -0.078613 0.111328 0.149414
-0.100098 0.023926 -0.219727 -0.187500
0.275391 -0.091797 -0.028076 0.105957
0.082520 -0.105469 -0.030762 -0.065430
0.253906 -0.003708 -0.178711 -0.168945
-0.137695 -0.090332 0.146484 0.049561
-0.116699 0.071289 0.140625 0.151367
-0.020264 0.031494 -0.135742 -0.194336
0.031006 0.140625 -0.187500 -0.183594
-0.042480 -0.201172 -0.014648 -0.125000
0.109375 0.192383 0.120605 0.101074
0.088379 0.020386 0.154297 0.013428
0.129883 0.189453 0.011963 0.001717
0.131836 0.029541 0.107422 -0.092285
-0.064453 -0.020996 0.109375 -0.028931
0.016724 -0.132812 -0.073730 -0.070312
0.015137 -0.066895 0.092285 -0.198242
-0.024048 -0.220703 0.002182 -0.218750
0.014221 0.085938 -0.031006 -0.014832
0.066406 -0.100586 0.167969 -0.043457
0.031738 0.115723 0.026733 0.080078
-0.115234 -0.033691 -0.029663 -0.169922
-0.061523 0.041504 0.162109 0.023315
-0.183594 0.183594 -0.089844 -0.061523
0.200195 -0.001442 0.023315 0.112793
-0.209961 0.140625 -0.009705 0.017822
0.056152 -0.046387 -0.289062 0.220703
-0.002380 0.087891 -0.198242 0.139648
0.174805 0.062988 -0.142578 -0.019287
-0.248047 0.025269 0.020142 -0.070801
0.015320 0.104004 -0.143555 0.051514
0.083984 -0.104004 -0.291016 -0.063965
0.007812 -0.164062 -0.229492 -0.222656
-0.117188 0.048340 -0.012695 -0.165039
-0.009399 0.034912 -0.257812 0.032227
0.084961 0.028687 -0.226562 0.082520
0.044922 0.065430 -0.177734 0.166016
-0.104492 0.105469 0.077637 0.011780
0.075195 -0.285156 -0.011780 -0.192383
0.023438 0.123535 -0.138672 0.007202
0.037354 -0.044434 -0.114746 0.090820
-0.105469 0.192383 0.118164 0.114258
-0.046143 -0.394531 -0.081543 -0.143555
0.174805 -0.165039 -0.160156 -0.250000
0.119141 -0.145508 0.000641 -0.069336
-0.001068 0.093262 0.230469 -0.037109
0.098145 -0.036377 -0.071289 -0.050049
-0.036865 0.065430 0.003326 0.063965
-0.139648 0.225586 -0.185547 0.069824
0.161133 0.088379 0.156250 0.130859
-0.283203 -0.198242 0.035645 0.243164
-0.006012 -0.066406 -0.023804 0.123047
-0.018799 0.013672 -0.058105 0.055420
-0.027710 0.283203 -0.095703 -0.178711
0.015320 -0.111328 -0.013000 -0.166992
0.198242 -0.033936 -0.033447 0.005646
0.010071 0.005676 -0.135742 0.048096
-0.004669 0.003220 -0.277344 0.154297
-0.269531 -0.053711 -0.089355 -0.082520
0.001198 -0.088379 0.051270 -0.275391
-0.104980 -0.052490 -0.102539 0.009521
0.073730 0.247070 -0.146484 0.091797
-0.035156 -0.051514 -0.042236 -0.144531
0.235352 0.015625 -0.194336 0.080078
-0.016479 0.081543 -0.231445 0.188477
0.058105 0.116211 -0.271484 0.118652
-0.217773 0.133789 -0.140625 -0.180664
-0.073730 0.042969 -0.033691 -0.128906
-0.083984 -0.048828 -0.273438 -0.267578
0.077148 -0.283203 0.096191 0.145508
-0.056396 -0.104980 -0.106934 -0.062012
-0.030151 -0.273438 -0.139648 -0.121094
-0.176758 -0.153320 -0.253906 -0.096680
0.173828 -0.165039 -0.221680 0.038818
0.006134 0.038818 -0.130859 -0.128906
0.187500 -0.004150 -0.114746 0.077637
0.166016 -0.154297 -0.251953 0.076660
-0.052490 -0.150391 -0.023071 0.112305
-0.051758 0.097656 0.016724 -0.078125
0.183594 0.004272 -0.050781 0.033936
-0.257812 -0.066895 0.060791 0.020264
0.107422 -0.106445 -0.056396 0.253906
-0.083496 0.078613 -0.117676 -0.064941
0.007446 0.026367 -0.103027 -0.047607
0.034912 0.036377 -0.145508 -0.081543
-0.064453 0.145508 -0.261719 0.081055
-0.081543 -0.018921 -0.096191 0.092773
-0.022095 -0.005615 -0.034668 -0.046143
-0.169922 -0.137695 -0.020020 0.047363
-0.062500 0.174805 -0.206055 0.104004
0.156250 0.041016 -0.004883 0.099609
-0.104004 0.020386 -0.180664 -0.022095
0.125977 0.177734 0.022339 0.003662
0.130859 0.047852 0.013123 -0.147461
0.017212 -0.082520 0.065430 -0.061768
0.093262 -0.022461 -0.117676 0.168945
-0.034668 -0.032471 -0.062988 -0.003403
0.052002 0.125977 -0.129883 -0.250000
0.073242 0.044678 -0.149414 -0.055664
0.151367 -0.135742 0.093750 -0.095703
0.069336 -0.069336 0.081543 0.032959
0.204102 -0.097168 0.107910 0.062256
0.067383 0.062988 -0.114258 0.135742
0.096191 -0.073242 -0.144531 -0.033447
-0.332031 -0.131836 0.187500 0.022827
0.174805 -0.048340 0.146484 0.020630
-0.084473 0.141602 -0.231445 0.008179
-0.199219 0.052002 0.053955 -0.003128
0.099609 0.041992 -0.104492 -0.261719
-0.060791 -0.044189 0.032959 -0.013794
0.135742 -0.175781 0.069336 -0.018311
-0.205078 0.030273 -0.214844 -0.058594
-0.150391 -0.120117 0.125977 0.015015
-0.064453 -0.166992 0.005920 -0.053711
0.042236 -0.009766 -0.010986 0.129883
-0.061035 0.125977 -0.178711 0.008606
-0.063477 0.131836 -0.114746 -0.094727
-0.019287 0.099609 -0.063965 -0.075684
-0.132812 -0.291016 -0.018799 0.037598
-0.033447 -0.030884 -0.144531 0.166992
-0.077637 -0.279297 0.146484 -0.146484
0.014954 0.135742 -0.099609 0.003281
-0.071289 0.061523 0.098145 -0.065430
-0.051270 0.110840 0.134766 -0.139648
0.186523 -0.202148 0.137695 0.019043
0.124512 0.021729 0.163086 0.054443
0.257812 0.022827 0.078125 0.093262
-0.034668 -0.060059 0.065430 -0.250000
-0.196289 0.089355 -0.144531 0.039551
0.144531 0.085938 0.145508 -0.139648
-0.165039 -0.048584 0.103027 0.091309
-0.119141 0.044922 0.104004 -0.002304
-0.146484 -0.085449 0.213867 -0.302734
-0.019775 -0.131836 0.112305 -0.106445
0.174805 -0.069336 -0.035645 -0.057617
-0.169922 0.047607 0.116699 -0.061768
-0.014648 -0.173828 0.025024 -0.000427
0.131836 -0.048584 -0.035889 -0.102539
0.121094 0.000507 0.028076 0.108887
0.031494 0.259766 0.108887 -0.006836
-0.192383 0.108398 0.165039 0.062256
-0.016602 0.144531 0.281250 -0.123047
-0.033447 0.005859 -0.122559 0.027588
0.050293 0.070801 -0.007507 0.175781
-0.039307 -0.373047 0.154297 -0.228516
0.013062 0.135742 -0.048584 -0.079102
0.050781 -0.090332 0.128906 -0.049805
-0.031250 -0.017944 0.067383 -0.041992
0.165039 -0.038330 0.029053 -0.023315
-0.205078 0.103027 -0.167969 0.064453
0.007629 -0.006165 -0.173828 0.035889
0.182617 0.129883 -0.042725 -0.052734
0.083984 -0.142578 0.092285 -0.028564
0.058838 0.063965 -0.083984 0.088379
-0.259766 0.094238 0.040039 -0.054688
-0.184570 0.149414 -0.000790 -0.224609
-0.139648 0.128906 0.105957 -0.021362
0.015015 -0.062500 0.001556 0.062500
-0.044922 0.001762 -0.104004 -0.155273
0.113770 0.025513 0.033203 -0.067383
-0.021118 0.087891 -0.015625 -0.004211
0.041260 0.052002 0.031982 0.070312
-0.236328 0.004791 -0.142578 0.050781
-0.156250 0.027344 -0.131836 -0.008484
-0.108887 0.064453 -0.020386 -0.063477
0.080078 -0.144531 0.014221 -0.102539
-0.017944 0.223633 0.000565 -0.196289
0.070312 0.009705 -0.065430 -0.026001
0.152344 0.135742 0.113281 -0.079102
-0.029907 -0.034424 0.049072 -0.283203
-0.131836 -0.180664 0.040283 -0.086914
-0.143555 -0.045166 0.033691 -0.234375
0.199219 -0.124023 0.052734 -0.012146
-0.018677 0.067383 -0.126953 0.050781
0.014282 -0.122559 0.121582 -0.146484
0.179688 -0.102051 0.015259 -0.068848
0.191406 -0.224609 0.020874 0.100586
0.123047 -0.147461 -0.186523 0.086426
-0.351562 -0.066406 0.068359 0.070312
-0.486328 -0.019043 0.030273 0.025757
-0.221680 -0.056641 -0.052246 -0.222656
0.002228 -0.009766 -0.067871 -0.180664
-0.020874 -0.055908 -0.075195 -0.045410
-0.065918 -0.029053 0.032959 -0.151367
0.105957 0.001114 0.090820 -0.082031
0.043213 -0.300781 0.025391 -0.216797
0.160156 -0.112793 0.015381 0.154297
-0.083496 0.034668 -0.130859 0.066406
-0.208008 -0.042969 -0.257812 0.153320
0.122559 -0.170898 0.109375 -0.152344
0.003143 0.002747 -0.046631 0.068359
-0.220703 -0.140625 -0.088867 0.094727
-0.116699 0.168945 0.003235 0.015991
0.051758 -0.104004 -0.168945 0.028198
-0.187500 0.075684 -0.129883 -0.121094
-0.153320 0.031250 0.161133 -0.082520
0.110352 -0.071777 0.029541 -0.068359
0.112793 0.008118 0.012695 -0.170898
-0.040039 -0.081055 0.248047 0.012512
0.170898 0.149414 -0.116699 -0.033936
0.181641 -0.182617 0.100586 -0.005615
0.253906 -0.165039 -0.011475 -0.049805
0.013428 0.018799 -0.002548 -0.043213
-0.060791 0.171875 0.166992 -0.091309
-0.081543 0.092285 -0.022095 -0.176758
-0.068359 -0.137695 0.140625 0.028076
0.095215 -0.010010 0.237305 -0.016968
-0.163086 -0.076172 -0.012146 0.025269
0.117188 -0.351562 0.157227 -0.304688
-0.048340 -0.209961 -0.203125 0.029785
0.131836 -0.255859 -0.009338 0.163086
-0.098633 0.137695 0.210938 0.029297
0.073730 0.173828 -0.094238 0.120605
0.025391 -0.218750 -0.074707 0.082031
-0.087402 0.291016 0.125000 0.003006
-0.058105 -0.180664 -0.208008 -0.003708
-0.141602 0.167969 0.020264 0.021118
-0.104004 -0.103516 -0.004669 0.045166
0.066895 0.081543 -0.235352 -0.001930
-0.064941 0.134766 -0.093262 0.099609
-0.392578 0.124512 -0.231445 0.066406
0.054932 -0.187500 -0.134766 -0.003021
-0.074219 -0.031494 0.020874 0.142578
0.076660 0.139648 -0.201172 -0.029175
0.087891 0.009766 -0.011108 -0.152344
-0.029541 -0.038818 -0.247070 0.132812
-0.101562 -0.033936 -0.125977 -0.094238
-0.042969 0.030396 -0.150391 0.155273
-0.178711 0.148438 -0.263672 -0.079590
-0.109375 0.027100 -0.300781 0.070801
0.115234 -0.201172 -0.016235 -0.175781
0.205078 0.015320 -0.021606 -0.162109
-0.092773 0.114258 0.095703 0.257812
0.034912 0.045166 -0.285156 -0.068359
-0.083496 -0.310547 0.110352 -0.153320
-0.283203 -0.104492 -0.152344 -0.189453
-0.095703 -0.055908 0.059082 -0.042969
-0.036133 0.122559 -0.087891 0.045166
0.086914 -0.259766 -0.183594 -0.036133
0.011169 -0.207031 -0.046143 -0.197266
-0.359375 0.318359 0.005890 0.324219
0.188477 0.040039 -0.098633 -0.029297
-0.072266 0.072266 0.067871 0.051270
-0.131836 0.018921 0.148438 -0.039795
-0.041016 0.023438 -0.114258 0.001152
-0.131836 -0.304688 0.152344 -0.212891
-0.051514 -0.211914 -0.026978 -0.037598
-0.025269 0.041260 0.073242 0.106934
-0.310547 0.062500 0.082520 -0.137695
-0.047363 -0.341797 0.098633 -0.000679
-0.445312 0.125000 -0.059570 0.149414
-0.186523 0.054932 0.021973 0.028687
0.063477 -0.002411 0.023560 0.062988
-0.176758 0.167969 0.040283 0.152344
0.008057 -0.050049 -0.085938 -0.165039
-0.330078 0.032227 -0.005493 0.136719
-0.128906 0.034424 0.108398 -0.188477
-0.251953 0.222656 0.075195 0.051025
-0.145508 -0.217773 -0.100098 -0.124023
-0.180664 -0.194336 -0.132812 -0.012695
-0.205078 0.025635 -0.028442 0.061768
-0.038818 0.167969 0.181641 0.292969
-0.162109 -0.048096 -0.130859 -0.109375
-0.202148 -0.318359 -0.069824 -0.021729
0.063477 0.005920 0.015747 0.172852
-0.106934 0.089355 -0.066406 0.237305
-0.018066 0.078125 0.094727 0.018921
0.096191 0.100098 0.007996 0.161133
-0.050781 -0.062500 0.065918 0.077148
0.092773 -0.235352 0.014343 -0.116211
-0.049561 -0.021240 -0.227539 0.028198
-0.076660 0.074707 0.162109 -0.041260
-0.300781 -0.140625 -0.112793 -0.136719
-0.201172 -0.044434 -0.138672 -0.143555
0.065430 -0.010010 0.125977 0.025513
0.162109 -0.128906 0.067871 0.102539
0.080566 0.104004 0.159180 0.136719
0.103027 0.019043 0.084473 -0.033936
-0.086914 -0.084961 -0.231445 -0.060059
-0.029419 0.061768 0.111328 0.151367
-0.052490 -0.304688 -0.025635 -0.314453
-0.022705 -0.024170 -0.019287 -0.213867
-0.163086 -0.273438 -0.064941 -0.000832
0.016724 -0.165039 -0.060547 -0.033691
-0.065430 -0.081055 -0.031494 0.033691
0.056396 0.104980 0.135742 0.129883
-0.210938 -0.093262 -0.376953 -0.025513
-0.132812 -0.228516 -0.036621 -0.126953
0.121582 -0.123047 0.055908 -0.158203
0.000652 0.112305 0.015747 0.044678
0.141602 0.016968 0.047363 -0.147461
0.084473 0.020386 0.038574 0.124023
-0.075195 0.054688 -0.218750 0.054932
-0.314453 0.069336 -0.118652 -0.080566
-0.051514 0.129883 -0.318359 0.232422
-0.229492 0.048340 -0.133789 0.057861
-0.468750 0.018921 -0.168945 0.222656
-0.253906 -0.188477 -0.088867 -0.060059
0.248047 0.044189 -0.092285 -0.036377
0.147461 0.125977 0.004456 0.205078
0.324219 0.093750 -0.229492 -0.212891
-0.060059 -0.056396 -0.007385 -0.178711
-0.085449 0.180664 -0.070312 0.195312
-0.032471 -0.063477 -0.108887 -0.025024
0.063965 -0.061279 -0.332031 -0.046631
0.042725 -0.216797 -0.219727 -0.244141
0.033203 -0.128906 -0.051025 -0.001129
-0.042725 -0.011475 -0.226562 -0.028931
0.034180 -0.333984 -0.066895 -0.063477
0.059814 -0.069336 0.096680 -0.029053
-0.017822 0.082520 -0.129883 -0.166992
0.019043 0.057861 -0.113770 -0.007996
0.155273 0.005463 -0.166016 -0.116211
0.099609 -0.078613 -0.013123 -0.035645
0.308594 0.003815 0.160156 -0.202148
0.181641 0.037842 0.199219 -0.142578
0.242188 0.056396 0.055420 0.055420
-0.243164 0.128906 -0.113281 0.239258
-0.281250 -0.231445 0.000835 0.009094
0.006226 0.062256 0.035889 0.061523
-0.008240 -0.173828 -0.055908 -0.101074
0.019531 -0.102539 -0.067383 0.003937
0.017944 -0.064453 0.052002 -0.225586
-0.194336 0.095215 0.178711 0.004181
0.016846 -0.027954 0.021240 -0.054443
-0.119141 -0.008179 -0.255859 -0.011414
-0.248047 0.257812 0.124023 0.233398
0.197266 0.042725 -0.070312 0.017944
0.241211 0.059326 0.168945 0.087402
0.107910 -0.102051 -0.302734 -0.092285
-0.176758 -0.259766 -0.112793 -0.013489
-0.208008 -0.149414 -0.040283 -0.012451
-0.318359 -0.211914 -0.106445 -0.026978
0.007568 -0.217773 -0.200195 -0.125977
-0.007141 0.097656 -0.014954 0.176758
-0.054443 -0.087402 -0.024780 -0.188477
-0.070801 0.136719 0.199219 -0.008118
-0.159180 0.035889 -0.113281 -0.129883
-0.062988 0.110840 0.055420 0.056152
0.078613 0.225586 -0.052002 0.184570
0.108398 0.011108 0.157227 0.144531
-0.028564 -0.171875 -0.051758 -0.016968
0.123535 -0.240234 -0.021484 -0.016235
-0.025757 0.087402 0.140625 0.072754
0.103516 -0.090332 0.073242 0.055664
0.014893 0.027832 -0.196289 -0.117676
-0.101562 0.065918 -0.158203 -0.056152
0.197266 -0.007874 0.013062 0.075684
-0.099609 0.171875 0.083008 0.165039
-0.265625 -0.194336 -0.275391 -0.030151
0.146484 -0.076172 0.029053 0.115234
-0.167969 0.064453 0.132812 0.143555
0.008728 0.117188 0.136719 0.146484
-0.298828 -0.015747 -0.152344 -0.123047
0.009644 -0.251953 -0.035889 -0.117188
-0.046875 -0.306641 0.091797 -0.040527
-0.118652 -0.241211 0.006561 -0.037842
-0.155273 -0.285156 -0.109863 -0.164062
0.104492 0.111328 -0.016479 0.143555
-0.214844 -0.133789 -0.066895 0.075684
0.089844 0.133789 0.007080 0.017578
-0.363281 -0.087402 -0.287109 -0.029663
-0.073242 -0.036133 -0.289062 -0.030884
0.157227 -0.075684 0.010498 -0.166016
0.166992 -0.141602 -0.178711 -0.208984
0.048096 -0.088867 0.034424 -0.251953
-0.041748 0.052734 -0.107910 0.131836
0.096191 0.071777 -0.182617 -0.034180
-0.198242 -0.111328 0.077148 0.083008
0.131836 0.144531 0.007446 -0.214844
0.074219 -0.105957 -0.289062 -0.028198
-0.089355 -0.111328 -0.269531 -0.068359
-0.026123 -0.072266 -0.267578 0.098145
0.031494 -0.090332 -0.092285 -0.310547
0.065430 0.112793 0.009521 0.054199
-0.092773 -0.081055 -0.246094 -0.056885
-0.020752 -0.257812 0.043457 0.010071
0.122070 0.067383 -0.198242 -0.178711
0.000854 0.163086 -0.333984 0.084961
0.036621 -0.000839 -0.186523 -0.029297
-0.006866 0.099609 -0.281250 0.073730
0.088379 -0.021484 -0.223633 0.043213
0.012939 0.032227 -0.024048 -0.025879
-0.028076 -0.041016 -0.170898 0.108398
0.058838 -0.174805 0.082520 -0.076660
0.056885 -0.069824 -0.335938 0.135742
-0.169922 -0.007812 -0.053955 -0.279297
0.025513 0.092773 -0.024780 0.099121
0.029907 0.153320 0.009216 -0.196289
0.147461 0.006897 -0.085938 0.139648
0.076660 -0.092773 0.113281 0.027832
-0.056396 0.072266 -0.062500 -0.186523
-0.242188 -0.281250 0.065430 0.257812
0.116211 -0.004089 0.017578 0.178711
0.095703 -0.106934 0.113770 -0.186523
-0.181641 0.117188 -0.029907 -0.050049
-0.061768 -0.030396 -0.051514 -0.237305
-0.018677 0.185547 -0.011108 0.009521
0.039551 -0.141602 0.157227 -0.273438
0.006256 -0.070312 0.072266 -0.144531
0.071289 0.051514 -0.041992 0.068359
-0.170898 0.181641 0.128906 -0.068848
-0.031982 0.098633 0.026978 0.000591
-0.150391 -0.185547 -0.068848 -0.048096
-0.145508 -0.055664 0.023193 -0.157227
-0.036133 -0.138672 0.027466 -0.078613
0.055664 0.053467 0.079102 -0.125000
-0.048096 0.051025 -0.143555 -0.019897
0.010864 -0.058350 0.086426 0.111328
-0.079102 0.031250 0.000215 -0.097656
-0.119629 -0.033691 -0.015259 0.236328
-0.082031 0.003632 0.011292 0.149414
0.029541 -0.047852 -0.112793 0.149414
0.107910 0.025635 0.127930 0.085449
0.131836 0.000526 0.221680 0.181641
-0.077148 -0.000122 -0.145508 0.115234
-0.023682 -0.153320 -0.076660 -0.106934
0.142578 -0.091309 0.165039 0.170898
-0.114258 0.042236 0.145508 0.128906
-0.087402 -0.078613 0.050537 0.035156
-0.151367 -0.052734 0.101074 0.192383
-0.151367 0.105469 0.207031 0.135742
0.202148 0.041992 0.004089 -0.129883
-0.118164 -0.042725 0.103027 0.096680
-0.116699 -0.251953 -0.173828 0.097656
-0.050049 0.104004 0.072754 0.143555
-0.257812 -0.043213 -0.073242 0.014099
-0.265625 -0.029541 0.072754 -0.180664
-0.261719 0.048340 -0.063477 -0.040527
-0.095215 0.103516 0.167969 0.167969
0.066895 0.093750 0.062500 -0.212891
-0.169922 0.001129 -0.008606 -0.074219
-0.063477 -0.152344 -0.094727 0.010498
-0.135742 0.091309 0.190430 0.005768
-0.114746 0.124512 0.110840 -0.298828
0.000456 -0.060059 0.109375 -0.236328
0.096680 0.019897 -0.104004 -0.138672
-0.125977 -0.277344 -0.367188 0.130859
0.116699 -0.189453 -0.183594 0.023682
0.052246 0.013428 -0.074219 -0.148438
0.020386 0.127930 -0.096191 -0.144531
0.140625 0.142578 -0.195312 0.059082
-0.259766 0.198242 -0.070801 -0.225586
-0.197266 -0.091797 0.074707 -0.198242
-0.054932 0.105469 -0.096680 -0.067871
0.057129 0.051514 -0.106445 0.152344
0.046875 0.028198 -0.224609 -0.017090
0.157227 0.236328 -0.077637 -0.149414
0.030762 0.104980 0.003510 -0.076172
0.042969 0.154297 -0.104980 0.110840
-0.024170 -0.051025 -0.031738 -0.059570
-0.122559 -0.137695 -0.107422 -0.086426
-0.005371 0.121094 -0.285156 0.045166
0.086914 0.040283 -0.139648 -0.025757
0.118652 -0.008850 -0.077637 -0.111328
-0.033447 -0.134766 -0.079102 0.068848
0.144531 -0.000319 -0.146484 -0.081543
-0.008179 -0.126953 -0.104492 0.062988
-0.167969 -0.250000 0.015991 0.139648
-0.088867 -0.027832 -0.023926 0.241211
0.205078 0.022949 -0.070801 -0.038330
-0.062256 0.032471 0.057617 0.094727
0.125977 0.172852 -0.039062 0.120117
0.215820 0.009033 0.099609 -0.052002
0.208008 0.129883 -0.059082 -0.009644
0.190430 -0.103516 0.065430 -0.275391
-0.109375 -0.156250 -0.076172 -0.168945
-0.147461 0.164062 -0.052490 0.102051
-0.137695 -0.050293 -0.078613 -0.222656
-0.026123 -0.198242 0.213867 0.200195
-0.032471 0.146484 0.031006 -0.067383
-0.246094 -0.100586 -0.107422 -0.263672
-0.111816 0.143555 0.031982 -0.216797
-0.118652 -0.220703 0.047607 -0.153320
-0.017944 0.120605 -0.003647 -0.195312
-0.096680 0.026001 -0.099121 -0.217773
-0.059082 0.064453 -0.351562 -0.233398
0.155273 0.003769 -0.243164 0.134766
-0.142578 0.059570 -0.050049 -0.261719
0.023804 -0.031250 -0.229492 -0.235352
-0.048584 -0.052002 -0.109863 -0.289062
0.057861 0.010559 -0.141602 0.012939
-0.275391 0.007416 0.056396 0.083008
-0.050049 -0.085938 0.045410 0.017090
-0.024780 -0.038574 0.046875 0.363281
-0.052979 0.198242 0.170898 0.100098
0.130859 0.067871 -0.073730 0.163086
0.061768 0.116699 0.131836 0.017822
0.215820 -0.034424 0.156250 0.105957
0.046387 0.067871 0.003586 0.235352
-0.086426 -0.117676 -0.079590 -0.009888
-0.023804 0.090332 0.089355 0.056641
-0.093750 -0.116699 -0.083984 -0.000050
0.026245 0.287109 0.215820 -0.170898
-0.071289 0.223633 0.079590 0.277344
-0.154297 0.038330 -0.166992 -0.141602
-0.056396 0.002243 0.053711 0.136719
-0.031738 0.129883 0.084473 0.059326
-0.279297 -0.054199 0.029785 -0.101562
-0.197266 0.003784 0.189453 -0.070312
-0.209961 0.059082 0.127930 -0.199219
0.024048 0.069824 0.054199 -0.231445
-0.146484 -0.078125 0.085938 -0.000854
-0.086914 -0.011353 0.027710 -0.053223
-0.106445 -0.038330 -0.049561 0.062500
-0.124023 0.088379 -0.011414 -0.209961
0.078613 -0.066406 0.009399 -0.085449
-0.033447 -0.010071 -0.283203 -0.200195
0.020630 0.036133 -0.129883 -0.035889
-0.069336 0.106934 -0.063477 -0.068848
-0.077148 -0.027344 0.030762 -0.035156
0.093750 -0.032471 0.053955 -0.139648
-0.149414 0.082031 0.031250 -0.017700
0.051270 0.049072 0.008301 -0.014038
0.005615 -0.018066 0.047852 -0.148438
0.037842 0.097168 -0.047852 -0.236328
-0.002914 -0.140625 -0.028320 -0.113281
-0.042969 0.197266 -0.031494 -0.155273
-0.022949 0.251953 0.002136 0.108398
-0.088379 -0.016846 0.178711 -0.124023
-0.130859 0.039551 -0.104980 -0.063477
0.019531 0.196289 -0.193359 -0.224609
-0.061279 -0.156250 -0.195312 -0.179688
-0.033936 -0.077637 -0.105957 -0.003265
0.011108 -0.108887 0.041016 -0.126953
0.045410 -0.031982 -0.050293 -0.237305
-0.011414 0.292969 0.037598 0.139648
-0.065918 -0.036377 0.029175 -0.127930
-0.175781 -0.007233 -0.081055 0.064453
0.006622 0.052002 0.011353 -0.287109
-0.047607 0.099609 -0.002533 -0.245117
0.000561 -0.095703 -0.195312 -0.208008
0.053223 -0.203125 -0.129883 -0.243164
-0.048340 0.152344 0.061523 -0.246094
-0.014343 -0.008423 0.029907 -0.031494
-0.045166 0.032471 0.007599 -0.273438
-0.107422 0.013855 0.000748 -0.007751
-0.068848 -0.055176 -0.096680 -0.193359
0.063965 -0.035889 0.130859 0.052979
0.048828 -0.202148 -0.098145 0.039551
0.069824 0.062012 -0.131836 -0.172852
-0.013611 -0.175781 -0.132812 -0.125977
-0.108887 -0.044434 -0.250000 -0.071289
0.033447 -0.177734 0.115723 0.055908
-0.032471 -0.107910 -0.117188 -0.065918
-0.050537 -0.103516 -0.099609 -0.035645
-0.102539 -0.030884 -0.036377 -0.082031
-0.113281 -0.182617 -0.012878 0.064941
-0.020142 -0.078125 0.092285 -0.099121
-0.048828 -0.196289 -0.046875 0.141602
-0.116699 -0.089844 -0.153320 0.275391
-0.028687 -0.058105 -0.067871 0.004547
-0.002853 -0.058594 -0.089844 -0.010132
-0.061768 -0.124512 0.087402 0.204102
-0.065430 0.097168 0.116211 -0.099121
0.006805 0.040771 -0.097656 -0.029785
0.052002 -0.008972 -0.114258 -0.261719
-0.119141 0.012512 0.069824 -0.158203
-0.055908 -0.228516 -0.017822 -0.140625
-0.014526 0.010803 -0.118164 -0.156250
-0.098145 -0.083008 0.055420 0.118652
-0.061035 -0.063477 -0.038818 -0.193359
-0.028320 -0.237305 0.003159 0.113770
0.005127 -0.151367 -0.017700 0.027832
-0.010010 -0.261719 0.011780 -0.033447
0.085449 0.090820 -0.102051 0.013123
-0.098145 -0.302734 -0.232422 0.174805
0.039795 -0.382812 0.073730 0.195312
-0.063477 0.033203 -0.095215 -0.022583
0.060547 0.154297 -0.232422 -0.044922
0.042969 -0.081055 0.073242 0.022827
-0.005157 -0.017090 0.088379 0.162109
-0.000362 -0.373047 0.118652 0.089355
0.040771 -0.080078 0.186523 -0.001968
-0.074707 -0.222656 0.026245 0.060059
-0.110840 -0.114258 -0.139648 -0.016113
-0.054199 -0.057129 -0.076172 -0.188477
0.055176 -0.148438 0.197266 -0.021118
0.074219 -0.046631 0.014587 -0.082031
-0.024902 0.129883 -0.067871 -0.306641
-0.011597 0.052734 -0.047607 -0.144531
-0.182617 -0.051758 -0.024170 0.068359
-0.082031 0.151367 -0.285156 -0.078125
0.046387 0.049316 0.072266 -0.138672
-0.130859 0.036133 -0.078613 -0.188477
-0.142578 0.056396 -0.023560 -0.054199
0.079590 0.060547 0.102539 -0.365234
-0.064453 0.238281 0.133789 -0.155273
0.031738 0.017334 0.089844 -0.195312
-0.108887 0.091309 0.010925 0.141602
-0.037354 0.114746 -0.167969 -0.070801
-0.026245 -0.177734 -0.008911 -0.177734
0.063477 -0.143555 -0.060547 -0.119141
0.039062 0.000378 -0.015625 0.018066
0.051758 0.273438 -0.030396 -0.182617
-0.019165 0.076172 0.052002 -0.145508
0.038818 0.078613 0.076660 -0.376953
-0.059814 0.079590 -0.213867 0.218750
0.018188 0.040283 0.009521 -0.121094
0.082520 0.012756 0.064453 -0.145508
-0.034912 -0.114258 0.051025 -0.120117
0.096191 0.137695 0.166992 -0.244141
0.038574 -0.084961 0.110840 -0.179688
0.039551 0.052979 0.030151 -0.259766
-0.025879 -0.078613 -0.201172 -0.129883
-0.084961 -0.171875 -0.013489 -0.162109
-0.046143 0.032715 -0.177734 -0.213867
-0.101074 0.100586 -0.060059 -0.151367
0.044678 0.031982 -0.022217 -0.271484
-0.056885 0.145508 -0.063965 -0.217773
0.018311 0.101562 -0.002563 0.079590
-0.094238 -0.053467 -0.083984 0.194336
0.062012 0.022339 0.005463 -0.078125
-0.062500 0.233398 -0.026123 -0.059326
0.057861 0.036621 -0.096680 0.056641
0.070312 0.029541 0.014404 0.036377
-0.054443 0.068359 -0.097168 -0.353516
-0.033936 -0.019165 -0.009705 -0.140625
-0.015991 -0.242188 -0.149414 0.194336
-0.007446 -0.083008 -0.065918 0.275391
0.058350 -0.105957 -0.013855 0.149414
-0.041992 0.164062 -0.332031 0.167969
-0.098145 -0.064941 0.103516 0.053223
-0.016968 -0.162109 -0.131836 -0.075195
-0.085938 0.028442 -0.000946 -0.000301
-0.103516 0.086914 0.084473 0.137695
-0.107422 -0.170898 -0.055420 0.057861
0.038086 -0.123047 -0.080566 0.031738
-0.068359 0.008606 -0.074219 -0.195312
-0.075684 -0.257812 0.154297 -0.107422
0.010742 -0.008545 0.044189 -0.163086
-0.042480 -0.015076 -0.267578 -0.187500
0.045410 0.069824 -0.226562 -0.040527
-0.027588 -0.224609 -0.357422 -0.166016
-0.058594 -0.212891 0.047363 0.000492
-0.007263 -0.158203 -0.185547 0.103516
-0.040527 -0.139648 -0.046631 0.082031
0.030273 -0.208984 0.169922 0.134766
0.075195 -0.047607 -0.074219 0.086914
0.014832 0.024536 -0.212891 -0.076660
-0.000904 -0.103027 -0.013977 -0.090820
-0.071289 -0.265625 -0.130859 0.044922
0.018066 -0.038818 -0.188477 -0.042236
-0.046631 0.103027 0.028442 0.016357
0.027344 -0.287109 -0.122559 0.018921
-0.026367 -0.257812 0.124023 0.190430
0.063477 -0.167969 0.091797 0.100586
0.010620 -0.140625 -0.078613 -0.002625
-0.076660 -0.220703 0.102539 0.023682
-0.027832 -0.421875 -0.040283 0.207031
-0.003281 -0.055908 0.026978 0.154297
0.028931 0.010376 0.083496 0.208984
0.077148 -0.104980 -0.014343 0.328125
-0.099609 -0.091797 -0.060303 0.012390
0.091309 -0.034668 -0.045410 0.135742
0.109863 -0.012817 -0.044434 0.273438
-0.261719 -0.137695 -0.061768 -0.056641
-0.245117 -0.063965 -0.022461 0.180664
-0.017212 -0.142578 -0.097656 -0.298828
0.047119 -0.078613 -0.048828 -0.208008
0.112793 -0.092773 0.083984 0.010620
-0.031494 -0.014221 0.242188 0.080078
-0.185547 -0.038330 -0.055664 0.065918
0.123047 -0.085938 0.062500 -0.164062
-0.110352 0.035400 0.061523 -0.126953
0.024536 -0.075195 0.192383 0.052490
-0.033203 -0.021484 0.083496 -0.168945
-0.180664 -0.064453 -0.249023 -0.029297
-0.088379 -0.082520 -0.225586 -0.277344
0.247070 0.008728 -0.006348 -0.037842
0.107422 0.075195 -0.012573 -0.073242
-0.177734 -0.128906 0.101074 -0.216797
0.023804 -0.071777 0.011597 0.039795
0.056885 -0.113281 -0.089355 -0.140625
-0.020020 -0.074219 0.015991 -0.067871
-0.061768 -0.126953 0.066895 -0.298828
-0.009827 0.064453 0.094238 0.157227
-0.229492 0.037598 0.135742 -0.052734
-0.304688 -0.011230 -0.087402 0.335938
0.077148 -0.114258 0.148438 0.078613
-0.165039 -0.066895 -0.114258 -0.169922
-0.300781 0.060303 0.095703 -0.038330
-0.101074 0.036621 -0.156250 -0.089355
-0.084961 -0.015320 0.012573 0.011169
0.021484 0.037598 0.033936 -0.080078
0.076172 0.074707 0.079590 -0.114746
-0.079590 0.149414 -0.024292 0.151367
0.036865 -0.030884 -0.168945 -0.196289
-0.455078 -0.089844 -0.070312 0.019897
-0.050293 -0.052246 0.046631 -0.103516
-0.036133 -0.047607 0.067383 0.023926
-0.148438 -0.100098 -0.140625 0.136719
-0.029907 -0.053467 -0.040039 -0.127930
0.041016 -0.008972 -0.118164 0.036133
0.044189 0.100098 -0.168945 -0.150391
-0.197266 -0.136719 0.177734 -0.053711
-0.065918 -0.100098 0.141602 0.016602
0.124023 0.051758 -0.223633 -0.094727
-0.003937 -0.062256 0.054199 -0.298828
-0.031738 -0.062500 -0.049805 -0.206055
0.123535 -0.023682 0.085449 -0.235352
-0.125977 -0.046143 0.052979 -0.124512
-0.157227 0.018188 0.201172 0.051270
0.080078 0.018921 -0.007782 -0.167969
-0.194336 -0.125000 -0.203125 0.029663
-0.029419 -0.029053 0.026123 -0.118652
-0.216797 -0.076660 -0.166016 0.089844
0.089355 -0.073730 -0.133789 -0.058594
0.040283 0.031006 -0.083496 -0.355469
0.176758 0.083984 0.009827 -0.158203
-0.085938 0.003082 0.137695 -0.451172
-0.173828 -0.010864 -0.351562 -0.033936
-0.388672 -0.051025 -0.136719 -0.068848
0.156250 -0.063965 -0.036621 -0.181641
-0.015991 -0.025513 0.053711 -0.048828
0.165039 -0.017334 -0.053223 -0.048096
-0.091309 0.064941 -0.017578 -0.078125
0.202148 0.107422 -0.302734 -0.035645
0.230469 0.198242 -0.261719 0.078613
0.007751 -0.036865 0.112793 0.099121
0.031738 -0.244141 -0.004364 -0.010925
0.167969 0.042969 -0.289062 -0.046631
0.035156 -0.016724 -0.050537 0.089355
-0.026001 0.042725 0.078613 0.024780
-0.018188 0.055176 -0.145508 0.097168
0.089844 -0.043945 0.030640 0.049805
-0.126953 -0.036621 0.129883 0.054688
-0.055908 -0.027832 0.040527 -0.080078
0.141602 -0.043701 -0.051758 0.250000
-0.232422 -0.135742 -0.042236 0.128906
-0.151367 -0.093750 -0.248047 -0.283203
-0.041504 -0.005615 0.050781 -0.248047
-0.056641 -0.032227 0.027466 -0.041992
-0.361328 0.000618 0.059814 -0.226562
-0.010559 0.014709 0.283203 0.110352
-0.033447 0.061279 -0.059326 -0.009460
0.055176 0.027954 0.129883 0.181641
0.004059 -0.081543 0.047852 -0.079590
-0.081055 -0.057861 0.021729 -0.106445
-0.148438 -0.019409 -0.160156 -0.119141
-0.063965 -0.161133 -0.247070 -0.263672
0.040039 0.149414 0.029663 -0.333984
-0.077148 -0.088867 -0.166992 -0.212891
-0.015991 -0.104980 -0.164062 -0.056641
0.197266 -0.060303 -0.136719 -0.078125
0.117676 -0.103027 -0.077148 -0.365234
-0.014771 -0.063965 0.130859 -0.038086
-0.166016 -0.069824 0.148438 -0.238281
0.073242 -0.068848 0.118652 0.055908
-0.072754 0.086914 -0.073730 0.355469
-0.269531 0.059570 0.095703 -0.043213
-0.082031 0.023315 -0.054443 0.158203
-0.173828 -0.043945 0.014832 0.132812
-0.058594 0.051270 0.054932 0.347656
-0.061035 -0.066406 -0.165039 -0.041260
-0.097168 -0.019043 -0.150391 -0.093750
0.076172 -0.105469 -0.050049 -0.251953
-0.199219 0.185547 -0.117188 -0.098145
-0.025391 -0.066406 0.003998 -0.053711
-0.112793 0.022583 -0.112793 -0.063965
0.172852 -0.043213 0.179688 0.168945
0.113770 -0.121582 0.043457 0.038330
0.175781 -0.104492 0.208984 0.153320
-0.050049 0.080566 -0.143555 0.194336
-0.178711 -0.033691 -0.090332 0.173828
-0.045166 0.060303 -0.196289 -0.380859
0.212891 -0.009705 -0.238281 -0.124512
-0.041016 -0.113281 -0.121582 0.071289
0.007111 -0.109863 -0.091309 -0.300781
0.051270 -0.018311 -0.152344 -0.171875
-0.028931 -0.047852 0.080566 -0.008545
-0.046387 -0.034668 -0.226562 -0.130859
-0.056885 -0.119629 0.173828 -0.092773
-0.111328 -0.034180 -0.059814 -0.118164
-0.149414 0.064941 0.011597 -0.164062
0.034912 0.049072 0.122559 -0.050781
-0.013489 0.001930 0.222656 -0.076660
-0.231445 -0.129883 0.123047 0.034912
-0.234375 0.020020 -0.253906 -0.007385
0.202148 0.079102 -0.384766 0.105469
-0.082031 -0.057861 -0.141602 -0.128906
-0.147461 0.094238 -0.161133 -0.326172
0.065918 0.056152 0.030273 -0.131836
-0.035645 0.040771 -0.034668 0.031494
0.145508 0.027222 0.109863 -0.226562
-0.058105 0.014465 0.052734 -0.202148
0.115723 -0.098145 0.120117 0.114258
0.203125 0.064453 -0.089355 0.006409
0.141602 -0.008484 0.005432 0.146484
0.027832 0.109375 0.030273 -0.123047
0.207031 -0.029663 -0.174805 -0.171875
-0.062988 0.027588 -0.134766 0.134766
0.045654 -0.092773 -0.355469 -0.111328
0.088379 0.070801 -0.228516 0.145508
0.133789 -0.168945 0.022705 0.135742
0.089355 -0.133789 0.113770 -0.126953
0.114258 0.023560 0.246094 -0.026733
0.144531 0.172852 -0.053711 0.061523
-0.023804 -0.042480 -0.207031 0.014343
0.101562 -0.188477 0.170898 -0.045166
-0.038818 -0.016113 -0.339844 -0.013367
0.126953 0.065430 -0.071777 -0.032471
-0.090820 -0.164062 -0.173828 -0.026367
-0.398438 -0.157227 -0.009766 -0.042969
-0.198242 -0.087891 0.004517 0.025391
0.064453 -0.156250 0.181641 -0.021118
0.005646 -0.040527 -0.047607 0.047607
-0.041748 -0.248047 -0.040771 -0.010071
0.060059 0.056885 -0.061768 -0.074219
-0.073242 -0.073730 0.073242 0.070801
0.125977 0.088867 0.047852 0.045410
-0.072754 0.135742 -0.042236 0.162109
-0.192383 0.066406 -0.125000 0.198242
-0.062500 -0.002792 0.110352 -0.084473
-0.339844 0.007874 0.096680 0.085449
0.154297 0.289062 -0.090332 0.174805
0.015991 -0.104004 -0.006409 -0.228516
-0.219727 0.069336 0.023071 0.001556
-0.269531 -0.083496 -0.009583 -0.171875
-0.074707 -0.105957 -0.090820 -0.328125
0.115723 -0.024902 0.013306 -0.190430
-0.052979 0.108887 0.096191 -0.100098
0.078125 0.015625 0.029541 0.085449
-0.195312 -0.227539 0.027222 -0.241211
0.092285 -0.000096 -0.182617 -0.002335
-0.062500 0.021240 -0.136719 0.051514
0.046631 -0.111816 -0.141602 0.001312
-0.068848 -0.269531 -0.123535 -0.180664
-0.240234 -0.160156 -0.013550 0.057617
-0.108887 -0.226562 0.085938 -0.287109
-0.083496 -0.004059 0.012756 0.255859
-0.093750 -0.214844 -0.046875 0.015259
-0.024536 0.108887 -0.033936 -0.045410
-0.234375 -0.092773 0.057617 -0.247070
0.223633 0.277344 0.159180 -0.066895
0.020386 0.068848 0.037109 -0.067383
0.040283 0.186523 -0.095703 0.063965
-0.154297 -0.231445 0.050049 -0.137695
0.141602 0.019165 0.009094 0.177734
0.157227 0.115723 -0.032471 -0.005646
-0.226562 -0.124023 -0.086426 0.024658
-0.106934 -0.218750 0.112793 -0.030762
0.036621 -0.020996 -0.092285 -0.013794
-0.118164 0.081055 0.127930 0.198242
-0.001816 -0.007935 0.018188 -0.003525
-0.001823 -0.000277 0.054688 0.279297
0.056152 -0.010071 -0.049072 -0.111816
0.064453 0.067871 -0.071289 0.065430
0.001129 0.011841 -0.178711 0.041748
-0.165039 -0.041016 0.092285 0.098145
0.047607 -0.222656 -0.122070 -0.224609
-0.069824 -0.022217 0.114746 -0.029419
-0.093262 -0.095215 0.045410 -0.300781
-0.019043 0.093262 0.158203 0.051514
-0.130859 -0.163086 0.058350 -0.455078
0.065430 -0.283203 -0.144531 -0.044678
-0.008423 0.092285 -0.187500 0.111328
0.010437 0.058838 0.104492 -0.007996
-0.151367 0.051514 0.102539 -0.150391
-0.046387 -0.013611 -0.175781 -0.009155
-0.121094 0.001823 -0.157227 -0.137695
-0.004150 -0.080566 -0.049805 -0.012268
-0.096680 0.109863 0.101074 -0.211914
-0.094727 0.012634 0.059082 0.049805
-0.176758 0.205078 -0.034668 0.044678
-0.143555 0.043457 0.180664 -0.008972
0.017944 -0.109863 -0.141602 0.064941
0.109863 -0.079102 -0.012207 0.076660
0.025879 -0.061768 0.137695 0.119141
0.120117 0.001266 -0.277344 0.131836
0.098145 0.027588 -0.004913 0.109375
-0.018677 -0.232422 0.018188 0.076660
0.115234 0.063965 0.121582 -0.117676
-0.034424 -0.058105 -0.006775 0.019775
-0.083984 0.052734 -0.371094 0.004028
-0.267578 -0.130859 -0.184570 0.098633
-0.353516 -0.035645 -0.267578 0.075684
-0.122070 -0.006378 -0.065918 0.191406
-0.191406 -0.077148 0.111328 0.050293
-0.112305 -0.059326 0.008179 0.065918
-0.016235 -0.139648 0.139648 -0.032715
-0.104980 -0.078613 -0.120117 0.077637
0.267578 0.343750 0.154297 -0.078125
0.161133 0.133789 0.032959 0.017334
0.021973 0.178711 -0.120117 0.147461
-0.265625 -0.008423 -0.206055 0.242188
-0.133789 -0.010742 -0.014587 0.051025
0.053955 -0.086914 -0.181641 0.101074
-0.160156 -0.078125 -0.088379 0.079102
-0.183594 -0.132812 -0.081543 0.039062
-0.146484 -0.043457 -0.131836 -0.205078
-0.108887 0.042969 -0.082520 -0.190430
0.177734 -0.188477 0.156250 -0.118164
0.022949 0.046631 -0.052246 0.207031
0.118164 0.020752 -0.118164 -0.145508
-0.065430 0.039795 0.107422 0.122559
0.122559 -0.026367 0.197266 -0.162109
0.177734 0.088867 0.028076 0.053955
0.022583 -0.062256 -0.271484 -0.135742
0.099609 -0.186523 -0.083496 -0.320312
-0.176758 -0.213867 -0.102539 -0.166016
-0.304688 0.011841 -0.192383 0.306641
0.071289 -0.066895 -0.026367 -0.077637
-0.161133 -0.166016 0.008057 -0.026978
-0.251953 -0.049316 0.117188 0.004089
-0.060303 -0.186523 0.073242 0.165039
0.148438 0.086914 0.128906 -0.086914
0.120117 -0.028687 -0.013672 -0.159180
0.113770 0.165039 0.025391 -0.057861
-0.057129 0.363281 0.164062 0.077148
-0.045898 -0.097168 0.161133 -0.172852
-0.110840 -0.091797 -0.061279 -0.235352
-0.094727 -0.115723 -0.076660 0.079102
0.033447 0.006378 -0.031494 0.105957
0.009888 0.137695 -0.057129 0.147461
0.050049 0.084961 -0.013123 0.249023
-0.026367 0.042969 -0.016357 -0.074219
-0.147461 0.023315 -0.061523 -0.178711
-0.011902 0.112793 -0.033936 0.207031
-0.074707 0.019165 0.025879 -0.068848
0.103516 -0.030640 0.160156 0.052734
-0.005188 0.069336 0.101562 -0.196289
0.039795 -0.158203 -0.083496 0.182617
0.053467 -0.160156 -0.070801 0.219727
0.077637 -0.105957 0.092285 0.047852
-0.361328 -0.042725 -0.014832 -0.347656
0.079590 0.095215 0.063477 -0.066406
-0.016235 -0.216797 0.005341 -0.041748
-0.118652 0.037598 0.060547 -0.079590
-0.133789 -0.220703 0.023804 -0.275391
0.029175 -0.023682 0.177734 0.140625
-0.150391 -0.103027 -0.005066 0.153320
-0.007996 -0.113281 0.062988 0.036133
-0.166016 0.542969 0.042480 -0.187500
-0.073242 -0.220703 0.080078 0.035400
-0.083496 -0.108887 0.030640 -0.080566
0.011169 -0.230469 -0.035156 -0.177734
-0.006897 0.204102 0.083984 -0.255859
-0.096191 -0.126953 -0.095215 0.102051
-0.063477 0.076172 -0.019043 -0.009277
-0.010498 0.037598 -0.138672 -0.090820
-0.010925 -0.093262 0.183594 -0.105957
0.020020 -0.035156 -0.044678 -0.194336
-0.147461 0.052979 -0.129883 0.039551
0.043701 -0.079590 0.236328 0.016602
-0.125977 -0.102051 0.108887 -0.112793
-0.308594 -0.086426 -0.349609 0.149414
-0.187500 -0.040527 -0.238281 0.050293
-0.061035 -0.086426 -0.253906 0.041016
-0.152344 0.058350 -0.044678 -0.145508
-0.033203 -0.014526 -0.302734 -0.120117
-0.353516 0.018921 -0.302734 0.069824
-0.077148 0.023804 0.160156 -0.005615
-0.151367 0.062988 -0.243164 -0.198242
-0.200195 0.003708 0.085938 -0.100586
-0.369141 -0.208008 -0.160156 0.265625
-0.213867 -0.186523 -0.193359 0.173828
-0.410156 -0.009583 -0.247070 -0.119141
-0.089355 0.185547 -0.040527 -0.213867
-0.316406 -0.039795 -0.100586 -0.015991
-0.131836 -0.097656 0.059082 -0.053955
-0.239258 -0.066406 -0.117676 -0.165039
-0.075195 -0.049561 0.171875 0.051758
0.084961 -0.128906 0.160156 -0.118164
-0.118652 -0.144531 0.133789 -0.150391
0.020386 -0.219727 0.180664 -0.281250
0.137695 -0.197266 0.027832 -0.019287
-0.124512 -0.003906 0.011108 -0.000790
0.025391 -0.019409 -0.007080 -0.038086
-0.052002 -0.182617 0.147461 -0.169922
-0.176758 0.151367 0.075195 0.176758
-0.032959 0.070312 0.110840 0.004761
-0.044678 0.129883 0.130859 0.135742
-0.027466 0.050781 0.085449 0.174805
0.167969 -0.200195 -0.191406 -0.029053
-0.045410 0.069824 0.026611 0.215820
-0.052979 -0.203125 0.027832 -0.107422
0.085449 0.000134 0.039551 0.151367
-0.245117 -0.037598 -0.130859 0.169922
-0.118164 -0.040039 -0.127930 0.091797
-0.068359 0.011719 -0.068848 -0.050293
0.020508 0.199219 0.068359 0.109375
-0.063477 -0.186523 -0.306641 0.052246
-0.318359 -0.084961 -0.230469 -0.023193
0.029663 0.084961 0.071289 -0.137695
-0.117676 0.049805 -0.008972 0.086426
-0.106445 0.067871 0.115234 -0.378906
0.142578 -0.177734 0.042725 -0.057617
-0.000059 -0.203125 -0.004608 -0.341797
0.174805 -0.357422 0.129883 -0.024658
0.269531 0.080078 -0.083984 -0.281250
-0.039551 -0.169922 0.010254 -0.363281
-0.056152 -0.045654 -0.082031 0.088379
0.221680 -0.057617 0.069336 -0.201172
0.109375 0.208008 0.174805 -0.151367
-0.062988 0.071289 0.079590 -0.237305
0.036377 -0.029053 0.110352 -0.310547
0.208008 0.068359 0.179688 -0.110840
0.199219 0.012878 -0.188477 -0.111816
-0.047852 0.082031 0.149414 -0.059814
-0.069336 -0.019531 -0.084961 0.239258
0.128906 -0.076660 0.112793 -0.335938
0.182617 0.125000 -0.203125 0.110840
0.042236 0.302734 -0.073730 -0.030640
0.120117 0.212891 0.014832 -0.099609
0.192383 0.332031 0.074707 -0.224609
0.050293 0.012878 -0.322266 0.255859
0.099121 0.146484 0.047119 -0.056885
0.020996 -0.076172 0.070801 0.031250
0.141602 -0.050537 0.094727 -0.285156
0.050537 0.028320 -0.056152 -0.150391
-0.047852 -0.029663 0.115723 -0.207031
0.068848 -0.047363 -0.031982 -0.125977
0.005310 -0.257812 -0.213867 -0.009583
-0.089355 -0.061523 0.158203 -0.079590
-0.030396 -0.057373 -0.105469 -0.129883
0.070312 -0.018311 -0.055176 -0.018433
-0.056396 -0.093262 -0.318359 -0.257812
-0.050293 0.079590 -0.019653 0.143555
-0.101074 0.099609 -0.008789 -0.000561
-0.055908 -0.035156 -0.214844 -0.013123
-0.130859 -0.184570 -0.171875 -0.033691
-0.221680 -0.064941 -0.320312 -0.160156
-0.124023 0.124512 -0.086426 0.069336
0.031128 0.051025 -0.026978 0.146484
-0.045654 0.137695 -0.341797 -0.053467
-0.200195 0.078613 -0.136719 0.046143
-0.412109 0.025269 -0.166016 0.120117
-0.236328 0.099121 -0.172852 0.135742
-0.082520 -0.108887 -0.013794 -0.224609
-0.263672 -0.029297 -0.166016 0.053223
-0.250000 0.062500 -0.059326 -0.029053
-0.223633 0.028564 -0.246094 0.086426
-0.092285 0.104980 -0.026245 -0.079590
0.161133 -0.078613 -0.116699 -0.178711
-0.007935 -0.042725 0.146484 -0.162109
0.033203 0.085449 0.001823 -0.162109
0.004333 0.007599 0.051025 0.004150
-0.125000 -0.094238 0.232422 0.046631
-0.086426 0.047363 -0.121094 -0.160156
0.001877 -0.028076 0.048096 -0.244141
0.178711 -0.068359 -0.027222 -0.111816
0.103516 -0.010376 -0.087891 0.024780
0.127930 0.026123 0.041016 0.087402
-0.060547 -0.000877 -0.056152 -0.051514
-0.200195 0.062988 -0.251953 0.160156
-0.019531 0.109863 0.084961 0.127930
-0.080566 0.127930 -0.039551 -0.181641
-0.014587 0.110840 0.158203 -0.134766
0.152344 -0.082520 -0.388672 0.037842
-0.164062 -0.026855 -0.080078 -0.026855
-0.049072 0.183594 -0.113770 0.041748
-0.151367 -0.097168 -0.136719 0.083496
-0.182617 -0.205078 -0.073730 0.020142
-0.193359 -0.014099 -0.080078 0.145508
-0.218750 0.130859 -0.179688 0.087402
-0.047363 0.105957 -0.073242 0.029541
-0.132812 -0.135742 -0.255859 0.134766
0.076660 -0.230469 0.033447 -0.145508
0.193359 -0.339844 0.060547 0.019409
0.105469 -0.054443 0.220703 -0.349609
0.056152 0.074707 -0.107910 -0.086914
0.083984 -0.103516 -0.027588 -0.187500
0.128906 -0.013733 -0.000366 -0.234375
0.100098 -0.208984 -0.014160 -0.164062
0.025269 0.095703 -0.114746 -0.229492
-0.000179 -0.204102 -0.104492 -0.204102
0.102051 -0.092773 -0.009583 -0.308594
-0.011169 -0.100098 0.073242 -0.271484
0.239258 0.205078 -0.090332 0.398438
0.183594 0.134766 0.128906 -0.208008
-0.131836 -0.205078 0.106934 -0.251953
0.006592 -0.094238 0.121094 -0.302734
0.070801 -0.010742 -0.127930 0.141602
0.019409 0.030640 -0.148438 -0.139648
0.141602 0.382812 0.078125 -0.081543
-0.077637 -0.025024 -0.150391 -0.222656
0.066895 0.198242 -0.378906 0.300781
0.239258 0.318359 -0.032227 -0.013550
-0.089844 -0.044434 -0.027100 -0.133789
-0.062988 0.066895 0.177734 -0.127930
-0.041748 0.040527 -0.298828 0.178711
0.335938 0.138672 -0.087402 0.009277
0.041016 -0.166016 -0.079102 -0.039551
0.153320 -0.137695 -0.128906 -0.082520
-0.031250 -0.204102 -0.066895 -0.089844
0.052734 0.031250 -0.049072 -0.099121
0.130859 -0.038574 -0.069336 -0.137695
-0.035156 0.082520 -0.014221 0.020752
0.120117 -0.137695 0.021118 0.012146
0.184570 0.103027 0.154297 -0.018433
0.046387 -0.029175 -0.092285 -0.018188
0.021606 -0.007782 -0.191406 0.030762
0.109863 0.157227 -0.024780 0.031982
0.207031 -0.175781 -0.171875 -0.057861
0.080078 0.214844 -0.030884 0.014099
0.013611 0.015991 -0.102539 -0.028442
0.090332 0.037109 -0.218750 -0.071777
-0.104980 -0.285156 -0.048340 -0.111328
-0.141602 -0.033203 0.114258 -0.051270
-0.061279 -0.009521 0.166016 0.077637
-0.043701 0.080078 0.015869 0.021240
0.251953 -0.033691 0.017212 -0.064453
-0.052734 -0.291016 0.105469 0.037842
0.017944 -0.046143 -0.003357 -0.183594
-0.003372 0.082031 -0.023071 -0.066406
-0.020142 0.071289 -0.052246 -0.024658
-0.172852 -0.169922 -0.173828 0.052979
-0.249023 -0.281250 0.054932 0.005707
0.122070 -0.152344 0.084473 -0.095215
-0.238281 -0.174805 0.197266 -0.022583
-0.042480 0.032227 -0.207031 0.028076
0.068359 0.042480 0.052734 -0.062500
0.058105 -0.201172 0.056641 -0.068359
0.017822 0.058350 0.111328 0.070312
-0.292969 0.005341 0.093750 0.031738
-0.082520 0.058350 -0.044189 0.018433
-0.310547 0.030151 -0.072266 -0.058838
0.036865 -0.259766 -0.269531 -0.017822
-0.025146 0.216797 0.097168 0.054688
0.052490 -0.177734 -0.000107 -0.131836
-0.203125 -0.032227 -0.193359 0.057129
-0.219727 -0.101074 -0.075684 -0.120117
-0.114258 -0.203125 0.083496 -0.083984
-0.130859 -0.164062 0.060547 -0.056885
-0.322266 0.062256 -0.029053 -0.010803
0.208008 -0.125000 -0.074707 -0.091309
-0.324219 -0.180664 -0.003876 -0.084473
0.018433 0.180664 -0.200195 -0.157227
-0.304688 -0.052490 -0.133789 -0.049561
-0.312500 0.087891 0.166016 0.009583
0.042236 -0.239258 -0.109863 -0.078125
-0.184570 -0.398438 -0.197266 0.058105
0.165039 -0.086426 -0.015625 0.013245
-0.149414 -0.194336 -0.103027 0.045898
-0.193359 -0.041016 0.079102 -0.071289
0.088379 0.148438 0.085938 -0.062500
0.128906 -0.005157 0.007507 0.044434
-0.355469 0.076172 0.061523 -0.127930
0.094727 0.143555 0.085449 -0.035400
-0.188477 0.033691 -0.054443 0.007996
-0.159180 0.021851 0.044189 -0.132812
-0.333984 -0.245117 -0.214844 -0.061035
-0.173828 0.186523 0.059814 0.075195
0.156250 -0.464844 -0.092285 -0.158203
-0.238281 0.011841 0.018555 0.058594
-0.100098 -0.208984 -0.255859 -0.054443
-0.068848 0.127930 0.138672 0.000656
-0.154297 -0.138672 0.048096 0.074219
0.010010 0.112305 -0.035645 0.025024
-0.357422 -0.129883 -0.152344 -0.041992
-0.140625 -0.239258 0.065918 -0.005310
0.071289 0.115234 -0.062012 -0.052490
-0.124512 0.104004 0.014282 0.080078
-0.031982 0.060791 -0.135742 0.004150
0.107910 -0.106445 0.004395 -0.041260
-0.060547 -0.098145 -0.124023 -0.104980
0.275391 0.089355 -0.098145 -0.098145
0.188477 -0.167969 -0.075195 -0.148438
-0.027344 0.068848 -0.041260 0.020264
0.064941 0.014099 -0.110352 -0.084473
-0.054932 -0.080078 -0.095215 -0.203125
0.119629 -0.002243 0.157227 -0.059326
0.135742 0.021240 0.053955 0.057129
0.102051 0.055664 -0.071289 0.082520
0.127930 -0.109375 -0.150391 -0.166016
0.120605 0.010925 -0.074707 0.003876
-0.159180 -0.009827 0.057861 -0.097656
-0.005066 0.020996 -0.225586 -0.098145
0.062256 -0.037109 -0.189453 -0.017334
0.120117 -0.135742 0.012573 -0.055420
-0.073242 0.023193 0.118652 -0.064941
0.118652 -0.016724 0.055420 0.007751
0.081543 -0.029663 -0.392578 -0.118652
0.008423 0.130859 0.093750 -0.012573
0.032471 -0.040283 0.112305 0.043945
0.089844 -0.021484 0.149414 0.101074
0.061523 -0.021606 0.193359 -0.074219
-0.240234 0.007751 -0.145508 0.057129
-0.396484 -0.142578 0.023315 0.040039
-0.351562 -0.177734 -0.129883 0.025024
0.112305 0.075195 -0.035400 -0.160156
-0.060059 -0.261719 -0.016479 0.016602
-0.196289 -0.088867 -0.038574 -0.029297
-0.263672 -0.065430 0.071289 0.020020
-0.062500 -0.173828 -0.188477 -0.090820
-0.251953 -0.004669 0.048584 -0.064941
-0.414062 0.006256 0.049561 -0.015015
-0.137695 -0.044189 0.006470 0.006134
0.179688 -0.085449 -0.098145 -0.014709
-0.107910 0.025391 -0.045898 -0.027344
-0.193359 -0.034668 -0.045654 -0.075195
0.007507 0.021851 -0.250000 -0.068359
0.138672 -0.125000 -0.171875 -0.155273
-0.215820 -0.083496 -0.052734 -0.094727
-0.183594 -0.141602 0.060791 0.020386
-0.109375 -0.292969 0.041504 -0.067871
-0.118164 -0.105957 -0.328125 -0.200195
-0.201172 -0.124512 0.078613 -0.091309
-0.081543 0.063965 0.007629 -0.015381
-0.008911 -0.029053 0.124023 0.104004
0.061279 -0.074707 0.006866 -0.061279
0.013794 0.101074 0.128906 -0.075684
0.129883 -0.036865 -0.038574 0.044434
-0.210938 -0.134766 -0.135742 -0.015625
-0.220703 0.077637 -0.103516 -0.083008
-0.096191 -0.231445 0.003830 0.027466
-0.049561 -0.146484 -0.093262 0.041016
-0.150391 -0.166016 0.011719 -0.130859
-0.135742 -0.361328 -0.375000 -0.087402
0.104980 -0.053711 -0.030518 -0.041016
0.228516 -0.091309 -0.000124 0.020508
-0.118164 0.108398 0.011841 -0.022583
-0.170898 -0.025635 -0.144531 -0.087891
-0.098145 0.133789 -0.074707 -0.073730
-0.055908 -0.106445 0.140625 -0.050537
-0.095703 0.090820 -0.023071 -0.074219
-0.214844 -0.237305 -0.217773 -0.056641
0.078613 -0.041504 -0.398438 -0.089355
0.050781 0.011475 -0.009766 -0.036133
0.025757 -0.052002 0.004669 -0.032227
-0.324219 -0.503906 -0.164062 -0.099609
-0.063477 0.128906 0.100586 -0.046143
-0.196289 -0.107910 -0.042480 -0.045166
-0.349609 -0.066895 0.075684 0.024292
-0.390625 -0.068848 -0.115723 0.039551
0.122070 -0.036865 -0.149414 0.021606
-0.148438 0.012146 -0.216797 0.117676
-0.020874 0.004028 -0.195312 0.182617
-0.117188 0.255859 -0.036377 0.122070
-0.035156 0.149414 0.024414 -0.014954
0.082031 -0.138672 -0.159180 0.105957
-0.006287 -0.089844 0.045410 -0.080078
-0.180664 0.298828 -0.025757 0.014465
-0.142578 0.049316 0.012329 0.002457
-0.221680 0.104492 -0.145508 -0.001236
0.009033 0.099609 0.070801 -0.186523
-0.152344 0.040039 -0.197266 0.004761
0.031982 -0.014771 0.208984 0.171875
-0.153320 0.026855 0.047852 -0.107910
-0.016724 0.109863 -0.139648 0.060547
-0.130859 0.106934 -0.052490 -0.041016
-0.000366 -0.067871 0.181641 -0.129883
-0.170898 -0.074219 0.066406 -0.062500
-0.083496 -0.082520 0.177734 -0.031494
-0.271484 0.154297 -0.116699 -0.138672
0.302734 0.128906 0.065918 0.114746
-0.171875 -0.064453 0.182617 -0.138672
-0.066406 0.154297 -0.065430 -0.019409
-0.244141 0.198242 0.045898 -0.098633
-0.267578 -0.100586 -0.228516 0.121094
-0.345703 -0.015259 0.051758 0.177734
-0.275391 -0.115234 0.162109 0.139648
-0.455078 -0.107422 0.157227 0.216797
-0.186523 0.007629 -0.044189 0.226562
-0.135742 -0.129883 -0.070801 0.099121
-0.034912 -0.006165 0.163086 -0.152344
-0.441406 0.072266 0.044678 0.079102
-0.003296 0.131836 -0.044189 -0.025024
0.094727 -0.053711 -0.157227 -0.115723
-0.184570 -0.026611 -0.199219 -0.125000
-0.094727 -0.093750 -0.007874 0.107422
-0.124512 -0.046143 -0.259766 0.118652
-0.049072 0.025513 -0.300781 -0.091309
-0.113281 -0.045654 0.066406 -0.106445
-0.253906 0.012695 -0.209961 0.255859
-0.059570 0.186523 0.190430 -0.116211
0.027710 0.120117 -0.018799 -0.021606
-0.117188 0.218750 -0.003098 -0.146484
0.091309 0.070312 -0.171875 0.038330
-0.152344 -0.092285 -0.154297 0.150391
0.037354 0.214844 0.199219 -0.136719
-0.032471 -0.083496 0.067871 -0.108398
-0.029297 -0.080566 -0.213867 0.136719
-0.176758 -0.018555 0.337891 0.049561
-0.010071 -0.152344 0.310547 -0.186523
-0.265625 -0.084961 0.371094 -0.017822
-0.243164 -0.188477 0.035400 0.002060
-0.128906 0.053711 -0.188477 -0.062256
-0.129883 0.094727 0.289062 0.056152
0.036377 -0.233398 -0.166992 0.076660
-0.257812 -0.223633 0.105469 -0.064453
0.130859 0.043701 -0.094727 -0.024048
0.212891 -0.051514 0.047119 -0.211914
0.037354 -0.043945 0.163086 -0.127930
0.102539 -0.121582 0.214844 -0.291016
0.133789 -0.029541 -0.417969 -0.125977
0.093750 -0.054932 -0.042480 -0.079590
0.026123 -0.132812 -0.015991 -0.007874
0.121094 -0.139648 0.129883 -0.275391
-0.079590 0.080078 -0.101074 -0.159180
0.036621 -0.017700 -0.109863 -0.162109
0.078125 0.063965 -0.103516 -0.082031
0.102051 -0.097168 0.118652 -0.125000
0.162109 0.079590 -0.180664 -0.092285
-0.058594 0.125977 0.025635 -0.105957
0.017944 -0.196289 -0.049561 0.028442
-0.011780 -0.134766 0.183594 -0.182617
-0.101074 -0.028442 0.042725 -0.147461
-0.314453 0.180664 -0.040771 -0.060303
-0.170898 0.096680 0.088379 0.098145
0.033447 0.097168 0.103516 -0.053711
-0.110840 0.242188 -0.165039 0.134766
-0.259766 0.032715 0.092285 0.068359
-0.099609 0.013550 -0.003311 0.200195
-0.081543 0.032471 -0.006683 0.064941
-0.201172 -0.076172 -0.037354 0.024292
-0.314453 0.135742 -0.173828 -0.065918
0.034180 0.065430 -0.018433 -0.015259
0.079590 -0.049805 0.176758 -0.075195
-0.244141 0.099609 -0.082031 -0.257812
-0.042236 -0.146484 -0.022827 0.186523
-0.013367 0.052002 -0.012207 -0.182617
0.107422 -0.149414 0.095215 -0.061279
-0.118652 0.059814 0.053223 0.029175
-0.255859 0.005920 -0.025269 0.051514
-0.172852 -0.058594 0.123047 -0.080566
0.174805 -0.261719 0.065918 -0.060791
-0.081543 0.123535 -0.060547 -0.086426
-0.103516 0.045654 -0.008179 0.132812
-0.119141 -0.073730 0.090332 -0.074707
0.043213 -0.067871 -0.081543 0.104980
-0.142578 -0.081055 -0.130859 -0.078613
-0.173828 0.077637 0.167969 0.217773
-0.281250 0.008118 -0.164062 0.073730
-0.033447 0.118164 0.007385 0.108887
-0.249023 -0.002991 0.138672 0.242188
-0.320312 0.043213 -0.017822 -0.094727
-0.480469 -0.090820 0.042969 -0.016479
-0.085449 0.073242 -0.134766 0.111816
0.059326 -0.156250 -0.117188 0.186523
0.114746 -0.031494 0.130859 0.138672
-0.153320 -0.110352 -0.468750 0.036621
-0.113281 0.174805 0.081543 0.038818
-0.135742 0.067871 -0.178711 -0.046143
0.028687 0.012329 -0.089355 0.072754
-0.238281 0.018066 -0.148438 -0.237305
-0.116699 0.047363 -0.236328 0.136719
0.112305 -0.237305 -0.021362 0.080078
0.242188 0.049316 -0.059570 -0.049805
0.104980 -0.066895 -0.038330 0.119629
-0.093262 -0.084961 0.200195 0.127930
0.023560 0.079102 -0.015747 0.073242
-0.123047 -0.154297 -0.130859 -0.061279
-0.187500 0.016968 -0.027344 0.100586
-0.054688 -0.027222 0.069824 -0.009827
0.172852 -0.052246 0.027466 -0.206055
0.135742 0.000112 0.125000 0.033447
-0.076660 -0.079590 0.308594 -0.380859
-0.071289 -0.137695 0.035889 0.150391
-0.064453 -0.298828 0.253906 -0.140625
-0.166992 0.168945 0.082031 -0.060547
-0.253906 0.053223 0.146484 -0.003510
-0.105469 0.017212 -0.115723 -0.047852
0.204102 0.059814 -0.101562 0.094238
0.113770 -0.025269 0.043701 -0.089355
0.128906 0.028442 0.000082 -0.310547
0.096191 -0.001732 -0.445312 0.094238
0.084473 -0.166016 0.257812 -0.197266
-0.045166 0.005951 -0.037598 -0.172852
-0.261719 0.058350 0.166992 -0.169922
0.139648 -0.011780 -0.155273 0.038330
0.014832 -0.097168 0.059082 -0.069336
0.185547 -0.100586 -0.044434 -0.115234
0.130859 0.176758 -0.127930 -0.138672
0.222656 0.133789 -0.106934 0.001625
0.033447 0.161133 0.070312 -0.312500
-0.005859 -0.109375 -0.018677 -0.249023
-0.071777 0.079102 -0.146484 -0.121582
0.137695 0.059814 -0.058105 -0.179688
-0.032471 -0.241211 -0.012634 0.077148
-0.091797 -0.110840 -0.110352 -0.157227
-0.082520 -0.078613 -0.028442 -0.146484
-0.128906 0.023193 -0.034424 -0.013794
-0.003403 0.046875 -0.066895 -0.169922
-0.066406 -0.219727 0.017578 -0.005493
-0.015625 -0.175781 0.082031 -0.042236
-0.071777 -0.018311 -0.158203 0.091797
-0.079590 -0.171875 -0.157227 0.011475
-0.221680 -0.138672 -0.180664 -0.046143
-0.193359 -0.134766 -0.003204 0.116211
-0.070312 -0.031250 -0.044922 -0.087891
-0.034668 0.014038 -0.208008 -0.072754
-0.094727 -0.113281 -0.087891 0.196289
-0.028809 -0.155273 -0.138672 -0.062012
-0.049561 -0.157227 0.056641 0.003311
0.245117 -0.269531 -0.058594 -0.054199
-0.035400 -0.231445 0.125000 0.068848
0.125977 -0.173828 -0.036621 0.171875
-0.236328 -0.053223 -0.085938 0.009399
-0.094727 0.160156 0.083496 -0.102539
0.039062 -0.464844 -0.070312 0.041016
-0.051514 0.012512 -0.098145 -0.028198
-0.055664 -0.043213 0.090332 -0.201172
0.116211 -0.066895 -0.012024 -0.145508
0.149414 0.062256 0.057617 -0.175781
0.073242 0.098633 0.006622 -0.094238
0.084473 0.069824 0.006775 -0.001938
-0.099609 0.167969 -0.004456 -0.002136
-0.000835 -0.076660 -0.095215 -0.251953
-0.016479 0.031250 0.083008 0.231445
0.036865 0.233398 -0.056396 -0.076660
-0.033691 0.093750 0.048584 0.021606
0.003815 0.067383 0.063965 -0.111328
-0.072754 0.114258 -0.062500 -0.011230
0.223633 0.166992 0.126953 -0.253906
-0.247070 0.244141 0.087891 0.150391
-0.013245 0.008240 -0.029297 0.047119
0.113770 -0.053467 0.086426 0.109375
0.075195 -0.011841 0.048340 -0.181641
0.043701 -0.011353 -0.185547 0.055176
-0.201172 0.014893 -0.079590 -0.118652
-0.185547 -0.160156 -0.156250 0.048096
0.001060 0.116211 -0.060547 -0.206055
-0.079590 0.001305 0.135742 0.388672
0.006836 -0.175781 -0.021240 0.092773
0.129883 -0.000265 -0.019531 -0.081055
-0.015320 0.153320 -0.024536 -0.021240
0.160156 0.127930 -0.022827 -0.027100
0.003891 -0.116699 -0.189453 0.156250
0.127930 0.021851 -0.113770 0.337891
-0.074707 -0.053711 0.114746 0.265625
-0.017456 0.111816 -0.109375 -0.166992
0.138672 -0.044678 0.026123 0.081055
-0.208008 -0.095215 -0.104004 0.006378
-0.045410 0.110352 -0.089355 0.339844
0.150391 0.063965 -0.008423 -0.294922
0.160156 -0.104004 -0.129883 0.097656
0.203125 -0.047363 -0.157227 -0.163086
0.143555 0.169922 0.019531 0.211914
-0.001427 0.139648 0.083984 -0.462891
0.129883 0.060547 -0.072754 -0.073242
-0.229492 -0.123047 -0.122070 0.214844
0.078613 0.109375 -0.017456 -0.117676
-0.163086 0.000066 -0.047607 -0.096680
-0.013916 -0.011047 -0.241211 -0.117188
0.091797 0.004730 -0.064453 -0.151367
0.291016 0.253906 -0.169922 0.003891
-0.110840 0.109863 0.353516 -0.124023
-0.084961 -0.079590 -0.151367 -0.178711
-0.150391 -0.010010 -0.067383 0.124512
0.202148 0.088379 -0.022705 -0.186523
0.019165 0.026245 0.100098 0.025757
-0.053223 0.003601 -0.054932 -0.091309
0.007935 0.123535 0.036377 -0.132812
0.040283 -0.199219 0.101074 -0.026123
-0.082520 -0.098633 -0.181641 -0.164062
-0.050049 0.020142 0.220703 -0.015076
0.051758 0.058350 0.115234 -0.126953
-0.025513 -0.064453 -0.099609 -0.033447
-0.028931 0.036133 -0.016357 0.018066
-0.222656 0.008118 -0.130859 0.094238
-0.174805 0.014221 0.029541 0.079102
0.185547 -0.071777 -0.133789 -0.062988
0.004730 -0.161133 -0.123535 -0.022339
0.044189 0.068359 0.159180 0.046631
-0.020020 0.227539 0.161133 0.111328
0.037109 0.030151 -0.154297 -0.045898
0.048096 0.037842 0.056641 0.094727
-0.222656 -0.159180 0.114746 -0.058105
0.063965 -0.093750 -0.032227 0.092773
0.174805 -0.106934 -0.114746 -0.069336
0.213867 -0.098145 -0.141602 0.061035
-0.216797 0.020142 -0.021118 0.060791
-0.035156 0.005768 -0.182617 0.009277
0.049805 -0.123535 -0.008118 -0.005737
-0.041016 0.033203 -0.177734 -0.183594
0.133789 -0.088867 0.054199 -0.207031
0.041748 0.089355 -0.010498 -0.149414
0.167969 0.206055 0.088379 0.218750
0.160156 0.209961 0.011169 0.028442
-0.053955 0.103027 -0.144531 -0.162109
0.050049 -0.049561 0.023560 -0.049561
-0.096680 0.194336 -0.019043 -0.018799
-0.078125 0.002045 0.177734 -0.110352
0.198242 0.078125 0.125000 -0.363281
0.071289 0.072754 0.037109 -0.057617
-0.021484 0.201172 0.195312 0.296875
0.150391 0.050537 0.005615 -0.041016
-0.030762 -0.133789 -0.125000 -0.335938
0.119141 0.063477 -0.043701 -0.219727
-0.249023 0.052246 -0.018677 0.075684
0.102051 -0.057129 0.086914 -0.182617
-0.147461 0.055176 -0.031982 -0.215820
-0.085449 -0.251953 0.165039 0.048584
0.179688 -0.218750 0.170898 0.245117
0.037354 0.005219 -0.072754 0.040527
-0.028564 -0.187500 -0.075195 0.131836
0.053711 0.011108 -0.130859 0.070801
-0.125977 -0.201172 0.190430 0.253906
-0.036133 -0.201172 -0.124512 0.095703
-0.083496 -0.095703 -0.007507 0.343750
0.146484 -0.116211 -0.053467 0.104004
0.178711 0.112305 0.118652 -0.233398
0.058105 0.137695 0.060547 0.259766
0.150391 0.271484 -0.020874 0.017212
-0.103516 0.070801 -0.224609 0.122070
-0.016113 -0.035889 0.002060 -0.312500
-0.046387 -0.162109 -0.193359 -0.075684
0.083984 0.116211 0.022583 0.176758
-0.043945 -0.071289 -0.147461 -0.062988
0.071289 0.287109 0.108398 -0.128906
0.112793 0.168945 -0.055176 -0.031738
-0.044189 -0.078125 0.038330 0.014099
0.051270 -0.042236 -0.022583 -0.000049
-0.141602 0.071289 0.133789 -0.196289
0.052979 0.015381 -0.123047 -0.099121
0.076172 0.085938 0.040527 -0.054688
0.016602 -0.113281 0.001328 -0.304688
-0.085449 0.150391 0.106934 0.083984
-0.014832 0.025146 -0.199219 -0.126953
0.000280 -0.213867 0.212891 0.036865
-0.010925 -0.085938 -0.039795 -0.042480
-0.104004 0.062500 0.130859 -0.114258
0.142578 0.111816 -0.016113 0.043213
0.078125 -0.166992 -0.265625 0.031250
-0.022217 0.003876 0.063477 -0.039062
-0.126953 -0.031494 -0.069824 0.091309
-0.151367 0.200195 -0.116211 -0.088867
0.237305 0.070801 -0.023193 0.006927
-0.104980 -0.476562 0.059570 -0.065430
0.026978 0.132812 0.062988 0.080566
-0.114746 0.027344 0.128906 0.056885
0.132812 -0.139648 0.041992 0.012329
0.070801 -0.023071 0.105957 -0.071289
0.086426 -0.049805 -0.115723 0.036865
-0.044922 0.049561 -0.249023 0.039795
0.117188 0.096680 0.022827 0.029297
-0.037354 -0.072754 0.000740 -0.040527
0.098633 -0.037598 -0.163086 0.050537
-0.112305 0.011780 0.006714 0.027466
-0.184570 -0.195312 0.043945 0.082031
0.022583 0.093262 0.177734 -0.069336
0.003113 0.049072 -0.004608 -0.068848
0.107910 0.026123 0.033936 -0.157227
-0.062988 -0.027222 0.034912 0.013489
-0.101074 -0.087402 -0.020508 -0.135742
-0.027710 -0.009277 -0.047852 -0.032227
0.015991 0.026123 -0.019897 0.056152
0.007263 -0.057129 -0.257812 -0.103516
-0.012939 0.057861 -0.077148 -0.083008
-0.067871 0.024170 -0.181641 0.044434
0.062012 -0.120117 0.069336 0.141602
0.125000 -0.075195 0.029541 0.032471
-0.234375 0.206055 -0.064453 -0.162109
-0.104980 -0.035645 -0.213867 -0.044434
-0.091797 -0.104004 0.064941 -0.068359
-0.036865 0.044678 -0.025024 0.005768
0.023682 -0.052246 0.067383 0.024536
-0.043457 0.065918 0.085938 -0.052002
0.175781 -0.240234 -0.092773 0.017212
-0.074707 -0.222656 0.013062 -0.009033
0.017822 0.042969 0.030518 -0.119629
-0.042969 -0.070312 -0.024292 0.014343
-0.263672 -0.257812 0.072266 0.052979
-0.076172 -0.273438 0.152344 0.027222
0.052246 -0.304688 0.193359 -0.034180
0.073730 -0.102539 0.059570 -0.019043
-0.105957 -0.201172 -0.027344 -0.025757
-0.279297 -0.312500 0.163086 0.024536
0.079102 -0.059326 -0.069824 -0.125977
-0.122559 -0.208008 -0.011108 -0.081543
-0.125000 0.188477 -0.153320 0.054199
-0.209961 -0.008484 -0.012268 0.054932
-0.040039 0.069336 -0.392578 -0.036377
-0.109863 0.088379 -0.174805 0.018188
0.326172 0.003540 -0.335938 -0.132812
-0.110840 0.083984 -0.214844 0.026001
-0.156250 0.021729 0.106445 -0.147461
-0.151367 0.185547 -0.328125 -0.061768
-0.036865 -0.041748 0.067383 -0.103027
-0.111816 0.033447 -0.104980 -0.001816
-0.003433 0.055420 -0.127930 -0.071289
-0.210938 -0.002808 -0.023438 0.040283
0.076172 -0.223633 0.063477 0.011719
-0.138672 -0.061523 -0.036621 -0.074219
0.118652 0.079102 0.058105 -0.024414
-0.199219 0.099121 -0.146484 -0.053467
-0.081055 -0.032715 0.238281 -0.059570
-0.029785 -0.265625 0.149414 -0.014404
-0.083984 -0.161133 0.102051 0.061279
0.019531 -0.227539 -0.049805 -0.073730
-0.014282 -0.213867 0.133789 -0.116699
-0.041504 -0.229492 0.076172 -0.026855
0.045898 0.068359 -0.206055 -0.208984
-0.134766 -0.078613 -0.013489 -0.003296
0.050537 0.085938 -0.044922 -0.126953
0.047852 -0.026489 -0.248047 -0.052979
0.119141 0.091309 0.004852 -0.000595
-0.143555 0.223633 0.003174 -0.008362
-0.000026 -0.075195 -0.131836 -0.036865
0.020752 0.251953 -0.078125 -0.019287
-0.178711 0.152344 0.007141 0.006775
-0.100098 0.326172 -0.147461 0.087402
-0.019165 -0.100586 -0.105469 0.019897
-0.081055 0.008911 -0.223633 -0.048340
0.104004 -0.032715 0.024658 0.064453
-0.075684 0.203125 0.094727 0.036865
-0.059814 0.116699 -0.122559 0.035156
-0.007996 0.016724 -0.124023 -0.022217
0.045898 0.153320 -0.007233 0.061768
0.127930 0.130859 -0.213867 0.008423
-0.367188 -0.182617 -0.259766 -0.151367
-0.273438 -0.158203 -0.082520 0.005219
-0.085449 -0.065918 -0.033447 0.072754
0.071289 0.052002 -0.099121 -0.087891
0.008423 0.112305 0.146484 0.098145
0.067383 0.008789 -0.074707 -0.086914
0.044189 0.222656 0.110840 0.019165
0.105957 0.061279 0.064453 -0.027466
0.091309 -0.219727 -0.194336 -0.104492
0.095703 0.091309 -0.318359 0.063477
0.052979 -0.172852 -0.146484 -0.049316
0.003586 0.061523 0.085449 0.059570
-0.038330 0.005005 0.041016 0.008423
0.140625 -0.052002 -0.131836 -0.047119
0.066406 0.067871 -0.111328 -0.060059
0.204102 -0.130859 -0.013916 -0.024170
-0.271484 -0.137695 -0.037598 -0.077148
-0.203125 -0.059082 0.025757 -0.023071
0.054932 -0.111816 0.031494 -0.030518
-0.172852 0.128906 0.197266 -0.077148
-0.062012 0.009155 0.041748 -0.098633
0.020142 -0.179688 -0.101074 -0.003387
0.171875 -0.146484 -0.055664 -0.076172
0.055908 -0.013123 -0.163086 -0.054199
-0.147461 -0.205078 -0.208008 0.019043
-0.019287 -0.220703 0.124023 0.066406
-0.349609 -0.174805 -0.026001 0.026123
-0.094727 -0.197266 0.179688 -0.167969
-0.057373 -0.179688 0.132812 0.042969
-0.221680 -0.228516 0.029053 0.044434
-0.043213 -0.193359 0.069336 -0.041016
-0.075195 -0.226562 -0.036377 0.050537
-0.153320 -0.089355 0.031006 -0.053467
-0.179688 0.004059 0.025635 0.052490
0.147461 -0.138672 -0.014954 -0.074219
0.200195 0.166016 -0.066406 -0.094238
-0.083008 0.063477 -0.187500 0.005707
0.185547 -0.106445 -0.238281 -0.062988
0.168945 -0.020752 -0.345703 -0.044189
0.225586 -0.116699 -0.314453 -0.098633
-0.188477 -0.132812 0.025513 0.013184
-0.117676 -0.102539 0.096191 -0.008057
-0.196289 -0.036621 0.096680 0.088379
-0.007111 -0.049316 0.249023 -0.088379
-0.126953 -0.002533 -0.219727 -0.065430
-0.160156 0.111328 0.094238 0.053955
0.003906 0.107422 -0.097656 -0.054688
0.022705 -0.199219 0.012390 0.003174
-0.103027 -0.292969 -0.141602 -0.072754
-0.132812 -0.200195 0.125000 0.085449
-0.116211 -0.246094 0.025879 0.011841
-0.253906 -0.219727 0.275391 -0.009644
-0.005402 -0.194336 0.351562 0.062256
-0.191406 -0.040283 -0.165039 -0.065430
-0.002686 -0.130859 0.019287 0.083984
-0.174805 -0.259766 0.156250 -0.029541
-0.019897 -0.125000 0.224609 -0.125977
0.089844 -0.126953 -0.058105 -0.237305
0.112793 0.001945 0.156250 -0.113770
-0.116211 -0.074219 -0.015564 -0.037598
-0.001022 -0.187500 -0.121582 0.015259
0.029053 -0.059814 0.090332 -0.281250
-0.111816 -0.048096 -0.104980 -0.081055
-0.072754 0.034424 -0.081543 0.187500
0.127930 0.096680 0.127930 -0.086914
-0.072266 -0.083008 0.095703 -0.132812
0.026611 0.004639 0.133789 -0.192383
0.138672 0.050049 -0.166016 -0.271484
-0.198242 -0.098145 0.099121 0.151367
0.171875 -0.068359 0.124023 -0.089355
-0.019653 -0.166016 -0.009277 -0.113770
-0.101074 0.071777 0.080078 -0.142578
0.120605 -0.138672 0.039307 -0.021729
-0.047607 0.027222 0.001579 0.065430
-0.087891 -0.032959 0.128906 -0.160156
0.103027 -0.009949 0.008972 -0.087891
0.271484 -0.207031 0.122559 -0.227539
-0.099121 0.041992 -0.011902 0.042725
0.024414 -0.128906 -0.132812 -0.000954
0.119629 0.172852 0.170898 0.001236
-0.103027 -0.162109 0.015564 -0.208984
-0.066895 0.069336 -0.243164 0.066895
-0.049316 0.175781 -0.132812 -0.107422
-0.106934 0.018799 -0.028931 0.030151
0.007202 -0.087891 -0.022217 -0.189453
-0.033936 -0.141602 0.045654 -0.061279
0.017700 0.204102 -0.014404 0.132812
-0.086426 0.105957 0.124512 -0.046387
0.161133 -0.177734 -0.085449 -0.125977
-0.036133 0.082520 -0.112793 0.033936
0.059814 -0.074219 -0.099609 -0.210938
-0.011353 0.166016 -0.111816 0.036621
-0.182617 0.085449 0.186523 0.250000
0.082520 0.004181 -0.198242 0.131836
-0.248047 -0.078125 -0.058838 0.059814
-0.234375 0.184570 -0.147461 0.010986
0.143555 -0.259766 -0.060547 -0.067383
-0.008972 0.015991 -0.046387 -0.086426
-0.010803 -0.129883 -0.081055 -0.155273
0.135742 -0.128906 -0.281250 0.010071
-0.162109 0.062012 -0.220703 0.490234
-0.054932 -0.066895 -0.129883 -0.081543
-0.018433 -0.126953 -0.086426 -0.206055
0.174805 -0.128906 -0.213867 0.060791
0.016479 0.089844 -0.147461 -0.108887
-0.200195 0.105957 -0.014709 0.129883
-0.095215 0.045898 -0.365234 0.012024
-0.287109 0.092285 -0.308594 -0.000244
-0.066895 0.275391 -0.166016 0.044189
-0.051270 -0.056885 0.009766 0.009583
0.020630 0.038818 -0.012695 0.075195
-0.044922 0.251953 -0.239258 0.087891
-0.010254 -0.047119 0.027344 -0.130859
0.116211 -0.082031 0.173828 0.006104
0.202148 0.022583 -0.234375 0.009399
-0.010803 0.190430 -0.071289 0.018066
-0.122070 0.249023 -0.130859 0.228516
0.116699 -0.067383 0.025879 0.044678
-0.320312 -0.025879 -0.025391 -0.136719
0.057617 0.081543 -0.073242 0.173828
-0.032227 -0.172852 -0.037354 -0.161133
0.024902 -0.036865 -0.016357 -0.151367
0.027954 -0.137695 0.012512 0.110840
0.302734 -0.355469 0.115723 -0.126953
0.108398 0.306641 0.028687 0.045410
-0.034424 -0.161133 -0.035645 -0.183594
-0.056396 0.034912 -0.071777 0.056396
0.171875 -0.058350 -0.040039 -0.095703
-0.009277 0.070801 0.007294 -0.251953
-0.104004 -0.103516 -0.101562 -0.279297
-0.058838 0.180664 0.029053 -0.240234
-0.050049 -0.289062 -0.048096 0.098145
-0.028076 0.022583 -0.012268 0.079590
0.147461 -0.040527 -0.185547 -0.082031
0.014343 0.143555 -0.058350 -0.186523
-0.161133 -0.025513 0.014771 -0.120117
0.008911 0.045166 0.004211 0.019043
-0.109375 -0.081055 -0.095703 -0.017578
0.031738 0.149414 0.171875 -0.199219
-0.300781 -0.032227 0.061035 0.126953
0.013428 0.108887 -0.108887 -0.239258
0.046143 0.169922 0.065430 -0.149414
0.055176 0.010193 0.059814 -0.163086
0.071289 -0.114746 0.199219 0.067383
0.126953 0.031006 -0.240234 0.073242
-0.072754 0.089844 -0.314453 0.123535
-0.024536 0.128906 -0.036133 0.068848
0.087402 -0.213867 0.000395 -0.133789
0.013245 0.104004 -0.122559 0.094727
0.209961 -0.006958 0.040283 -0.249023
0.061279 -0.148438 0.074219 -0.228516
0.104492 -0.108398 0.087891 -0.204102
-0.123535 -0.028076 -0.136719 0.037354
-0.102539 -0.015503 -0.105469 -0.032715
-0.195312 0.006531 -0.037842 -0.173828
0.006836 0.062256 0.097168 -0.210938
-0.107910 -0.134766 -0.042480 -0.015381
-0.000041 -0.066895 -0.179688 -0.163086
-0.064453 0.107422 -0.125000 -0.086426
-0.156250 -0.183594 0.050781 -0.267578
-0.176758 0.149414 -0.040527 0.048096
-0.080566 -0.008606 0.104492 0.119141
0.058838 0.107910 -0.261719 0.111816
0.058105 -0.069336 0.102539 0.088867
0.168945 0.014465 -0.115723 -0.144531
0.036133 0.108887 0.031738 0.072266
0.188477 -0.089844 0.064941 -0.302734
-0.036621 -0.107422 0.090332 0.140625
0.001053 0.138672 0.066895 0.223633
0.077637 -0.103027 0.154297 0.128906
-0.074707 0.079590 0.045410 0.199219
0.005035 0.109375 -0.106445 0.166016
0.089844 -0.166992 -0.308594 0.015381
0.025879 0.004120 -0.074707 0.190430
0.017944 -0.079590 -0.261719 0.113281
-0.034180 0.109863 -0.250000 0.269531
-0.055176 -0.155273 0.025513 0.011963
-0.098145 -0.060547 -0.043701 0.078125
-0.001366 -0.114746 -0.410156 0.129883
0.008118 0.241211 0.017212 -0.179688
-0.182617 0.126953 -0.332031 0.104492
-0.021729 -0.122559 -0.261719 -0.034912
-0.179688 -0.076660 -0.216797 -0.081543
-0.120605 0.177734 -0.129883 0.055176
-0.100098 -0.011414 0.182617 -0.027222
0.045898 0.087402 0.078125 -0.026123
-0.019775 -0.049805 0.087891 -0.033936
0.180664 0.207031 -0.292969 0.218750
0.429688 -0.071289 0.019043 0.033936
-0.241211 -0.045166 -0.144531 0.063965
-0.029053 -0.100098 -0.314453 0.168945
-0.108398 0.092773 -0.108398 0.053223
-0.008728 -0.103516 0.153320 -0.160156
0.298828 0.040771 0.070801 -0.122559
-0.052002 -0.064941 0.141602 -0.136719
0.176758 0.158203 -0.231445 0.090820
0.242188 -0.308594 0.011597 -0.141602
0.197266 0.089844 0.081055 0.161133
0.044189 -0.083008 -0.125000 0.068848
-0.012024 0.091797 0.035889 -0.029541
-0.037109 -0.104492 -0.004944 -0.063965
0.021851 0.042236 0.071289 -0.064941
-0.088867 0.092285 -0.053711 0.008667
-0.115723 0.271484 -0.001160 -0.102051
0.103516 0.036377 -0.017700 0.213867
0.012146 0.005310 -0.040283 0.064453
0.037109 -0.076172 -0.002899 -0.232422
0.044189 0.126953 -0.164062 0.052002
-0.265625 0.009338 -0.023926 0.017456
-0.162109 -0.223633 -0.041504 0.016846
0.041748 -0.015198 -0.086426 0.008972
-0.153320 0.005341 0.018799 -0.075684
0.109863 0.048340 -0.200195 0.125000
-0.247070 -0.070801 -0.145508 -0.133789
0.065918 -0.075195 0.006866 -0.018066
-0.100586 0.026001 -0.139648 -0.050049
-0.255859 0.045410 -0.101562 -0.012817
-0.093262 -0.034424 -0.083496 0.015625
-0.180664 -0.010681 -0.164062 0.025635
-0.164062 -0.105469 -0.047363 -0.011719
-0.029785 -0.117676 -0.180664 -0.012817
-0.333984 0.185547 -0.128906 0.004395
-0.012634 -0.025513 0.078613 -0.045898
-0.162109 -0.048340 -0.112793 0.066895
-0.133789 -0.029419 0.030396 -0.023560
0.119141 -0.227539 0.048096 -0.094238
-0.074707 0.127930 0.001801 0.085938
0.047852 0.028198 0.150391 0.081543
0.186523 0.279297 0.107422 -0.031250
-0.102539 -0.261719 -0.093262 -0.062988
0.140625 -0.017700 -0.092773 -0.183594
0.101562 -0.050293 0.152344 -0.118164
-0.095703 0.178711 0.008240 -0.036377
0.170898 -0.013428 -0.002869 -0.014465
-0.108398 -0.105957 0.031006 -0.143555
0.207031 -0.061523 0.099609 0.201172
0.294922 -0.265625 0.161133 0.032715
-0.112793 -0.030396 -0.009155 0.090820
0.002441 -0.004608 -0.279297 -0.214844
0.217773 -0.257812 0.125000 0.144531
-0.122070 -0.065918 0.247070 -0.000496
0.142578 0.114258 0.024414 -0.088867
0.019043 -0.104980 0.151367 -0.093262
0.159180 -0.135742 0.154297 -0.033203
0.251953 0.002747 0.038574 0.005829
-0.040771 0.134766 0.108887 0.015198
-0.031494 0.014771 -0.228516 -0.127930
0.073730 0.094727 -0.031006 0.011292
-0.032471 0.006531 -0.017090 -0.049316
0.160156 -0.027466 -0.207031 0.245117
-0.017578 -0.170898 -0.209961 0.084961
0.197266 0.053955 -0.155273 0.363281
0.041748 -0.116699 0.082031 -0.036865
0.043457 -0.028198 -0.188477 -0.048096
0.048340 -0.034424 -0.078613 -0.171875
0.181641 -0.011963 -0.108398 0.154297
-0.192383 0.051514 -0.034912 -0.118652
0.038574 0.072266 -0.105957 0.111328
-0.029175 -0.089844 -0.106445 0.005737
-0.108887 0.078613 -0.141602 0.086426
-0.062988 -0.048584 -0.038330 0.212891
0.044434 0.105957 -0.064941 -0.057129
-0.115234 -0.095215 -0.012512 -0.080078
-0.029175 0.001083 -0.128906 0.063477
-0.093750 -0.367188 0.178711 -0.183594
-0.066406 0.020264 0.072266 -0.143555
0.031250 0.096191 0.063477 -0.067383
-0.072266 0.061523 -0.021729 -0.197266
0.122559 0.131836 -0.134766 0.186523
-0.167969 -0.052246 0.110840 -0.067383
0.050781 -0.170898 -0.143555 -0.136719
-0.070801 -0.025269 -0.106445 0.076172
0.178711 0.037598 0.048340 0.302734
-0.102539 0.151367 0.067383 -0.025024
0.021729 0.078125 -0.075684 0.061279
-0.055420 0.008240 -0.021118 -0.002029
-0.170898 0.183594 -0.130859 -0.047852
-0.029541 0.059570 0.006805 0.077637
-0.042480 0.141602 -0.062012 0.195312
0.182617 0.251953 -0.082031 0.283203
-0.042725 0.081543 -0.021240 0.180664
-0.003250 -0.151367 0.006256 -0.069336
-0.001152 -0.114746 -0.081055 0.045898
0.215820 0.033203 -0.155273 0.015442
-0.095703 0.078125 -0.062256 -0.034668
0.087891 -0.111816 -0.055176 0.076172
-0.006561 0.009766 -0.033447 0.146484
0.114258 0.041748 -0.233398 0.055420
-0.092285 0.091309 0.025391 0.152344
0.025879 0.093750 0.075195 0.115234
-0.242188 -0.049805 -0.163086 -0.128906
-0.083496 -0.209961 -0.249023 -0.141602
-0.098145 -0.150391 -0.023926 -0.043213
-0.246094 -0.135742 0.093262 -0.277344
-0.161133 -0.175781 -0.034180 -0.015198
-0.075684 0.001282 -0.249023 -0.192383
0.039062 -0.236328 0.013245 -0.114746
0.021973 -0.177734 0.071777 -0.112305
0.094238 -0.224609 0.001610 0.158203
0.170898 0.077637 0.094727 -0.229492
-0.005585 -0.025635 0.036377 0.120117
0.104004 -0.051025 0.022583 0.094727
0.073730 0.118164 -0.173828 0.152344
0.093262 0.267578 -0.071777 -0.076660
0.135742 0.088867 0.015259 0.015869
0.210938 0.150391 -0.013855 0.032959
0.089355 -0.141602 0.074219 0.077148
0.213867 0.024536 0.125977 -0.105469
0.052002 -0.060547 0.113770 -0.001953
-0.190430 -0.154297 0.003052 0.023071
-0.008484 -0.102539 -0.097168 -0.073730
0.134766 -0.143555 0.096680 -0.101562
0.193359 0.144531 -0.001068 0.061523
0.207031 0.049316 0.144531 0.022461
0.076660 0.088379 -0.024414 0.166016
0.166992 -0.296875 -0.045166 -0.279297
0.010071 -0.070312 0.152344 -0.051270
0.016602 0.137695 -0.056396 -0.022217
-0.185547 0.045898 0.033203 -0.020630
0.095215 0.244141 -0.127930 0.056152
0.003265 0.040527 -0.099121 -0.016113
0.212891 -0.093262 -0.104980 0.253906
0.051270 -0.176758 -0.097656 0.029663
-0.140625 -0.245117 -0.016968 0.040527
0.129883 -0.029785 -0.114258 0.251953
0.208984 -0.087891 -0.006958 -0.084473
0.016968 -0.025879 -0.051514 0.066406
-0.053955 -0.234375 0.020630 0.044189
-0.038818 0.166992 -0.174805 0.212891
0.079590 0.054932 -0.269531 0.263672
-0.024658 0.145508 -0.151367 0.142578
-0.081055 -0.192383 -0.000492 0.054443
0.013611 0.014465 -0.179688 0.047607
0.136719 -0.031250 -0.100586 0.028198
0.103027 -0.133789 0.011902 -0.016602
0.108887 0.131836 -0.048340 0.199219
-0.076660 -0.119141 0.058838 0.239258
0.079590 -0.048096 0.017212 0.074219
0.001534 0.130859 0.147461 0.158203
0.198242 -0.028687 0.102051 -0.091309
-0.017944 -0.005249 -0.028320 -0.130859
-0.044922 0.225586 -0.049316 0.150391
0.018921 0.125000 0.035400 0.150391
0.042725 0.123047 -0.084473 0.052246
-0.004669 -0.096191 -0.096680 -0.124023
-0.074707 -0.114258 -0.033691 -0.030273
-0.157227 -0.074219 -0.056641 -0.040039
-0.006683 -0.092285 -0.055664 -0.020386
-0.114746 -0.032471 -0.034180 -0.092285
-0.027222 -0.152344 -0.050049 -0.013367
-0.076172 -0.039307 -0.041016 0.010376
-0.080566 -0.109375 -0.025269 -0.015198
0.010376 -0.028076 -0.061523 -0.001488
-0.028931 -0.083008 -0.050781 -0.018433
-0.006287 -0.045166 -0.024414 -0.070312
-0.032715 -0.054932 -0.030762 -0.097656
-0.084473 -0.136719 -0.052734 0.022339
-0.004578 -0.046143 -0.063477 -0.102051
-0.164062 -0.035400 0.017578 -0.044922
-0.081055 -0.013428 -0.096191 -0.081543
