1581 -480
1112 -380
-2745 377
-2702 341
1986 -2298
2226 -2340
2424 761
2413 1111
2030 -523
2178 -259
892 -891
1476 -264
973 -2849
869 -3218
-322 -1387
-389 -1829
489 1041
806 1535
-880 523
-1387 485
912 -1202
1789 -796
-1322 163
-1019 225
1734 862
1385 1134
-1469 -1485
-861 -1603
87 -567
189 -78
224 414
-500 -796
2300 136
2412 647
1262 -2109
1583 -1314
-1366 544
-675 218
-1815 -327
-1495 -991
482 158
146 -88
-644 221
-39 57
-840 273
-879 -88
-1204 254
-685 -328
970 -815
616 350
-42 -738
727 -1170
769 -70
334 -129
-545 231
-597 -441
884 -337
328 337
-281 6
-239 499
-92 -509
-23 -81
282 -317
708 480
387 245
357 292
-252 -89
86 -180
-238 212
-47 -332
-380 -52
-274 56
-35 121
409 283
-28 225
194 326
165 166
-55 722
-138 -109
-25 -427
-46 -416
381 73
-225 -706
1 538
38 86
132 -100
56 -326
99 208
84 -146
-158 -161
-90 274
-133 62
-8 97
-133 233
-210 -32
138 -302
235 -146
270 -67
-487 132
-925 -139
-110 277
-49 251
-146 96
150 82
303 25
-350 -280
-68 17
-164 408
-208 145
-138 -155
-186 155
261 619
-126 46
12 126
-157 -31
-614 -54
-357 -68
-72 23
164 -112
112 -273
0 223
-130 -44
-250 -5
123 -124
-14 15
-221 32
506 95
70 287
1543 -596
1404 -444
-3174 411
-2772 404
1696 -1907
1648 -1627
2356 1035
2036 1239
1950 102
1706 583
1285 -773
833 -586
1318 -3080
1692 -2584
-373 -1162
223 -1399
258 1458
-339 1507
-717 -76
-621 -16
1647 -746
1485 -809
-1601 -30
-1080 -26
2129 895
1505 1244
-493 -1646
-369 -1596
560 -205
440 -42
-622 -781
-267 -521
2103 1477
1378 2011
2152 -902
2040 -201
-862 -67
-954 -146
-1030 -1081
-1629 -920
-399 604
-64 478
-286 -284
-595 -499
-727 -222
-1334 53
-777 309
-966 -323
864 556
606 1085
272 138
206 98
387 -503
369 -392
-175 -427
-638 -463
748 12
132 95
-351 290
-265 413
-477 -218
364 84
-387 -225
-31 -362
-441 -144
61 -80
345 -272
-503 455
74 213
118 -28
248 -126
158 6
262 208
479 234
839 242
144 -91
99 314
36 -22
-107 -173
286 153
194 -235
-72 -361
222 306
50 -359
57 -151
-350 -85
14 168
583 290
-349 -444
-240 -234
-432 216
8 -105
294 -642
570 -320
386 -456
389 -513
10 247
-131 -173
75 48
251 -134
-111 -91
-108 242
67 189
-82 -81
16 -573
219 -470
-380 -5
116 195
240 -518
-263 -195
114 83
134 -372
-44 25
-37 -278
-109 243
-47 -107
-460 142
267 -100
-221 42
437 60
-211 510
90 46
274 -299
-353 -48
50 -534
-335 84
-505 0
-82 -177
1631 -658
1525 -24
-2576 525
-2921 280
2067 -1971
1717 -1619
2400 1623
2089 1572
1928 403
1583 468
1029 -453
1811 -1140
2244 -2660
2239 -2430
199 -1963
483 -1716
-364 1121
-510 1766
-700 -480
-1236 -288
1526 68
1758 -722
-561 38
-1123 -172
1777 1531
1595 1504
111 -897
-34 -1556
366 -32
268 254
150 -50
-30 -282
503 1756
544 2194
1411 -26
1854 134
-1191 129
-798 -507
-1052 -1225
-799 -1836
-535 449
129 629
219 -348
260 -572
-125 -664
-832 -671
-737 -1021
-1070 -390
48 311
165 656
907 -19
526 507
-224 -165
308 271
47 -122
189 -132
478 223
378 126
-341 60
-383 -232
434 -149
447 89
-309 139
-29 -187
461 303
-515 55
46 -108
107 484
-25 12
-21 -125
96 158
228 -81
-254 -525
-85 -72
-4 554
-28 135
-474 6
-207 -23
22 -598
-120 -22
194 -82
45 28
119 -420
140 -29
288 63
255 -173
402 185
408 -51
-139 -228
560 -153
92 -181
293 -67
424 141
251 101
360 213
338 148
60 265
-690 123
196 -294
24 -374
-238 -104
458 -434
143 -146
251 -245
195 -261
-138 -11
-9 -70
-18 -201
303 62
246 523
-56 21
98 386
-152 271
19 127
140 121
-185 -377
-118 -54
-323 -173
-227 354
120 296
-192 266
-317 18
-1 294
-225 34
-301 83
-129 5
547 166
-110 -125
1749 -514
1662 -520
-2839 -247
-2303 -23
1915 -1857
1869 -1541
1773 840
2035 1812
1845 68
1769 728
1292 -363
1428 -339
2440 -2746
2676 -2307
420 -2020
1320 -1428
-699 938
-397 1333
-773 -587
-1569 -666
1798 -516
1644 898
-1406 -569
-996 -718
1018 2048
641 1975
-68 -2000
688 -1995
134 -271
127 540
-256 -248
96 -23
-30 1595
485 1864
1837 628
1328 962
-1281 -860
-975 -1497
-52 -1879
339 -1710
-206 -433
-531 -295
267 -548
-332 -60
17 -1627
344 -976
-569 -1129
134 -811
-911 427
-444 458
182 386
60 959
83 224
-298 158
-299 -464
431 -501
-107 176
-870 -110
-79 419
-712 -322
194 66
181 -3
-137 -603
-151 -123
13 -819
200 -186
75 88
-239 15
38 575
290 21
-320 146
183 221
226 221
109 279
194 266
10 139
-288 -422
46 71
29 54
25 229
-132 34
-29 39
607 -53
270 -138
67 -396
-487 88
34 442
51 190
198 311
425 193
44 149
168 -255
504 906
-84 -66
167 291
-101 411
-212 376
-20 -400
131 483
653 147
700 165
71 -60
437 -460
35 -309
172 162
44 193
31 28
-218 167
-390 108
-227 695
-392 -348
-115 -301
381 -204
-109 64
-26 -53
-213 85
88 -80
-250 67
-222 5
114 -258
-36 -299
-162 100
-227 35
37 104
-223 8
-201 -25
53 112
196 48
-4000 41
-4339 205
-1565 -2441
-1408 -2073
4964 80
3382 -270
-616 443
-1040 1580
3663 -636
2723 -375
2323 -1084
2803 -986
619 -1016
259 -924
-2056 1641
-2012 1617
-561 1312
-47 -71
3655 -1402
2355 -768
-360 451
-2185 735
-881 -2667
98 -1629
-431 1547
-1346 1089
-336 895
-466 1659
2448 -296
2319 1870
-429 -1166
538 -212
-1221 501
-1374 712
1267 1217
1167 -476
1812 251
1185 842
2802 -285
439 906
2051 1452
1048 1839
394 471
393 999
-969 1686
-669 1529
391 1802
-259 501
-2195 1159
-660 -782
1321 -31
-620 1211
-1445 118
-639 -5
617 -1444
390 260
-777 1713
-1038 476
-281 -606
347 -329
-538 178
380 98
-267 283
-815 -831
-65 772
-472 -389
19 -415
216 65
350 -206
-74 301
1068 -41
929 -218
293 -16
-1007 -529
-71 486
1001 -388
-1769 371
680 824
800 822
251 -339
-56 135
311 249
839 525
-550 -1543
-103 -24
-148 -19
243 -121
-378 -127
-300 685
806 -655
237 747
173 -307
250 515
-1 -252
1345 -8
-802 -273
1225 265
-2025 -407
-146 -289
732 493
-199 657
-134 -221
992 -1226
-364 528
-1205 717
478 -370
-59 125
-698 -389
-1090 -1232
-966 -276
323 -339
-389 176
794 -383
-448 428
1016 659
1335 1283
-828 -236
-134 -517
597 604
306 803
478 81
-1517 590
296 -770
-116 739
-1113 1084
297 96
-715 -249
-769 -1578
-3711 -384
-5356 -1835
-2268 -2214
-3366 -2925
3810 -302
6042 -492
-713 993
-438 1443
2311 -379
1880 19
2910 -1407
2413 -1089
1652 -993
-562 -856
-1544 393
-552 1418
-445 109
-609 589
3553 -1425
3201 -118
-2406 -66
-934 431
1427 -1449
1511 -2725
-2024 1331
-1660 1290
-919 208
-200 920
1151 99
1912 1402
772 658
1460 1765
-228 -731
61 154
623 687
1540 1058
218 2093
1669 1766
1209 933
779 323
-215 2345
777 2923
-142 408
1024 1807
-1115 359
-81 1617
888 839
-571 643
-23 603
-282 -756
-592 552
758 121
-1796 -149
1053 494
-217 103
831 167
267 -73
587 1638
-191 432
400 86
1197 70
-277 758
859 -726
764 494
286 -781
565 1069
-1497 747
672 -813
150 -219
-987 -533
-1116 446
-473 -568
-1414 67
-329 -607
-299 -652
1124 -1
-273 1206
-1260 -44
770 -1065
-440 -511
-87 -928
-907 -641
-25 10
1323 126
-1556 588
-263 -468
801 6
-499 337
267 -693
-40 989
-810 -519
-313 748
-1204 -428
-197 -771
-320 864
315 112
248 813
99 -94
-381 477
-259 -434
-1063 -38
-85 83
-762 -483
-247 -2128
120 633
1371 57
-72 -598
38 519
771 -855
49 -928
675 -642
60 453
-25 -1167
432 -351
-1027 1305
-1690 -617
755 -1334
-99 937
-118 -1022
266 593
-201 -1479
593 -789
-179 1777
-741 -379
213 227
883 -587
378 -1345
-366 363
-4492 1331
-2463 -739
-2669 -2719
-249 -3711
5123 185
3801 417
-1268 436
-608 1613
3892 1453
4444 1208
2021 -745
2503 1626
497 -980
-800 161
-1567 1252
-1991 -250
-28 798
-1073 -75
3114 24
3978 1092
-1590 -1706
-1472 -1243
402 -2139
1652 -1287
-1791 -313
-1349 1158
-596 -120
665 2252
2365 908
1854 2615
-534 -452
-652 436
950 -66
1058 -66
2896 1511
1626 2484
-439 1093
-1522 459
551 244
-622 1487
1633 1404
64 1632
235 -1057
-1022 621
-1683 674
-474 634
-833 853
259 -478
-833 569
691 134
-616 1577
-35 1563
504 -827
-121 -617
359 -821
-205 252
-483 784
284 -362
-841 162
257 -875
357 479
100 -284
1280 -671
-481 -1173
594 -1057
243 1030
111 123
-240 -843
-842 391
134 314
447 998
-462 27
-68 785
-3 -547
871 -768
-755 1333
327 786
-1114 -1527
1248 98
-579 -1644
885 234
-914 1157
846 -953
1190 47
-1216 -415
224 -1017
-240 613
-1850 589
-540 760
-697 544
-734 -83
-1667 1291
419 450
407 602
144 -891
-1216 671
1264 281
198 -176
598 -552
1196 -857
-102 -29
-905 -318
637 -1159
137 556
-1177 263
467 472
541 682
772 1075
-246 279
1600 -679
426 70
191 -630
198 -1090
628 0
-232 -825
-122 618
596 -639
-701 -116
1142 827
261 307
-1241 -682
-56 817
684 -158
-79 -362
793 -1268
235 -143
451 -864
717 190
-4073 -716
-3406 -94
-324 -3413
-2657 -1390
5669 1232
5427 1484
-240 1944
-2336 154
2712 1151
2860 -1121
2564 -307
2755 -1670
363 -772
304 344
-1326 1480
-1652 -257
76 -134
-1504 -456
3376 1737
5245 1073
-2007 58
-2100 -1170
2218 -1301
1313 -1447
-1913 180
-443 -1256
-982 1759
-866 1863
1052 1523
2032 847
424 -389
-882 -1047
651 490
170 -275
65 -434
994 1878
-219 1104
-391 1286
24 1611
-871 1467
-1330 1809
-1982 3094
240 856
340 1625
-978 -457
-553 309
367 959
-255 157
1003 -225
-351 645
-1052 1253
568 403
113 131
1316 -856
30 -227
129 449
-34 -492
1333 287
262 383
465 -641
-186 429
-51 -765
-280 1100
-114 117
904 1221
-570 384
-15 -791
615 -284
-235 -1579
481 -587
576 239
-1287 280
-1163 -841
-1083 -51
190 -444
-579 -45
-516 -296
-530 -1153
1411 762
496 818
820 50
201 360
-1015 475
-435 293
489 177
566 455
-1172 655
-2004 342
-714 -719
38 -657
-228 -1286
329 -430
56 -164
732 1177
-1076 1038
-260 -208
-1171 -383
-543 183
379 66
-816 -429
429 70
765 896
-243 66
414 668
-1084 -273
411 142
100 173
-774 36
731 17
-163 -1131
-551 -81
681 -217
413 -353
-1078 -662
-336 188
-548 700
-501 -631
102 1070
-606 908
-626 -712
-570 777
121 576
215 57
681 -822
-329 1119
-833 -133
-37 385
-665 50
553 694
1811 1168
-4627 -874
-4739 25
-196 -2748
779 -1810
753 1155
-1401 -1474
3958 3397
5053 3988
1107 45
-545 -1789
-1714 -478
-1423 258
233 -3411
2407 -3627
1412 -2254
-671 -556
-1871 -2432
-401 -2355
2121 725
4069 -1841
2033 4037
411 1781
-214 -2666
1285 -254
2753 -700
532 -2301
-8 1906
-1096 -681
-1337 1507
-1599 1172
2323 -2635
3487 -2608
-161 -1587
872 135
-264 1192
243 -911
-2596 1075
899 -1204
-1167 -1230
1399 21
12 -828
132 -1000
991 -2169
-534 -846
-357 -2796
341 955
2324 234
1549 1283
461 3162
104 2525
803 -1001
-282 128
474 309
-1645 -480
-686 -2802
618 -992
777 2252
518 210
181 1055
-484 -743
628 -945
-278 128
-1861 -2484
77 1499
-879 1041
357 -354
953 -895
1432 -73
576 1117
561 -176
250 26
165 1021
619 -1449
-30 -1797
2511 -1225
-359 -1595
-2091 -1631
1392 162
878 566
-1533 -924
-598 -313
374 -938
4 191
-1522 -296
865 -412
838 -1826
307 1679
-344 1896
-1341 -1281
-161 385
-532 -2146
-314 -1320
-1632 -413
745 1189
-1301 -47
3303 287
-600 904
1160 -516
-944 -549
460 -72
-705 2028
24 50
226 -735
-842 -1094
403 827
1727 276
1004 940
1562 1169
-369 635
960 -1736
-1360 -185
864 -1060
-1442 -1695
-1708 -2870
1888 67
42 1467
-1193 -139
-391 -109
171 -646
2015 -2972
-435 974
-313 -1385
361 -1295
1104 728
-1437 948
802 3029
-682 905
1276 3711
-1878 -374
-490 -900
2139 -1887
-782 -2297
-1339 -52
-1292 -1363
5939 4117
7319 3340
629 1054
1451 1672
-3091 718
-798 -1612
1195 -1831
-1103 -2371
1229 -564
2240 -1449
-1592 -988
-878 -3294
4531 927
3659 -672
552 619
-1805 2705
-636 -1487
164 -1738
1015 -103
1542 -1177
282 3549
-1469 808
-1462 665
-2858 -1703
1057 -692
861 -1127
-222 -1668
128 -1703
399 -358
-978 465
-1101 245
-706 451
4187 -1640
29 -2694
754 -1538
-1581 -3374
667 -228
-728 -3822
-2548 -656
836 0
-706 -1816
-866 -149
683 -876
-385 1099
1465 142
-3173 483
-810 698
-837 -239
-1853 1051
-1414 -3399
844 -1915
122 -1128
0 425
395 -896
-496 3375
-1367 -972
425 1009
-2420 -1350
115 -900
-998 347
523 -1443
1497 498
1586 -370
472 1865
1862 -639
290 274
-1568 246
-1983 751
-1152 -2751
1515 481
256 2911
942 -1225
753 2049
1059 2517
-895 -2738
-1880 -462
2650 -808
558 1298
-981 -37
304 532
970 1553
380 -1239
2049 196
72 -1823
952 1305
-1461 1480
-1543 -1504
-1982 127
-421 -185
222 1731
-947 -1543
-195 317
883 -202
249 -695
529 555
-729 3093
967 -707
-2428 676
-116 290
-237 -1027
-1668 2530
60 1589
-1507 504
-858 -284
-214 1026
-1828 1162
2784 -1422
1254 1441
810 1656
166 261
1228 2226
260 381
433 47
-1840 1229
-392 -2396
798 519
686 1838
-540 218
140 3159
547 -219
159 -898
-3319 292
-2486 -1233
-6424 1420
-1991 -1169
2122 -2698
514 -1247
-2121 -1588
3007 1562
2651 2625
2540 340
-123 -1474
-2435 -475
116 -1550
2262 -2675
1980 -571
-27 -81
2077 -441
317 -3025
-583 -4630
2924 3056
2508 5072
-1632 1585
-1517 1736
232 -937
-1190 -2520
1139 -849
-204 -3777
-1462 2270
-395 -82
-173 681
985 342
365 335
374 -802
-2106 -964
-167 -2232
1514 1999
1227 2733
-1152 1168
2169 -196
186 2280
92 -893
-658 2663
1231 106
161 -1271
1079 -1546
650 1678
851 1362
1000 21
-1531 -1140
-1223 -1520
-1203 -2061
796 1870
-422 -26
-1541 93
287 -337
-362 -1453
-942 -113
2403 795
259 1966
-987 -481
76 6
-1466 1197
1182 2472
-2814 1135
1568 -1780
-1041 -673
-1315 -870
2418 -277
609 -988
-820 -2410
435 1232
1458 484
1213 1176
-1477 681
1817 -2361
445 -1231
1321 3330
-339 1390
2652 2781
-1518 111
1577 -2389
-1075 2808
-1276 1108
2636 -1102
736 2562
-795 350
2884 -1228
1980 -1028
-666 -1414
1392 110
2221 -1428
-133 -2479
-629 -1262
-940 792
680 94
-2705 1420
-216 -436
-1176 1857
-80 2013
-32 -257
-425 -309
-2449 1597
-608 -830
3800 212
-42 -332
483 -780
-2279 -1724
1106 -396
-1171 625
-1116 1418
-959 -989
595 867
-839 526
-122 1719
-183 174
-605 1113
1516 -917
-2268 -2441
-1523 -1023
2715 1764
1475 -1460
-493 336
-893 807
-297 2299
-779 1131
-1827 745
-1230 -957
-1142 1147
-184 1229
-5445 2322
-2061 -1905
-60 -2591
-537 -3646
-135 -872
1866 -990
4391 3404
5520 6602
145 -183
268 2161
-2423 113
-2477 -2635
1196 -2131
-129 726
2039 1010
1586 443
-679 -4618
-1078 -1212
3829 2148
3259 289
-1210 1471
-654 2424
900 -1533
-88 1651
3032 -551
1192 -1107
-1024 2527
-3061 1730
-195 1635
1671 1147
1208 -1672
-1215 1402
1032 1699
-262 -1426
-890 1862
-375 2393
105 -1280
1193 -2235
1555 3156
2116 -318
-185 -2468
1933 -2088
200 1935
-685 -60
-1511 -1087
-687 842
511 263
653 -1331
534 -740
-2830 -781
176 -596
-622 1773
131 83
-840 1344
327 -107
-86 364
-399 -1181
1055 788
489 -1155
276 1835
-442 342
746 855
-1604 -400
674 -856
-394 1938
-8 249
854 410
-501 843
-408 -69
419 -977
1883 1616
582 -1619
-1766 -4
-424 84
116 596
-315 1728
-360 -233
338 -66
-162 356
-847 -1207
2681 -27
-848 1944
258 546
-974 -1318
960 -572
1259 42
111 -237
179 889
536 1366
-755 682
718 -1504
571 -1337
54 -3027
658 -941
680 -346
-256 -1596
87 -773
517 1824
-1969 -1000
-81 -2174
478 396
262 -946
1497 912
-318 -1012
-315 -1089
2022 -445
767 1193
-279 966
2285 585
-1013 -69
-1641 -367
1431 1444
1425 897
1035 -1095
-181 713
-108 -1142
1628 -742
-62 1804
855 -626
-294 -1452
924 -974
-1189 982
51 -1683
2417 1107
1748 -1640
1143 -132
-2953 -1470
-4186 -4504
3391 3088
5002 982
3502 1251
1555 -1208
-1565 -3576
2738 -653
3529 444
3400 893
-1912 177
1664 4357
-348 2426
-1954 570
2583 658
-1970 -661
-1508 2278
423 3368
-3474 2020
-1774 707
3848 -4778
3776 -832
-2540 -1285
404 1341
1198 3099
-960 314
-2962 291
-353 1345
-2216 -2900
-410 -1458
5993 2124
3060 253
-215 1982
-986 2593
3160 -735
1269 -308
298 -532
885 2421
2186 882
-845 2286
2497 -1017
406 -2226
-1055 -1737
-1682 -725
-1372 2530
-876 363
-13 3473
625 -992
-759 -2288
-2954 974
-4022 -4681
-15 -7106
-119 1792
-431 -1382
-1225 869
695 -1092
3226 2728
608 445
-1166 -3488
-1647 529
-445 -2745
660 1585
908 637
1359 2088
3763 3534
1713 -1565
1268 303
-1643 -660
-1905 2057
-3344 -1084
-2250 -1974
-2311 -709
-1553 -135
2388 -781
-1024 758
-1700 3334
-1448 1176
-603 3300
2320 138
-933 -37
-1726 -973
276 1938
-618 -2465
1423 4279
-477 -200
2339 2000
-875 1584
-1059 3081
844 -4551
-1091 -1850
348 1827
-37 -129
388 2256
-21 4058
79 1345
485 -1067
705 525
-2117 -256
57 -1115
-2484 1575
3171 329
170 2746
-1601 -1298
2183 -1254
2309 1305
-238 2456
1164 1074
-1703 -184
41 -1779
-701 -1988
65 -1715
1194 2693
1341 1401
131 1283
611 3110
851 2793
-782 977
27 -921
1963 -78
444 -776
-1517 836
-978 3450
535 -65
1942 107
589 527
-3405 -1730
3691 -858
-334 -2358
-127 -2918
-4261 -5273
-337 2151
-393 3949
-990 1507
1309 1812
2762 -2712
906 -967
3589 1989
-199 3342
-300 -502
-2512 -937
-187 -280
-669 3494
-1765 80
3397 -1442
-1711 2569
-4648 3338
-462 899
-1428 299
2203 -2890
3242 1261
-3401 2709
497 404
4104 2421
540 3227
1013 526
-1344 2832
86 -4855
2253 -2465
3241 487
3632 3556
1495 888
640 3767
3148 739
1302 1061
656 -338
506 169
10 387
264 2268
-3598 2243
2908 2410
-1479 -245
1214 1752
489 3337
-1356 6194
2886 1694
-214 -214
-85 2075
945 320
-2506 3163
-1195 -1573
507 -1090
3920 -3458
1728 -2450
-1165 235
3892 -1706
2690 3337
-719 2380
-699 2957
-1522 -1015
-112 1931
21 -5459
1263 1827
-1013 -885
3272 576
3781 -369
847 1260
-1322 3512
-1985 518
-462 896
-962 -2283
-1498 34
1619 1589
2802 -655
1972 -1232
1735 3067
-746 -1026
-1386 -5314
347 3324
-901 -2013
-1893 -3796
1898 6242
2288 -1606
-2993 2558
-1354 -2501
801 975
388 -1186
-2439 -2251
-757 -379
-2902 -349
-341 1201
-302 -1361
1909 -2716
3121 1021
3321 -714
1886 -226
-1831 -1891
1144 2161
552 -840
975 1176
-5 1639
654 -1248
1768 -2464
-2971 -1198
414 -1658
-919 359
980 2245
3020 -3168
-301 -1687
1631 -1125
1076 -1766
-449 375
2846 -1464
-2783 1168
-536 -2483
-3708 -217
951 -1996
-2456 -2305
-102 504
-1141 2198
2325 -1826
1530 1931
975 36
-2186 -3689
-233 176
-1230 -2487
-372 -153
-665 -1198
1660 -2020
1995 4293
4594 693
5534 -111
-995 943
1337 409
3281 -1988
4060 5082
2642 3001
-2618 658
-100 -1547
2091 898
-3091 1899
-1463 -687
1281 -2043
-1273 99
-4343 2810
-3124 -752
-3252 2513
4317 -1339
5009 -4885
2615 3119
-1547 -281
1207 2391
3533 1516
199 1414
980 2840
2559 -3077
-27 -3335
1400 3698
-1155 1064
-1825 -306
-68 2786
2634 1562
2260 3783
-1435 -1774
-839 -1468
1888 -419
-6314 37
-1714 -2358
1751 2370
1025 -5745
1573 -3104
1164 850
-2247 1080
20 -3571
-2804 -879
-1100 -1721
140 1547
2102 -576
824 1878
-2239 -3186
1222 1021
3680 795
251 853
1198 1422
626 -320
-1268 -3031
-431 -1463
2396 1666
787 2519
253 -707
-1166 -3537
4968 127
-4083 2134
1980 924
2609 3880
-3473 -329
-1718 1017
-340 2279
-112 -1809
-3452 -582
-1569 -823
1232 -54
-979 2710
-1407 1392
-1337 -3824
276 -3272
-4922 -3213
464 -918
-2567 1697
1770 -3282
1088 -1080
-3727 2747
-806 -3737
-15 -1246
-2234 416
-2369 -313
1768 1868
-1723 -827
-2155 1322
629 3194
459 830
-51 -550
-352 -828
1285 -727
-116 322
1499 -2162
-1086 -1855
-344 -102
2261 -1575
2286 -1838
1078 600
-5007 -1469
-1858 71
-1872 689
2044 2719
-1918 872
50 605
1563 -1656
1780 3902
-343 747
1178 -1439
-29 -933
-1810 -2176
1246 -881
-2236 1918
1265 3343
2725 1525
-2573 -2926
-3042 1766
-622 1703
1520 -1498
-1535 -2702
-58 -1006
1954 -24
2045 1724
317 -2142
-2041 -2083
2409 -1155
1883 3327
504 1219
2859 3348
-1166 -2935
-55 429
2266 2255
135 1386
764 1939
191 -1004
1646 504
2588 2207
1453 -602
5416 -3841
-6523 33
-3961 1454
-295 1025
-2944 -2548
2636 -941
2403 6639
-1212 890
-2340 -24
51 4367
-141 -158
-3596 -691
-771 -8
225 -2928
2752 -1637
-1495 429
-2980 631
-1394 1925
2799 -1534
3176 974
460 3196
839 -2305
-1008 -3722
-1967 1432
-2113 3274
564 -4967
-1549 -1058
1309 1744
-2153 1304
138 -4468
1297 -3781
172 1274
896 -321
-3338 -897
-1749 367
-765 -1320
2656 -279
-640 591
-919 -3491
-1065 706
1531 -2431
789 1515
-3030 -673
1465 2940
-3055 -831
265 583
-552 -2536
-530 -3443
-2242 -183
1044 -2027
-380 1096
764 -1891
-1944 -958
-1215 1394
1378 270
-800 241
1087 2155
-1778 -709
-1426 2665
2816 213
2352 -804
315 -12
1051 -621
62 424
-1428 -311
-1705 -1674
1414 1988
-3167 14
2462 -2016
-1752 -3084
730 963
-231 -420
515 -1493
752 1274
-1244 -1948
607 -517
1613 -263
-1673 1572
-1678 -229
559 1545
-66 894
526 474
-101 1165
-1671 2932
1482 -1925
1763 2218
674 1293
-424 -1371
-891 -14
-721 -189
124 1664
-956 513
-1701 -319
-3438 -1558
78 66
-4650 -1121
458 -140
2459 2990
-2046 -490
-1976 -1769
195 1774
1740 -1293
433 -421
-2677 758
-125 -2868
-351 39
1135 1609
-1540 1438
541 214
1004 1833
-2798 -2637
-1925 3682
-118 362
