1070 -3176
294 -283
-1024 198
-147 -97
75 139
-206 -178
-208 -30
0 14
-78 -21
-55 -111
-57 9
-10 41
-8 -2
7 -6
1 0
-4 30
-9 33
-14 -11
99 -15
58 16
-3 -11
-3 26
-2 16
45 27
12 24
43 -16
24 -4
-12 -2
79 -7
-24 1
-5 -1
-37 6
13 -46
15 40
-6 -45
21 -10
-22 -40
-39 19
29 -50
24 -5
-45 -22
-37 -53
-23 24
-54 43
36 33
-18 -13
28 15
34 -17
-26 21
8 -30
13 3
38 -48
1 -20
56 43
48 -18
32 -24
-128 -50
45 -7
-17 15
-49 -21
16 -11
31 37
0 -5
66 -3
-20 -32
-30 -16
32 -9
-31 -77
-27 -21
-26 -12
-19 3
43 -12
35 66
-26 -24
38 3
13 11
8 4
5 25
40 -29
-74 33
29 28
-34 46
-39 -15
8 15
36 -8
4 35
18 6
4 -26
-12 -37
-79 9
-38 82
1 -9
15 -18
-9 3
42 8
-12 -53
-38 -2
-48 -43
9 -40
-20 59
33 11
-55 -61
-39 64
-27 -15
-8 -15
48 14
59 -35
24 26
19 -29
20 -4
7 81
-11 44
14 23
81 -2
47 25
-22 -23
64 49
3 -23
84 61
-16 -68
19 -33
4 -40
-17 29
-2 14
-24 -35
2 9
-94 -41
-14 7
-41 78
-31 56
-9 5
34 -11
18 -22
37 -32
-42 23
33 -79
23 18
13 -49
42 -63
-8 -80
19 23
53 5
25 -43
-15 -22
24 11
15 -11
48 -8
38 -35
5 -6
56 21
-27 -21
2 14
5 -11
-30 14
4 51
-13 24
25 -48
1 0
6 0
6 -6
-17 67
55 2
13 -8
-11 -24
-2 25
21 -59
79 89
11 -44
-23 2
-37 -47
-32 33
25 19
36 19
31 -40
12 22
-10 -22
-23 -17
-59 5
17 10
-2 37
-31 16
-28 19
-23 24
46 -12
-37 7
43 12
25 -8
18 31
-23 25
-15 -4
-34 59
27 -33
34 -18
9 26
-24 -3
53 -5
15 -39
7 11
35 -53
-5 22
-14 -20
-16 -9
-36 -25
10 33
35 -29
-16 14
-23 41
35 19
-30 -4
-31 16
-41 -26
-41 8
28 23
-7 -16
-40 -5
-9 0
11 -13
-34 3
-6 -1
14 -38
10 -27
-4 15
36 3
27 -3
-10 25
21 1
13 -5
8 13
-1 33
-36 -5
-18 1
18 -14
19 3
4 1
-7 6
26 -10
-11 -33
-7 -17
1 -21
-5 19
29 19
22 -12
4 -15
12 -12
11 14
4 3
-38 20
16 0
6 21
19 20
25 -6
9 -16
21 -6
3 -31
-7 1
-25 -7
-6 -31
9 -2
6 -2
2 7
-15 4
-3 4
-4 2
24 -13
-7 3
11 18
-1 -7
14 6
-12 6
-11 2
6 12
7 -16
-2 2
4 1
-10 0
-8 1
-1 1
15 4
-5 -6
-4 7
5 15
4 6
-6 5
4 -1
5 -2
-8 3
-4 -6
6 -3
-2 -2
1 -3
12 -3
-2 8
6 7
4 7
-1 -3
3 -1
-2 5
9 0
0 -1
-1 0
3 -4
1 1
5 3
3 0
0 -1
-1 -2
-2 0
-1 -2
0 -1
-1 0
0 0
0 0
0 0
0 0
-1 0
0 1
-1 0
-2 -2
-3 -4
1 -1
3 0
0 -3
-3 -4
6 1
1 1
1 -5
-12 -2
-2 -3
4 0
4 -4
-5 -6
-2 -1
3 0
-3 16
-9 0
-3 -10
-7 -1
14 -3
1 8
-11 7
-11 -6
13 -11
-16 10
3 14
-15 11
1 -2
9 23
14 -8
-27 -16
-8 0
7 -2
3 25
23 -22
4 -9
-22 -16
29 2
7 -3
-1 2
1 -19
6 11
-12 12
6 2
4 -3
-4 18
0 -18
-3 19
-35 13
12 22
12 -12
-9 -25
-3 10
26 -11
-39 41
-12 -1
4 -33
12 -4
-27 19
-4 8
-11 46
-22 12
7 -17
23 21
14 -1
34 1
-4 -1
12 23
4 41
3 20
11 44
-8 6
-43 -27
-17 -41
-28 -1
-22 46
6 -19
5 37
-6 -55
14 35
22 -31
6 -6
-37 32
-3 -22
-13 -30
-58 -19
6 -59
19 9
0 5
3 18
-28 44
5 47
10 10
-24 -54
25 -31
-24 1
8 -46
24 -56
5 -8
-51 -33
-11 -52
-16 0
-20 6
-59 -47
9 23
-9 -2
-10 -17
-1 -21
0 65
-22 -25
-39 47
-5 -30
-34 -10
-30 -62
42 44
38 -56
-19 30
-28 27
0 -58
69 45
0 14
-1 -15
44 -18
-4 21
-44 -7
-27 12
4 100
33 4
5 -1
-74 -30
8 8
-1 -24
84 38
-15 -75
57 138
-28 -52
44 -71
-84 84
29 26
17 73
32 -90
5 18
-28 20
54 50
-9 92
28 27
74 43
60 7
44 38
42 -87
41 9
107 43
-20 52
65 7
-1 105
49 -11
25 130
27 -59
-44 77
-1 13
47 -42
35 27
40 -43
-98 -97
-36 -16
-104 -59
51 22
58 -2
12 -143
-71 14
88 93
6 -69
-39 6
71 -42
-146 -99
-30 8
-29 97
-17 117
26 -41
-77 52
74 -59
40 -104
-140 20
-46 47
-29 42
2 127
-26 -42
-74 14
-61 -24
-23 -11
14 -10
-14 122
-11 7
-184 7
201 -763
2007 90
-31 1000
205 -107
-47 187
-300 66
-246 -3
9 -98
-16 -6
-9 -69
-20 42
23 -184
136 29
35 -44
59 -17
8 -74
-40 -94
70 37
-158 56
-213 76
-13 59
37 -79
9 -98
-148 -48
-32 -22
14 67
-7 50
49 -1
-211 11
102 22
17 -4
93 -8
-4 39
-141 -71
19 106
-73 -6
61 98
86 -29
-40 143
-2 -3
102 45
56 112
32 -77
161 -84
-74 -42
56 27
-33 -46
-126 6
29 1
-2 102
-61 -7
-129 44
-26 -1
-131 -67
-92 69
-118 61
306 112
-59 24
42 -46
75 -3
-64 9
-54 -51
42 48
-195 -31
-49 57
113 81
-74 78
49 151
43 -10
127 55
78 32
-102 87
-100 -186
86 22
-62 12
-28 33
-96 -115
9 -60
-120 88
199 -67
-13 -32
154 -88
80 41
30 -32
-44 65
9 -123
-28 0
-18 115
9 56
147 -46
101 -148
-30 19
-28 20
4 -11
-149 -35
12 121
39 41
153 83
-79 133
43 -153
-66 -52
167 175
100 -187
97 48
47 9
-124 13
-175 91
-75 -15
-54 59
19 24
-86 -191
-13 -63
-66 -61
-235 23
-153 -90
123 30
-183 -126
-25 113
-239 -203
93 223
-92 106
-7 142
61 -109
25 -37
77 84
-37 -73
171 20
6 -76
87 -267
112 -154
36 3
-34 18
-6 98
-154 113
121 -88
-90 227
-7 -66
18 103
-107 157
-16 207
-88 -93
-164 29
-91 184
96 83
-67 -21
-18 -6
-145 79
-128 108
-41 46
-141 -77
77 51
96 -19
19 69
99 -73
-48 -175
17 -128
-69 183
-37 48
-45 74
8 34
42 -237
-167 7
-61 19
25 55
-16 -112
-107 224
-227 -284
-63 141
37 -44
83 154
73 -32
-88 -16
-135 -35
-114 162
-67 -36
53 56
53 84
219 -41
-60 -41
7 -106
104 -23
133 -56
93 -78
-187 39
153 -50
-125 -69
-84 29
-41 -140
117 -65
27 15
129 -224
-120 134
-180 96
-5 -129
41 19
-210 55
-104 183
-47 -41
-130 198
23 -93
55 89
60 79
123 84
-57 -119
-183 134
128 -20
104 -182
-189 -131
132 64
123 -96
170 99
174 -45
-140 -95
55 61
204 60
36 1
-63 69
140 0
4 -19
-75 201
-63 167
15 -75
-163 -20
-111 -6
31 -122
-87 -19
-42 29
-54 -117
9 -191
199 40
99 2
-103 108
-120 -28
-14 15
70 -37
-148 66
94 155
33 97
14 108
47 -137
-168 -122
-137 77
17 108
-84 92
-48 -96
-27 -3
213 -114
-114 12
-20 -149
-92 -127
-160 26
-36 113
-148 55
-32 210
62 -14
184 32
16 227
-86 10
-58 11
-7 -54
88 -29
29 -38
31 2
-185 114
69 -18
-94 -178
5 39
-108 -71
122 -46
103 -30
-49 -83
-58 130
18 -16
-19 1
113 4
93 -11
7 -2
-176 -49
64 56
47 -82
-48 -171
-63 -73
69 -59
-59 21
-73 34
105 -42
56 89
-95 54
21 28
4 42
-196 51
50 -131
-94 -124
-59 -121
30 49
-55 29
39 -97
-200 10
5 35
30 13
-82 116
-48 -14
-189 -110
-122 -14
10 56
37 99
132 12
62 101
9 76
132 -20
-45 44
-35 144
124 3
-28 -58
-106 -81
-5 121
-59 13
-142 -91
-128 -205
55 -63
110 -15
-1 -91
-96 -118
172 25
33 15
25 -108
-252 -46
-38 -61
68 10
75 -72
-76 -105
-29 -23
36 1
-44 221
-120 -8
-49 -145
-79 -14
184 -40
8 95
-101 83
-122 -71
112 -112
-149 83
13 137
-135 104
9 -30
82 186
107 -52
-199 -131
-54 5
47 -7
20 167
142 -135
38 -83
-125 -129
172 4
23 -23
-39 18
3 -104
45 64
-55 34
13 6
14 -25
-44 102
-12 -94
-18 90
-195 69
39 102
51 -47
8 -91
-12 52
113 -33
-172 141
-23 1
13 -131
31 17
-86 95
-6 33
-39 127
-56 58
38 -62
80 85
40 32
80 21
15 -3
-3 74
19 115
35 29
69 123
-29 11
-119 -70
-61 -144
-47 -26
-58 120
7 -94
27 78
4 -142
2 72
23 -90
5 -19
-55 82
26 -79
-40 -61
-111 -31
22 -117
38 26
0 16
1 67
-8 141
-7 128
0 18
-110 -89
26 -85
19 30
44 -53
-47 -99
46 -43
-40 -63
-12 -78
-3 25
-32 11
-65 -94
29 19
-92 2
-37 -80
41 -55
16 34
-37 39
-30 88
21 -22
-74 79
-135 -70
69 83
34 -32
12 -47
-75 29
-26 -61
91 20
-27 -6
61 40
87 -3
-68 -41
-16 -30
-85 50
-27 39
19 14
-23 22
-19 -25
-13 13
49 -15
102 45
-5 -91
65 161
-28 -48
16 -52
-63 50
-32 5
46 63
54 -68
-54 -57
-88 119
88 16
39 32
97 -4
27 53
99 -54
55 51
-87 -45
40 -109
107 -14
7 48
-32 2
-21 20
80 41
0 69
61 2
-58 73
-82 0
-39 18
-25 -13
70 40
8 -139
-30 58
-24 50
-6 -30
49 23
35 -58
-32 -77
11 3
-12 -15
-181 6
19 33
-35 -11
119 -45
54 -38
170 -2
-70 -21
-71 18
45 51
-28 -78
57 -76
121 86
1 -31
-27 31
7 9
21 25
-62 42
62 106
13 -12
-74 -27
-49 -51
32 57
-2604 66
402 1233
-301 -332
-122 174
-12 -55
11 125
-59 -24
-29 -18
212 86
127 218
139 12
32 141
29 -32
2 -62
69 -25
-8 39
111 34
-212 -84
128 -52
194 -124
63 -46
-107 -174
-6 164
78 -54
-22 -41
-107 -125
-136 -90
-76 47
140 -16
-118 -101
6 38
14 0
-5 8
129 60
-3 -90
65 70
-50 -69
30 9
-107 -118
-53 17
-17 -5
35 -126
-9 160
-129 -9
-59 -110
-43 45
-66 -32
182 36
42 -17
25 -102
128 14
81 53
19 62
62 -83
-36 -73
87 -38
-199 -45
-61 52
13 15
63 87
70 35
28 -81
-84 -29
185 105
186 51
-139 -84
49 -207
38 -30
36 80
-198 -84
-163 -105
74 -188
150 76
-94 80
59 -6
0 -145
191 263
-53 43
174 -89
-137 38
-94 -72
-241 20
-43 18
-128 49
-70 -141
-72 141
-1 -42
-30 -164
29 42
-25 68
-89 75
15 -39
16 13
50 19
185 56
53 -32
86 -161
-161 34
83 -139
11 95
-40 52
-188 -134
-61 169
-154 4
-85 177
91 -78
140 -87
39 -86
53 1
-196 -91
196 52
85 -18
107 24
173 -55
135 167
-196 41
198 93
63 -250
182 245
-191 -237
139 -114
22 -208
-70 135
-32 68
-150 -81
103 164
73 218
88 261
49 370
-125 153
-96 -25
-103 81
-95 -99
168 -67
-66 132
73 -212
-79 99
-133 26
52 -19
118 -107
145 142
149 -134
95 -240
-200 -106
75 4
-13 99
134 -162
107 -51
94 -151
58 70
-28 18
-309 -92
-75 -180
-124 99
140 193
26 247
44 -198
95 -152
68 -286
-65 -32
-51 272
111 -36
33 -57
60 9
103 214
180 -286
59 204
190 -98
97 71
29 -134
-16 -140
140 -122
159 8
143 -196
65 -30
-103 -36
7 -170
-300 70
68 39
27 96
-76 -98
-235 -2
-173 51
246 -45
-237 53
6 138
42 -41
-35 211
-190 11
65 7
-162 220
135 -132
332 -224
-60 199
124 -79
234 -127
260 -311
100 9
58 -148
-63 121
-48 -92
-79 -236
-50 -60
121 111
291 -181
-322 -107
-138 251
301 309
-170 -256
-113 205
-142 -72
-151 117
196 111
-121 10
-316 -184
20 -16
94 -87
-144 -15
88 117
138 -327
138 -324
8 103
179 52
69 78
11 126
28 77
-32 -42
111 334
-28 340
-311 -134
-152 -42
111 -311
248 64
27 -103
-228 82
247 -131
-269 -49
-19 -113
-94 -82
-145 300
231 248
237 -158
-240 -222
173 -225
-21 189
70 -83
-161 109
208 -72
-94 296
-51 170
241 -3
-57 -180
236 -160
84 -250
-159 84
-279 78
122 -358
255 26
167 -15
-32 69
17 27
-78 84
-48 -84
249 -253
-173 -1
154 460
19 61
74 250
-282 0
-189 116
54 -56
-12 -35
5 -7
-124 -105
-281 -47
-261 -19
-3 -56
367 167
-121 -1
-140 162
-24 277
200 140
-40 61
233 -84
171 -122
-107 32
-14 -176
178 -120
3 -99
-210 49
284 -96
-226 139
-46 224
-46 109
-92 -50
59 -64
-12 70
367 -47
97 -123
-103 -58
135 -207
265 -44
256 177
33 55
20 -121
-151 -271
-238 16
-112 -161
-38 -36
-190 103
37 -180
-41 -23
-198 -80
70 -79
241 -3
10 -365
175 21
386 120
309 376
-115 28
-206 -91
45 336
57 190
-443 -195
-179 -143
-92 252
510 -36
78 282
-160 104
-95 217
282 283
34 14
-105 -29
139 -432
306 -142
20 81
254 -43
-194 -8
-3 -121
434 -127
192 57
-378 161
297 -274
-193 -215
322 -120
-37 -62
-75 -422
-259 198
475 178
182 55
-90 60
-61 -388
-425 428
34 -6
402 67
-458 -107
-224 37
-186 -9
-57 235
5 -93
165 -313
-163 -25
-60 -67
-80 -156
-24 211
-11 -191
230 -102
-185 -247
-130 106
317 285
24 -94
-207 150
316 -492
225 16
-19 278
-159 147
240 -75
54 -19
71 -510
244 -17
0 133
-164 -111
-162 154
-385 72
118 -12
-223 -225
-6 -317
104 -239
83 -334
72 -15
309 212
102 212
263 -54
113 -311
-78 -5
-21 -285
123 360
-127 -203
-203 126
-25 21
335 -206
96 33
2 183
336 117
10 383
-91 -10
9 -17
-41 -40
211 -129
-82 -147
-84 -51
16 282
-208 128
280 29
33 263
-288 298
83 -25
383 170
81 277
118 52
69 -59
352 211
59 -136
-62 -9
8 37
25 50
59 -368
109 209
174 -180
39 75
32 182
-9 200
-162 -176
-135 211
73 -194
98 -91
-20 281
-273 -227
-77 -100
99 112
-132 104
-18 -177
201 15
-17 -5
-148 -505
-170 -94
-107 -57
314 105
39 8
35 197
-344 -121
82 211
-148 -451
60 185
-44 161
345 -266
-222 -137
-99 -211
-31 304
-158 -91
-3 20
-90 -131
130 -307
-58 -70
-234 -112
-192 -121
-177 -144
-231 318
-150 -108
-378 -216
89 -132
-276 -15
-20 -268
-146 6
-51 -298
-16 185
202 -154
0 -13
-237 174
-35 -90
-57 160
347 320
83 50
229 114
-146 -105
-151 -40
-23 322
177 -87
-152 -162
-117 71
73 -17
-229 119
368 241
154 -10
52 -267
-2 -379
-169 132
127 -228
-176 152
-29 202
292 -43
95 -73
122 -170
-19 -224
148 -18
96 -80
78 83
-69 98
12 5
87 -203
87 -7
375 63
1462 973
-939 -2275
-574 578
-35 -171
-207 -265
238 201
168 44
-135 218
29 -9
-73 19
-238 -126
-103 183
-266 -12
-16 50
-133 -85
81 57
-70 194
169 136
151 -96
215 22
-6 -108
-40 144
3 40
297 171
94 75
83 86
254 73
82 -75
82 50
-56 95
-129 -85
-269 40
35 -63
81 119
61 -34
33 -63
-80 -67
-150 -66
207 -111
-81 13
-197 -63
-202 49
-124 -182
-129 235
289 318
-49 -178
112 138
-97 -81
-91 -23
-91 2
-20 16
179 -119
-3 -68
58 246
150 -10
120 -92
-319 -216
203 -222
-135 49
-238 -77
-18 -63
-17 141
67 -120
68 -141
-137 -227
-24 -31
79 232
-166 -185
-101 -59
30 7
135 103
50 137
-132 261
15 -186
7 -66
34 223
-56 -128
46 -20
-141 -45
-134 50
117 114
149 97
-93 -90
145 -5
199 102
117 -47
31 38
146 40
-47 -115
-183 -6
48 -15
108 34
2 0
-74 58
-16 -6
-61 -185
-193 189
7 -141
104 -90
-130 135
205 -25
-22 -168
-69 49
105 -187
18 -354
112 106
138 9
109 145
47 -68
251 165
-119 269
-124 44
-99 66
150 73
45 -158
14 -91
-41 26
-54 235
86 -31
131 -51
-53 57
-75 122
-36 17
-8 -105
265 21
-125 -128
-323 -395
-166 -386
-289 -219
-12 -20
226 -42
191 -273
166 -161
93 -210
-146 -81
-1 23
111 -103
144 -261
46 -291
-189 -193
-110 -34
24 142
-5 34
158 18
-63 20
-30 -99
-5 58
138 -176
-50 225
93 4
-71 -192
302 189
59 211
42 8
-210 28
-88 -141
24 -65
-59 139
-1 361
57 -87
140 -99
107 -11
255 156
-287 -107
-237 -251
-95 113
385 138
-294 -62
-242 66
-175 -6
-11 199
-138 211
-101 -59
-90 -9
121 -27
79 42
-41 147
208 -45
-15 29
-106 -112
-38 267
158 81
243 2
-119 38
171 109
252 -73
118 35
75 -114
75 -1
-163 -98
135 11
22 -95
-268 294
-15 -85
-297 134
-45 37
-281 279
-38 134
233 -88
122 -84
-32 -83
65 274
-168 51
-97 -66
-146 54
287 190
84 -199
-65 -271
101 414
-12 -167
-108 50
-97 -209
1 -152
15 -189
204 184
-219 67
15 -25
130 -110
-146 -164
-138 269
-189 269
-33 -48
-225 -68
9 -77
-32 17
154 -89
129 32
-48 -317
66 -316
245 276
157 114
150 511
-321 -13
-178 239
331 -88
-325 113
311 -216
34 -6
54 -26
147 -248
-165 -340
-232 174
527 211
-140 288
102 -180
-199 205
-97 -38
-122 89
360 -315
293 -76
-357 40
90 149
-216 228
-54 97
250 -193
116 -320
-266 158
-319 -53
-167 103
23 -12
-76 -20
72 -3
116 -37
-279 303
192 39
-121 -465
-71 -178
29 -479
274 153
243 -59
-37 165
129 -53
41 11
351 297
288 61
319 171
140 180
-296 -205
17 -149
355 -99
56 -189
-228 -265
107 -54
-223 205
-258 161
-7 -51
-30 122
-154 -24
-135 152
365 -169
-124 1
102 -96
212 -259
175 -17
36 22
-18 248
-92 -72
-378 5
-177 152
74 29
-233 88
-344 93
-112 -224
104 -109
-60 97
215 212
195 -127
111 191
66 -92
105 -367
58 392
99 -345
331 143
-233 314
-391 203
-85 503
-286 -62
-400 -147
-276 -467
81 72
-103 261
-31 -389
6 -103
607 337
282 372
72 -309
-604 40
-47 -517
-10 -150
-139 -372
-281 -441
-134 -71
231 -87
-266 380
-582 293
-66 50
-162 244
24 70
-167 42
-689 4
-275 -117
489 -299
-276 337
229 196
-234 137
28 172
-24 535
161 -166
-649 -394
-228 -35
181 25
-15 618
665 -572
50 287
-402 65
534 53
448 26
347 -219
43 -481
10 211
-456 386
251 323
110 -79
109 -27
249 -34
-94 292
-103 130
278 92
139 -375
-404 -576
-61 -82
321 -255
-330 666
-322 -93
209 -373
297 -303
-568 7
-156 152
-258 836
-445 114
58 -151
227 165
52 -192
494 -68
-288 -40
437 17
13 479
14 402
-14 449
126 164
-368 -307
3 -100
-454 191
-309 385
79 75
-133 416
-61 -396
467 522
416 -178
165 -34
-438 117
-196 -125
-172 -245
-653 -230
85 -459
175 82
50 9
-17 -68
-538 72
120 214
232 107
138 -528
271 -88
-437 -198
-83 -540
616 -328
-36 57
-547 -206
-77 -390
-161 -150
-155 6
-457 -198
165 239
298 -107
51 214
-271 -70
-63 704
-117 -466
-358 254
-196 -320
-133 -520
192 -461
220 106
298 -628
-371 555
102 303
93 -451
412 373
12 237
-275 -333
121 -213
280 303
-405 95
48 -69
32 812
215 -151
66 -145
-649 -214
231 47
-238 -56
334 221
-72 -390
291 728
-254 -310
447 -616
-471 545
346 177
-110 437
131 -638
193 417
13 -245
131 317
-129 637
-180 216
453 228
126 141
114 89
541 -489
233 401
410 310
-175 232
557 62
23 573
98 -215
177 790
-12 -430
-60 357
241 50
374 -384
304 242
62 -383
-611 -198
-168 -193
-573 -514
353 177
203 -19
-88 -739
-387 371
536 539
83 -412
256 37
440 -271
-748 -479
-443 283
-358 610
-516 568
227 -226
-285 287
257 -510
337 -462
-902 205
-477 16
-189 211
120 599
-123 -250
-489 82
-274 -135
-257 -230
-62 -66
144 653
-8 147
-941 -83
