1388 -662
1490 -611
-2820 586
-2789 772
2012 -2719
1503 -2406
2038 1083
2219 1097
2063 -148
1873 20
1316 -189
1416 -632
1178 -3081
1463 -2803
-576 -1612
-106 -1610
757 1480
140 1484
-1274 173
-1134 -408
1860 -634
1487 -995
-520 204
-1698 440
1412 987
1933 614
-1153 -2032
-653 -2097
-123 -183
465 -567
-316 -637
-472 -289
1625 492
1835 1334
1882 -1575
1834 -1158
-1366 238
-638 -87
-1662 -1239
-1066 -900
74 241
-256 407
-524 337
-81 -64
-1351 163
-1074 -278
-953 -320
-467 746
1022 146
711 874
861 -744
307 -296
-78 -64
158 -836
-809 -24
-106 -295
70 28
276 196
-413 318
-452 496
-482 -171
-397 -449
223 19
175 -11
390 116
-14 -104
36 70
-101 -256
61 -209
-124 43
-16 69
-119 -422
223 368
-118 -89
240 142
650 116
-483 603
-195 399
-245 -455
116 -684
197 271
69 -97
-366 288
193 -142
184 -145
18 -456
14 -68
260 539
-62 -186
-228 -360
-217 82
-230 -185
30 44
404 -469
-65 -419
84 -124
194 -443
-95 80
-541 318
-244 75
-209 317
-281 42
11 273
16 50
11 32
-206 -533
-113 216
254 177
-404 -172
305 -182
216 565
22 32
-6 -11
529 197
-180 131
-276 181
-79 143
53 31
65 -188
-101 98
-446 -200
-30 310
-207 -13
-226 79
-265 -18
-123 -485
126 -54
115 -335
1623 -728
1462 -515
-2995 210
-2548 257
1943 -1484
1853 -1714
2142 1493
2254 1613
1585 222
1650 1022
923 -749
997 -941
1497 -2755
2428 -2586
400 -1212
37 -2208
-390 1785
-167 1317
-791 -292
-743 -341
1416 -631
1679 181
-446 -54
-1106 -184
1670 1420
1685 1581
-97 -1488
614 -1441
585 286
693 201
-41 -117
107 -563
1461 1599
785 1779
2062 -304
1381 195
-811 -168
-1194 -368
-1301 -1159
-969 -1148
335 596
-97 755
-1039 -124
-111 -940
-1188 -28
-360 -643
-789 -102
-1005 -906
802 1193
-25 486
474 446
348 261
132 47
411 -67
-365 6
421 71
-309 283
160 324
-320 451
-464 -498
319 -239
495 -110
-245 -61
499 397
-153 207
510 -134
-128 367
433 139
310 -175
82 -34
-113 -46
-238 767
396 285
-258 -148
242 72
453 270
-233 -112
-165 151
-2 -322
132 -227
81 -451
312 450
367 -63
398 -214
-146 -242
284 -58
423 -176
114 350
-203 119
-120 190
-120 171
-184 -93
538 -125
248 -2
265 -379
298 163
-22 -316
-163 338
467 -451
249 -224
-263 117
-33 -290
91 -211
46 -304
46 -210
26 -642
-2 177
-76 71
-278 -5
79 248
30 380
-279 -222
-125 -284
193 -109
-163 -585
14 -154
79 107
139 -193
-187 83
-277 347
446 88
-277 -386
40 -220
14 227
200 112
98 129
-112 -8
764 126
2152 125
1681 -197
-2347 717
-2769 -7
1575 -1872
2071 -1880
1953 1843
1485 1276
1642 520
1630 299
1152 -661
1214 -552
1875 -2401
2585 -2739
318 -1964
83 -1770
-343 1656
-178 1284
-1061 -299
-1121 -236
2014 -378
1329 -324
-1297 -67
-1293 -446
1413 1674
1421 1775
-41 -1475
-305 -1965
453 639
249 -220
-110 -520
241 -43
643 1971
88 1517
1722 301
1837 193
-726 -816
-1198 -462
-1207 -1696
-88 -1781
-81 669
-32 -478
291 -693
-25 -440
-639 -718
-164 -1402
-619 -397
-600 -1071
87 1015
-316 563
393 536
49 291
47 103
332 112
-107 -315
-24 -103
50 126
144 166
1 -346
-565 279
67 126
267 -334
119 -282
54 -529
-496 413
-58 -60
146 30
306 173
131 280
339 476
59 -79
-92 104
500 170
336 -127
-373 47
291 243
-13 -367
170 -591
33 -624
55 -18
-265 32
33 6
106 65
34 -35
121 -132
195 -223
-63 -184
-33 387
155 -129
255 -339
-80 -127
208 -98
598 312
563 534
66 0
-302 555
-158 -23
-384 355
418 -495
30 367
310 -490
162 146
74 -233
446 -320
-259 -116
412 -59
34 256
162 -128
497 140
-5 187
129 202
-33 -581
-551 167
348 -47
63 26
-87 -186
44 -436
135 -168
19 654
-319 104
-214 -36
-465 -245
-39 137
-65 -148
-212 -240
-378 97
-250 247
-535 333
1797 -130
1506 -247
-2740 -40
-2783 608
1990 -1247
2182 -1516
1797 1195
2013 1145
2057 291
1748 348
1310 -507
1480 -369
2432 -2374
2434 -1851
1228 -1237
546 -1099
-453 1205
-596 1137
-1195 -423
-899 -328
1492 458
1248 451
-1141 -722
-430 -1054
1201 2376
133 2412
662 -2355
891 -2169
395 264
485 -132
473 -427
-226 439
656 2022
-92 2226
1640 853
1666 1066
-426 -1280
-511 -951
231 -1257
414 -1475
-808 91
-402 313
-133 73
-101 -539
232 -745
389 -923
-64 -838
267 -1542
-599 437
295 996
-31 1536
249 615
39 108
-451 566
106 -281
32 -355
-341 155
-190 -69
-354 -107
-266 -31
479 27
345 600
-304 -82
-292 136
182 -205
-122 -121
36 -17
-334 174
344 -411
3 -277
-75 91
-132 251
-35 79
-321 229
47 39
397 -8
-29 -220
143 225
-91 398
94 -67
-258 -136
-49 413
71 -253
67 204
-389 147
-133 85
-162 197
-433 199
459 -52
113 -79
39 -36
61 75
-15 254
235 203
-72 515
206 -142
35 -165
59 -194
709 -179
263 198
252 281
268 226
-96 -348
144 -530
212 337
-29 83
-333 -120
-99 54
485 374
11 -380
72 -175
106 72
-247 -546
75 236
-258 199
100 310
25 120
-457 -30
-19 -227
239 258
-310 373
36 297
270 166
-51 -169
-245 -166
-527 349
-114 -238
438 222
-4769 -267
-3701 591
-3291 -1596
-2700 -3171
5247 887
4114 161
-460 928
-473 1115
3527 -138
3558 -412
2328 -1159
2640 -331
409 -1987
469 -757
15 859
-2359 1293
-1426 1540
370 1271
2870 -2015
3191 1871
-1741 -1046
-1248 -432
-867 -2877
2233 -3403
-2062 1133
-2253 1463
367 1230
565 1540
1994 469
2254 1110
543 -453
618 -452
1303 737
-159 476
743 -1619
1466 23
2434 1870
430 79
1418 556
576 1228
2056 1980
751 602
653 627
615 -1103
268 1065
161 1854
252 1021
-1248 -836
-839 -682
-704 -420
801 438
-841 -527
40 200
501 295
560 -187
253 290
-570 302
-31 809
205 703
1160 18
523 306
-303 1245
-112 1715
-213 -274
-1203 574
-291 -422
10 120
-221 42
1143 -610
-49 712
255 -107
454 889
333 -72
780 743
-149 427
169 283
-1180 810
-507 -419
592 -57
-831 1353
245 -480
1581 534
621 -452
-1353 -908
-234 -351
-442 -415
-63 382
203 -534
-414 816
700 1078
393 670
-654 463
-1229 -453
437 431
-327 1107
313 -319
558 -299
-293 -146
619 -1265
134 -171
-34 82
73 -126
276 124
-665 296
373 -1458
1270 1345
365 -643
237 -1444
635 546
27 863
-1194 377
208 510
-201 228
602 -692
-1196 -1861
386 -1142
179 -20
145 -381
526 276
1038 -194
1014 -313
-18 -602
-176 589
191 -83
237 984
279 1052
-288 1002
-987 -140
-3941 143
-4092 -280
-1225 -1909
-2962 -1415
4346 104
5616 408
-1221 -519
-395 376
3690 -866
4037 -673
2221 -828
2228 244
677 -1437
-220 -392
-1944 365
-1858 1104
677 335
-755 -186
3456 1056
4309 -726
-1840 -217
-1346 13
-38 -2734
1276 -85
-1238 -907
-1536 737
-983 366
-1567 800
1935 274
1356 996
-1311 -1126
-778 772
-1399 -953
224 -1120
1196 -775
1700 439
-257 2358
74 3172
-720 693
-72 1295
-619 1567
-695 1519
1299 133
320 2675
-2191 -356
-883 1243
29 -643
599 576
-588 -1076
825 -1441
207 217
708 805
239 394
-409 -843
375 -1104
-224 -1220
-574 -515
-322 -655
146 -283
-940 1184
-33 884
-765 -713
557 -371
-1832 -1864
-428 413
-1504 1205
-1141 -518
-331 -958
55 -424
400 -19
1111 1665
1406 -730
-269 470
1065 -1303
-25 -318
-597 62
836 88
-795 -530
-167 413
1224 265
474 -272
979 -82
-68 -974
451 1135
-124 -81
597 97
-575 1296
976 777
255 -928
764 -1260
213 -858
622 106
120 -354
-1011 132
491 502
772 643
-454 510
-392 1942
-1089 397
367 476
-13 350
-518 240
138 485
-554 885
1212 679
1023 -36
-400 -33
604 -783
1163 -605
1126 82
1458 -940
-745 1108
-498 949
-1644 69
-223 132
45 1058
-34 138
-976 584
461 1531
-898 189
-773 217
-586 1310
-646 -774
-981 418
-1507 -672
-199 27
599 -268
-1093 628
-5548 -269
-3349 -482
-2809 -3447
-1523 -1388
5719 8
4117 633
-723 376
624 558
2908 123
4090 424
4247 292
1382 -645
1020 -738
-64 -92
-1275 1949
-1853 1769
-1423 11
-498 -427
2713 322
4275 1055
201 49
-371 -1358
1950 -1656
1572 -1943
-1137 565
-2813 -900
-855 436
609 992
733 1389
1507 1352
-556 428
-50 -146
-191 437
513 828
2012 745
1794 1844
-414 2548
226 851
1074 1249
49 450
-349 2285
-1132 2377
-457 576
1185 868
-1595 -673
-532 1167
-1030 -59
-899 -724
621 -954
-728 -2197
-1315 786
-1328 603
850 189
-488 -582
-828 652
1310 -1334
1694 680
-112 -467
-1045 737
-175 823
477 1196
-989 473
372 462
-1505 -620
1539 -1814
1132 -231
-912 -29
-331 -74
475 -479
175 -788
237 1085
-174 -191
153 -1332
-333 302
128 223
-680 -31
-203 -157
-644 -1214
746 1520
-615 1040
1082 -1233
1053 533
370 373
1616 917
1339 1011
1102 -806
1515 916
421 -438
358 19
-1499 122
-35 -396
-677 237
-787 -1179
-490 556
-204 196
839 -238
-1866 -728
27 14
-467 1151
117 565
486 540
81 880
-458 -209
486 192
-12 -198
-468 -32
157 -1432
-322 -831
-1878 925
-606 -211
-1447 -363
-96 -473
293 1977
-415 375
1173 -1727
23 48
-386 -1343
173 128
-156 39
487 -250
-6 -986
1344 365
-120 -917
-150 271
-723 1144
-966 -338
944 -350
1101 -422
-4169 123
-3564 399
-1822 -1836
-1644 -3253
4811 -328
5930 563
-862 1170
-910 1872
2718 1127
3611 1403
2714 236
2457 -1179
-475 -779
96 -503
-2295 1505
-1552 -315
-1258 -6
-556 760
2484 1142
3425 1390
-2479 -1295
-705 -1299
1981 -1671
1721 -977
-2246 -1212
-211 -2460
-446 1203
-222 2217
-237 1863
202 3079
-63 -150
504 -624
-505 391
508 1000
672 -224
507 2447
-1036 -148
746 816
811 -702
-137 1568
-1154 1908
-2373 713
-537 -394
909 529
-813 158
-1164 -866
-619 34
307 1046
-157 -1396
-259 -1032
174 -533
-1615 -553
587 -332
1105 -134
883 587
-54 918
643 -697
-796 276
576 -760
280 1407
-239 559
8 28
930 11
-438 202
-288 -668
1328 -697
-644 220
839 994
-808 1812
63 1237
536 -666
502 808
-360 -580
612 -361
-1015 -152
-1331 -255
-492 731
-185 -878
-18 525
-978 1620
-15 827
-167 -244
195 895
-1247 -519
-351 -1267
748 598
160 -262
550 493
-337 462
220 -97
1035 -452
487 505
1188 168
5 -550
174 -114
-88 1041
199 -1248
-254 -13
-261 523
-414 -149
-71 -1500
-301 505
283 142
-693 1144
-53 -732
1088 816
-437 -461
-414 -28
-1242 -386
-484 375
-306 102
-18 -219
-303 1382
78 452
233 -1294
-561 -172
-1191 -1043
-905 -441
730 327
-152 -589
285 233
510 685
-43 425
209 48
168 608
1050 -641
-258 500
-325 -839
1844 2827
696 -6
-1225 -1707
-2125 -718
-1666 -3057
1698 -1861
-112 -1426
-509 -1514
4014 2994
4397 4797
1278 -672
43 315
-2950 1246
-1806 -169
877 -851
1468 -2888
2132 -3439
-1041 -1962
-1997 -1267
-1545 -5730
2753 1834
3046 1094
-293 4262
-407 3521
972 -890
516 -429
-978 -126
-7 -983
747 988
45 1052
-1653 869
74 895
916 -1361
1851 -2929
810 2992
-201 902
1052 -1086
-23 2970
-434 1135
-1020 662
-118 -883
1535 2415
-896 -1323
-1202 1813
463 -1868
-1868 -2013
880 203
1315 -309
831 2418
529 -267
-2136 1976
2297 2696
-498 -465
-1820 1038
-1252 -1722
-1701 -977
1090 -1312
85 -1678
1853 -40
-76 -875
1404 465
3332 -40
444 -1973
-826 1000
-433 -990
1277 231
1273 356
515 -1021
-2141 1849
1639 -648
-446 1068
-1310 -779
-888 -762
-1218 -1285
1888 -1256
-1799 -966
1881 -1656
686 803
1350 478
1315 -563
-875 -1199
-2170 -640
-516 -1914
1857 -599
3 258
-702 2536
1529 -1962
-691 -987
-337 -196
-1863 -539
96 -435
288 116
1628 -129
-2623 -87
363 -1941
-705 141
-683 583
74 664
-238 1546
-503 264
-28 321
-83 -396
-1317 -885
-141 -2090
-1247 932
-1437 244
345 273
-381 1278
-1228 -822
-1817 -1363
1653 -1331
0 -575
-247 278
-2542 597
3296 3894
-1503 2637
-992 -135
-295 71
-385 508
-1891 -7
-525 -629
-139 -439
1360 -357
-340 1096
108 -1015
-198 471
-925 -1699
409 976
-171 790
423 2420
-3484 -1812
-918 -2447
622 -2488
-691 -4175
107 856
-1363 -61
4572 4206
2912 3918
2936 -371
1906 -289
-2112 232
-3492 -1173
-211 -864
3079 -54
-545 -1393
1205 415
-1372 -5667
-2640 -2540
4060 866
2212 -1104
526 1696
246 -1223
-1548 -28
865 -1594
1554 262
-830 -684
-1416 -157
-849 2294
1698 2613
597 1497
4274 1120
1771 307
517 2926
463 1119
2265 -748
481 -2408
1138 366
-418 -763
1084 163
1522 139
1047 -749
-158 -2952
2857 -547
-402 -1705
-1187 1576
-1200 1639
-708 24
-1114 2806
-222 1091
-1125 -928
56 -1154
-539 1683
199 430
-279 77
1813 258
-267 2142
724 -86
2409 337
-859 -10
115 2262
-292 151
1922 2339
1601 -1450
758 -1578
1772 -1046
-533 305
-256 673
-1954 346
-1619 -2696
-1790 -1470
-1392 -503
-1947 1932
-193 736
1544 884
-2572 -161
1783 1159
356 -334
-211 -499
-209 1099
-270 -105
-21 1479
-671 -732
-108 615
-1755 -155
1681 164
-2250 -1118
634 808
-857 761
-3 1134
-1558 -1599
-1259 -1496
1935 -14
-653 -1130
-1242 -996
1363 78
-233 -1577
84 331
-1234 -1051
747 -390
862 227
-147 -948
1361 -984
-1021 -1079
-1039 1794
275 244
-1 1808
-769 -1245
-2372 -1536
-2314 -287
1245 -186
1117 -640
2396 -724
520 -857
453 -2042
-582 -317
1472 204
52 -1429
1023 -596
-503 838
1331 490
361 1097
1726 -637
2862 945
2410 -1355
-899 375
121 -445
1769 -2
62 1203
-2839 -327
-2709 -583
-372 -316
814 -1297
-539 -2147
-1027 659
4655 3477
2316 4220
-2584 -355
2230 371
-4037 -294
-1634 -1699
1850 -2167
2939 -2359
2120 -669
-65 1933
1368 -3279
-374 -4524
-197 1309
2292 3220
-1373 1559
-276 2893
-634 -816
1127 1017
1836 233
-499 216
-670 -205
-1423 2074
708 1381
-1690 1198
3165 -1499
1034 -26
-800 1400
-959 -1559
-1016 -487
-1579 835
-594 246
-551 933
252 -863
1829 1365
394 -1431
378 -1000
2311 -331
-607 -2331
1490 379
1274 1835
-1224 420
1358 2725
1886 -492
246 677
-1599 -1255
445 1586
1487 -1419
-1614 682
-1879 -599
-858 1127
1624 -775
1838 -2392
-699 -3366
965 175
-905 -432
1878 1586
-825 1923
-2962 -675
1495 98
112 -691
-1055 -596
-1558 -1339
-1357 664
557 -695
-1909 2629
-1080 350
1646 651
-370 52
-491 -47
573 2861
555 -606
1424 -813
-1123 1423
-2011 810
734 474
-1907 -241
-3200 -1271
-1983 2237
-1910 20
-2751 302
-578 -266
2042 714
557 1727
1041 -1051
470 731
-449 -924
1452 1396
-616 -478
2273 1064
-1534 -2573
1544 -2041
148 -1775
-874 -283
-781 -3529
1039 -436
-505 -239
954 291
519 1077
-837 2764
-85 2167
3077 -1421
1229 1072
2217 -611
618 1744
1676 -4245
57 -770
-1090 2391
-655 1757
801 2392
-610 16
-246 -1192
-1019 761
891 2082
-472 818
-242 484
458 -365
957 -1278
1625 238
-836 -248
-568 1071
-189 1572
-1229 132
-3278 410
-3706 -1043
559 -1425
-986 -1992
895 -1941
-529 -798
3299 3650
3211 4128
2076 -364
1056 2973
-367 -13
-1439 -1312
217 -2698
2252 -1078
304 -1129
1797 416
2080 -3693
425 -4262
4794 1046
3068 1867
-1406 1289
-1325 811
896 1411
-416 2131
1020 1650
492 -1067
729 -169
-1361 429
-2845 1155
246 144
426 -708
280 -552
654 3005
9 -1127
-1111 3783
-2594 1185
-1412 189
-647 -1064
1342 1123
1807 2897
2487 1661
-64 -264
-120 -1919
-25 427
63 501
-1225 1874
781 1935
-1324 -102
-1202 -861
1764 -63
-497 21
478 -981
-2143 -1875
376 -1468
-1512 1174
1260 -591
-885 503
1750 -1806
-929 -800
-389 -1185
-793 1577
1135 -485
-38 1500
-1505 1254
877 -252
-129 -1592
220 -1704
-867 -1113
-1228 1420
-689 -3216
5 -133
-660 -890
1100 1177
1419 -770
529 -2324
-209 310
-419 -625
2202 -1158
1171 -117
-205 -670
263 -1414
1908 954
2588 202
-1990 -1351
-2175 -365
-728 -840
157 -967
299 709
-1381 355
-934 -1999
-916 1060
-309 1418
108 -713
-1062 -1040
-545 1216
-729 -855
-1594 130
3 474
421 2218
-289 -1650
722 780
2001 218
289 1644
-1373 -740
1603 -771
2027 -796
364 -1017
476 849
1058 -957
-1327 129
-211 -606
-179 -1786
-1 1390
1088 334
928 747
2932 286
-382 -1058
336 -742
-128 -691
-1496 -1132
-924 -1656
-116 934
845 -248
-512 -1426
124 84
-1075 548
-4857 -5832
-3683 -1300
577 4228
1434 3404
4609 -238
-1155 330
-1416 -1707
-144 -436
3532 1251
1079 1391
-1570 1848
130 -1234
1635 -474
-562 1886
-3339 -3945
-767 -916
-2216 5897
177 3768
-1006 663
-1729 4191
4213 -3581
3110 -2294
2646 -1345
-1399 549
1481 1506
1456 764
1221 -1477
1210 -700
-2045 -2154
-1641 -1578
2501 979
-1232 1604
-1758 621
740 5053
1608 -4216
1787 -2752
-1550 630
2292 -1796
-1385 -2224
2320 -1169
1672 -463
-1171 -4350
-1180 -530
1810 -4453
-2700 2492
125 2174
-1301 -1416
179 3993
-701 -3221
415 -106
3777 -3466
-4152 -1586
1200 295
2715 -2583
497 2313
2141 -258
-1008 922
247 2179
-3139 -1438
-816 53
-3933 -730
-6514 -2098
41 1637
2334 -234
2342 1801
-1600 849
-1014 -1319
-1384 2401
1498 -2069
-3159 -1252
1632 -1177
463 179
1948 3252
511 1363
-2913 1118
3966 768
-2751 1672
-809 -1108
-2750 -4
537 -1750
535 2685
1795 678
-51 4836
-2857 2448
-734 1270
773 -4242
-2944 3009
936 4474
1552 531
977 -812
-1341 -614
-360 -1726
-1453 821
4367 -1323
2124 1066
2001 -111
1691 -1290
848 1103
-1404 -2167
998 -71
770 245
372 2018
1331 1898
1088 3676
1222 -493
182 -3836
-711 707
403 -74
55 791
3722 1390
-298 1554
-252 -511
1156 -927
2381 -87
-3268 -5012
2950 -3014
857 2627
742 366
-959 -971
1532 1145
-843 486
-486 1650
-1259 -1346
1028 -860
-794 723
-693 -2804
3581 843
578 -1130
-1357 -4030
-2842 -5460
372 3497
904 3897
1741 2152
1724 4857
345 -1441
2529 -2383
2156 2860
3761 3544
-3899 1894
-2109 298
181 1813
4056 2504
2330 -1154
-1136 -5758
-2654 3731
-2225 1688
-32 2404
1423 1643
3503 -1576
4846 3537
-563 2695
-2456 3780
3542 3973
-316 2191
-442 -1243
4598 1334
1264 1027
1620 -1917
-223 969
-348 -890
-3918 -345
-1255 -275
1958 -4294
986 -1393
-801 1000
-872 3112
-771 948
919 3286
1885 -816
-817 1618
-3925 -345
1881 -518
-4681 1481
1544 -17
2326 433
1491 -2951
3605 1297
-1509 -2202
-631 -10
-166 122
-1008 1057
844 -2780
-759 88
1954 1934
-2992 -293
218 -1692
-499 1834
-1737 -3074
1377 -1445
859 -2118
-1808 2061
470 -1071
-2184 2313
2199 2338
-2012 3934
1324 -241
-325 -729
2163 -961
-323 1586
1295 2576
2927 395
1158 -1271
577 -1858
-561 -1682
1702 -630
-1495 -2379
893 464
-458 -357
-479 -2222
-1430 -1234
881 -1108
1465 -301
521 -1535
2137 -1402
-1212 -1565
1094 1772
-1106 -510
904 467
981 -557
1403 1685
1649 2150
-1509 -368
-875 363
348 -191
-519 -1596
-1228 1563
2268 -1403
2098 1630
-882 1294
-1544 -1909
220 40
-2090 -479
-1368 618
-245 -4795
1000 778
-1894 140
-1082 2652
1443 2262
2590 1676
-746 -1262
-2453 -375
-1533 1686
149 270
-536 2771
1267 1129
-1727 -991
-1859 905
-776 392
2551 -1970
-1621 -2267
891 -492
-1547 415
-2907 -689
-3780 1777
741 270
1931 -1582
-1765 -1149
-3495 -1116
3034 3541
-14 -209
313 -991
1682 -436
728 165
-990 -4136
1798 3284
3550 2514
2576 -869
-1189 1702
2771 923
2460 862
-421 -1894
-769 -1390
-3242 2671
159 -1282
-4928 -304
-2226 1456
6220 -523
2292 821
-1384 2799
-3039 -176
2758 524
-728 474
441 -1274
523 72
3238 774
736 -4010
-2318 563
1466 2
-4464 3162
-1797 -216
2214 393
2893 3569
2247 -1117
2325 2091
-1632 -416
289 -47
1808 2993
-679 -2316
1919 335
-896 -1187
-3845 1114
910 573
-742 94
-2148 -1416
-686 1154
-2286 -1005
-3590 26
-1253 -3467
569 1086
951 -4026
336 -413
438 -505
308 -1746
2082 -1212
438 56
-2758 4256
148 5067
-586 -435
2042 -109
-2153 -4299
-1542 159
2867 926
-1414 1298
702 1868
1850 1221
2664 2820
931 -2034
-1796 628
2508 -414
2811 -384
-2727 -735
2196 660
1141 42
20 -4222
-1002 -2728
-1597 1844
-436 -1092
2419 -3127
-996 -121
2943 -275
3961 1315
1236 -3865
42 -2011
3200 -224
-1072 -263
-227 -1220
-1126 -2907
1195 1577
712 583
2341 401
-2477 -2397
-1491 -408
-2035 476
1546 4295
-2681 1299
-1389 1804
1920 -1617
1818 3847
-1038 2029
835 -519
-789 -737
-141 -2359
-534 -2396
41 -3527
-1815 843
-2063 -2059
-1938 1903
-536 -4182
-3772 4049
595 560
-295 -1447
722 -2404
-1207 -3186
1307 -1403
1711 3637
196 -1455
-2014 -2885
-2913 -1435
2728 370
-370 -1999
-1677 -1003
-1591 1780
5 1789
-1473 259
-3158 -3826
-950 -900
1787 -544
2184 4544
-218 1431
2468 2072
-533 -1366
1428 -5086
3801 3277
1201 2501
-3120 1791
-1676 -2770
-194 20
850 2074
3576 1110
-408 -612
-36 2918
-2765 -415
-4080 1843
-3346 2345
825 2327
1438 3195
-3342 1790
-841 873
1623 52
-1019 -180
-905 -3162
-293 159
296 842
3057 -3274
5700 1156
-3125 3344
2043 2133
995 2057
-92 -1246
794 1966
2282 -3606
1354 -401
346 2683
-250 76
-249 -1390
331 -2501
-1147 -2098
-387 740
1177 2042
2389 -767
-1422 251
933 -5094
-1637 -1741
2091 2174
-268 2656
-151 173
604 -1547
-1597 558
3614 2109
-408 368
809 -1991
-949 379
1741 223
-2953 1570
3520 -1283
-113 2447
-1060 -1791
-1756 437
1395 -486
394 396
388 -890
273 1204
-519 -226
1104 -1214
-150 -1306
-467 3881
-398 -327
80 2269
-415 -1039
385 1993
17 3818
1631 738
106 818
-1893 -937
-2277 -1534
657 2618
379 2714
-1445 1133
-3414 40
2489 1187
2821 -184
397 1427
1529 707
-753 -1272
-58 1603
689 5032
1205 -2233
1647 -1116
-107 402
1455 -1255
-1075 -2143
2222 1717
3823 8
-256 -683
308 -1550
1824 2378
-1755 -1480
-2831 -2971
-207 -238
855 -469
-1966 1523
-1873 2739
794 1393
-296 -2382
-2173 1507
1521 1212
-1365 -2874
-624 3498
-1075 332
-741 995
-360 -67
-2411 -1057
-592 353
-1289 3854
-862 1568
1024 2485
-246 2132
-396 -749
-1543 -256
-1703 3755
993 -809
1671 1632
