4893 -10526
9114 -6791
9327 -9111
7936 -6230
12658 -4060
10833 -4299
8973 -9835
10151 -2713
12954 -184
12336 623
8359 237
6367 -2857
10075 2823
8130 742
17070 -3741
12541 3881
11212 4142
7295 8445
5392 8597
4839 9326
5861 7663
4026 8639
2055 5551
1679 9193
5153 4052
4491 1223
3623 3367
593 3388
5312 5689
4003 5975
2896 4362
5519 2803
5072 2876
5665 3734
3101 3058
3472 3800
7973 6988
5383 5313
9331 12033
5905 8806
8419 12181
988 12481
6207 9699
569 10455
66 10419
-3846 15245
-3592 11914
-4568 11079
-7899 9104
-5838 11293
-12464 7098
-12010 6851
-6939 6667
-11892 4776
-9990 -2846
-12681 2950
-6984 358
-10456 1534
-6144 -3556
-3267 -2749
-8841 1341
-3002 -1393
-3366 4509
-5013 -2445
-1413 -2360
-677 801
-7063 2912
-5967 1197
-6963 -2255
-9319 4076
-9488 -54
-6290 -785
-8614 3648
-14475 788
-14153 -2858
-13580 -796
-7317 -9586
-8350 -11102
-4240 -7984
-7426 -10075
-7879 -7118
-4806 -12725
-7145 -12775
-1273 -12921
-1427 -11014
-2468 -13834
2327 -12966
2503 -14553
758 -14054
1626 -9326
1690 -9699
6036 -6399
5159 -10413
3180 -10418
6794 -6760
6153 -8586
7645 -6162
8030 -6583
3935 -4464
4234 -5962
8671 -1739
5806 -1675
6574 -4343
9473 3849
2550 -243
2131 1770
-607 446
5266 3124
321 -327
2605 3664
-117 6139
-283 3604
-3145 -499
894 436
1056 -3805
-1437 -7603
-1626 -5407
1627 -6743
5401 -10073
3947 -12474
6587 -9048
11311 -6150
13741 -5259
14638 -3305
10824 -363
15307 -259
13783 2640
8528 5797
13361 2890
6340 7495
4576 14452
1820 9782
197 9595
-924 12130
-6988 12198
-4004 5112
-8224 9519
-13346 3670
-10797 6339
-13907 1482
-10816 -2213
-10906 -504
-9026 -4533
-4842 -5467
-9752 -8021
-5955 -5692
-4340 -8016
-4063 -9699
978 -8088
-2899 -10798
-2693 -8265
-3036 -4539
917 -11552
131 -6878
2937 -6878
4800 -9314
703 -5955
4759 -5270
5355 -10586
5225 -4897
5158 -5501
4394 -6164
4008 -4216
666 -2388
5919 -7757
-1040 -5680
4999 -9245
6279 -2985
5193 -1065
2855 -2725
7583 -3024
5843 -1892
6036 -2853
6348 -1387
4564 2687
3240 1950
1548 -737
362 854
4848 -4218
4485 -3431
2540 -2142
3702 2943
4664 2057
1581 -2
-746 -405
4600 -2196
1399 -1248
386 2657
-1097 -2877
750 983
2210 -1047
777 -3672
1523 -2159
2986 -2835
1621 798
-4539 231
-869 4433
-4668 -1456
-2935 -3094
-407 -3282
-1329 -5201
1978 -4995
3196 -4251
1080 -6512
-802 -7409
2990 -5367
1471 -5525
2281 -5385
1271 -4855
1771 -8834
5458 -9013
4472 -6938
3761 -2243
6438 -2742
8928 -5120
9307 318
7937 -884
2045 3330
7249 -1407
3582 2160
748 -2824
7352 286
2128 5333
505 5869
-1238 3353
-4039 2748
-2120 8183
-366 2508
-3050 -819
-3513 3544
-4858 2713
-7805 -4422
-7875 -7273
-9017 -4294
-10415 -8106
-6928 -5799
-6700 -9767
-4910 -8586
-4735 -13216
-7072 -14703
-1337 -10904
-3017 -16845
99 -13802
3406 -12297
4938 -16766
3759 -15052
7860 -15105
9658 -14836
5368 -14649
13603 -15521
17345 -13625
14012 -11698
13924 -8511
16094 -6637
16110 -2870
14240 -1381
21045 -982
16928 2111
15509 885
12748 4942
8532 3880
9017 7899
9157 4563
4847 6269
2786 4869
769 2530
1042 5378
-2426 5473
622 590
-609 4057
4584 443
1058 2590
1530 -3762
1803 -2069
1701 -2260
6559 -5602
5804 -5119
4392 -4111
6312 -2909
3170 -1061
7612 1653
4369 -987
7201 -783
3117 400
1029 -117
2868 -1263
-187 -2879
2133 -7526
3151 -2474
6941 -3727
3695 -4285
5919 -2798
5948 -5789
3083 -5628
7614 -4582
10399 -5342
10358 -5194
12172 -390
15294 -2233
10728 -2222
7501 -1352
9674 -1844
9971 -549
7060 197
10302 2175
6441 -4547
11457 -89
7568 1802
14498 2608
14455 1251
8010 7360
10872 7419
8665 3916
9960 5985
6792 3130
5976 3552
3749 6444
8014 7252
5150 8326
4720 5269
609 3958
6137 10565
3755 2178
4059 3995
2827 3541
5735 2898
1120 1252
5726 -2033
7643 -1864
6878 1773
6600 2253
3939 3403
6411 1046
7683 5949
8370 2421
3211 8312
6837 7370
564 10616
2389 4157
7838 3212
2191 4933
3145 3860
1514 6044
319 3482
-767 6090
-853 1521
3662 -1131
2216 400
8134 2619
1689 2054
648 1564
1970 -3111
708 2604
152 -1893
4114 1475
4304 -3182
3676 1189
4274 981
6686 -3905
7956 -2065
5583 -1874
10787 -1250
12153 4515
8045 4398
9278 5755
11779 6457
7785 8514
9578 9229
8403 10501
5881 7501
3596 8364
7785 14224
7008 10350
5936 9623
6395 9271
1134 13351
1966 11271
-1264 8825
-901 8435
1307 6939
715 8327
-933 6913
2786 9628
5998 7830
5789 8594
6714 11177
5120 10182
4284 12478
1169 11165
-1774 14006
1934 9422
98 14192
-2898 14628
-3672 14691
-5516 14019
-7202 12239
-7666 12948
-9843 14170
-9486 10545
-12017 6277
-10746 7198
-10571 8869
-6129 2196
-9773 1130
-7908 2118
-9385 673
-7148 -4435
-8166 -2165
-5310 -2520
-6368 -5585
-8300 202
-4405 -1378
-4726 -3202
158 -5629
-3919 -971
-854 -1583
2767 5006
-1216 3622
-505 211
1462 2242
-1221 4378
-923 2171
-1548 3422
-4346 405
-7225 -271
-5843 699
-1731 2709
-868 -302
-1255 552
-1436 179
-4186 7005
-3676 -1652
-2117 229
-9304 -889
-9729 -1309
-5352 -1889
-5453 -3673
1277 -1291
-2386 -3348
-836 -3909
-3921 -2841
-5662 -3320
-783 2010
519 -5163
-1912 -2667
860 -2243
1425 -2512
3991 -3753
513 -2527
186 -1915
3051 8
2619 -259
1497 -3
-4236 4146
-501 212
663 4456
-1567 7644
-692 5505
-54 4084
-4423 1712
-4394 2211
-6133 5821
-9191 3298
-10957 2348
-8161 37
-8860 517
-10550 -5542
-9566 -5243
-684 -7785
-2088 -5167
-1255 -6740
-1399 -7019
-4691 -8991
-2213 -6992
-157 -5106
-853 -4969
2186 -5633
21 -5393
-2860 -1140
-205 1250
2465 -511
-1239 -4473
-686 -6522
741 668
-4485 3909
-3912 -858
-5751 -550
-1413 -7334
-3162 -7880
-3196 -7356
-5095 -2949
-5957 -3585
-6495 -11125
-3673 -9015
-972 -9628
-959 -9451
861 -8460
3933 -7619
-1814 -9007
11 -8713
922 -10117
-1528 -8602
2070 -11338
4301 -10876
1072 -7036
-1815 -10486
2070 -9172
7774 -4489
6670 -4322
4657 -5968
-1674 -5630
5928 -5289
12845 7862
-2568 6175
-2697 -2165
12369 7652
12500 -672
5337 13465
1416 12924
-1324 5946
663 -3817
-12192 5309
-1625 -2809
-18606 3614
-2038 -6050
2187 9067
-5558 9028
-3596 83
-4718 1022
6832 -568
7341 -7503
369 -13002
386 3612
3285 -15589
9177 4641
8640 -6751
5036 8331
7550 -2932
-496 9299
-924 7643
-2721 2810
-3769 8727
-2234 9514
-1428 23092
1899 8262
-3006 7870
-9024 11409
2910 4886
-5984 9423
-1311 8772
-3093 8578
-10811 305
-11029 288
-6757 7586
-7265 12185
-12514 -2490
-11972 4577
1530 3426
-2553 6844
1303 3264
-8366 3363
-12715 -2192
-3416 -6867
-6935 -4174
-19798 -10541
-9884 -273
1725 3289
-4159 2790
-4506 6066
-11418 -1754
-9291 2295
-8863 -3016
2765 8440
-2084 -6854
-11772 -5282
-12077 -1015
-3686 14805
-10676 -4171
-4681 -11284
-3108 -1049
1995 -1455
2081 -9043
3931 1635
-12044 3265
-15652 -6484
754 6683
-3821 3763
-16401 6070
-19863 -2486
-6366 -6910
-8115 -1542
-13916 7102
-9486 6725
-6092 907
-7679 -7754
-19545 4025
-11276 -1819
-22234 4231
-13093 161
-17101 12201
-10942 4347
-12805 -18643
-13059 -3980
-18758 -10808
-24034 -1199
-3582 -6200
-21199 -19145
-12028 -13894
-19332 -18896
-14922 -15789
-695 -13012
-557 -12818
-7152 -23002
9260 -19351
3513 -9323
-2385 -10508
8135 -16027
6084 -13821
17386 -22847
1627 -6605
12409 3458
10742 -10901
11336 -5077
2946 -6651
18399 1679
1352 -3587
-5593 -7452
16093 -838
7954 -8982
16402 3278
7300 2174
9090 4793
9196 13822
-46 12740
-3432 8270
-3192 -504
1377 11073
1569 3661
-5939 6367
4999 2802
-4374 11659
-10485 8740
-6663 -5277
-6511 4370
-3805 9657
-6412 20396
-527 3501
-14476 12262
-12287 -1086
-2475 7010
-12966 8509
-5792 -13012
-17234 6160
1329 -79
-6934 2893
-15855 -12247
1645 -714
-5718 7048
-15841 3338
-5717 -3325
-12907 2878
-6221 -7179
2623 4164
883 5145
-5291 -4563
-6782 7651
-11224 6339
-15390 407
-4283 2115
-550 4606
-4730 -2200
-5626 5890
-8974 -4566
-19793 8037
-15572 -2906
-14979 -5212
-18040 5041
2344 -935
-11780 1427
-8851 -6654
-16580 -14643
-14378 -6376
1476 -5688
-16478 -8910
-16799 -7052
-12980 -6743
-11918 -18246
2068 -11200
-4055 -7614
8094 -12062
-503 -4726
-4205 -392
4208 -8192
5449 -7196
-2073 -6048
5283 -11530
2676 4920
-5317 -2529
3752 -3718
-1354 -5402
2589 7024
-3012 166
-1893 -5726
6426 -737
-1925 -5088
-8060 6192
-2983 -2638
3859 -14437
-5195 -811
-11446 14068
6412 -4393
-10449 -7954
-5891 -6728
-4684 4864
-3196 5567
5597 -4315
5360 -6600
3300 -8465
-10701 4389
-11914 -7844
-7352 -3535
-1406 4823
-15257 -2001
-7360 -6133
-9420 -13930
-4670 -10206
-6097 -8995
-9505 -21452
-10430 -2067
1519 -8372
-7240 -3548
-2480 -10552
1338 -8118
-6156 -13347
3471 -17264
5842 -26902
6948 -718
224 -1768
15631 -9516
7733 -4519
13528 1540
6336 -443
2818 8179
14231 1816
7711 -5209
287 -3295
1805 -2169
10385 -10293
11114 -4927
8624 -4609
4201 -2329
16028 2149
2386 -10443
7372 -4892
18314 1227
4043 8954
9831 -4248
5013 10713
3783 4981
3362 2070
17443 -3226
7084 -1833
8197 6495
15276 2867
5191 -2979
-2803 6600
2276 11000
-961 13152
-13401 15590
-8142 5467
-6043 1253
-4279 5276
-5248 10342
199 -2575
-4500 -5918
3880 398
3598 3928
-3588 -2970
-1538 -8200
4060 -9688
5656 3024
-3244 -5613
-2559 -924
3979 -2505
4343 9762
-5175 2143
4387 -9135
6008 -13997
1658 1280
5108 3006
4603 -2888
8394 2991
-5196 323
16191 7005
-919 4452
7806 -3076
5626 16725
9661 4742
12286 9441
8677 12755
20413 12794
6205 12315
4976 9085
9907 8913
2627 14902
9823 14155
3672 15763
13224 12650
772 19666
-2493 20503
-2860 21158
4128 13078
-2878 21641
-4752 15194
-10227 24976
9743 17727
4513 19397
8990 13723
-2199 19910
2199 17156
-10546 22964
-5418 29318
-7865 16803
-9051 16026
-12718 17817
-14869 7455
-15604 9979
-16406 5312
-20052 15391
-15803 -9881
-14448 -252
-16935 -2246
-15618 -5581
-3488 -2161
-3287 -5712
-18498 -1863
1181 -7043
-4653 -3011
3181 2171
-10794 5333
2762 -2348
-3275 2488
1066 1228
-23 7302
2202 7600
1864 4556
-4156 -2654
5072 5321
-6128 5507
6073 3383
7540 19407
2261 16783
-2960 14616
-13865 12399
-1811 9366
-6280 12829
-2279 6251
-2218 14245
-6120 12057
-5272 9947
-12330 9799
-13334 6939
-6439 9643
-5908 18026
-7761 10557
-17173 7467
-12905 15767
-20843 8488
-12437 -260
-18007 -7695
-18698 8623
-8824 8911
-12410 5940
-15134 2507
-5813 2406
-15892 -653
-5887 2444
-15765 6382
-25213 3477
-18717 4723
-19056 878
-14670 4846
-17081 4291
-20824 2843
-19082 10587
-17164 3706
-12523 3180
-24930 836
-13995 -1972
-10022 -715
-11218 3285
-21343 10187
-19468 -3153
-14336 -12587
-9738 -17444
-10374 -17196
-4298 2269
-14433 -12342
-4093 3333
-12851 -2678
-8395 2489
6964 -6538
-18281 -4339
-11384 -14210
-4867 -15989
-4597 -2589
-8874 -10548
-13571 -4626
-9195 3212
-1699 2290
-13207 -1122
4097 -4213
-3472 -8389
-378 -3779
2426 -11475
-12180 -3614
-11144 6883
-1822 5689
-6246 -2055
3034 243
-5760 -6965
-2272 4023
-2061 -5
-18632 -3986
-14849 8765
-4199 815
-7282 -3468
-3571 -7886
-11474 4262
-9130 -1686
-6001 -6416
-7954 10101
349 3886
-14473 500
-21204 -11208
-12486 -8429
-10074 -156
-9364 -1791
-2249 -1387
-13958 -12087
-9044 5814
-4159 1419
-1828 -3567
-2848 11442
-8963 -1302
5772 4248
-13532 1780
-7054 -4928
-5934 -2793
-17196 5743
-11539 -3747
-1209 2566
-4890 9820
-6646 1047
-18419 -3050
-13866 3215
-9547 1676
-15452 -4117
-15238 -13052
-15713 1587
-18175 -11100
-14580 -8340
-1433 2762
-18957 -12191
-4729 -4507
-5126 -16642
-2648 -5981
-57 -4360
-3024 -14721
-2002 -9025
-6585 -4302
-3558 -1985
-14708 -5458
-14943 -10388
-2801 -13624
-3426 -1357
-12752 -3730
-9689 -6893
-8437 1274
-11884 -673
-15655 -1112
5028 -14534
-14300 -5369
-16257 -1141
-24161 -9637
-13687 -11693
-17051 -15498
-2125 -24105
-5455 -14086
8628 -20129
1158 -15699
-1331 -14132
1937 -16847
-1334 -14069
988 -2012
-2337 -6215
11861 -11706
3659 -4339
-3238 -11848
2966 4396
1435 6554
-5962 2837
-4190 1872
-7708 -2473
-2946 7827
-10722 -3169
-3368 -4362
-13011 -2034
-12043 -11854
-11234 -14972
-5588 -14267
-14486 -11901
-3105 -10259
2573 -14578
3952 -13288
-7843 -15502
6635 -15828
9769 -6609
15528 -18705
14755 -23985
6924 -11053
23687 -5204
16057 -6578
7306 -12352
995 -14408
23858 -19650
18348 5272
-12222 -8882
-4546 15449
6716 -13683
17856 -1437
10698 6468
1190 15688
8407 -3224
10547 15249
42082 11454
2226 1038
-14286 -5746
-897 -3344
-1785 1450
7449 6528
-1016 5874
-982 16467
7425 25363
9121 -4442
-11107 24999
-10952 2227
-3768 6711
-9107 -4965
-17968 8759
4197 -8072
12321 -1297
7601 7497
5983 -5605
9888 -6779
-1193 -5113
-12857 4622
3678 16529
6674 4127
-8934 8801
-17071 2739
-14871 5234
-23627 -8796
17089 6317
-1586 13483
395 -1164
-27466 -3743
-1585 12440
-4962 4791
-24594 100
-17769 -811
-24555 -150
-8826 11430
-13552 4129
-825 3727
-10649 -9135
14302 6290
1332 -10745
-13481 1306
7091 -9876
-6810 -12544
9572 -4135
-6173 -284
2311 -224
-12410 -24613
-20217 9590
-2208 -8950
4226 7267
-24187 -18500
828 1728
-2281 13939
-18354 3091
-22263 -2310
-9914 -1930
-19061 -4988
-2987 -9376
4424 -4096
-10543 -18870
79 -6485
15309 -13085
12182 1347
297 7435
-8525 -7843
5652 -11529
4918 -18124
-4889 -6615
6104 12432
9418 -10428
2760 -6576
14885 -17578
-11296 6700
8511 -14940
-18 -4102
6180 6057
8687 -19021
5095 1370
14206 -19911
-7208 -3323
6113 -1886
7004 -17272
21105 -8398
17774 11693
5461 -15484
11331 1539
5893 288
2200 1800
-6218 -9421
-1031 -11325
5222 23003
20543 6522
12732 25763
21857 -9227
5131 -9063
-5542 2523
225 1921
11246 -5882
-11707 -14963
5432 -3873
10752 8976
-10860 -2998
-6060 6001
-15883 -6724
-5454 -1496
6329 29
8409 -8749
14269 -19528
-5052 -7871
8838 11521
1130 -10464
-13114 1048
4690 -18510
5003 1561
3672 -2325
24142 954
28416 6178
14394 10824
5669 11834
10056 -30531
7742 -49
17118 -3322
27092 8127
3374 -6542
6381 -8908
4112 34639
30365 5784
-6725 18131
5253 6650
5142 38990
-10573 14060
-8725 -2343
9073 3656
-12841 12086
1232 -6028
6077 21803
-11278 3226
-1947 -3719
416 16904
-3868 -6935
-3529 764
3934 13426
-7753 4202
-29014 -8178
-16965 11694
-16548 -4036
-3681 3363
8394 3714
-2324 12028
-1363 12612
-1142 4452
-16963 9762
-11495 8851
-18071 -1432
6377 11617
-445 -348
-25457 -199
-1439 4597
10722 -4526
1306 -15476
7144 -925
-16637 -1815
-8465 -7082
-23518 8193
-16425 -17149
-5173 -2870
1074 6583
-27887 -17035
-9278 -14903
-12559 16853
1592 -11423
-17659 6370
-22001 -1191
-5137 -12383
-9188 -16804
-10223 -15330
-16456 -14535
-20161 -6022
5141 2272
591 -22780
-5731 -14412
-8898 11108
1697 -27951
9716 -31977
-17992 -13796
-978 -14394
7834 -1752
4225 -16892
-4373 -10228
1031 -3578
-8347 16443
-21997 12858
16174 -4895
13078 15221
-1665 -2983
2605 -16059
12860 -4112
1750 744
10145 -8727
4098 -4722
-5850 -1616
11212 3815
9711 -12460
10307 -17909
9274 -10960
9015 240
1105 964
6707 -231
-7178 2813
11120 11629
2129 -19235
25562 -11506
-5343 -12018
-1388 -9709
-3269 -1485
5319 -19791
14938 -30603
-805 7979
10980 17208
8885 -5830
21467 -3651
-6784 5099
-1964 5300
-9676 -5420
6105 -6028
-5740 -8677
15912 -3608
19017 12962
-5613 -15489
8463 -27643
-2642 17907
28169 -11914
9534 -16613
8293 -2792
3217 6046
14205 -2929
-58 1539
-3471 2960
16202 24197
27709 8296
9276 -8038
24316 -455
24949 -16628
19968 8180
28424 13608
14650 7046
28804 3077
12826 7643
6782 21617
1224 3502
13135 4377
22456 18793
4115 17272
12418 16063
-17097 5955
12209 15761
-13055 13348
-11118 4074
-7429 -2093
1499 2891
-4319 3452
-9572 26203
-5321 -339
6143 -4164
5420 3524
16282 -927
18867 2210
-1425 -971
7062 3666
3402 13340
9547 -26413
336 -8174
-5356 13750
11943 10930
-9719 -7163
3421 -12716
12259 8185
-192 13722
-277 5279
-2792 -2873
-11384 -6756
-20002 3437
-1718 -15912
-504 -17974
-5131 -9961
-12976 1780
19724 -11300
2650 4107
21434 -17265
-14024 -12644
-4358 -4300
-10917 14662
6968 -4329
2897 -3710
10513 -12014
5252 -1999
18138 8220
-4297 5015
8094 -1555
5275 5040
3704 3199
5032 16761
23726 -8990
7743 28741
9739 11444
10176 18130
23645 15374
-996 6752
143 18383
12252 22547
-27653 24886
-5440 11958
-3139 -1954
4081 5450
-15941 23397
2893 16777
2263 11350
-1662 -3917
-10877 -3587
-16842 411
-5447 24916
-13144 -4858
4047 12246
-5808 4535
-26889 -15483
-31795 -6044
-12951 -7228
2362 8739
-24275 -1670
969 -8648
-6256 -8426
-14772 -20702
-14834 1119
-11935 -9704
-11989 -12495
2389 -11153
-6513 -5486
792 -16729
2680 -7400
12742 -7276
8668 -31312
18813 -15151
18492 -8779
23434 5122
30505 -6996
4347 -14930
28779 -1835
24393 -847
618 -4734
19979 6857
9688 13509
20364 1290
32520 7184
21688 6150
16686 17208
16790 15523
16002 10764
15889 6434
14683 3597
2228 21839
211 19751
21205 -388
-17621 5650
-1420 -1430
-2858 -6412
2218 -4238
9759 1435
5639 22629
-5339 16202
1167 27225
-6364 -2991
4976 13328
-21948 -8950
-4646 -3008
2357 -7184
-20470 167
13252 6173
8772 11884
10703 13608
-4346 7470
16716 1831
20148 11717
21993 -10725
8412 -11216
17662 9459
-2798 16846
-1175 14939
-19644 4807
-27475 31039
9778 24610
6592 -1691
10122 5382
2231 28367
-16491 15923
-3305 41311
2464 27603
-1287 14298
17836 31077
9417 14256
-7038 16269
77 18700
-9183 27813
-11475 2601
-6649 7688
-19209 33192
-19148 81
-26458 7370
-9214 11697
-6277 25102
-3035 27754
3389 6028
-5511 13509
-17456 9416
6536 28384
-4235 -3348
-21237 7048
-9184 5917
-24557 8064
-29663 6221
-29461 18487
-272 10360
-26975 19609
-24636 1409
-20280 -12180
-17392 7413
-24858 1567
-21451 -14594
-19701 1700
-4939 -9293
-16781 -13173
-19096 -8519
-5505 -8790
-10134 10762
-13871 -7253
-4107 -11682
-2271 4200
-33843 -20162
7176 -2358
-23625 5479
-5962 8993
-6328 -5638
-23192 -3988
-12659 606
-3769 -1108
-4194 -7886
-9916 -10590
14034 6465
7913 3020
-3847 3070
-1346 -16792
-316 -6829
10386 9879
6284 -1908
7581 -10533
-7235 -2232
-30124 11733
7168 5419
7936 -4440
19702 8142
-6545 19901
2901 4164
-4353 14065
-7301 -1898
-22518 10720
5481 -165
1385 1461
-16502 8944
2830 4697
-11650 4019
-4448 -4822
-16529 -1273
-10129 -5208
719 8357
-8923 -11160
-7191 -4715
3611 7377
-441 -3103
-4246 -1434
-13654 -1491
-4586 7767
-19185 1848
-2796 -10431
-2115 -8377
-16632 6757
470 2252
9032 -13575
-16618 -16798
-5932 -11434
-7591 -5613
7468 4888
-8224 -8582
2508 -9131
-917 9043
-14918 7009
5253 -4093
-25719 -12797
11060 -4713
18064 -432
15926 9373
-1650 26011
4558 4597
27665 16814
16567 -10978
-8400 14446
-21237 3470
-3961 -3860
14913 5677
27371 6622
-17347 5501
-55518 -4654
2765 39614
16430 7241
2840 20259
9161 7105
-3186 -6153
-21303 -9950
-14603 -6624
-15724 -14852
-12353 12146
17377 -12041
5125 3207
-14499 15949
3713 -5884
12899 -6858
-12129 19932
-14405 -15918
-1493 -4336
-2203 3811
-4159 2535
16799 -6380
22428 10802
-2522 -12659
8533 -7380
-4310 9411
23105 10348
18471 -1585
30808 19865
-28198 16371
-1844 5175
-17509 8889
38452 8128
-7117 -4749
-7072 6443
14652 -504
-615 10035
11931 5542
-3159 -23017
19291 -9211
-23686 11086
564 11463
-22507 2898
-2566 17512
-3124 -24617
-25792 18931
4420 5150
-22942 6240
-1483 -9683
-15838 -14
-10642 41985
28900 5720
5069 27193
-28353 -4723
15557 11995
-179 10752
-18911 -7317
12311 -16082
9908 863
-12502 11188
-3656 -7616
-10339 6001
-10524 12691
-19354 14923
-9723 -2639
-29526 6305
-12688 -13466
-4783 -26681
13982 12743
-2307 -10773
-13521 18672
3116 -14063
-28161 -30226
-7370 -5656
6675 -7395
-21014 134
26244 -28830
-1788 -7878
67 -8857
-9559 1068
-24207 9266
-6022 -1126
-10363 5634
-3845 -3226
20355 -12542
4695 18243
-5001 21983
-7725 -24028
-242 13394
-18732 -9382
4087 18500
-486 2685
5380 2798
16985 9328
-164 -40830
-20217 2696
-25133 -25516
-15311 20836
-10325 2092
5224 18549
-3310 7496
-17218 24145
-11022 18346
7369 27880
3864 -6579
3855 9346
7560 6629
14337 -577
-5871 3606
-23872 -3169
-40190 -9144
-9334 13173
28266 3932
-16143 -17135
-8322 -602
39905 -16659
9520 19097
-18694 -7219
9020 -10107
-10585 -6530
-31878 4095
-10711 -8088
-5205 -14256
-14854 41128
-14299 24182
-24090 13461
-36850 18792
-25540 29358
-11882 34256
-25737 -20193
-38954 -1965
-1407 -22057
-17126 -7231
-5219 -30762
-7161 -17092
5538 730
-15986 6400
4989 -15022
-2369 5133
-21787 -45589
6700 -18061
3621 -2977
5326 -27511
3112 257
17663 -17208
16727 -29242
459 -3723
48128 13922
25572 -17099
21041 7348
-2191 6969
4598 -10347
22844 -7970
1936 1579
-3295 -3906
-11588 1884
8522 -11918
13801 11673
-21549 13240
-15819 2560
4163 -7239
-22936 4901
-17298 6929
-11558 23837
-17843 2257
1877 9619
-3269 12528
2635 2846
8458 21913
-18501 -15645
-19223 -12690
12013 31481
-6051 24573
-1696 -24683
-36915 1478
19521 -21678
3825 -2123
-10744 19817
-10588 -2461
-2976 3544
7232 11634
-7510 -15521
-25199 -28773
-16539 -1551
-11150 -3278
-17642 -26515
-14303 21712
-24071 -7063
-232 -10084
4235 -2111
-1160 -28338
-8424 -15315
26968 -28585
-247 -17577
13393 -37246
37551 -50104
-16878 -23187
-23157 -32634
5965 -22117
-7570 -11479
-3805 -12400
-4075 -23187
-4090 2136
-2951 -10238
25511 -13400
34 -1854
3009 8049
-28999 13695
4915 -12248
-15083 -20987
-8397 -18738
3371 -24343
14596 -5744
-10061 -7807
-1119 1962
-18221 -10799
11248 5845
16550 -770
13991 -16426
-166 12490
-4464 18388
9090 -30552
-11302 -44876
-4400 -220
-17607 -13540
10921 -11967
12611 -18985
22758 5322
3847 -13191
3632 -8475
-10330 14336
-18082 -24664
-1387 15936
12454 22459
20202 -29216
-34711 7450
8503 24854
19857 3355
-1989 -9288
-16559 -7992
14590 -19795
11676 -12821
1106 -36319
-8989 -15024
6650 15389
-14673 -1823
7886 10797
-11346 -67
-13570 -4899
-3787 -2886
-23129 1914
-7428 4130
11867 -12286
-1585 6182
-6956 -4870
-21594 -8705
8934 3698
-23036 15538
33900 -6802
-18551 4570
30693 2219
16368 24945
3747 17010
6408 5790
-3561 18351
4789 -17898
4488 13492
-27781 23946
-10054 -1717
-42966 13458
-27859 28245
-31126 4706
-9798 13819
-27565 -9420
-38848 32231
-20807 18104
-16214 -33218
-37369 -41912
-23500 2508
-13482 2322
-40816 -14343
-26791 -30403
-11938 -29467
-14972 -16944
10579 -8318
17841 -22988
2279 433
8 4529
18686 -15362
16163 -16939
-32018 -12261
6370 -32391
-13179 8101
14593 11345
15406 -9008
11070 -33356
-3649 -6843
-7441 7729
6864 18080
11155 -9611
-21690 -4325
20848 -5231
-4342 7618
22976 6379
314 4019
8837 -1746
-37004 22210
2273 -3253
-12681 18046
-22108 1939
-38137 17259
-16371 16082
-7139 -12023
-28337 -1170
26550 -19351
-530 312
-21262 8596
-17893 -1425
7401 -14219
-18849 -18416
-22976 -13064
-14738 10969
-3598 18249
-3849 -4382
-5964 -35896
-17682 4581
-14786 -22699
-20463 -2458
5482 2091
33970 -31365
7895 -8990
-4905 -34735
15546 -5903
-21509 -2406
-9561 -5211
-3724 11152
16692 -27935
4036 -10459
13479 -2453
-8629 -9267
-4114 -21705
-9261 -21472
-13556 -15420
-827 -31753
-6376 18505
-6946 -13600
-6111 -10338
-6210 -24422
-10231 -26777
13033 2761
-28045 -22916
-6900 -22631
25098 -7040
-1266 -18081
13165 -21713
10918 -8098
-5868 -18867
16788 2353
13104 -8544
4778 -22659
6419 -18359
19625 119
13510 1606
23177 -25279
10342 -14558
-16662 25147
36525 13891
15312 18295
16533 25432
9134 9243
8077 33131
-12975 3359
-1772 20076
13060 -7149
3892 20729
6921 6714
37022 10587
5273 16636
-16789 12720
13290 9440
-4499 -6298
-18608 6017
-17970 -1534
-821 -3285
-17529 14628
-24958 -3764
-28370 7234
-7709 30268
-9061 -9948
1190 -16180
4294 -3617
36026 10063
49353 -19199
-2174 -31986
15430 6366
-17589 7735
-7644 -28844
16904 -3741
-8604 -39522
-7316 -37336
-8977 238
-17796 -21687
-3630 -14025
2407 -15573
-6108 610
7457 -17689
25132 8457
5666 9012
21363 -30472
26150 14312
15792 7477
20873 3397
31711 -12157
-277 -21500
-20255 17490
-7595 6733
4911 21810
-26128 -6349
-8063 20791
6245 7938
-16782 30742
5935 -2937
24144 11680
-23236 -11876
-36204 -17958
3910 -16727
1046 -3065
1789 12943
-6463 2953
348 -13007
-3860 1001
-5194 -14922
-18382 24449
4007 2059
-5782 -5391
5097 -6020
-8381 -11261
8887 -12288
239 8639
-11851 -20763
33828 7158
-24212 -14093
18489 -23800
-11097 -10885
-15594 -10508
23721 -8561
1352 -6978
9170 -26426
-446 -19408
12953 -9723
-12215 -35493
-18813 1783
1961 -3643
-3963 14891
9672 1923
-21104 -17704
-9734 -10737
-18277 4728
21829 -18120
25544 -18988
-13726 -17788
-9270 -5511
-18798 -31887
15689 -45701
2946 -17827
-510 -14324
20850 -14132
28222 -22368
-17341 9911
2077 182
29424 -4037
4897 -12107
26543 -26755
16704 19100
12490 21324
17959 11350
4494 342
10676 -2493
-95 -3721
-9494 -10238
-8217 5587
-4575 1397
-2097 -24382
-1015 -20988
18457 -14450
4680 -7230
-4778 10663
25606 -24383
-5135 -18292
-7361 11329
32532 10382
-7915 7952
12315 -6239
14537 -16271
14914 6527
-3556 -5598
1232 -20541
39689 -9360
7707 -4451
33432 40
-6638 5957
4252 19009
