1764 -56
2091 431
198 329
288 -30
-42 -46
-186 8
-189 7
-5 9
83 -123
-46 223
-18 -113
-11 47
-5 -24
-11 13
-9 2
-6 20
-73 4
63 108
28 -24
-36 -80
16 -5
28 -12
28 -21
-22 -24
-12 31
18 -16
-41 8
-17 -5
2 15
-6 -14
7 -10
-11 8
10 -31
31 -57
26 16
-4 -87
-49 -8
-12 -30
-5 -57
-2 -31
13 8
-38 -91
66 -53
7 -34
-9 -72
17 1
22 0
-25 4
-3 78
36 67
33 25
56 -27
6 35
49 -13
16 27
-113 -6
-41 -3
-1 23
-70 -4
32 40
-33 39
17 15
11 9
-59 -4
72 -11
24 -13
51 19
6 -76
107 -9
-40 23
-8 -2
47 35
41 -16
39 7
-8 9
33 -13
-12 -46
-47 -18
1 29
-35 -63
-3 5
-89 42
24 2
-36 -8
20 3
-22 -14
24 -3
-31 30
-38 -46
-25 43
19 -24
-63 7
55 -25
-1 -1
65 24
10 17
-9 -49
63 28
12 4
43 -45
8 -39
53 23
24 3
14 17
-2 -18
-8 30
84 66
1 -20
4 25
-44 -11
-25 -45
18 35
20 -9
-11 -18
26 20
43 -40
-54 25
-4 43
29 3
-4 7
-4 14
-25 9
-13 -23
68 -19
-29 0
-29 -35
24 -54
40 50
25 -2
28 12
-48 11
-6 -16
-16 -40
-46 7
-60 -1
68 -18
-48 -60
35 37
-17 -36
-19 60
37 -1
72 -50
20 17
9 79
-58 35
-33 -14
-79 -51
-3 -2
-77 -9
12 25
27 1
-50 5
15 26
23 44
32 -28
36 -35
29 0
-5 -17
-11 24
4 0
-24 -65
-15 0
-4 -1
-13 -61
-1 41
-20 10
-56 -65
-30 26
54 -31
-55 -10
-13 -27
-18 -55
73 16
0 2
4 10
41 20
19 -61
-2 -35
0 7
-18 -38
-58 53
6 16
19 -4
37 -50
69 28
4 38
12 -12
40 -5
33 12
-8 -23
15 -6
33 -29
-10 -27
-69 12
-53 -2
17 -19
-8 9
-15 17
-15 -32
1 -53
14 46
-66 -23
18 -12
23 -3
-24 20
39 -20
24 -1
-9 -16
21 20
-1 -28
-21 23
-29 6
-9 50
-5 -1
11 6
19 -15
-12 -3
-8 -41
-2 24
7 -20
7 22
-2 -25
50 12
7 45
-10 -5
-13 -20
0 9
-2 10
-16 -22
35 -56
31 1
-28 5
-5 19
11 -21
-7 -16
-18 -10
-5 11
22 -22
23 11
-16 14
29 -22
-15 1
-14 56
-8 16
-4 35
-29 -6
-16 -12
-1 -13
15 40
-12 1
-2 -21
27 -7
8 31
-6 -3
2 7
5 26
13 -13
-17 -3
10 -9
-5 -20
-11 7
-8 -9
7 15
1 1
1 6
-1 -10
3 0
21 5
5 -30
8 -2
2 1
-3 -6
-2 -10
6 -6
-4 -1
2 -20
-5 14
-11 0
-12 4
-1 -17
-9 -10
-13 -12
5 -5
-4 5
-18 -3
2 3
-4 0
7 7
1 5
6 7
10 -2
-7 -1
-2 -12
-3 4
-9 6
0 -1
-3 5
0 -4
1 1
3 -1
0 -3
0 0
1 -3
1 1
-6 -1
-1 2
1 0
1 0
1 1
-1 0
0 -1
-1 0
0 0
0 0
-1 -1
0 1
-1 -2
-1 -3
0 -1
-1 1
0 4
1 2
2 -4
0 -3
-3 5
-1 -1
-3 0
2 -5
2 -5
1 6
9 5
-4 -6
-4 -2
-4 -7
1 4
5 15
10 -2
-2 -7
-11 -8
-6 9
-4 4
-14 5
0 12
-2 -13
8 5
-8 7
0 12
9 0
-15 7
19 -12
-7 -13
8 3
-1 0
17 10
16 20
-5 -10
5 -18
-3 -7
26 5
-5 -1
-8 0
-13 -4
22 22
-6 -1
-7 -2
-15 13
1 -14
-7 -40
20 28
-23 -4
50 -20
-3 -12
-17 3
6 35
18 17
-11 -16
0 -60
-9 43
4 27
-14 58
-5 -1
14 -23
-6 -6
-3 -20
15 -24
-29 -9
-1 17
38 37
-24 -7
8 -26
43 1
-4 10
-17 33
9 -19
-16 -11
-8 26
-51 13
-14 26
-22 52
57 9
24 -28
20 -39
10 -15
2 33
15 57
-17 52
3 -9
45 23
-14 15
61 43
8 -32
31 -11
-47 -48
-74 -30
-16 -16
8 2
41 -34
-33 51
-53 13
-34 -51
-50 45
-9 -3
-25 61
24 4
-46 32
-65 29
38 -22
13 -13
7 13
-14 26
-41 -11
-15 -19
-17 -10
-40 30
36 0
34 -42
-59 25
40 16
66 -61
41 11
-34 -43
-57 2
-39 -17
27 33
101 30
-82 11
-16 -85
-38 22
25 11
0 44
-52 -27
62 27
55 31
3 -7
-1 -4
13 19
19 -62
-47 -12
27 42
34 -29
128 -86
58 -11
9 6
-48 36
25 -33
-20 17
63 -17
58 52
63 -38
60 -5
21 1
-16 -67
-53 -39
37 6
15 32
52 6
-7 -35
50 -36
31 8
-21 -1
22 31
62 -20
-104 41
119 41
-20 88
41 23
44 46
160 61
12 -11
27 -11
52 -85
-27 -26
28 5
79 45
100 -2
25 -25
60 20
-4 -17
127 -5
44 76
-17 -42
91 -69
-40 123
-26 67
30 -49
-65 -29
35 26
31 69
-30 6
64 14
49 9
-101 32
3479 -674
-1288 1239
1773 1272
-304 -125
98 222
40 129
-102 -157
-35 25
-230 29
-44 4
100 304
60 -20
30 118
-58 94
-99 20
36 -48
142 -21
-87 -159
-158 104
-16 81
-56 24
-142 39
-119 85
67 45
57 -72
55 1
52 -22
78 -39
65 8
67 31
-92 16
59 -41
-14 -2
-66 63
-73 -36
-5 143
175 66
47 71
-33 155
3 7
34 1
151 186
-177 69
-77 64
36 88
-64 10
-35 23
16 19
-18 -91
-96 -119
-41 -100
-121 61
-30 -42
-92 33
-118 -73
250 120
96 -5
9 -60
145 41
-76 -49
94 -100
-51 -59
-36 47
176 36
-217 -6
29 34
-152 4
31 127
-255 11
86 -45
-4 0
-127 -43
-101 86
-90 7
15 -43
-21 108
26 117
78 -44
-2 -36
75 153
54 -42
211 -78
-101 -8
104 28
-136 -30
42 -23
-73 31
91 -45
122 103
83 -88
4 108
199 50
-163 94
-52 -42
-215 -85
-32 -21
-1 145
-157 -70
-70 -65
-126 92
-43 115
-144 -68
-78 -10
-79 -39
-27 31
42 -52
-194 -113
-70 40
-21 -19
74 -8
30 110
-121 -109
-85 16
12 16
1 -95
-59 103
189 -108
12 -108
-121 -52
-62 -27
-9 -109
13 -53
6 71
-177 31
102 14
98 63
-64 170
-131 -95
-71 50
-78 -89
78 -46
14 3
118 70
96 -13
135 35
-210 77
112 160
-49 -151
37 103
2 -192
-65 -21
-203 146
-82 -31
-12 -296
167 -147
144 36
244 107
5 6
275 57
-52 -53
-117 -3
177 2
-74 -61
-54 -66
-84 75
-131 104
-139 1
9 56
36 -57
-3 -49
130 234
61 16
-52 -23
20 159
40 -148
38 11
256 226
112 -80
-150 87
221 34
74 79
74 205
-224 -48
57 -33
4 -46
-152 -107
-34 267
16 162
15 24
35 93
214 -170
-17 -74
-91 69
-151 188
-233 -76
-10 -132
-61 0
-156 8
-149 -34
-10 54
-65 23
-143 100
-24 102
242 10
209 24
-43 64
51 -24
82 -35
56 161
-11 250
-45 -172
270 54
-52 53
-94 53
81 -101
-159 70
-80 -15
-11 92
-104 -99
-31 73
83 -78
149 15
50 -219
2 -22
-6 -71
-54 61
64 20
28 200
31 -117
-22 97
0 -78
-7 85
-269 -94
-38 -217
61 36
55 114
30 -47
10 -21
58 117
-204 286
-166 9
145 -14
45 -87
-79 117
75 116
70 89
25 -71
-121 78
-153 -77
101 -44
-132 120
86 -3
69 -373
64 -95
-3 -217
202 49
102 83
2 102
-91 -235
65 1
11 122
-164 51
-57 -258
17 28
-12 -44
-26 -167
-111 69
121 22
-49 30
48 141
58 -27
60 46
-64 -104
-11 -31
7 -62
2 76
-19 -17
-193 -41
-47 265
-72 19
-15 -16
21 74
25 90
-73 60
52 1
-24 190
37 -141
122 2
143 -55
22 176
101 104
153 133
-65 68
41 -72
246 61
-34 -44
50 6
-107 -100
-11 -64
-84 -97
-170 16
116 16
51 204
59 -72
178 -120
0 19
62 -116
-3 95
-21 -31
-68 25
10 89
-2 -14
-17 122
-28 -19
242 28
59 -101
-43 -17
-84 25
-106 -45
127 -23
10 167
299 97
146 95
-86 -125
-134 -102
49 65
-55 -129
-29 -177
-15 -50
-61 55
-8 147
33 87
63 -126
-9 -88
-71 140
-12 -24
-70 7
47 -94
49 -96
37 115
148 93
-44 -94
-63 -33
-51 -108
16 63
72 202
129 -14
-27 -82
-125 -98
-50 98
-46 42
-139 41
-2 117
-18 -113
67 51
-53 66
3 103
80 2
-141 65
157 -89
-44 -96
60 28
-15 -11
95 62
110 140
-36 -77
63 -96
-15 -29
143 20
-23 -1
-39 -13
-85 -12
96 118
-47 -1
-30 -10
-99 80
-15 -65
-31 -173
114 137
-105 -25
224 -96
-11 -79
-100 -11
-1 155
94 38
-52 -92
29 -230
-27 147
20 56
-56 218
10 10
54 -68
0 -23
9 -56
53 -107
-104 8
-7 35
108 106
-100 -63
56 -95
126 -7
-14 7
-31 104
96 -56
-63 -25
-41 27
-129 65
-50 43
-75 140
132 42
83 -122
33 -126
20 -57
-6 82
29 174
-56 110
4 5
143 98
-69 -4
80 111
20 -55
56 -22
-61 -68
-153 -82
-11 -20
49 -9
95 -27
-98 36
-91 -36
-20 -60
-56 60
-21 -49
-24 75
33 -15
-113 45
-160 43
54 -45
-33 -17
29 -16
25 81
-4 -12
35 58
23 -33
-102 -13
23 16
66 -72
13 101
91 97
19 -33
44 -7
-14 -62
-108 3
-100 -48
39 52
54 26
-71 43
7 -30
-55 30
-46 50
-1 -13
38 21
72 44
63 31
29 58
-2 -89
-22 -22
44 -129
-4 -68
82 40
49 1
152 -40
-9 -10
27 50
-110 94
58 4
75 22
36 38
25 54
9 25
51 1
-57 46
73 -55
23 30
90 -30
-7 0
55 -59
31 -3
-8 18
-47 140
-20 43
-61 -7
60 12
41 -27
34 70
-35 -97
35 28
42 -15
65 23
44 -27
70 -70
6 -5
-52 -120
29 3
44 77
54 -67
32 83
-21 -13
18 44
86 -67
-38 -14
-16 -72
-66 -67
-101 36
77 -123
-95 -41
3 -24
-14 19
-56 -21
79 40
7 31
58 75
-95 27
4722 3061
-145 -749
369 -1106
53 185
105 -49
-151 93
-130 127
-84 13
223 25
75 -235
56 -226
-37 -70
-13 56
26 65
51 -44
-70 -65
-115 11
69 38
109 -111
166 -10
52 -52
95 65
54 12
8 -4
-55 14
-161 118
-73 4
-125 87
-148 -125
-94 -10
223 76
-65 92
33 121
19 37
92 69
62 67
-144 -119
-45 -20
103 -40
24 88
-120 -11
-120 -138
116 46
92 3
-5 88
80 -35
-46 -89
63 -47
47 -83
45 -63
68 61
75 26
45 -77
1 -1
205 37
-55 -327
-28 20
0 35
-121 -100
43 -48
-28 77
38 101
11 -133
-102 -60
177 56
-131 -1
95 -88
-81 -7
115 15
42 -8
-14 22
90 -114
98 -130
44 -79
61 146
-132 -197
-15 -96
13 196
-20 -66
17 -144
-105 21
-103 30
126 -4
-61 -87
273 109
-45 137
95 -98
-110 -98
-135 -6
-169 26
-99 -233
-218 -139
242 -100
135 91
185 104
68 -12
30 -111
130 -3
111 191
84 -63
22 -80
78 162
34 4
136 -35
84 8
-107 5
137 -15
143 1
24 -107
20 49
99 -36
273 110
123 -53
33 70
-145 223
-62 -79
-213 187
30 111
176 144
186 48
-19 238
140 146
-11 -19
109 3
-85 -29
-109 67
78 -174
123 -46
31 -99
93 198
75 24
-28 83
-190 31
20 -6
-65 -125
186 -123
-23 -112
-24 251
-83 -53
55 194
10 75
144 -114
133 15
-21 395
-159 233
-176 17
-206 28
-4 -58
-350 -140
70 -38
170 -75
-189 -74
121 2
2 -123
-21 -29
128 -70
248 30
61 -91
-76 13
-14 205
-282 -291
-83 -29
225 65
57 -31
-146 126
16 -151
-410 -265
-126 75
73 18
-330 -16
-166 -34
-115 -230
110 7
-194 152
-16 85
195 225
-78 -444
-41 -274
-48 -144
49 16
-239 139
23 134
130 -261
196 -231
193 44
6 143
82 89
190 20
169 14
103 67
81 -76
178 -80
159 -80
-182 -183
-196 -47
-18 14
-155 63
-136 -35
-55 -257
43 -425
6 158
-343 49
-29 -23
78 -212
20 183
118 -33
2 79
145 -170
176 144
120 88
-81 33
-271 -149
-56 249
42 91
-136 264
-40 -31
-106 -51
-20 -286
-152 176
-36 -147
-106 7
23 45
400 228
35 261
-123 -97
-54 -155
-139 83
0 -103
36 -160
327 -315
265 -51
-188 -40
-110 91
190 -157
-279 -241
40 -255
-37 109
145 107
257 183
-154 -82
51 -129
-109 1
-27 719
-188 88
134 297
-376 -100
-145 -138
46 -188
127 217
-40 -18
24 -108
174 -121
85 592
88 -83
29 46
-44 130
265 31
-178 -35
-86 166
-131 -183
108 -119
-62 80
132 49
41 184
-139 214
44 -57
-35 120
370 65
88 -398
99 -42
12 72
-12 -223
-84 -83
199 -120
-157 58
54 -233
52 124
-180 -8
-339 138
-116 -119
-76 -85
-222 -116
130 -176
-17 198
-478 -313
141 100
-65 -102
249 119
-7 22
121 29
474 88
-176 -53
-188 -328
-109 24
-402 214
155 -58
-75 248
-71 -1
-94 115
157 -116
-8 -178
-17 118
-47 -233
-47 -66
-420 90
-73 242
65 -109
145 -82
117 -57
-153 240
-46 -188
-565 -111
-270 -246
97 274
240 309
-173 -31
-61 296
131 327
48 -42
248 -314
45 -350
-91 -258
-4 -30
-159 59
203 -315
64 54
-81 -22
-128 250
57 166
182 -137
-369 -179
299 256
-47 95
96 171
-73 15
-103 -263
-215 228
26 112
253 103
274 -244
89 -69
308 -138
-65 -233
-2 272
-200 -1
277 -113
-3 -168
-87 19
11 -5
-129 189
168 207
-124 32
-39 -60
-337 -142
-154 -223
33 44
151 333
40 146
-358 -138
82 52
133 -78
56 81
-376 -217
-11 31
97 -1
32 -70
-131 135
94 453
-113 -240
191 2
-405 136
11 -24
21 -151
-137 -252
-34 -252
50 23
114 502
115 -387
-43 -339
123 -404
121 58
-34 207
80 20
73 191
-61 86
182 167
46 -198
-266 -300
62 -104
42 128
-291 -40
-11 -143
162 -133
129 122
24 35
9 -271
360 8
48 -206
98 -284
-346 38
-63 40
-191 121
-78 33
-56 -135
-106 -173
-18 -355
15 89
-134 -22
-5 -137
-373 -160
-99 176
-209 117
296 262
291 99
97 88
103 -36
-138 208
112 -329
230 -138
219 263
265 -183
-34 -66
138 -384
-130 11
208 -190
165 -75
-172 68
-108 64
-50 -145
138 -90
276 56
99 149
101 -15
157 -228
-155 -36
-81 143
433 -4
-89 41
-274 281
-155 25
121 169
210 -58
50 26
-133 -147
-376 -122
377 -33
52 434
175 -94
-48 53
107 -227
349 86
-152 -91
-159 -160
36 90
41 1
-69 -144
22 121
300 39
10 -152
-107 114
-329 335
-149 55
1 77
97 -50
-90 99
96 -105
-219 57
-179 -95
-147 143
-159 -20
-135 109
84 177
174 154
-55 -64
-92 -182
-195 -3
4 133
-164 156
-69 85
-32 64
-85 -90
-112 60
274 -136
-296 -129
-28 -365
-105 6
-144 -72
-448 -174
-40 -63
-54 15
-138 118
26 34
-73 -40
-126 -113
-123 88
36 209
-129 -108
35 -98
-445 88
-164 -197
58 140
-259 213
158 -363
149 -210
-163 60
114 37
-58 -105
72 -182
4 9
-200 -65
-81 -51
108 -114
2345 1707
1852 817
219 -207
117 -213
98 -197
40 -195
117 298
-48 85
120 -319
159 243
-223 -175
-107 172
-117 -205
-14 -220
273 -66
37 137
-56 16
13 226
62 89
-152 -18
110 62
148 -123
75 -219
-201 -33
-74 132
200 -216
-1 0
24 -64
-41 119
-140 -21
-37 -194
-108 -53
-98 -140
15 -218
-59 -38
-98 -303
-194 -3
16 -70
-50 -245
-41 -118
36 11
-237 -135
212 -204
51 -143
-120 -166
-40 56
159 119
-143 -1
-86 268
160 325
-27 161
121 -150
-40 217
200 -128
-70 99
-290 272
-229 -72
-21 48
-7 104
17 133
-141 57
-8 -85
92 69
-261 -57
163 0
89 -106
133 109
94 -165
273 -23
-216 103
60 -58
24 278
-6 36
117 128
-227 -176
279 31
-14 -34
-105 -224
54 88
-205 35
18 113
-245 100
-30 42
-68 172
-166 -213
90 -116
-93 135
58 240
16 -210
254 142
121 224
-61 22
-162 -69
-71 -7
105 -71
-73 48
-72 -154
4 157
10 -174
149 27
52 -145
167 -239
87 35
-56 167
-110 -60
108 106
52 164
-19 -80
10 160
-121 -57
-240 -133
-236 2
-2 141
-102 -119
170 -239
124 37
-16 -150
-115 -77
-81 -142
-136 -119
120 -196
-302 -179
65 -97
120 8
-72 -35
1 -282
-121 -20
49 245
87 59
-61 -209
-231 75
58 -130
72 -144
-163 30
0 102
84 38
-210 -67
92 -192
184 -141
-27 0
-31 -110
94 -32
-107 -85
20 -167
-4 -147
-42 -122
-125 -201
-2 168
92 233
52 179
-54 291
-50 143
-35 93
114 362
233 -47
13 -68
-209 -131
-208 116
96 83
40 -309
261 56
68 -48
-315 -47
-173 -205
216 131
-26 247
208 125
-5 -45
77 -243
242 -58
195 -93
77 41
228 121
195 -285
-49 -117
-111 -236
229 351
41 160
26 153
-158 -173
33 -1
-48 -165
29 317
-108 126
57 -32
-6 -77
40 -60
-72 -82
30 -20
-76 -249
-35 201
-44 -10
-100 -77
-105 244
-80 -1
104 -281
224 -235
11 48
-2 179
-80 403
65 -27
209 -113
159 -130
80 334
-257 -179
167 -40
168 -56
-114 89
-131 -60
-50 -290
29 60
305 159
-90 -76
-37 -42
198 -418
104 -81
89 58
46 149
267 -140
148 125
128 80
105 -204
-188 -149
71 -176
108 109
42 -8
159 -144
-41 263
-208 95
-190 12
-300 31
106 121
-31 -141
-187 35
472 121
-254 275
74 -5
-102 -277
-110 -231
30 64
-5 65
63 -30
-32 -689
336 90
-185 -120
241 -29
22 71
-171 -13
-130 26
22 9
-153 33
-88 203
-94 -551
-99 91
-89 -33
283 42
-352 -88
202 89
266 -241
254 193
-304 239
67 -162
-143 55
36 -192
252 -468
-88 -16
176 -162
-392 -59
-117 330
-140 130
-71 172
32 206
106 4
-213 164
260 26
-55 99
-72 143
208 -54
510 -195
132 -31
-48 -18
100 -144
-102 94
-45 -232
424 354
-73 -93
-21 138
-283 -145
78 -16
-35 23
-595 -179
113 -34
229 305
257 32
457 -246
-261 15
14 -240
176 -131
262 -107
-94 225
-55 249
110 -201
117 190
108 58
380 -304
73 -208
-40 260
-247 2
101 109
123 -330
-65 181
669 34
255 339
-111 -344
-230 -408
222 -66
283 -353
-244 -388
-128 101
-211 404
-82 429
132 362
-132 331
281 -19
-82 308
10 -66
230 103
157 -261
-180 -203
-356 121
429 237
-484 -300
-48 -82
-54 -92
100 -93
-30 98
89 -333
-67 -41
-377 -124
-434 354
-71 195
-447 183
50 324
-4 -328
161 -60
-517 61
-106 69
-23 -52
-20 8
213 -259
-275 -189
92 -43
122 350
604 368
318 268
-19 27
-402 -456
-227 -319
299 152
-263 -115
-207 182
-1 -204
462 278
127 39
-198 -117
-17 -174
118 -163
-90 -584
-105 225
-252 19
566 -190
-85 102
104 90
305 259
77 549
-129 62
-285 -567
3 684
-154 772
-17 523
-345 -165
231 -294
-299 -17
-169 -264
225 -69
-211 -416
149 228
533 335
-92 162
-111 -72
335 62
-58 207
-194 311
-365 -102
-77 -260
80 489
-302 -29
-15 345
-8 362
526 8
116 112
114 -158
20 44
19 316
111 347
-173 311
119 -271
88 -54
134 354
831 194
-32 -324
192 32
-443 -549
-588 -98
-287 -179
19 32
205 -380
84 661
-375 370
-450 -476
-460 520
-213 179
-309 457
161 232
0 138
-221 259
310 -107
368 -133
-181 159
-261 -71
-385 -75
-353 -535
-372 4
-6 345
336 -87
203 -201
-638 -118
19 -214
677 -480
285 241
-353 -142
-152 16
-8 -39
117 102
821 194
-471 -128
-278 -637
-137 87
553 -42
97 494
-548 -277
321 57
367 172
-10 -234
-84 425
141 227
75 -156
-311 135
-111 215
150 -305
564 -478
572 26
7 -106
5 -22
-99 -247
-514 57
406 -342
345 344
341 -427
264 -63
327 -65
-440 -345
-432 -366
0 129
86 146
159 148
-135 -275
446 -366
414 -217
-225 -20
330 197
115 -142
-774 358
693 82
-74 773
61 78
176 398
747 261
-30 73
-22 64
258 -436
-30 80
79 17
249 8
416 191
81 -289
400 169
-100 -288
403 155
239 456
-54 -111
647 -167
26 604
-233 687
361 -40
-343 -83
153 83
288 415
-367 -112
358 28
90 -232
-335 88
