892 -891
-1469 -1485
734 -898
-1299 -1420
1068 -1034
-944 -1456
1007 -810
-1190 -1727
1235 -980
-1127 -2012
1717 -485
-1276 -2276
1507 -59
-1146 -2296
1316 -189
-1153 -2032
1476 -264
-861 -1603
1791 -134
-952 -1782
1444 -596
-671 -1856
1731 -1057
-940 -1981
1798 -1004
-595 -1913
1565 -715
-542 -1394
1174 -679
-745 -1404
1416 -632
-653 -2097
1285 -773
-493 -1646
1477 -525
-707 -1862
1228 -454
-178 -1826
1222 -801
-244 -1789
996 -633
-115 -1593
591 -577
-256 -1738
723 -1045
44 -1844
923 -749
-97 -1488
833 -586
-369 -1596
1011 -690
-162 -1556
1147 -943
-621 -1438
1329 -847
-459 -1425
914 -332
-148 -1427
1133 -522
182 -1863
1098 -474
406 -2000
997 -941
614 -1441
1029 -453
111 -897
975 -705
-146 -1253
1384 -781
-426 -1660
1578 -788
-49 -1697
1840 -528
-47 -1377
1454 -483
230 -1902
1338 -346
205 -1822
1152 -661
-41 -1475
1811 -1140
-34 -1556
2068 -900
256 -1705
1827 -723
26 -2029
1188 -1026
29 -1969
1535 -1191
327 -1784
1522 -747
290 -1695
1221 -825
70 -1838
1214 -552
-305 -1965
1292 -363
-68 -2000
1437 -528
-48 -1411
1481 -274
22 -1546
1253 -100
683 -1362
1516 -502
536 -1127
2164 -722
688 -1399
1784 -201
592 -1919
1310 -507
662 -2355
1428 -339
688 -1995
1444 -595
823 -1830
1587 -409
956 -1700
1233 -259
1105 -1381
1078 -353
1242 -1352
1481 -373
1057 -1751
1759 -382
695 -1958
1480 -369
891 -2169
-644 221
-281 6
-364 276
-303 -7
-263 593
-172 309
-268 61
-308 94
145 -331
35 261
-20 127
-416 802
-443 519
-750 544
-524 337
-413 318
-39 57
-239 499
-169 389
-329 440
-649 90
-480 296
-872 305
-409 372
-915 -55
-90 350
-603 -77
93 381
-54 -362
-141 555
-81 -64
-452 496
-286 -284
-351 290
-288 -19
-148 765
-666 -560
-433 534
-595 -847
-149 75
-639 -208
-54 541
-720 131
-619 497
-845 152
-436 100
-1039 -124
-320 451
-595 -499
-265 413
-325 -294
-424 187
-411 -196
-638 -166
-726 321
-819 103
-845 -62
-418 287
-310 -59
-84 191
-763 -209
-409 -364
-111 -940
-464 -498
219 -348
-341 60
-405 -571
-748 245
-232 -685
-675 9
-152 -537
-307 -81
-290 -457
-72 79
-139 -490
-420 154
141 -607
-458 -330
291 -693
1 -346
260 -572
-383 -232
427 -292
-434 -310
151 -204
-362 39
302 -437
-151 26
65 -709
-112 73
-16 -351
-143 -45
-588 -55
-473 247
-25 -440
-565 279
267 -548
-79 419
108 -593
-39 414
41 -624
-209 68
-59 -435
-41 -53
-70 -501
-108 145
-205 -150
-274 445
-165 -296
-373 195
-133 73
-354 -107
-332 -60
-712 -322
44 -122
-571 -284
224 -213
-760 -436
-93 78
-329 -464
-204 -125
-678 -54
-225 120
-383 -382
-366 -141
-371 113
-101 -539
-266 -31
-28 225
-90 274
-15 186
23 286
132 -70
52 105
624 113
66 -91
620 396
86 -229
287 -188
-193 -145
107 -256
-303 3
240 142
-217 82
194 326
-133 62
478 193
-191 -139
249 524
-185 86
-85 266
-327 -66
264 330
-102 -160
641 182
-28 -245
876 326
-89 -168
650 116
-230 -185
839 242
-432 216
539 123
-686 -157
580 -375
-138 -358
327 -260
-302 27
100 -209
-634 407
319 260
-439 406
76 232
138 329
242 72
-120 171
144 -91
8 -105
390 -146
149 139
39 343
-501 60
-594 -98
-386 -365
-147 -10
278 114
-57 504
178 330
174 200
-45 220
453 270
-184 -93
-4 554
92 -181
-43 54
85 -291
5 7
62 -113
47 -30
-255 -97
275 171
-146 -270
247 128
-90 59
-103 17
-23 61
-373 47
-80 -127
-28 135
293 -67
11 250
336 118
-64 308
227 -58
-239 462
-315 307
42 280
-357 195
-200 149
144 -111
-55 -120
219 -36
291 243
208 -98
194 266
44 149
-125 265
-133 6
-61 267
325 57
-308 483
349 170
-380 73
360 -152
-386 -18
445 140
-101 -283
129 315
47 39
39 -36
10 139
168 -255
-447 347
239 103
-622 195
-100 64
247 231
-57 -473
355 482
214 -123
-335 -71
168 -170
-34 -519
273 -22
397 -8
61 75
-68 17
-250 -5
16 25
18 -350
6 -32
244 36
-275 148
-214 -157
-479 226
-242 -265
-233 -141
-42 -191
293 -63
-220 53
-113 216
-207 -13
-164 408
123 -124
-317 294
80 41
201 -147
-97 97
-68 346
-294 -34
-399 325
20 -224
17 82
349 160
653 1
191 364
254 177
-226 79
-380 -5
274 -299
-185 227
386 -162
-221 552
280 -451
-219 396
106 188
70 116
-498 194
291 198
-142 11
-69 140
95 -179
-2 177
40 -220
116 195
-353 -48
27 -23
-279 22
176 -193
-142 144
231 160
-29 197
219 341
5 219
416 61
-451 -57
507 49
-442 -365
-76 71
14 227
-9 -70
-1 294
280 -318
97 -2
211 -556
120 159
52 -422
340 294
-401 200
474 233
-576 -167
194 -318
244 -139
334 -262
34 256
-39 137
-18 -201
-225 34
225 -28
-120 11
-368 -172
137 38
-328 -181
88 213
16 248
128 -82
487 233
447 -97
520 -70
35 -183
162 -128
-65 -148
31 28
-227 35
-71 -27
-382 -410
-19 -184
-176 -508
-120 -77
-232 -198
-150 -309
198 181
191 -698
177 276
236 -372
198 88
-333 -120
270 166
-218 167
37 104
-82 544
-24 -72
242 301
157 332
631 -31
202 520
151 -194
153 -91
-399 -391
118 -161
-272 -245
-214 -106
-99 54
-51 -169
2323 -1084
-336 895
3467 -1319
1406 1238
1422 -491
502 454
3038 -1174
1622 799
2100 -292
589 1305
982 -373
1327 1206
1950 -2083
-131 1157
2328 -1159
367 1230
2803 -986
-466 1659
2125 -1453
1408 1422
4233 -1116
-581 816
1640 -306
887 1460
2275 -7
-660 846
1679 -2330
-143 767
2392 -681
1520 480
2640 -331
565 1540
2910 -1407
-919 208
1333 -1254
1235 2265
4194 -1037
-1069 749
2413 -1609
-177 1973
2363 -962
-730 1019
3622 -1280
-98 1787
3071 470
-423 1572
2221 -828
-983 366
2413 -1089
-200 920
3390 -10
-334 227
2832 -155
709 -30
1345 -116
-547 1571
2308 -1643
668 1643
2221 372
-285 1839
3998 -1342
-1057 1625
2228 244
-1567 800
2021 -745
-596 -120
3732 221
588 652
2298 -622
1038 446
2685 282
-1595 2144
2127 -929
884 897
2730 -1124
-371 1370
2221 -751
-371 876
4247 292
-855 436
2503 1626
665 2252
1844 87
718 890
2313 -1022
707 1429
3840 -511
-282 1341
1288 875
-527 2041
2743 -899
246 -146
2674 -1225
-564 451
1382 -645
609 992
2564 -307
-982 1759
2544 -427
-771 832
1893 -300
395 1543
2782 -151
-1389 1340
2388 358
612 510
1908 657
-40 1448
1842 -2295
1344 1663
2714 236
-446 1203
2755 -1670
-866 1863
2770 22
-177 1969
2322 -704
-1545 639
2465 -826
-1725 1104
2845 318
507 503
2182 490
264 -87
2522 550
-406 886
2457 -1179
-222 2217
394 471
-281 -606
554 615
316 750
-206 384
-282 -507
1612 1336
569 489
63 117
-1126 -595
-929 -270
-96 -1119
600 -133
1313 580
653 627
205 703
393 999
347 -329
633 -1959
1391 116
698 84
335 58
238 -855
-675 378
897 1350
407 709
687 336
-239 -208
-189 2104
-425 138
615 -1103
1160 18
-142 408
-191 432
388 -42
-1151 -88
1854 209
1450 -168
84 758
-154 286
-257 155
-404 349
631 627
1864 -371
953 10
-258 1103
1299 133
146 -283
1024 1807
400 86
-157 74
799 -533
-177 336
578 -767
68 -1306
-451 -229
1934 654
-360 1829
655 -8
1350 539
1483 -438
355 230
320 2675
-940 1184
235 -1057
-841 162
1255 642
920 -410
333 936
481 990
275 910
240 800
585 458
-816 -435
178 1201
215 -450
745 986
757 541
-457 576
-1045 737
-1022 621
257 -875
-348 248
-1082 31
976 -549
-377 661
-195 843
-561 805
1537 436
-740 -179
-2145 -227
76 465
1846 918
-167 -1422
1185 868
-175 823
240 856
262 383
-2 -9
103 -463
-762 1137
693 151
-15 545
204 9
-145 517
-735 -416
-925 -70
34 -1248
-9 1850
1290 -254
-537 -394
576 -760
340 1625
465 -641
530 911
-188 623
-348 576
1146 280
-339 -593
-1120 736
-490 1044
723 125
-295 -420
-172 1097
368 1223
33 -387
909 529
280 1407
-71 486
237 747
1452 665
62 72
335 175
530 305
-1294 1840
924 676
839 -644
115 460
956 -172
185 -377
351 262
-107 238
-149 427
393 670
1001 -388
173 -307
-276 -398
104 658
279 -1603
-932 16
1096 124
565 1151
-168 378
-352 599
482 595
-660 851
-664 -1280
-399 -332
169 283
-654 463
-299 -652
-810 -519
756 95
623 355
789 375
-1333 599
-149 -732
-1018 -504
-138 548
-916 -210
-301 -346
-67 1454
668 -398
-275 276
-25 -318
213 -858
1124 -1
-313 748
-342 639
-377 -843
-103 -730
408 -1627
1858 -132
-797 1418
-925 1077
-1473 -96
503 1025
-480 -889
605 940
144 -1192
-597 62
622 106
871 -768
-734 -83
820 1242
474 -104
674 -24
-1292 -716
-476 1127
-245 93
13 664
-516 -424
-7 124
-1762 -196
97 -48
-178 971
128 223
-35 -396
-755 1333
-1667 1291
275 -406
1022 -217
-811 167
-918 -1533
429 646
38 -955
-402 666
1117 246
302 -618
308 422
-616 841
-3 -727
-680 -31
-677 237
190 -444
-228 -1286
-489 -879
96 157
-441 415
-728 577
585 -1369
406 -896
18 773
85 127
463 -150
-276 -1522
-920 998
571 -1017
-1015 -152
1035 -452
-579 -45
329 -430
-77 -805
-369 -342
-226 633
1513 -388
-739 1643
526 210
-66 -1430
-1122 161
760 -662
1225 563
28 1377
-703 -1339
-1331 -255
487 505
-59 125
296 -770
276 55
-449 2039
134 -407
-432 -1071
262 -466
-52 27
733 416
304 117
1195 1165
-435 266
-521 547
-118 -99
365 -643
-176 589
-698 -389
-116 739
1577 92
-685 -1181
-504 76
-634 91
-341 -1158
959 -330
7 850
-1284 838
708 1295
-1068 292
-492 826
-377 -1109
237 -1444
191 -83
-72 -598
-179 1777
-1030 713
-18 -1014
683 -645
-503 457
95 -287
-1429 -1856
1051 664
400 -452
-35 -762
115 587
157 157
477 207
-400 -33
-646 -774
38 519
-741 -379
577 203
-170 484
-841 952
-28 -330
-394 448
-356 -131
-368 268
670 279
400 1178
1178 -750
-276 -691
-309 959
604 -783
-981 418
541 682
684 -158
1123 386
335 -93
25 -461
-79 -279
-697 126
429 279
-393 -1387
841 -441
1063 965
670 -640
-735 457
-1578 -298
157 -1432
-120 -917
772 1075
-79 -362
-712 -666
191 977
813 -831
70 662
-593 -132
-400 -331
-731 652
579 1321
-79 585
-111 -9
-298 -563
787 -101
-322 -831
-150 271
100 173
215 57
803 -350
1165 316
61 22
-689 291
1005 4
-23 637
1240 537
-1181 1016
669 1067
283 40
-574 -986
-535 -647
-437 -461
-43 425
-774 36
681 -822
338 -416
-704 -191
1073 638
-445 310
534 -33
-116 -330
521 -1935
765 213
340 -346
-706 -842
192 486
-298 166
-414 -28
209 48
1107 45
2753 -700
79 -491
-1826 -1271
2299 -652
-792 -659
-1314 927
-2527 296
1945 -318
-485 -641
706 -4268
-794 1205
89 1546
1520 -669
1278 -672
-978 -126
-545 -1789
532 -2301
-256 -1003
-1946 -646
-3959 -929
681 -503
-220 -144
-857 -854
-1019 509
926 191
1415 3103
985 -1912
-549 218
-2064 -1996
43 315
-7 -983
629 1054
1015 -103
1687 1073
-1067 -3380
-2584 -981
721 -771
-61 1777
-996 -1873
560 927
429 201
-184 369
982 -1468
864 312
-186 -1498
2936 -371
1554 262
1451 1672
1542 -1177
-1489 -922
-1007 1225
27 625
649 1264
2163 610
1673 -3753
1468 1015
-3283 -2165
1415 -918
-1440 -1376
-2612 986
9 -479
1906 -289
-830 -684
2540 340
1139 -849
-115 -1111
-1600 -1940
715 943
-2373 -137
519 -518
3282 -1656
-530 -300
-1859 -2171
309 1320
-52 155
1005 -627
669 -411
-2584 -355
1836 233
-123 -1474
-204 -3777
456 -77
-1114 -189
-28 2142
-403 -1750
-890 1062
1499 -604
2317 -292
1648 -3263
1268 2360
88 1065
1174 1667
689 -252
2230 371
-499 216
145 -183
3032 -551
-217 1285
2688 -983
1653 212
-16 -1652
1078 -1988
2189 -2246
896 -656
-1464 -745
-1009 -233
-464 -2460
1150 4007
-2995 -1331
2076 -364
1020 1650
268 2161
1192 -1107
-553 -69
180 -2390
-469 455
1840 -159
596 1451
2178 -737
858 -1183
-1618 -741
682 -244
-1504 605
-775 -965
1518 969
1056 2973
492 -1067
12 -828
777 2252
-1204 -1338
640 -1142
254 -2412
853 749
-2418 -2341
434 -1697
-699 380
662 852
928 135
537 563
-1921 -1578
-725 -978
-896 -1323
1853 -40
132 -1000
518 210
-1599 613
-2390 -767
-1105 -1142
1325 -1135
441 -89
1404 -905
-1043 -2359
-374 -1032
-62 -889
-915 -353
-326 -3483
1315 297
-1202 1813
-76 -875
754 -1538
844 -1915
-2364 -1416
1951 -1531
-2334 1433
-1992 -1035
1442 -487
-99 761
1111 -676
594 -1300
-153 -2409
-1223 660
475 -1383
1983 -1629
1047 -749
724 -86
-1581 -3374
122 -1128
1954 -341
559 1096
769 -956
144 1868
2733 612
1445 -435
-693 -2345
977 -2383
-512 -2586
-2393 -483
-402 -261
692 25
-158 -2952
2409 337
-658 2663
2403 795
-963 -2067
592 374
-178 -350
1684 -1479
479 -1103
632 -1883
377 -286
976 611
1448 -2284
494 512
-716 -1170
-432 407
394 -1431
1624 -775
1231 106
259 1966
239 309
1818 503
-931 -565
103 -1044
13 -1383
696 -1524
-3195 383
1136 1492
5292 1438
-266 50
186 -1321
1979 3010
378 -1000
1838 -2392
-185 -2468
-399 -1181
-553 1120
-80 360
800 -675
593 -471
2175 521
-506 -299
1256 -676
2303 193
1528 195
416 917
642 -1886
-1259 -1442
2487 1661
-885 503
1933 -2088
1055 788
174 -1424
-229 -730
1761 -498
588 1158
1291 -369
390 588
2150 -1728
512 129
928 1479
1122 -809
2004 -1364
374 -124
-64 -264
1750 -1806
619 -1449
-1341 -1281
-1227 -2315
156 76
-1152 -41
-1523 1130
1168 -3233
-1755 -147
-2093 1015
-240 442
-1548 921
660 1815
603 753
472 -62
1888 -1256
96 -435
-30 -1797
-161 385
1 -1257
-1191 -1778
-1542 855
906 395
-1178 -793
-989 -1523
1239 -2066
-303 -699
-971 -2369
411 -128
-1243 1064
-483 1370
-1799 -966
288 116
-1568 246
2049 196
-2372 -1116
-387 -914
-1662 1123
-316 -602
131 1874
673 1941
684 362
1887 -293
712 -126
793 -3472
176 -300
-531 -1091
-193 736
-3 1134
-1983 751
72 -1823
-388 -272
663 -539
1746 1289
-722 1401
-861 1708
1945 -2594
2302 -1300
1347 -750
-317 -1234
231 -459
-170 -426
-794 948
1544 884
-1558 -1599
-1477 681
1392 110
-304 -384
-2520 -157
-459 1115
1322 751
1469 -1188
507 -1886
222 -239
-128 1104
-801 153
1786 -1533
230 2301
-2214 -1412
1646 651
557 1727
1817 -2361
2221 -1428
-1236 2232
-1835 -260
1324 328
981 1453
-34 -1805
153 557
290 -1471
-703 -1364
200 2218
-70 -1180
620 -533
-503 526
-370 52
1041 -1051
-1766 -4
536 1366
768 573
225 -826
-197 -261
1189 -2107
-712 825
-1085 1671
-829 -1825
1116 -674
361 11
26 1513
-577 -1794
-1420 -924
1100 1177
-1381 355
-424 84
-755 682
149 1103
669 265
2521 -774
-1325 -454
-270 -3996
-985 759
-1885 1321
2372 64
-660 1579
-2439 -308
-1107 -1271
1541 3455
1419 -770
-934 -1999
403 827
-435 974
949 508
1110 -2983
-707 1014
-533 1544
729 1254
471 929
1550 -1356
893 622
-1157 -595
-395 435
863 165
260 790
345 273
1360 -357
1727 276
-313 -1385
-1951 -2524
3 1756
165 296
353 -1097
-1308 892
-1746 394
1078 -1364
1647 -1294
-880 -1750
217 -656
-579 -724
-1213 880
-381 1278
-340 1096
-116 290
-392 -2396
1945 -438
-272 2999
-312 179
306 -1076
1096 82
1343 1935
-1913 -1205
-310 511
-582 1238
-151 -824
29 -1152
-997 -164
275 244
361 1097
-237 -1027
798 519
-1469 404
906 167
553 302
1472 -696
-352 -87
-80 89
5 -503
-988 197
-2132 -1730
949 1565
-287 2509
1826 -1126
-1 1808
1726 -637
483 -780
-493 336
-3000 303
-641 1029
-70 2127
828 731
-75 158
-635 -1837
1600 2580
-2267 -1324
-429 -837
-1257 772
430 -625
1287 942
-837 2764
-242 484
-2279 -1724
-893 807
942 1349
-46 -1115
-604 1202
-422 -1870
1157 592
791 1226
576 -2490
-1562 -2171
-2447 -2391
-590 1106
-1180 1623
-450 728
-85 2167
458 -365
-315 -1089
924 -974
-1024 6
-912 492
72 400
1971 1017
-867 292
-244 -5
-730 -1302
1280 -2007
-634 -1256
-1103 -1451
657 1049
174 1981
1603 -771
-924 -1656
2022 -445
-1189 982
475 -760
1253 1360
-1698 -2926
-55 -1313
-1171 -1593
-487 -1749
-588 2661
-2180 -133
1106 583
692 1617
346 -833
321 471
2027 -796
-116 934
-1912 177
-2962 291
-2900 611
2945 2066
-2766 951
2365 1169
1733 -433
2182 -1278
-3009 -854
1810 64
1252 6413
1128 -3353
851 -720
-854 -1489
-1570 1848
1221 -1477
1664 4357
-353 1345
773 1535
2307 129
4857 1568
1771 944
231 -1291
2235 -867
1918 -2214
221 -321
-1187 -2560
438 3677
1139 666
1651 2952
130 -1234
1210 -700
-300 -502
1013 526
-909 -653
1282 2172
2201 1813
932 452
-1222 -1293
1422 1198
-401 -268
2074 931
-1465 1809
1399 572
-2141 -1848
2269 228
-3899 1894
-442 -1243
-2512 -937
-1344 2832
2469 1490
2785 -939
-690 -935
-2205 -679
-546 -852
-1244 4858
-1511 1070
5014 943
-1191 1390
3436 -753
2173 -704
1931 -810
-2109 298
4598 1334
-2618 658
199 1414
-1015 1119
3130 2947
-1654 -127
2644 -870
-214 1967
-2881 316
3805 1947
2417 3760
-1347 -866
2749 -25
-133 2502
1903 -735
2576 -869
441 -1274
-100 -1547
980 2840
1809 -689
730 -2012
385 -2120
-74 1130
808 -1569
-1615 -930
-2068 -1147
-1584 3510
-2579 -1741
334 126
-2084 -1108
449 861
-1189 1702
523 72
764 1939
-3596 -691
1678 -1308
-2498 3616
-2522 843
1601 2609
-306 3645
-790 3444
-624 325
1845 1851
3402 -188
1242 3414
-82 -3256
3130 1313
-3120 1791
-905 -3162
191 -1004
-771 -8
486 1014
-147 3553
1885 126
494 1299
-1538 -997
-201 2263
-1290 2333
2380 2798
-427 -1356
2007 1794
1373 164
-2550 -1379
-1676 -2770
-293 159
-1055 -1737
-1166 -3488
453 -271
-1321 -452
-188 1056
-1342 -780
2041 115
-2122 1843
767 -3062
164 -2274
-838 -3096
-2126 1026
1019 895
-2364 322
-1180 -530
-3139 -1438
-1682 -725
-1647 529
1470 903
1432 436
448 -643
-2943 1594
-1226 -444
-1036 2032
2007 255
871 1761
-1332 -1461
3580 704
2596 838
-1343 -1204
1810 -4453
-816 53
-1479 -245
-719 2380
4453 -258
-660 2560
719 -4817
1336 2092
-3102 -3768
-593 -1376
-2405 -360
41 1648
-581 128
-2080 -989
-3570 871
-1777 1573
-3925 -345
-499 1834
1214 1752
-699 2957
-2964 -1120
-876 -1322
-374 -85
-450 -1636
-3791 -368
-1778 2063
-2195 1365
241 1931
-122 2649
3570 -1275
-1381 630
-1231 -1370
1881 -518
-1737 -3074
1025 -5745
-1268 -3031
-361 1991
-2773 621
681 -2098
-4005 252
377 -1208
-687 1008
130 -1521
-861 1014
-1549 2164
364 863
2212 -653
288 -1097
1919 335
438 56
1573 -3104
-431 -1463
1883 -1162
-536 -559
1912 1323
3 660
1071 320
401 2135
5933 -2006
-863 -2721
-4324 -4119
-298 947
-2066 1994
-2494 -1824
-896 -1187
-2758 4256
1309 1744
1465 2940
2375 -2832
1306 -392
2430 -1427
-1267 1775
-2635 -2098
1367 -240
-277 939
-2171 467
766 160
699 2038
1065 1512
-470 2692
-1147 -2098
1741 223
-2153 1304
-3055 -831
412 1273
384 1253
-306 -308
-4017 -3360
120 1902
864 -1152
-1563 2295
-2053 -206
2068 -1949
-1266 571
-2712 143
-790 1485
-387 740
-2953 1570
-1024 758
348 1827
-1640 1973
-266 1119
619 -823
1039 -1928
-437 2257
761 -628
2100 -604
-753 -1646
1021 -1112
-2183 -2219
-2313 -2349
-1680 686
-2913 1118
-1341 -614
-1700 3334
-37 -129
-72 2196
2210 1683
1335 918
778 -3124
-561 1772
-1236 -1208
-1846 3342
130 -777
1715 3597
-514 -1545
3706 -1112
1628 -1870
3966 768
-360 -1726
2802 -655
-2902 -349
2704 1285
-2061 782
963 -3536
2390 93
-1113 -3542
-1286 -2555
-171 -1009
-2668 2237
-939 714
-1144 3795
-131 1511
1398 1584
577 -1858
981 -557
1972 -1232
-341 1201
1289 -982
10 2808
-2017 -825
-134 -351
-292 -3149
-1718 3536
-3424 -56
1561 628
59 255
180 1333
82 -376
412 916
-561 -1682
1403 1685
1232 -54
-1723 -827
-754 -293
3098 -20
1585 -1726
399 -795
-769 450
278 2721
316 -667
1881 -2742
2564 -1166
-786 2439
-1202 -3948
4187 1089
-2727 -735
-1126 -2907
-979 2710
-2155 1322
3652 -2843
3585 26
-29 -1053
-651 -1019
-167 2067
-3155 1097
1426 1259
-1167 3456
311 -2773
307 2916
804 -331
1702 740
2196 660
1195 1577
2816 213
607 -517
-1209 898
-894 1320
1124 -373
313 3262
902 1122
1066 -576
3124 944
-564 746
-1355 -443
705 -917
3089 1227
361 2973
-415 -1039
-58 1603
2352 -804
1613 -263
740 -980
-1827 -717
-3543 286
199 1231
2828 3935
1042 -2105
4265 -186
-1928 346
-727 -1709
2027 -584
2802 1047
-2072 -3077
385 1993
689 5032
1164 1074
535 -65
-319 -510
-205 1167
2277 -1269
2218 -1664
-2464 -1084
-637 -1698
-4260 1427
-2994 -962
-380 -603
1383 -1476
-1382 -1357
1360 -435
-711 707
-1259 -1346
-1703 -184
1942 107
888 5570
1100 -1777
-237 67
387 2043
3076 1827
1011 -590
-2080 958
-1784 1568
506 703
2100 957
2604 -1246
2030 1013
403 -74
1028 -860
-919 359
1530 1931
-2144 770
1980 -4068
-375 2128
512 747
-1544 1810
364 -944
1435 3631
-1440 286
1280 159
-83 1201
-190 2499
1903 276
1000 778
891 -492
980 2245
975 36
2359 -1241
-1497 -612
926 -2089
-2403 2424
1644 -439
404 1093
816 405
-230 -927
3094 2140
-3431 -1304
1065 -3478
-2277 931
-1894 140
-1547 415
-1872 689
-622 1703
4183 -1052
882 29
-663 -3450
-335 903
626 -657
982 2054
-3993 -1218
2550 2545
-1148 1622
1375 297
247 1174
223 -1131
-534 -2396
2728 370
2044 2719
1520 -1498
-99 -2320
-385 -269
-1474 -611
419 2547
-2450 -587
-1279 -2277
-163 4568
3818 1301
4946 3910
1120 -3276
2937 -3283
188 -2005
41 -3527
-370 -1999
-956 513
-1540 1438
943 272
-807 -2993
-377 -2520
-3642 -2332
-981 -2028
-149 -2500
-883 -61
-134 372
-529 -1519
1634 3784
-918 -2205
725 -2394
-1966 1523
-246 2132
-1701 -319
541 214
-967 1256
-983 -1133
1060 3354
1522 1407
2556 1358
2611 3428
1294 -3455
3056 -1519
-2388 -2036
-1368 -1147
-1705 19
1531 -468
-1873 2739
-396 -749
