-322 -1387
224 414
-163 -1093
-198 274
-433 -873
-128 -279
-724 -1189
-92 -446
-364 -1403
-217 -263
-62 -1136
-390 -233
-204 -1172
-247 -490
-576 -1612
-316 -637
-389 -1829
-500 -796
-13 -1325
-263 -610
-93 -1140
-267 -312
-381 -1571
-291 -413
-526 -1795
-451 -464
-233 -1426
-332 -132
-435 -1420
-413 -55
-106 -1610
-472 -289
-373 -1162
-622 -781
-298 -1427
-213 -646
83 -1737
-434 -359
271 -1769
-162 -750
260 -1711
-33 -697
187 -1353
-206 -1030
141 -1425
113 -1013
400 -1212
-41 -117
223 -1399
-267 -521
219 -1712
267 -428
436 -2190
-176 -520
909 -1875
-127 -574
419 -1738
172 -448
349 -2018
279 -305
41 -2098
44 -591
37 -2208
107 -563
199 -1963
150 -50
340 -1330
-103 -16
-71 -1494
-35 -130
619 -1975
285 -302
662 -1665
300 -474
310 -1759
396 -509
70 -1671
21 -338
318 -1964
-110 -520
483 -1716
-30 -282
-134 -1723
0 57
213 -1792
133 68
358 -1238
281 297
356 -1436
-82 303
319 -1721
-43 135
13 -1877
230 78
83 -1770
241 -43
420 -2020
-256 -248
820 -1949
-23 27
567 -1201
50 389
356 -997
112 97
673 -1089
92 -78
669 -992
255 -45
704 -1176
379 -242
1228 -1237
473 -427
1320 -1428
96 -23
661 -1526
-268 -167
316 -1751
603 -361
823 -1617
502 -50
842 -1547
47 -307
850 -1534
-44 -244
812 -1119
8 85
546 -1099
-226 439
-1204 254
282 -317
-766 503
119 -63
-939 437
108 -112
-712 224
180 317
-448 245
-82 432
-903 25
-70 527
-1014 -265
-284 405
-953 -320
223 19
-685 -328
708 480
-972 -117
272 286
-1362 -348
425 -150
-1172 -103
572 -13
-1327 214
159 315
-895 381
49 -182
-647 519
447 -112
-467 746
175 -11
-777 309
-387 -225
-251 79
-300 -380
-618 272
-73 -25
-994 -243
57 -48
-1143 -114
31 -114
-1144 -313
-1 -440
-446 -192
49 -285
-789 -102
-245 -61
-966 -323
-31 -362
-852 -300
324 -385
-1082 -377
345 -257
-984 -571
156 -101
-1012 -280
209 -369
-738 -535
292 -53
-651 -337
343 -225
-1005 -906
499 397
-737 -1021
-309 139
-876 -415
372 -4
-963 -878
27 515
-429 -1242
-98 -42
-609 -923
-20 -93
-773 -810
-103 -153
-580 -741
-74 -67
-619 -397
119 -282
-1070 -390
-29 -187
-914 -928
-84 -64
-513 -911
200 125
-572 -1160
271 -259
-158 -1045
422 -75
-300 -887
188 -203
-463 -1223
356 -789
-600 -1071
54 -529
-569 -1129
-137 -603
-234 -1376
321 -61
-101 -1791
-201 257
-17 -1455
-441 -290
-158 -1008
-140 15
-61 -1002
-774 272
-1 -983
-403 -135
-64 -838
-304 -82
134 -811
-151 -123
400 -711
-21 -403
418 -530
338 -222
298 -715
-76 144
491 -829
148 207
531 -847
87 109
279 -980
-131 -84
267 -1542
-292 136
-138 -109
-210 -32
272 -296
99 -437
209 -111
114 -112
-361 -217
220 -221
-82 -352
346 -544
160 -175
93 -548
-10 -196
-249 -409
-245 -455
-65 -419
-25 -427
138 -302
-82 -196
29 -99
61 -114
-50 9
-71 207
140 -424
100 -95
-130 -158
282 -87
-518 -262
-201 -525
90 -27
116 -684
84 -124
-107 -173
386 -456
-40 -182
180 4
95 455
-26 -129
-219 184
288 -215
-10 -388
491 -129
449 -629
728 6
255 -295
484 108
-2 -322
265 -379
286 153
389 -513
139 230
466 -484
307 -78
99 -166
439 -29
-55 -72
131 -246
-85 -180
127 -425
107 -59
175 -222
65 343
132 -227
298 163
22 -598
360 213
6 -594
-11 -15
316 -485
111 32
529 155
137 100
-154 -66
372 431
-172 -407
88 638
-235 -389
106 228
33 -624
66 0
-120 -22
338 148
-537 -72
162 534
213 74
-66 440
176 162
-378 239
298 -269
-49 92
396 111
188 425
-313 -23
93 774
55 -18
-302 555
29 54
167 291
64 -132
274 477
-103 -141
132 474
-56 -280
-287 386
56 -308
10 54
-143 -54
191 361
-96 146
96 513
-91 398
-72 515
25 229
-101 411
61 -72
-291 430
-355 -222
149 239
-448 65
217 195
-365 223
217 15
84 62
27 306
-134 124
-134 143
94 -67
206 -142
-186 155
506 95
-462 -1
118 -31
-265 -49
-43 -129
-279 16
-187 -123
-117 232
-190 -182
-341 298
-110 -242
87 68
-5 219
216 565
126 -54
261 619
70 287
168 144
-284 112
252 -38
-293 223
-116 131
-96 -101
55 55
319 -6
228 36
70 -110
145 144
-115 -490
22 32
115 -335
114 83
-505 0
-51 -22
-656 -67
-229 -41
-418 339
-78 -78
-430 317
-105 -247
-174 43
-193 -474
-147 148
234 36
-130 -1
30 380
-112 -8
134 -372
-82 -177
163 -95
196 66
-13 -164
105 373
-7 -368
-179 245
-108 -249
170 170
-279 -45
-5 485
-525 -56
-2 -90
-279 -222
764 126
-56 21
547 166
99 -236
-36 223
353 154
-348 -25
79 -152
84 -136
385 -485
85 -363
-84 -430
208 -394
-79 -484
135 161
129 202
-250 247
98 386
-110 -125
3 206
37 68
-146 -292
-305 395
163 -404
-96 189
69 -342
562 81
48 -573
745 -1
229 -722
280 443
-33 -581
-535 333
-392 -348
53 112
-439 -155
111 433
-129 -255
-195 52
-5 -194
-226 -430
-103 26
-39 -571
-63 321
-45 -304
-179 129
-261 -204
72 -175
-114 -238
-115 -301
196 48
-1 -441
199 55
-30 -81
223 -182
69 48
-197 -241
-254 227
-331 -181
-311 219
-225 155
-149 302
302 166
106 72
438 222
-2056 1641
-429 -1166
-2833 1109
718 -1118
-1143 548
1036 417
-869 1488
541 -581
-1578 2517
-762 -528
-1358 1701
973 -222
-1196 998
611 -730
15 859
543 -453
-2012 1617
538 -212
-2855 1009
-1845 318
-971 587
-222 -859
-527 1291
-461 -752
-1292 1893
-621 -223
-2682 1647
-1101 -345
-129 695
889 -176
-2359 1293
618 -452
-1544 393
772 658
-1170 1960
-1648 642
-1262 1970
80 -362
-2154 1177
425 1138
-2191 1918
-96 -447
-2444 258
321 387
-1712 1296
-927 774
-1944 365
-1311 -1126
-552 1418
1460 1765
-968 1165
-735 -160
-1047 2554
910 1102
-2950 833
59 -61
-789 -257
-811 1394
-1678 172
602 172
-992 169
-81 -8
-1858 1104
-778 772
-1567 1252
-534 -452
-2937 -88
85 -233
-245 577
-100 299
-2428 1938
-119 788
-1964 38
572 -44
-1609 691
-1074 813
-1639 536
384 -368
-1275 1949
-556 428
-1991 -250
-652 436
-1565 287
-660 -387
-2106 2219
-322 373
-1971 -255
-386 -576
-1424 1334
163 -625
-576 327
-377 394
-2090 369
-224 271
-1853 1769
-50 -146
-1326 1480
424 -389
-3804 870
-1711 620
-3013 294
738 -11
-1778 26
635 -477
-2138 1128
212 236
-1903 -513
315 -155
-2227 826
111 65
-2295 1505
-63 -150
-1652 -257
-882 -1047
-1816 -931
684 233
-1561 1300
-401 679
-1995 886
-566 -1930
-1889 592
-751 -717
-2549 232
-366 -434
-2334 -109
-865 -94
-1552 -315
504 -624
391 1802
-267 283
135 346
-886 -600
580 672
-463 511
17 998
-1090 -1695
-292 -9
-240 -399
1225 -326
200 -707
-203 991
330 102
252 1021
-112 1715
-259 501
-815 -831
-41 33
672 -528
484 586
509 -158
-1181 140
-459 -376
618 346
-15 -1499
-1324 950
625 635
-120 701
-1052 -284
-1248 -836
-213 -274
888 839
859 -726
-1265 841
-439 1227
54 17
640 302
681 740
649 35
-117 -398
623 169
793 2050
704 277
-1169 516
-739 -630
29 -643
557 -371
-571 643
764 494
-268 667
-800 471
290 -109
-1025 376
-1169 1075
-611 -154
-462 151
-77 1005
-571 1612
-1047 -593
-757 -570
-910 1244
599 576
-1832 -1864
-833 853
1280 -671
-1272 9
-1397 507
1367 1440
509 -1925
-681 283
187 469
-888 -244
774 -244
-823 622
-195 -122
-1308 547
183 229
-1030 -59
372 462
259 -478
-481 -1173
364 1162
-547 972
-276 216
111 386
429 304
487 57
-1448 37
-1048 -681
239 -281
762 334
-299 -624
138 103
-899 -724
-1505 -620
367 959
-280 1100
-73 804
-1720 -552
-37 1429
-177 -980
-1561 -567
793 -132
-950 -118
-1896 -576
-98 97
1108 -463
-1408 -555
-608 877
-619 34
930 11
-255 157
-114 117
-591 95
1180 1284
-175 -253
-1069 35
39 -499
-536 -195
-945 -259
-579 -21
100 -490
725 -1031
-207 -651
-168 -701
307 1046
-438 202
800 822
1345 -8
326 514
-602 378
-195 -1246
-650 252
976 -748
22 1109
-113 147
121 308
582 143
-477 -372
767 -981
-210 408
592 -57
-327 1107
251 -339
-802 -273
77 -1310
-678 -417
-422 -593
-279 -225
472 -1581
742 594
-103 493
-455 -2291
264 -1076
359 1018
1037 -726
-595 703
-831 1353
313 -319
770 -1065
-320 864
-262 343
-709 -877
405 -869
-13 1046
1545 -717
631 373
885 -5
-720 74
215 771
-615 719
-439 -1763
907 -1809
-167 413
491 502
-440 -511
315 112
533 -878
-1221 -236
396 194
-505 -408
-431 -1154
-403 319
984 -583
541 582
374 669
-459 276
-7 510
53 393
1224 265
772 643
1248 98
144 -891
-130 -71
742 345
-83 992
-564 512
-1192 -1467
-239 860
1258 -533
-1025 142
504 -74
517 -603
796 777
303 974
746 1520
-204 196
-579 -1644
-1216 671
767 1275
375 -145
-702 870
107 -309
479 -126
850 36
157 1126
-572 541
-712 -580
-1216 311
1602 -266
-817 -716
-615 1040
839 -238
1411 762
-1076 1038
120 -520
-354 -395
273 456
-687 -317
960 378
627 233
-668 993
-709 953
-191 383
-904 -402
-636 512
-841 23
-18 525
174 -114
496 818
-260 -208
629 -134
134 -151
282 -644
-584 1447
-1243 904
599 -402
785 888
-638 -204
-452 220
110 -395
104 131
485 -175
-978 1620
-88 1041
323 -339
-715 -249
408 -256
877 -1430
245 648
-290 -751
290 -416
385 685
-1578 -181
-31 -344
841 -125
-626 828
-685 930
-873 -617
-1194 377
-288 1002
-389 176
-769 -1578
879 -569
374 363
-820 -519
697 -1300
337 -744
-220 1019
-797 -131
-255 -120
157 -43
426 -566
-553 -929
98 366
208 510
-987 -140
675 -642
378 -1345
440 -275
-188 661
721 -429
83 81
-405 603
552 -583
537 324
-31 876
-441 121
-379 -186
-1822 986
-269 405
1458 -940
599 -268
60 453
-366 363
-840 -340
-1247 208
532 213
-519 -749
954 173
-207 -430
-615 -86
-557 1204
417 -251
454 -722
407 -620
412 1590
-745 1108
-1093 628
426 70
451 -864
317 1020
-397 -2055
-547 -187
665 1269
1676 549
453 181
-596 58
581 427
496 -707
25 389
-432 583
-584 -870
-1447 -363
944 -350
191 -630
717 190
462 -1090
-839 -439
739 371
24 -690
53 335
445 849
190 158
-541 959
87 419
-703 -907
389 530
-1366 -2097
-96 -473
1101 -422
-551 -81
-37 385
391 400
470 -1362
302 291
924 -424
-9 -368
1087 691
-536 -712
-239 800
-232 -281
-205 138
1319 -348
-99 -161
-306 102
-258 500
681 -217
-665 50
-956 -194
71 -52
-653 -358
-540 -201
-500 -128
-293 -1521
-31 -1217
-958 -217
-648 -63
-32 331
541 -437
-717 970
-18 -219
-325 -839
233 -3411
-1337 1507
3051 -1363
-262 2578
148 -2450
-1918 1012
268 -2396
-900 2422
1822 -2212
1566 1685
565 -3678
-944 1418
646 -1992
-725 2006
877 -851
-1653 869
2407 -3627
-1599 1172
2000 -2277
2989 -238
-1827 -2081
-320 1978
-480 -1209
-969 1012
1923 -2825
0 2492
3259 -3144
1539 519
-819 -1692
-1994 825
1468 -2888
74 895
1195 -1831
-1462 665
-735 -3735
2238 275
900 -2824
-41 2199
518 -1733
-873 -388
834 -2709
924 1194
3254 -910
-1493 1494
487 -3426
656 2024
-211 -864
1698 2613
-1103 -2371
-2858 -1703
1283 -1542
260 3361
-677 -3480
750 -220
2761 -15
180 1533
445 -43
478 -1236
782 -927
-2340 1148
-65 609
176 2177
3079 -54
597 1497
2262 -2675
-173 681
3762 -1897
-61 1002
-386 -1622
-586 599
1605 -3238
-1243 186
156 977
-2784 2624
1572 -417
657 -315
1798 -456
-1998 1582
1850 -2167
708 1381
1980 -571
985 342
2227 94
-65 522
2874 -2127
-375 187
3507 -28
-741 -356
788 -2922
-1146 798
0 821
500 -1153
4698 460
-1745 -1408
2939 -2359
-1690 1198
1196 -2131
-195 1635
3474 921
1912 -1500
4265 -851
-2527 -569
2135 -1209
-1648 504
1770 -3786
21 -756
2401 -186
-1603 -26
1330 -2743
-1288 -466
217 -2698
-2845 1155
-129 726
1671 1147
799 1701
-415 -246
3039 -805
-1449 -2608
1158 -1096
-1596 1526
733 -863
-625 852
3363 925
-1325 1068
1788 -1918
-206 1035
2252 -1078
246 144
-357 -2796
628 -945
753 483
1081 834
1109 -1839
1326 -1472
1177 -2264
1270 1924
320 489
307 -755
-1480 1487
-1000 -181
1702 -835
-598 -956
880 203
444 -1973
341 955
-278 128
1272 392
-1317 651
1183 489
-1756 773
4566 661
-587 -132
-726 -1422
-613 868
2716 -1574
-1962 -1554
312 -1671
41 604
1315 -309
-826 1000
-2548 -656
-496 3375
859 -474
2444 -781
-904 733
621 308
748 1081
-320 -298
2205 1413
-450 -448
-165 -2975
-482 691
2288 -123
856 2160
-1187 1576
-292 151
836 0
-1367 -972
764 455
-166 -972
369 412
-363 861
1806 -407
416 1257
1076 1293
-233 -585
670 -1428
1311 853
1172 1740
418 -1796
-1200 1639
1922 2339
650 1678
-1466 1197
3451 371
2079 -1946
-2697 86
-1505 1882
2015 3064
62 -209
471 829
-1492 835
551 -690
1562 940
1835 1530
-437 -137
1490 379
-905 -432
851 1362
1182 2472
331 -721
-14 -1885
880 586
72 -10
-344 267
-801 -447
1658 347
349 839
-2191 441
-2099 -1098
968 1740
-2699 2016
1274 1835
1878 1586
-1511 -1087
-442 342
-1245 1579
818 1196
-515 1430
148 1079
3198 2747
-1444 739
1058 -171
2851 1787
-1255 -167
-1858 -206
2102 1633
1422 984
63 501
-793 1577
-687 842
746 855
-84 393
-2252 -382
4 -525
1189 828
-319 -297
2136 12
286 1
883 -382
-2645 1484
-1736 932
-586 958
-536 2126
-1225 1874
1135 -485
-2091 -1631
-1632 -413
-368 -1017
-54 357
275 1291
-625 -597
-652 -872
-1741 -1221
119 544
-1503 1330
-238 -1298
-700 1647
-1087 824
1171 940
1350 478
363 -1941
1392 162
745 1189
1300 -108
952 -376
568 -57
267 -136
-825 307
-1208 587
-157 -2529
2104 3242
-859 1234
-784 -2135
-1816 2232
1265 -1542
1315 -563
-705 141
256 2911
-1543 -1504
1746 -1324
346 917
-663 -1035
-294 -825
-312 -1075
-1053 -783
-1021 -212
-488 -950
-738 -1169
-794 -1328
406 3123
-2042 3074
356 -334
-653 -1130
942 -1225
-1982 127
-739 247
913 640
-638 -1934
-312 1173
222 910
1453 298
-2556 1467
-408 -62
-597 330
756 1477
1912 630
1414 -1228
-211 -499
-1242 -996
-339 1390
-940 792
2467 1239
-1240 -21
915 -1694
676 -1673
1512 1193
-648 32
-1448 1470
3254 307
1174 1665
-1253 -526
-537 1
-2291 -1370
555 -606
1452 1396
2652 2781
680 94
-174 -2055
-764 365
1223 -905
541 950
-1216 1083
843 -1174
-177 -86
-318 -1137
801 1979
740 -1182
-598 1937
-218 107
1424 -813
-616 -478
-360 -233
54 -3027
1038 2338
-2372 1157
489 -463
-420 258
-1857 839
-1714 -773
977 -74
1321 -1186
1163 1355
-962 -1117
1635 -858
-318 44
-419 -625
108 -713
338 -66
658 -941
319 -287
-408 -1220
-1025 2092
60 -2329
3342 611
-834 635
815 -793
416 1102
64 469
-344 -238
-1173 293
-1001 179
2202 -1158
-1062 -1040
-369 635
-1437 948
1742 721
-963 2803
183 -1075
-1015 223
446 -429
-563 -316
1044 -1323
620 960
-1723 825
1135 -1205
-317 -2179
1305 332
1653 -1331
-925 -1699
960 -1736
802 3029
-1820 647
1536 -694
1611 936
-372 656
-256 -688
-757 -2241
527 -231
-546 1174
-2118 -787
-1805 1002
-12 1334
332 657
0 -575
409 976
-1507 504
140 3159
48 -541
1939 -311
-303 -253
1405 -1311
500 -2267
309 -133
-2013 295
-1152 -2035
1200 1660
1063 916
3284 -1472
1668 6
-2314 -287
-899 375
-858 -284
547 -219
-141 900
1442 -796
-563 1436
-440 -78
-1456 327
538 1069
2702 1096
-976 -1317
640 475
-63 1457
468 -225
-72 -2468
1245 -186
121 -445
-1116 1418
-1827 745
-603 -924
-338 2773
367 315
-713 -1981
-2002 -955
-1152 1800
163 624
-726 547
-243 2448
-418 985
619 -986
1207 1015
2217 -611
-836 -248
-959 -989
-1230 -957
-1637 705
1629 -239
-594 -19
579 -177
-864 -155
-526 -1517
-671 -220
-202 -3681
0 1543
-934 1248
-1429 1090
188 1444
618 1744
-568 1071
2285 585
1748 -1640
948 -269
-1169 -661
557 15
-1646 105
-367 -69
-1290 334
1191 981
1644 402
354 -1463
438 537
-2083 -399
1863 808
1058 -957
124 84
-1013 -69
1143 -132
1919 1440
-1130 -1279
636 -130
421 414
-380 23
1011 2081
628 1306
905 403
2568 -57
-200 54
-623 -1115
630 -2698
-1327 129
-1075 548
2583 658
5993 2124
-913 -2442
151 1283
816 962
4075 88
-682 -2024
3530 -1033
-1869 -2206
-55 -20
280 -400
2884 953
469 -942
2820 -1412
-3339 -3945
2501 979
-1970 -661
3060 253
-310 348
-893 2229
5568 -755
2427 1345
-132 -5137
3157 2438
-3846 -2653
3564 -1714
-2695 -875
284 2327
1076 -2459
2661 1135
-767 -916
-1232 1604
-1765 80
3241 487
3203 731
1586 934
-118 -1443
2072 -256
2796 -2994
1869 1064
2159 -1859
240 968
-1466 -1935
2445 -1715
1848 -325
839 -2748
2330 -1154
-223 969
3397 -1442
3632 3556
-592 -3575
2376 -2556
2753 -2047
-1634 805
208 -4776
907 -1388
506 -2840
-524 1829
1791 -561
3023 1243
3243 -3911
-426 -1168
-1136 -5758
-348 -890
-1463 -687
1400 3698
-792 -107
-1398 1691
911 -810
810 2034
1997 -373
2409 2456
3932 -4386
3634 -1127
-952 -3085
300 1797
1315 -1779
1687 -24
-421 -1894
-2318 563
1281 -2043
-1155 1064
-2806 -3241
213 3163
-1390 -1255
976 1917
-1702 -811
716 4725
1869 155
48 2818
982 -3165
223 4008
-2879 -3451
2815 4018
-769 -1390
1466 2
1453 -602
-1495 429
1926 -5390
-2433 3614
-1902 -2268
944 4504
-1317 640
467 3510
1535 3606
-2092 2873
765 -647
1035 3727
2383 -228
1311 3399
3576 1110
5700 1156
5416 -3841
-2980 631
1255 -5366
-2438 1149
-3016 -2560
1756 6630
1934 -1493
2450 963
2782 -1608
660 2451
-1142 -4598
548 683
2101 1981
-597 1018
-408 -612
-3125 3344
-13 3473
908 637
-315 -898
252 -2578
-2212 2534
-2381 2452
-56 4119
-83 -370
1446 -1312
-276 2355
1297 -1615
1337 1846
-2143 271
44 1719
-1301 -1416
41 1637
625 -992
1359 2088
-1257 -267
3090 1378
-1653 -2368
2065 -1182
-6548 -374
1428 1481
-197 2939
2168 1350
-3935 3667
2108 152
402 4665
773 -463
179 3993
2334 -234
2886 1694
21 -5459
2420 1630
-3183 14
1685 -843
-1753 -1915
-1328 -2113
-594 -198
-4918 -295
-1220 509
-1176 4006
132 -1926
-2531 43
-738 -3676
2326 433
-1808 2061
-214 -214
1263 1827
-1608 -124
2158 20
-1094 708
2616 -2352
-823 177
1294 -1350
-1337 -1459
860 -771
-757 1565
-583 -248
136 -109
3946 727
1491 -2951
470 -1071
20 -3571
253 -707
-3520 728
-1181 3659
1724 -913
2059 431
-2494 -3799
404 -382
869 -245
824 -966
-8 1825
-2664 -1230
-1180 -3718
901 350
-742 94
2042 -109
-2804 -879
-1166 -3537
-868 329
948 2214
-959 -1509
968 -1614
-572 -1036
942 -544
-2395 57
796 -1440
3324 684
1602 -197
-2297 -1132
4283 -4121
-2148 -1416
-2153 -4299
172 1274
-530 -3443
142 -3549
208 -837
678 -3805
-30 172
-3895 -3243
477 -715
-2063 1796
-2848 -2519
2012 1019
-70 2243
-2223 -2154
-1903 -1985
-1422 251
-1060 -1791
896 -321
-2242 -183
528 1225
1953 -1179
-43 1257
-326 -2363
802 429
-2910 627
-822 -48
950 1422
3563 -1428
1672 250
-397 15
-81 -3390
933 -5094
-1756 437
2320 138
79 1345
1291 -1612
2174 -1796
-1255 -2602
2115 339
-348 2488
2860 -179
-8 -1929
2522 -3266
186 535
499 -1442
-55 -1191
-2392 -805
-2750 -4
2124 1066
-933 -37
485 -1067
-2112 1161
-682 1476
1144 916
-220 1297
1148 1003
1164 -1882
1383 3783
-2547 -1816
2771 -991
361 2252
2028 -3967
-439 1383
537 -1750
2001 -111
-1386 -5314
3121 1021
-1983 1752
-1042 -1130
1301 2253
664 -81
-1038 2408
-811 674
888 625
663 2038
1785 559
1912 1387
374 -2468
894 -1093
893 464
-875 363
347 3324
3321 -714
1549 920
-261 -826
2017 3329
1061 -2109
2203 348
-3564 -1221
3507 -585
-1565 -1376
938 -1953
-1758 -2775
-735 -1758
-3726 1628
-458 -357
348 -191
276 -3272
-51 -550
-2507 -1884
-890 -1158
542 1884
-1457 1722
1547 -158
502 -852
2160 -1305
-4810 -894
-1942 -3612
1123 1639
544 -1736
2590 -195
-1002 -2728
-2477 -2397
-4922 -3213
-352 -828
-1225 3013
759 -127
-732 564
-405 -1717
1773 -376
-3144 1389
137 -262
504 702
300 -298
-225 395
-2144 -1943
1120 1815
-1597 1844
-1491 -408
62 424
559 1545
-2033 -3728
3035 -2182
-655 2023
1571 176
1314 -2097
1434 -1253
-782 -1724
-1465 -841
-1364 -2067
3041 2264
-1453 1893
1455 -716
106 818
-107 402
-1428 -311
-66 894
-1492 2072
770 847
-5 -3266
1261 1066
-5270 -443
433 -1537
-2863 2790
-496 -1809
899 -1088
1168 779
1648 1612
1080 -1399
-1893 -937
1455 -1255
65 -1715
3691 -858
-4380 -1015
-27 -1951
-568 -55
930 3515
-645 -483
1664 -1086
-1266 2805
-493 -1738
890 424
-1933 314
1951 2639
55 1607
-298 1554
3581 843
1194 2693
-334 -2358
3480 -323
-3427 1122
711 -1178
-833 805
1051 1297
2338 2939
444 -393
1835 -1286
3997 2158
2481 -1169
1178 -1757
-1287 -1601
-252 -511
578 -1130
1631 -1125
-1230 -2487
-1332 407
-3959 131
-521 536
-3639 3347
280 512
-2375 2775
2686 -2357
2441 3404
-50 -2399
-1212 -903
-1392 144
-1300 394
2590 1676
741 270
1076 -1766
-372 -153
1796 -950
496 2525
356 -2084
2988 1824
596 -1038
-1654 -838
-3062 -1581
3000 1139
-1298 -741
-1193 -826
-1201 1761
664 2158
-746 -1262
1931 -1582
1563 -1656
1954 -24
169 125
665 -369
392 1105
-1050 1242
993 493
1769 -2129
1966 -1230
423 -860
146 -3771
342 -2968
-1298 -191
-2430 596
-1938 1903
5 1789
1780 3902
2045 1724
2861 560
-2699 1193
-216 -1294
-666 2830
1493 -590
909 1610
-217 -490
2377 3657
-1026 -3671
3158 -789
1746 -2267
2226 1007
-536 -4182
-1473 259
-4650 -1121
-1925 3682
-3045 -983
1957 2203
-2381 -603
802 336
-676 1804
1 -2364
-1546 448
-1605 -3003
-318 3901
-673 -2286
1748 697
-2481 -1204
-2173 1507
993 -809
458 -140
-118 362
-1915 -1427
3006 2833
-1060 900
1582 -2082
773 223
-1261 -1352
-2320 222
-642 530
-2863 1663
-1151 -1140
112 2914
473 3638
1521 1212
1671 1632
