7792 -9589
7762 -818
7793 -6117
11198 -7252
10692 -4466
11736 -3248
10318 -8308
11126 -1044
9409 -1509
8110 1897
8690 1040
9145 979
6254 245
12596 2216
15928 2198
13334 5096
10146 4631
7189 8783
6689 7777
2210 8225
3381 8442
-960 4954
3798 5344
73 4646
3995 6156
1989 2334
4372 5819
1979 3130
1881 4986
4206 5409
1442 6831
6496 7076
6045 1324
2604 2658
796 7929
3938 3854
3842 5630
7930 3396
10502 9291
5799 9503
5563 10497
3491 13097
6823 12870
-1328 11653
-511 13702
-1827 13274
-5455 11204
-1689 9375
-8454 8456
-8004 9610
-8444 6279
-11783 6670
-9728 8507
-10940 7059
-10381 -565
-11166 3585
-7231 927
-7557 -61
-10648 -1396
-4873 -2080
-4324 -699
-5757 -1394
-4649 3855
-6472 -122
-746 746
-3857 894
-8085 1139
-5785 3693
-7999 -1112
-11095 -1156
-7083 -942
-6190 475
-10797 1809
-10011 -1999
-14924 -2833
-12099 223
-15182 -4474
-10095 -9534
-4989 -8700
-8750 -9289
-4974 -6150
-4831 -14851
-7092 -14334
-525 -11760
-890 -15248
-3092 -11915
1826 -12212
3071 -12399
3792 -13333
1018 -11039
2664 -7359
6692 -9749
4935 -6156
7296 -10179
3577 -8033
5257 -7057
7322 -2482
9200 -6978
6732 -3435
6662 -6404
8049 -3046
7940 -3435
7488 -3044
6685 2111
2255 -1260
3281 2236
-213 -2767
3545 3447
2651 1556
1385 2225
2468 2797
-568 1448
-1608 -3623
576 -3270
-3418 -897
1758 -9106
-2948 -8605
3121 -9700
6033 -11654
4330 -14134
7210 -9264
10364 -4959
11617 -6002
11284 -2101
12623 -645
14232 61
13841 5356
7632 4858
12140 6049
7024 7318
2460 14494
-1472 12114
4095 11861
2020 15394
-3878 8850
-7997 9925
-11478 11747
-10216 6779
-7971 7532
-16813 -459
-11335 982
-9818 -3766
-6813 -5588
-10371 -3055
-7125 -8990
-3741 -4207
-5286 -5519
-4355 -9960
-136 -8843
-2944 -10593
-660 -6332
-649 -9345
-592 -9972
1421 -4301
2113 -7534
3162 -7808
3343 -4861
4740 -7116
4517 -11152
7279 -5262
4549 -5770
4129 -4280
2150 -6082
905 -5090
4806 -5176
4210 -9152
8190 -8196
6374 -6351
2035 -2057
5019 -1584
6374 -5641
4585 962
4612 1401
6529 681
2558 1596
2762 115
1752 -859
1322 -2586
7787 -4041
4976 324
708 -1317
4377 1908
3392 3319
2150 -3274
2091 -1170
1750 -553
2416 -1989
1937 481
1532 -2853
1734 783
1999 -2249
3696 -3443
501 -2632
2332 -855
3264 -2627
-6178 -2980
-3051 1208
-899 1626
-5155 -3295
-2606 -3704
-1223 -3943
845 -4702
2582 -5003
-407 -8107
2380 -8419
2778 -5858
-262 -5521
616 -7290
2271 -5541
6224 -5945
4633 -8267
4329 -5701
5601 -2599
8052 -4277
8293 -2742
5043 612
6807 2244
6773 1727
5779 703
3188 2349
4264 2169
4715 1065
89 4227
-3668 5093
-1666 4608
-4121 7048
-2261 7979
-1271 2633
-3861 -514
-2448 3610
-4492 3363
-6898 -2065
-7902 -7055
-9787 -3646
-10863 -7215
-8024 -8619
-6247 -10618
-4532 -9130
-1139 -12551
-5465 -15255
-2561 -15107
-3920 -15261
3328 -12614
1327 -9160
1780 -19272
4656 -13666
5952 -14574
10154 -13088
5942 -16178
10414 -12656
16310 -10292
14495 -12616
10614 -11006
17077 -5115
18976 -1337
14236 -475
20008 2843
17898 2226
12881 1377
13004 3886
8442 5666
9184 5888
8516 1166
6024 6348
3120 4465
750 5096
1182 2833
-1116 3844
1063 -1148
-2290 2219
3773 367
106 -278
1650 -153
1557 -935
444 -2160
983 -7579
4033 -4157
3359 659
5610 -2608
3008 1465
4521 3656
8312 -1232
4681 -103
-132 -1464
3807 1580
1198 -782
307 -4507
3092 -6465
5053 -2833
6661 -3911
4088 -3063
4432 -3396
3431 -3560
3483 -8531
6200 -9419
11140 -6743
12076 -717
13966 849
15112 -3835
9000 -4687
8397 -435
11868 -2106
12423 2488
10946 -78
12994 253
11348 -2549
9975 -81
10765 -757
14125 2347
15229 2143
10282 9818
11454 6537
10548 5248
9336 5777
7588 4017
9280 2791
4813 8660
2991 4385
5502 7701
2077 3340
100 4726
7061 9162
3225 1079
2649 7723
2125 -1224
4339 864
2149 928
6116 1237
9051 -5816
5292 2048
4128 2127
6113 4250
7318 2294
7855 3419
7219 456
5404 5452
5708 5551
-899 8196
5715 5420
8137 4051
4134 4904
1130 7605
1072 3181
986 6311
1387 3706
-651 1433
3530 -2828
3228 -497
6394 -249
3329 3823
2682 248
3004 -769
3679 8
-577 -3274
5990 -623
6394 582
2441 1994
1148 496
4996 -282
10451 -1394
8126 -655
10657 689
13254 863
11650 3570
9277 3417
11549 7583
5373 7120
4286 9194
9301 8309
7894 8714
7247 10629
5709 13512
4145 12315
5308 12367
3751 7844
339 14737
611 11786
-868 8249
65 5417
1275 12463
2395 3832
-1114 4136
2536 8630
755 5992
7012 8329
6880 9646
6794 12910
2858 15444
-269 14183
-1916 10302
48 11888
-1809 12999
-6076 12883
-2883 13719
-6567 14444
-11783 11804
-11503 12284
-7082 11904
-11715 7659
-13102 2070
-13671 5861
-9063 3010
-5642 -1054
-10727 1564
-9328 5268
-6914 -311
-7423 -76
-5444 -4981
-7883 -1792
-3926 -3139
-7792 1203
-8026 -375
-3622 -3652
320 -6831
-4192 -1652
1065 -2505
3780 3370
-730 4238
-1907 287
2049 3712
-763 978
-2623 5311
-5749 5364
-7678 863
-5305 776
-6100 552
-3609 3087
-6319 2791
-2591 470
-3541 3057
-2824 3159
-1741 1085
-1710 -952
-6450 -2840
-9097 -728
-5718 -1325
-4677 -5524
-355 -625
-3831 -301
-1414 -5093
-1558 -3186
-5391 -3599
-3136 -2111
-1750 -5143
382 -3214
207 -2436
-266 -2161
6693 -3877
-695 -1616
1268 947
5404 -2391
574 2948
2069 -2508
-2225 3362
613 1569
1472 572
-1919 5107
-351 5674
-1388 3119
-4593 336
-4126 2826
-8218 5495
-7750 877
-9694 1377
-9364 -129
-11573 -1787
-11180 -5951
-6293 -6943
-3299 -5710
-2551 -8584
-1307 -4315
112 -4781
-4335 -3563
-2275 -6318
348 -6759
-1502 -7902
367 -3960
-431 -8080
-921 -873
-2862 1130
-476 -1178
-1693 -3220
-605 -3226
-85 1797
-6738 1221
-3471 -1622
-7048 -229
-2554 -5948
-1847 -4607
-2336 -4340
-2337 -4876
-6804 -3126
-3497 -9203
-3157 -8959
-1405 -13883
-666 -8609
-1234 -9590
1027 -7120
-1754 -9931
-859 -6503
3771 -8635
939 -6495
1132 -11279
2737 -7103
1733 -8529
2508 -9566
3133 -9795
6517 -7784
5715 -5804
7146 -7760
2687 -8774
4170 -6411
8282 -4177
7515 -13600
2260 4294
2694 8815
1519 3610
3077 6184
-185 9296
-1884 2282
-74 2577
-485 -1686
-2945 8466
-1472 10874
6875 -7708
-14726 4477
-9209 -17281
-5196 -5630
1289 1322
888 -3659
-1300 1458
6224 3351
4322 -14729
6553 2382
-189 -1571
13438 -440
5640 -15468
-797 -3800
1767 -2084
4456 10193
11316 6380
9080 2524
6919 2236
-3769 5810
-4852 12712
10738 11806
-7192 410
-12424 7460
-1502 3689
-9171 15333
-5553 8609
-6511 10199
2291 6442
-12595 12220
-17982 -427
-11179 10128
-13182 5632
-11752 7644
-6987 -2835
-14744 8248
-9331 4796
-10753 -2993
-17042 8959
-10624 8167
-6591 -3184
-6520 -374
-8246 -11401
-9679 3451
-2174 -1097
-5242 12788
-10574 4273
-10164 -3158
-4744 -489
-13626 -3915
-3529 819
-6773 -2408
-13923 -8629
-8740 -3908
-3937 8038
-21040 -2820
-21187 -6670
-6321 1502
-17607 10100
-9973 4089
-2532 4509
-8373 15571
-6854 11
-8321 9507
-9498 -9762
-19121 -2797
-11392 -283
-9228 2751
-13041 1015
-14145 2078
-15959 7928
-15336 3262
-14566 2104
-8170 2544
-25441 -5894
-20146 -11956
-21026 -4680
-14154 -2092
-22996 -10323
-10086 -8757
-19619 -19328
-20788 -12528
-5018 -14263
-9187 -21477
-16049 -22946
-2829 -11331
-7354 -14248
2384 -7067
-5722 -11882
-3558 -12578
-8504 -15956
9652 -23709
3242 -12883
11721 -11409
9474 -2125
10941 -11047
4314 -12136
2993 -9094
12065 -2847
12253 -7330
11687 -3511
15137 -1018
9747 -8866
-314 1020
3907 2265
6406 2595
12776 4918
10703 4157
10347 2908
8246 -1241
758 9050
2044 3486
5121 9580
-12598 5429
-5884 4225
-1912 16799
-18109 1956
-4311 19226
-4203 8159
-9028 2891
-13413 15460
-10219 2530
-10415 17060
-16713 -10463
-12773 -3394
-19481 -3232
-9139 -16
-2654 12045
-6198 -3769
-11669 4381
-9272 9469
-10924 -10526
-17646 5888
-7145 -5318
-5383 -9571
-9503 2003
-5608 -5532
-4927 5662
-15508 -8532
10943 2766
-15358 -5743
-6637 -9006
6144 2152
-1438 3265
-12037 2647
-2966 -4389
-3863 -3507
-6799 4379
-10112 -1235
-4746 1885
-10115 320
-5328 5272
-14164 -6682
-10670 8796
-24564 3895
-8000 -3726
-5066 -12314
-12609 -6675
-9458 -11400
-5136 -10469
-10242 -18416
-9254 -17685
-3435 -11451
-8465 -16292
-1142 -10562
5930 -7876
-8860 -8406
-2073 -12126
7261 -10699
-915 -13365
5761 -12047
5168 5337
9066 8715
-2595 -2807
-1649 -5241
596 3850
3317 -5814
117 -5388
-509 -6253
-10488 731
1663 -3982
-1168 -6469
2434 7649
-2272 2654
10220 -5487
-2927 -1590
-4956 -9596
1508 -4700
-7964 622
4740 -4196
-1371 -2580
-670 -5621
-14524 10672
-14811 1808
2199 -2687
558 8837
-8075 5863
-19109 -3212
-10077 -1049
-9712 -7885
-10886 -328
-7342 1279
-20183 -15076
-5678 -12693
-7715 -21153
715 -2170
-1733 -18681
8623 -12562
-13890 -10325
6108 -12793
10943 -11622
12734 -15228
11969 -6221
12515 -8036
12612 -16682
7543 -8893
6259 -6616
2912 -7941
8887 -6667
-1813 -9034
16 1415
1958 -331
6194 -2742
3457 -5023
6295 -3457
6956 -8640
-2013 603
5929 -1249
17685 -2585
7520 -1442
-175 -2889
10719 -14505
14544 1946
16316 -143
15927 -8418
1135 3782
10046 16787
1446 -1209
-6504 -7124
2157 9364
16047 12001
-1234 13731
-5881 8884
4909 11350
-6734 -4431
-3027 9674
-1464 3984
2132 6053
619 -1862
-1097 2874
-3623 8782
-14104 -3144
-2171 499
-4786 -390
2292 8137
4434 1885
63 1182
2292 -910
2154 -5829
12657 -4721
-3094 -11897
6922 -2765
3567 -6028
11082 -10895
12209 -5725
15322 -10051
5438 7334
12477 -3386
20249 -2577
11983 11379
21079 5615
19471 9263
14645 3194
10535 1998
12782 17383
8477 14519
8988 7908
10183 10276
8916 12945
15843 13027
10193 8792
9676 17495
12214 14927
-2376 11450
-14885 13040
1387 14059
2814 18298
1327 20428
7627 21329
-3808 32598
-5003 15541
-11729 16163
-5646 23618
-22932 29151
93 11908
-8517 28328
761 14748
-10403 14300
-15045 14211
-14568 17552
-17168 16842
-20556 7843
-19210 10342
-23300 13823
-8085 -177
-11681 2927
-14046 4560
-6327 7113
-4815 4367
-4518 -1216
-13669 966
-11214 -6748
-7249 6256
-8513 -7846
-2473 -3646
-831 -4647
-4727 13456
9529 813
7429 -1045
-2911 3239
-5652 -332
5915 16135
3870 8878
3374 7372
4334 9636
1097 6718
-12804 13032
-6971 11944
-6121 19129
-8354 10673
510 18575
-12769 6069
-5912 21545
-10114 8846
-2056 17146
-10177 15635
-3563 11073
-18654 9682
-12668 21971
-14174 8423
-8476 19694
-6541 15434
-7461 6573
-20541 7672
-18364 936
-4831 8894
-10516 1524
-24522 8103
-17601 13629
-19255 6659
-10770 6945
-16448 13748
-8319 8567
-13483 3822
-3100 11058
-4544 -4356
-15000 15483
-22482 11123
-22642 16820
-5664 -3062
-7073 -3476
-23930 7758
-11095 962
-14359 5162
-18302 -3558
-19909 -215
-18189 8743
-21138 -7564
-9735 6569
-10050 1090
-17762 -2597
-11343 -11564
-9907 -8948
-13629 -5520
-24313 -13213
-15298 -17151
-3153 -19364
-2877 -7768
-10093 -6402
-4263 -6427
-5866 -10703
-2994 -4596
507 -1495
11398 -3692
11643 -10188
-696 1564
9024 4898
-3139 -756
2207 -702
-779 10983
-19352 60
-3840 5693
-10719 -4249
-1601 1220
-13492 -2470
-9150 17276
491 6732
-17327 11558
-13330 -613
363 901
-7391 4262
-16576 -5127
-156 3193
-12531 5653
-5152 -46
-13251 -1523
-12494 4393
-10571 -6683
-2435 4509
-14442 -7192
-6229 -3071
-6029 -6411
-4022 -1151
6093 632
-634 -9216
6438 -5402
2123 -2413
-11999 -3406
3686 8775
-10467 -1459
-12894 3307
-11264 10538
-9264 13325
-9798 6932
-11989 3204
-9937 -4910
-9912 -1788
-6824 7099
-11229 4945
-15224 4505
2007 7553
-12617 -4426
-16712 -3606
-21706 -5657
-19261 -2750
-20450 -989
-24385 -8644
-16786 -7891
-18804 -8109
-14630 -6430
-7124 4401
-10643 3354
-13944 -18994
-10828 -4998
-4485 -4594
-14050 -9784
-3243 -8885
-9829 -520
-5661 5687
-6513 -7907
-9231 3709
-8443 -1242
-11566 -6749
2400 230
-10164 -6381
-19608 6639
-18761 -15920
-14441 -11238
-14287 -15142
-15756 -16285
-25201 -10954
-13264 -14499
-3489 -6098
-3524 -18839
-8372 -24774
-4227 -17142
3976 -12956
9688 -22502
7196 -16387
-3469 -11175
-8530 -12311
3846 -13124
11535 -14690
-347 -2991
1769 2428
-3169 -3088
-11671 2578
-9984 3083
-8395 9801
-8159 -3359
-15855 4902
-11220 3705
-9963 3752
-11925 -10787
-5208 -15466
-12517 -16331
-7968 -9899
-7633 -20097
-14006 -16996
-2712 -13501
-2421 -22765
-11479 -19124
2646 -20028
743 -9208
3719 -10502
9150 -9242
18295 -6458
6296 -1258
14371 12677
11593 -8689
11588 10271
6790 -4357
9045 -656
5301 -3019
20100 3362
-5164 -2192
3514 14847
10456 -1442
20750 4608
10586 19093
5674 -4435
-13406 -1846
-6308 22088
20104 -6413
-1709 29184
2074 11765
2506 7454
8727 5161
12375 -2964
-831 -13118
1045 20116
-11132 -3417
3435 12831
-7515 1231
-5829 14607
8955 6800
-17051 6716
6421 116
-10608 10077
-12165 7856
-7877 -7247
9848 -54
-1072 10478
-10015 -1138
14256 9489
12161 5490
-805 21423
608 -2113
-24234 -4193
-10838 -9536
-22912 -1643
7839 -18432
3580 10151
-11290 -6744
685 1290
6381 -13473
-2364 7133
-1237 -12345
-3950 -4751
-2375 -1180
6131 -16323
-5233 -28806
-4433 -12042
-5473 -12446
9309 8494
15623 -17608
110 -4156
-11240 -30637
15790 -8810
4284 -8066
-6321 -1052
12580 8776
-8540 -12652
9974 4817
8863 20653
-663 5753
-6735 -13811
20581 -160
27261 11662
5381 2041
9769 -15625
-2075 -5064
-25410 -7151
-2709 -19518
8159 -9926
5053 -19291
14779 5699
10621 -1061
-1339 -7873
-1414 -4054
-7471 -12780
5487 -3548
18678 -16186
-4916 -9700
1081 -14014
-9475 -4838
21136 10528
1940 11213
7125 6070
5765 -17389
20109 -4105
-13311 -5461
6652 10259
11790 -9340
-5905 -6391
7494 -1655
3560 -1122
-7849 -8540
12773 -22112
-659 -7143
5236 5009
14493 -1701
6122 3732
-5862 10045
15645 -4453
1673 -8540
21127 -11426
4638 -2981
15461 6625
9685 3323
-9427 -1663
-4571 2677
-3947 5730
-26129 4573
3058 -5288
-4471 -5533
8844 752
-129 -8606
-21167 -10216
-6574 10986
-12435 -642
-623 1567
2440 8999
-561 -11934
497 -1962
24775 -4960
-2163 -10586
15853 -23844
31795 15498
19143 -18104
24436 -19807
30805 8233
11220 -19472
4622 4304
18545 -13080
21785 30369
29571 8105
25408 11060
-3981 19895
12813 1122
9298 18832
22366 7323
2758 -9830
5737 36045
19552 2194
-3186 4346
-4233 22904
-2288 7371
-10411 26048
-713 -1216
14948 21597
-29177 7152
8479 13127
-4965 10245
-25518 7408
-15041 13283
4414 3223
-13051 21944
-12630 16928
-15568 11203
-4540 15721
-26087 2772
2472 -3276
-9798 -1774
-2607 21278
-10196 504
-900 7281
-26960 10734
-6570 6934
-9908 1808
-8881 6253
-16271 -3476
-9634 5605
-14327 4034
-8406 -11191
545 16639
-21234 210
-9428 -4359
-10415 750
-7694 7821
-2904 811
-4532 10308
-11284 -3246
-8113 -7311
-14878 -23622
301 4411
-7960 8007
-23286 -18449
-20210 7120
-10912 -10069
-11254 -8358
11163 -17678
-9207 -6299
-17843 4186
-21177 -14986
10719 -14281
-19350 -11641
-2031 -10905
10178 2602
-4245 -6447
12824 -18404
-13541 -3479
4355 641
2584 -2541
29693 -19188
28262 -3253
-7711 7084
-6534 -12681
-3903 -10250
14550 -10127
12029 -5454
12443 -1057
11426 -20467
2567 -15840
21870 12703
8688 -4629
12244 15716
-10785 -24601
7092 13782
-7461 -15266
20649 -11513
-7506 -5336
5801 4507
-5695 -4791
969 -8149
14837 -10734
4437 -3550
7631 7225
14213 -1536
5120 4130
3603 -5075
24519 5743
11446 -2919
13813 -6096
9630 -3660
7716 3107
13118 -1721
2439 15570
11415 -5642
7358 -5884
-18462 1882
12779 1884
12726 -18016
1323 16338
2331 11067
-2843 -1188
-5594 14816
13651 -7666
17875 -19835
15767 -5367
24879 -546
15554 5110
10789 4453
15255 -6311
9347 2020
9081 -2834
5434 17907
8630 1517
5511 3484
1109 11413
15244 16934
2694 1122
6800 5475
27242 15870
23789 3489
21267 9936
-2001 5683
4242 1442
1692 19485
7144 10628
-16171 25869
-19189 13118
-474 31514
-11160 -5714
-1025 1095
-11417 24655
-15156 8888
-15496 3391
6030 -4004
4888 -2184
-23830 357
-6761 -9050
-25123 3269
-16702 -3980
-18409 2113
-1383 57
15814 -1946
11345 2572
642 -5297
-11298 -9537
-12 -1276
-2509 5207
5076 5993
668 3985
-10074 15834
12458 8395
19982 -15256
-13951 -3263
-20522 -9982
14710 -6785
10709 -10803
-2236 -21198
-3723 -6640
16382 2165
13111 -18790
35841 -23965
-3242 7290
16634 -7980
-3176 16752
5515 15542
21337 -7005
5299 -5657
11850 5908
14857 869
1867 5495
1263 -233
3325 3425
9715 16202
7743 2517
2253 11393
-2005 13945
-4811 6437
21783 13003
2313 14150
9377 6404
2929 27361
6339 7921
-11909 18566
-10812 4754
-20122 11037
-6903 13002
-2681 -261
-3113 14301
-23210 -4941
-15845 11228
-9949 -1633
-10661 -3883
-9074 -1913
7626 3864
-9133 -952
-15378 -15663
114 1372
-9606 9135
869 -11131
-12749 -30060
7018 -4962
-16629 -9999
-4902 -9518
-22320 -3306
11078 -13086
4881 -26647
13471 -1799
-4024 -30303
-1798 -7753
2015 -26144
19326 -8257
18972 -13927
10129 -26786
23065 -11351
24071 -11515
20573 -14812
22136 -7780
11478 -13384
17217 -5980
15123 4083
17456 8175
2359 10072
11333 27058
12973 395
20917 9670
26866 -18403
6351 15749
9342 14856
17328 4865
3088 23312
-1645 4745
3734 19348
15773 7206
14947 511
14077 5174
-10713 8402
1988 1943
5627 -6716
9753 18120
-7653 18736
-4063 16432
20008 20931
13857 24821
-536 27656
3564 11538
-5207 9886
-2443 10195
2641 13656
-7594 3212
-724 -6392
-7380 16526
-10916 9226
-7873 2405
-22121 803
2268 6212
4835 4401
-2245 -5967
20298 18174
-437 1345
23658 3292
-1433 8804
14439 13263
13710 9968
3023 4158
21360 4725
13259 18310
-7607 17201
-2249 8617
349 29992
-4425 5673
7800 -2642
-18438 13971
-4596 12639
-803 9006
-10242 20537
-8676 15689
1884 23180
-9177 10642
-2112 14427
-14551 11836
-15479 15593
-9433 17118
-23953 11893
-23623 22486
3185 21092
-38022 -6198
-17710 18179
-27866 14517
-15965 11506
-15370 -1584
-17136 -5987
-21948 505
-21688 3338
-14316 3484
-30699 -17354
-18333 -7546
-7603 1755
-36426 -18773
-19503 7633
-15366 -11475
-2124 -5890
-1425 -17915
-12046 -15423
11001 12393
21041 -7568
4961 -1510
-9021 -15597
-1676 -7785
-1651 -20829
-11538 8022
-4611 -1439
-2841 -8103
5496 -11216
-15271 1959
1604 -10290
-8840 -21029
3299 3638
-3593 -24845
5422 -9347
-304 13278
-8452 -10413
14188 9048
16756 -7144
8150 19312
9528 9705
5740 7074
-283 13412
23116 -5987
4839 5576
-2179 -6689
-3285 22843
8910 20620
-4544 14194
-2987 -7279
134 170
-9873 6542
5206 6092
18039 18079
-14069 20532
-16617 981
-619 2217
-5734 -19925
-3700 10762
3988 -3586
3199 -2617
-4626 -10248
740 -2567
-4301 8351
-6944 -9018
-2325 573
-5638 1448
-22081 5248
-6735 7136
-6217 -8233
-13887 11814
11000 -3588
2582 -12575
11 2083
3034 -11007
12784 3244
16286 -11325
13174 -8855
-452 -7285
-20545 -10714
12442 -17492
4346 -23718
5957 -5634
1967 -18550
7299 37243
19462 1281
13754 8548
-10966 -891
33258 13584
14731 -25740
-8358 35268
-21964 10025
-5323 -7634
-2228 29610
19858 14647
-3074 -13964
-26812 15741
12214 -1132
-4141 -1037
-8535 -16106
-31630 -1279
-23934 2564
-17392 26346
1146 -1074
-7511 2500
-10601 -19853
-7193 2516
3393 9384
-11960 -7057
29198 -7740
-22645 -7061
7312 -15262
13393 5770
12 29307
270 10808
20093 -6391
-1802 6878
-29884 1265
-8807 6469
-10992 -7468
-8503 3873
37516 20123
14405 24233
19128 16997
-24373 39790
4428 -4303
6123 20741
2949 14366
-25134 31106
-11610 11542
3856 19658
-11581 1721
-7213 15235
-13398 6333
-19775 25661
2323 25252
1115 25863
-25338 963
-24592 26130
-6310 6451
12163 38660
-42039 5448
-13580 21407
-6116 11974
-23301 -15308
-7362 18080
-43422 8193
-19101 -26077
-4721 -4771
-4731 9684
-35504 -4730
-31218 -15582
-27103 -11398
-22492 2401
-7267 -7796
13813 1695
-11948 10592
-21489 -4428
-14784 12465
-41056 -5621
-17224 -3801
7931 -2308
4644 -18722
13380 12685
-8481 -13745
-21873 7425
17831 -4749
18508 -1725
1818 -14117
-10988 -19829
15450 -19231
14471 -21643
-10661 19909
-25582 -2575
17710 -194
6203 -8926
-4018 4648
-1895 -1801
-8447 3988
8280 14533
19412 6375
-5719 17070
-2537 -4722
-749 -13528
-13380 -8545
7458 -11520
10948 -12373
-19989 5705
-7676 19421
-31639 -291
9430 9054
-20436 2601
-6573 13999
16680 2877
-11569 11094
-8154 -4827
43102 -442
-21573 23091
22914 4096
-20916 -7615
-367 6414
19829 20243
1339 -16233
11547 10304
-9054 885
-9678 -43969
-287 9785
-16519 -11435
-25193 -6179
6143 6674
-29466 13774
-23813 -25464
-3195 -1403
-30549 37516
-28577 -9915
-1360 33429
15262 18118
-30621 16622
-27079 -10087
-29121 17170
-30572 3293
14535 -5712
-42794 -92
-28490 -4494
-35637 -8343
-11850 14212
-14088 -31516
-24504 -12746
-18298 8051
-310 -8948
-15098 -18881
-1759 -47596
-25686 -7886
-14946 -41000
20833 -20736
1516 -25397
10819 842
25393 -14699
16161 -31016
3287 -1182
19351 -24805
8707 -15226
20162 -21090
12208 -2384
24469 -4112
1123 10592
9131 3960
2100 -7951
10009 -7163
12869 -14137
25179 -13258
-5162 16390
-647 16047
-7876 -4117
3709 19605
8047 7293
17674 -1392
-4097 19073
-18971 -15949
11828 12399
-29846 4773
15634 -5449
-13737 2655
-24571 -8099
-6686 -7968
-5613 17666
-368 -13275
-12582 10421
-30096 -21794
-17879 -7620
22102 7711
-2599 -35775
-2601 1327
-6192 -14242
-18883 -1048
-18057 -21593
4437 -19580
7852 -18971
-32817 -5592
5119 8168
-4907 -10818
-34587 -22169
-11987 -19816
-13370 -3508
9159 -8000
2880 -29034
-3232 -22592
-22340 -12414
-36609 -17857
-2164 -19135
-9531 1117
-493 -19410
-8206 -14555
-12946 -21894
-21807 -12579
-1547 -1788
6353 -6647
-10959 -31915
-5131 -16644
4465 -28397
18832 22703
-8319 -28293
-473 17703
-11628 353
10032 -10526
-14930 -20437
-577 -3665
-672 -22178
-24695 -8836
-894 7774
982 -22193
-2049 -5970
6869 -5589
-4164 11313
-21458 -952
-1810 -11045
-7563 -130
-1866 -12555
4175 -21644
-11308 870
3750 -26403
8787 -440
-5862 -11686
21425 -3093
-19838 -16543
12687 11093
10161 -11864
6041 -23210
6984 -9494
4351 -4441
8073 1072
-21573 -7789
-6432 3189
-4086 18158
-10021 -26871
-22734 -19980
9722 3473
21258 -4909
5564 -7416
32153 -804
10459 7063
9850 3447
5036 -18200
-13918 -19935
13906 10084
14369 -5314
-10824 -3832
-19557 -2052
-21572 10844
11618 -252
-14081 23649
3043 -15392
-7769 15017
23278 -3742
12038 4256
12035 -5362
-2232 32627
-9190 19936
-5814 -11102
3636 5158
2176 26315
-16079 8572
-34127 30139
8846 33432
-59 26345
15994 1601
-15319 -261
108 1387
-29751 5659
-47067 -8098
-31612 -20374
-16911 6261
-9323 8421
-22517 -11089
-35439 -23087
-32099 -14194
-25209 -30822
-4368 -47440
-23662 -30862
-7159 5977
22539 -11512
40207 -16041
-23269 -25384
-27410 -9483
12643 -8620
24011 4117
-2395 -19763
3576 2373
-21603 2395
12180 -18885
5889 -836
10775 -21027
16555 -19335
-16283 29809
10964 14979
1640 -7428
9302 5654
17901 4762
21507 11281
-6616 25178
-14195 -16802
-2041 17358
-13301 696
-9427 2827
-12337 16733
-37629 -10764
-1516 19980
-29752 -11594
2853 -24824
-18902 719
707 -7986
18117 -25355
-2039 -6582
-19857 -18974
-17094 4117
-6988 -19024
7142 -21079
-10759 -26980
-12030 -3041
-12116 -16225
-2137 -16387
-16974 -22773
-2213 -15814
12215 -12757
-9839 -10193
-2411 -50663
-10001 13771
10466 16813
-11867 -911
11569 -20096
-8185 -14537
20951 -14496
-15486 -3970
-10977 -5962
-18780 -28787
6953 3108
5485 -38507
10539 6408
-15524 -13894
-10138 -6020
-20332 8003
-18154 -8461
22475 -1099
6175 -6502
-272 -3739
10866 -13865
7727 -15362
15652 -15741
23458 -14797
13429 -20670
-4487 -31373
21235 -3527
9261 -4981
297 21562
864 10642
-1644 15250
-828 609
1681 -12682
5503 11075
3887 -4755
3586 4732
-8974 -3375
-5683 24910
28846 -18865
-11651 6619
2859 36703
-18299 -11784
12265 -9318
15745 -20035
-17339 -14348
-23693 -5177
-11580 -14811
-21542 -7738
11733 -11508
-8755 -941
-2168 -6944
1975 -6813
-5893 6840
-13487 -16186
-4134 7569
22169 -9933
18579 -5636
-5996 -884
-14169 1156
3320 11199
-8019 -24452
-4706 -1310
-23271 13192
9766 1917
-16528 9735
-10514 -17263
-28091 13019
-17184 -8500
-24799 3315
4622 -2305
-1147 4595
16975 -26588
-10719 8462
-18605 22853
24174 -5501
520 1869
-3790 -3971
23407 -10602
-15738 -9562
-5749 -7712
-665 5670
-9538 12039
16924 6070
-8163 164
-13371 16585
-11240 16251
7689 -10033
-25700 -4722
35583 19168
10710 -3137
22525 -8219
-5568 -11265
-19869 5026
-23654 18077
-8254 -3014
5548 5886
-9220 8383
8962 1757
1268 1419
-19817 -18272
11918 12960
88 -29790
-1090 10164
-11987 -5038
-8734 28937
16309 -395
-22811 -36205
-45951 8622
-2244 -10109
7701 11046
-14821 -17328
-14503 19488
2353 -17315
3243 -24442
-19342 -11550
-11123 3410
3772 -25791
294 -8104
3558 7876
-1629 -2011
4965 21296
-4490 -10689
13801 -18073
-5991 6873
-24387 -21770
-11506 -2030
-2712 -20906
-25118 -21218
-10087 1385
4058 -17657
-16262 2243
-12978 -7444
-3409 -3538
-8734 -35090
-7913 -29032
10171 -42573
1121 9092
-8009 27155
17307 -2199
-2361 -14329
-14346 -33720
30356 -22051
7265 1926
6176 -13053
-1156 23988
419 -29873
394 -2656
1278 -1760
10761 4585
-2597 5300
107 -27065
5563 -7000
-4543 -35536
-1706 1094
18306 -18314
-1407 -8932
10699 -8955
20380 -13575
-5890 -3192
-2890 12041
13144 -18950
26630 12271
-12041 131
-13172 5204
-9799 -13746
8337 -7450
23670 646
-10932 9781
4170 -674
20743 14211
