1678 -1110
1514 -758
-3141 441
-2645 343
1607 -2290
1754 -2281
2077 1230
2220 1053
2147 -331
1750 218
1507 -59
1174 -679
1409 -3271
1529 -3020
-204 -1172
-435 -1420
176 1851
-204 2203
-1083 -1
-1839 27
2107 -776
1161 -592
-772 -103
-1067 545
1455 832
1558 463
-1146 -2296
-745 -1404
-66 -76
719 -292
-247 -490
-413 -55
2380 763
1974 1502
1894 -1758
1818 -1220
-1123 557
-728 -413
-1305 -1122
-1323 -886
178 321
509 229
-443 519
-54 -362
-1200 27
-1162 -490
-1014 -265
-647 519
1055 335
1017 539
1250 -342
536 -423
30 25
-38 -149
-866 -64
-307 -264
254 -196
434 361
-750 544
-141 555
-740 185
-388 -296
-284 405
447 -112
55 -254
-92 -269
-21 -48
-144 -69
542 -163
-34 -162
308 257
68 -35
123 308
-206 -124
107 -256
876 326
-646 337
-16 282
-10 -196
-201 -525
3 156
238 215
-349 262
38 -374
47 -29
330 -459
-150 -85
304 78
-508 -155
-280 -393
-303 3
-89 -168
-252 -491
170 -48
-249 -409
90 -27
314 -241
-53 23
-273 231
119 -151
-76 592
-212 -30
-69 319
-9 -247
163 31
149 -84
293 -63
653 1
-532 134
244 182
87 68
145 144
-170 348
659 402
113 -326
65 263
-30 297
87 11
-71 45
291 511
212 106
148 81
-220 53
191 364
-378 -180
-22 -248
-5 219
-115 -490
1422 -374
1652 -450
-2950 456
-2945 178
1672 -1770
1865 -1419
2781 1388
2478 1883
1774 237
1753 454
723 -1045
1098 -474
1956 -2711
2096 -3095
141 -1425
41 -2098
-328 1622
-77 1106
-1068 -182
-486 -87
1421 -654
1479 120
-749 -458
-1332 -76
1730 1102
1765 1717
44 -1844
406 -2000
747 -205
417 121
113 -1013
44 -591
1463 889
1076 2005
1894 -857
1405 -105
-1197 -284
-1436 -110
-1622 -1676
-1179 -1027
84 3
81 376
-845 152
-763 -209
-1046 -655
-663 -575
-446 -192
-651 -337
533 908
280 591
498 637
781 109
-170 15
620 -431
-15 -434
190 -171
-136 -10
-33 0
-436 100
-409 -364
125 53
427 -212
49 -285
343 -225
-513 104
-503 -37
-229 68
512 -168
-29 17
-117 -230
-459 315
323 617
130 265
536 16
76 232
174 200
-149 10
-315 -103
255 -295
175 -222
321 -250
156 571
189 -143
44 -253
-217 -189
324 326
201 185
198 606
1 -22
487 -154
138 329
-45 220
442 -196
-21 -95
484 108
65 343
-93 -157
-575 -13
-42 -523
-71 78
-282 324
-189 -200
-156 115
-360 -3
146 -90
352 -326
-69 140
507 49
21 215
283 183
234 36
-525 -56
49 -250
-258 -359
286 -394
-80 -69
172 137
98 -494
-171 4
-509 18
214 59
-413 -63
95 -179
-442 -365
184 -524
17 -11
-130 -1
-2 -90
1881 -253
1959 -202
-2391 474
-2827 207
1735 -1811
1892 -2163
2069 1970
2060 1604
1467 -101
1410 182
1338 -346
1221 -825
1995 -2502
2288 -2745
70 -1671
13 -1877
-347 1636
-369 1197
-909 -346
-870 -189
1795 70
1559 -97
-1072 -139
-1491 -672
1184 1783
1243 1314
205 -1822
70 -1838
477 105
432 85
21 -338
230 78
679 1613
-253 1440
1951 38
2058 591
-1011 -688
-1022 -114
-912 -1535
23 -1735
-164 647
162 -340
141 -607
-588 -55
-420 -1158
-472 -1098
-580 -741
-463 -1223
43 819
-52 454
420 253
221 90
-97 439
609 -14
-262 -393
-6 152
188 367
-15 8
-458 -330
-473 247
-237 -172
142 -71
-74 -67
356 -789
162 379
77 94
-301 -60
302 -6
133 35
128 337
114 215
-22 8
359 11
360 -420
-103 17
-55 -120
-21 -71
149 -352
-235 -389
-313 -23
163 417
-86 230
-218 97
124 478
193 467
359 53
-154 351
87 513
73 -78
-101 -280
-23 61
219 -36
420 41
47 32
106 228
93 774
104 -460
-275 82
80 -621
207 112
295 -182
-224 195
-178 -710
492 -339
119 -289
-15 176
244 -139
520 -70
-234 -483
47 -273
-79 -484
229 -722
-687 190
33 235
419 119
34 24
415 -426
189 85
-32 578
-390 321
-283 -230
-79 124
334 -262
35 -183
-364 -337
-498 62
135 161
280 443
1925 -544
1905 -373
-3058 149
-2796 249
2152 -1568
2064 -1495
1856 1125
1833 1406
1545 482
1859 875
1784 -201
1759 -382
2307 -2446
2397 -1955
704 -1176
812 -1119
-338 1243
-651 1253
-1112 -604
-820 -349
1304 61
1395 846
-1039 -880
-799 -1532
802 2256
984 2062
592 -1919
695 -1958
368 -110
427 47
379 -242
8 85
773 1871
-235 2289
2065 529
1376 815
93 -1467
-271 -1233
498 -1213
77 -1458
-500 510
-171 395
-165 -296
-366 -141
74 -547
547 -980
-1 -983
279 -980
-341 521
62 665
-93 1348
145 663
203 26
-134 620
324 63
195 -79
22 156
-348 -273
-373 195
-371 113
210 -109
-151 320
-403 -135
-131 -84
326 -438
322 208
-183 132
-112 349
-435 121
-110 -144
19 -49
-126 296
-214 46
222 11
-101 -283
-34 -519
-484 -172
454 168
-96 146
-134 124
-164 -7
-40 110
-68 25
64 71
-165 -133
-129 87
13 447
-295 628
219 -229
-96 -322
129 315
273 -22
78 439
379 221
96 513
-134 143
124 -521
-439 -175
482 102
198 6
408 -121
253 361
-108 -738
-78 -51
272 356
264 3
236 -372
-272 -245
298 -45
-279 214
-179 129
-149 302
-288 -105
-176 228
-195 493
-195 98
20 -308
-252 -336
28 153
91 -209
-392 516
-170 433
198 88
-214 -106
-283 -72
-26 497
-261 -204
302 166
-4637 391
-4503 -276
-2509 -2024
-3859 -1392
6008 755
5007 -1096
-56 792
-1045 831
2466 119
3506 -150
1950 -2083
2392 -681
-273 -980
-104 -562
-1196 998
-129 695
1091 83
526 -702
3020 -853
4157 -1066
-2184 333
-33 693
495 -608
546 -3248
-1557 772
-1406 1634
-131 1157
1520 480
2690 -591
1923 -396
611 -730
889 -176
-1147 -1711
-324 -1453
2009 459
1754 191
499 -518
1023 2740
1380 -652
395 1235
508 1758
605 1369
600 -133
-189 2104
-1075 1140
-1658 1001
-203 991
-120 701
-3 -81
-1510 -630
-621 1262
329 108
-786 -634
1018 -545
87 -937
179 615
-564 -303
-905 -1285
1313 580
-425 138
1140 -260
1410 -286
330 102
-1052 -284
-971 837
594 82
-392 1443
727 -304
-483 -259
-752 -283
-178 -1292
630 -1115
-1806 1001
-574 751
351 262
-664 -1280
-83 -954
-637 -253
767 -981
1037 -726
102 231
-912 -739
-783 -1666
1452 -1175
828 122
-130 -107
650 159
-1107 601
19 208
-913 -87
-107 238
-399 -332
-218 852
468 394
-210 408
-595 703
469 341
381 -637
122 461
-1477 -210
-93 -515
-766 498
159 -207
-596 -117
262 -144
-96 -889
-521 547
-492 826
81 -189
-583 -864
-685 930
-553 -929
605 -328
205 197
371 284
-531 -54
-801 -487
181 -567
1016 559
-405 -1410
172 -1845
-1107 -668
-118 -99
-377 -1109
-195 431
227 -93
-873 -617
98 366
-4427 291
-3445 663
-1964 -2829
-1892 -1875
4280 487
4947 -505
-1451 -574
-1078 -100
4332 -113
2046 934
3071 470
3998 -1342
-182 -1884
-475 411
-1712 1296
-992 169
-1108 864
-807 1034
3826 72
3579 -854
-1495 -878
-2763 -221
1623 -416
553 -1938
-1639 1086
-2446 -281
-423 1572
-1057 1625
1010 1595
1724 2107
-927 774
-81 -8
-227 -18
1395 -1467
1404 2052
1543 1001
2095 2179
1071 1668
-109 1647
-274 372
526 3444
-932 1766
953 10
1483 -438
-925 437
-1184 1384
-1169 516
-757 -570
-987 262
-136 -358
-642 855
-1034 -274
-41 538
-1043 476
-1301 661
168 346
107 -767
-971 483
-258 1103
355 230
1125 343
232 -183
-739 -630
-910 1244
798 987
1182 494
348 -9
-60 560
1513 1456
2 1473
347 62
-1373 -1040
-1248 178
-656 -1303
668 -398
605 940
-372 -596
542 1448
-439 -1763
-7 510
179 238
419 1276
411 591
-422 1427
-85 189
-53 -117
1069 188
-407 -185
-519 659
-1149 392
-275 276
144 -1192
-498 216
578 -347
907 -1809
53 393
853 -161
-997 189
700 1155
621 -572
323 -559
697 -31
50 104
153 -574
364 -612
575 -282
157 157
-276 -691
-383 -1096
-870 -642
-1822 986
407 -620
-615 -1012
828 526
-270 -1207
250 -319
-53 -55
-242 69
-852 -313
373 -150
-709 179
62 -369
477 207
-309 959
-876 956
387 455
-269 405
412 1590
-4671 586
-5038 -226
-3141 -2774
-2279 -2973
4379 452
5384 1163
-683 238
-874 -38
3624 877
3192 1089
2221 -751
2674 -1225
-197 -44
1142 481
-1639 536
-2090 369
-932 279
-448 1775
4271 41
3074 422
-768 244
-1343 -837
687 -2030
1615 -951
-738 340
-800 1410
-371 876
-564 451
330 2829
1300 1270
384 -368
-224 271
257 -306
745 839
1116 1905
1021 -100
-701 2013
-1084 237
-488 1323
242 1284
-1140 1034
-1198 3071
745 986
1846 918
-82 290
-902 -132
-1308 547
-299 -624
56 -115
1434 -924
-113 341
-1026 313
721 -1366
-284 -280
335 -245
767 631
243 -847
68 719
757 541
-167 -1422
-740 431
1368 -790
183 229
138 103
425 -274
394 -694
51 363
-682 753
-200 694
-193 162
-687 -289
791 -412
-421 1448
-1822 844
97 -48
-616 841
354 -588
1647 445
796 777
1602 -266
945 -1032
455 431
155 650
193 204
-278 -1626
866 -426
981 671
-155 -105
30 -106
653 -281
-178 971
-3 -727
868 1196
-325 1740
303 974
-817 -716
-480 -237
-1417 -195
1377 125
-471 -1065
-318 318
476 -635
-294 995
159 620
-249 -1022
923 1436
-735 457
-298 -563
679 840
-352 675
-432 583
389 530
-635 -1012
741 -54
564 976
-102 -343
1083 -358
-171 -219
-836 390
637 669
812 1194
-34 -824
-1578 -298
787 -101
2 -560
261 -73
-584 -870
-1366 -2097
-5671 648
-5159 -717
-2057 -2056
-3426 -2891
4890 909
4553 1765
-562 798
-596 243
4133 782
3887 -749
1842 -2295
2522 550
818 76
556 -879
-2227 826
-2334 -109
-1878 -639
-1008 477
3443 739
3406 1445
-1178 -1098
-131 -2268
1346 -1746
1861 764
-1579 890
-2811 -76
1344 1663
-406 886
479 1235
574 1509
111 65
-865 -94
-1361 -392
-828 439
713 1731
19 2690
-1152 1612
-2631 1321
-130 557
330 2105
-1229 1623
-2543 688
-9 1850
368 1223
-720 -693
-1824 -949
-1408 -555
-207 -651
602 -952
-328 -193
-1637 1072
148 -213
511 -828
-544 -561
-13 -729
490 -503
491 -523
145 -94
1290 -254
33 -387
-273 1234
61 1613
-608 877
-168 -701
-625 28
-322 -401
911 -172
-951 -784
2557 -664
-575 -9
-620 931
-1102 -371
419 163
-1675 -1331
-920 998
28 1377
477 -9
435 -682
-636 512
104 131
498 -816
-935 545
930 -277
135 288
645 -710
-442 -648
-325 254
-502 -947
65 650
900 629
571 -1017
-703 -1339
737 353
-445 10
-841 23
485 -175
-585 1458
-82 179
884 -82
567 909
-361 651
610 -116
123 179
1107 -289
-54 146
-564 361
-574 -986
192 486
15 1114
1983 226
1319 -348
541 -437
88 -1008
-303 88
991 -222
-273 304
453 586
-347 297
120 -329
-221 1725
25 -90
306 -143
-535 -647
-298 166
127 940
-492 -847
-99 -161
-717 970
205 2516
836 2724
-1600 -1936
-1414 -1766
-1148 -2464
-415 251
-898 -1647
469 39
4131 3307
4377 2583
89 1546
-549 218
-1963 -51
-2001 205
646 -1992
-819 -1692
-1538 -935
713 178
-1483 -3468
-688 -2381
1746 -1400
1676 -2243
-1934 657
384 2572
-152 -1432
347 -1021
1520 -669
-2064 -1996
44 2407
-506 4799
-725 2006
-1994 825
2408 2239
851 1195
-2225 -1259
-597 -376
2384 2389
-93 -1905
-586 3179
1258 -721
1273 -570
-69 897
-1921 -1578
-326 -3483
2011 107
1132 265
1702 -835
312 -1671
-1614 440
841 157
-1322 72
-854 1067
1287 576
-1878 724
943 -1281
604 -1172
481 1463
343 2381
-725 -978
1315 297
-321 -776
-2895 1227
-598 -956
41 604
955 -741
-1688 243
845 -2181
-562 41
-558 2207
993 925
-1 1396
-174 1004
3457 -816
1525 -503
603 753
-1243 1064
2005 983
931 -805
-1087 824
-1816 2232
1800 -2171
2631 1339
2503 622
-1974 1938
-2750 -659
-1861 1333
-654 -1339
2291 -1460
-473 -22
914 580
472 -62
-483 1370
615 -1505
-2961 -1172
1171 940
1265 -1542
-614 -1481
1178 1692
-194 -957
1253 124
39 -806
1186 -1134
-382 532
422 -163
-1194 -1263
-761 2360
863 165
-579 -724
116 -1793
-258 -262
-317 -2179
-12 1334
-874 -686
-1469 -1221
-1270 -924
1790 -477
495 -326
321 1076
-1138 -346
82 180
-896 2883
1402 1316
260 790
-1213 880
380 167
661 -70
1305 332
332 657
177 -21
-1334 -436
-2144 -437
-3039 -504
46 -3087
633 -1624
-1316 878
-736 -1005
3292 4803
6022 2915
864 312
-2612 986
-2205 758
-1787 -1340
487 -3426
-65 609
2612 -432
1956 -1490
-1608 -3461
-441 -2940
4130 1731
5671 -576
-2782 616
1146 3378
1025 -1443
1006 379
-186 -1498
9 -479
1075 980
-1884 -382
656 2024
176 2177
958 1549
-268 555
476 -2767
726 -1082
-1070 397
-586 1296
1729 -1440
1179 -499
-486 -2325
1063 -227
475 -1383
-402 -261
437 559
1011 -2229
2288 -123
1172 1740
1322 -911
-883 -112
551 -1282
1451 1489
-57 -1184
-55 -198
2260 -58
245 -1481
153 436
460 -1838
1983 -1629
692 25
-2609 583
-1586 63
856 2160
418 -1796
-180 -2696
905 -908
-375 -1110
-1768 -674
-2424 -2797
396 -1312
494 295
2517 1247
1987 -1385
964 2698
176 -300
-170 -426
163 616
-2149 -2287
406 3123
1912 630
-720 213
-771 -2238
-647 -1642
638 -1982
537 -110
-470 506
-1537 1722
620 13
666 -1802
518 -875
-531 -1091
-794 948
371 -1087
-1025 -140
-2042 3074
1414 -1228
377 1597
1913 1171
-1488 -2099
-1125 -24
-1057 588
-3017 -64
409 -1709
-269 -135
-1263 1037
-1581 1087
29 -1152
-287 2509
703 -492
870 -428
3284 -1472
468 -225
-282 1421
-2165 -856
199 2499
1200 721
-528 108
-289 1183
1962 1783
1167 220
-1418 -776
-1441 228
-997 -164
1826 -1126
1418 -44
-639 -193
1668 6
-72 -2468
408 251
-962 492
-1629 -576
-2799 1403
1455 -887
-493 -1893
-1346 -1045
-490 404
4702 4403
4407 3319
1005 -627
1174 1667
-1361 -2024
-2746 -1966
1798 -456
4698 460
1918 -1589
604 -2515
-2252 -2922
7 -2178
2003 112
4273 3224
-59 3437
288 530
-226 -677
-1542 -1941
669 -411
689 -252
1187 -1527
-918 2894
-1998 1582
-1745 -1408
1363 2090
1641 1019
58 -373
-499 2685
884 720
544 1313
1192 -1138
-219 -908
1390 -466
619 219
-716 -1170
186 -1321
-1117 193
995 -480
1835 1530
968 1740
210 -173
-2192 1230
-2781 1968
312 762
1007 595
-996 1545
-206 -964
95 -3280
-591 1555
-15 -1243
-432 407
1979 3010
2837 1017
-3580 835
-437 -137
-2699 2016
-13 -164
-360 146
-997 -59
-34 -1054
-633 -846
305 -1772
-1412 -94
-1169 2214
-1259 -1920
1700 862
230 2301
620 -533
-1261 160
-3800 -1868
-537 1
-598 1937
-859 1254
513 -866
2058 -200
102 -570
322 1396
-1742 58
-37 -558
-173 319
784 -1142
-991 729
-2214 -1412
-503 526
-1705 -2675
683 -1763
-2291 -1370
-218 107
-1008 1706
2276 -147
-1725 1073
288 1377
-96 14
1508 80
1079 -112
-2413 -457
1271 2581
-2068 -3397
430 -625
-1180 1623
836 167
969 8
619 -986
-1429 1090
2190 360
-758 -1058
-2384 -1760
-391 548
-3159 460
-526 146
-20 -504
-1295 -1704
-115 -1593
-16 1047
1287 942
-450 728
79 1496
-330 -637
1207 1015
188 1444
-59 109
176 2020
-2170 -430
-340 -1267
-1558 -2823
2006 -3708
826 1361
-768 685
2830 3659
2099 6035
1150 4007
-775 -965
-2815 -2514
-2366 -1527
1330 -2743
1788 -1918
3869 893
1857 647
521 -2152
-340 -2833
3461 2272
1893 3390
-1117 2517
-1543 -66
-114 -3184
1757 344
-2995 -1331
1518 969
655 3323
-1412 1384
-1288 -466
-206 1035
1354 1430
2938 328
-644 450
145 -1123
-927 248
4188 921
274 -1407
825 -2100
-88 -953
1099 863
642 -1886
2004 -1364
-388 80
959 -415
2102 1633
-586 958
-1216 164
-383 -162
2745 -2616
-1566 -180
743 2419
781 -1
644 297
-677 949
-924 228
454 1395
-1259 -1442
374 -124
631 -1362
1432 -3008
1422 984
-536 2126
284 1125
-833 649
-1718 270
2687 1612
-3050 341
1736 321
1330 -1541
1102 164
-108 -1778
2114 1772
-577 -1794
-1107 -1271
-37 -47
-1328 -20
1635 -858
-1173 293
-1207 1869
339 -724
143 1993
-456 635
401 623
155 1284
-1172 -1785
-932 222
-68 27
30 -174
-1420 -924
1541 3455
-453 -443
53 -224
-318 44
-1001 179
423 -1491
1315 -1681
-296 198
-88 -353
640 -1652
-1304 -1193
1434 1559
-1429 744
64 -405
1161 1558
657 1049
346 -833
-870 -1434
-4155 -411
-2083 -399
-623 -1115
-438 1104
-302 -422
20 -775
-378 83
-1490 -44
1248 -234
-1935 -121
764 -2712
684 -1165
-1518 -687
174 1981
321 471
1147 201
1853 7
1863 808
630 -2698
-1298 -6271
-3075 -5203
-847 3406
3439 2511
2030 -520
2037 -3351
-177 -94
137 -2680
4696 588
2469 4525
851 -720
1139 666
2594 2042
-421 462
469 -942
1076 -2459
-940 3447
-2847 3098
-1940 3114
-5296 314
7802 -20
4875 1921
3728 1366
-1685 4713
1937 3497
-306 996
-854 -1489
1651 2952
-2412 -858
582 -6879
2820 -1412
2661 1135
-462 -2638
1631 -793
6213 -154
1964 -1317
-729 -1466
1323 2888
134 -3143
-2424 2295
-22 263
1719 -3096
1019 895
2596 838
-2739 -297
-2529 -1408
-2143 271
402 4665
3345 19
2491 960
4076 -545
921 -1713
-2530 196
2092 -194
-3876 2611
-1543 -43
-236 -2150
1178 -2456
-2364 322
-1343 -1204
-1528 1998
2248 -2732
44 1719
773 -463
-793 -664
130 -732
215 448
-1210 150
1335 -3144
-840 -1881
961 82
-1147 -1698
-1512 1353
-2270 -231
-2313 -2349
3706 -1112
-5167 -812
227 2512
-55 -1191
2028 -3967
-3643 2283
-2182 -702
-4266 1254
1166 -2306
2478 1134
3306 -1741
728 1482
-2397 1566
-569 559
-873 -1704
-1680 686
1628 -1870
-567 673
3400 2275
-2392 -805
-439 1383
2537 1499
-2572 -595
221 418
998 -647
-300 4011
-350 2338
-68 334
-705 -1572
986 1598
694 -3956
-1382 -1357
2604 -1246
-508 3735
564 1187
1951 2639
1178 -1757
1205 1774
2038 2914
3538 1167
409 1490
-417 1501
-687 57
1012 461
-39 2031
1127 -1938
-1918 -469
1360 -435
2030 1013
-1085 -1000
-1908 -1096
55 1607
-1287 -1601
-653 -1702
-1686 -2562
-270 3122
1074 2567
2136 2937
-124 2399
3602 -1647
3358 707
2480 994
911 3217
-2141 -1848
2173 -704
1127 1507
-548 1373
1848 -325
3243 -3911
-5049 809
-2784 2563
-116 619
-1706 2581
3245 -646
1472 2159
1564 1169
-3564 -1401
-517 2839
2126 1828
2269 228
1931 -810
-780 -4487
1850 -332
839 -2748
-426 -1168
838 -2740
1679 1360
2228 1552
-713 855
223 165
-533 -1728
-3433 2313
-3361 2450
2910 640
1068 -340
-3570 871
-1381 630
-1065 -888
-541 1309
-2531 43
136 -109
-895 2775
1985 803
-1056 2166
-1953 -1723
-853 413
1430 -1811
-2053 -2911
-557 2235
-815 -1170
226 3017
-1777 1573
-1231 -1370
2553 -484
2713 817
-738 -3676
3946 727
-1536 3181
-4037 1461
-920 1261
3429 -237
1868 2213
-2640 362
-3047 303
-1534 170
-1004 3133
1181 -1938
-131 1511
82 -376
-420 -1096
2206 1577
374 -2468
-735 -1758
1555 -787
1805 2159
1209 1569
753 625
-1539 702
926 -930
662 -2206
-1808 352
483 2683
1470 1522
1398 1584
412 916
674 1012
2039 -1312
894 -1093
-3726 1628
-162 -2521
-4577 -154
1453 1442
1058 1509
1147 1913
3944 1032
-1252 2422
1201 519
817 -1674
2882 -1927
-190 2499
1065 -3478
-380 3094
-550 661
-1392 144
-1201 1761
1063 -1010
2942 497
801 -2595
-3022 -344
1302 399
490 -2713
-1980 -2922
-4111 412
3709 882
2145 613
1903 276
-2277 931
505 -2411
562 -655
-1300 394
664 2158
-1402 -2163
620 -746
1708 3288
3162 -863
-1439 -493
1257 -139
2301 -336
1659 -3786
-874 973
248 3030
-133 2502
-2084 -1108
-985 2431
1254 2149
1315 -1779
-2879 -3451
-3862 4142
-2638 4127
1156 -1404
-781 -138
4165 2477
-1026 -2200
-2629 -816
-3600 2588
-626 2091
2049 1014
1903 -735
449 861
-92 -213
1486 -5032
1687 -24
2815 4018
-1127 -2757
-2252 -3073
1579 -49
2711 -1747
652 -711
-951 3005
-3318 823
-991 1379
352 3953
3071 -2180
2212 -653
-2066 1994
-264 -1675
-1930 -763
-1180 -3718
-2297 -1132
-2241 1158
1168 -901
2955 -3225
-989 -3575
-4433 -219
3647 -3268
975 1114
-955 4896
-98 -1194
-135 601
288 -1097
-2494 -1824
-3992 -2213
3920 -759
901 350
4283 -4121
-397 1024
354 330
858 -369
999 470
1312 254
-532 3406
2532 401
1504 -3673
1071 2909
-5 -2672
-1202 -3948
804 -331
835 76
5138 2069
544 -1736
-2144 -1943
1513 147
-2751 -470
-2676 339
1804 1039
-849 319
2385 1073
-2412 -881
-113 -15
-1348 2021
645 -1063
4187 1089
1702 740
644 1533
-341 -1158
2590 -195
1120 1815
2183 -2244
-2929 547
164 -2684
-427 432
1274 -969
-3550 262
-742 -2288
3768 59
-2143 -3801
1769 3562
247 1174
2937 -3283
-2808 -1497
-1003 -2458
-1298 -191
1746 -2267
-2629 1162
55 1363
4093 2573
1388 -1038
4357 -1620
2657 -708
-9 1412
-493 1553
-685 44
-211 -542
223 -1131
188 -2005
-278 -1796
1057 1399
-2430 596
2226 1007
-45 -2523
-2277 -3662
531 2723
-89 5087
4410 1316
-1336 2701
-2201 -6176
2878 -3438
1398 3159
2726 2306
-82 -3256
1373 164
2536 2354
940 3802
2383 -228
2101 1981
-5589 -519
-3728 -700
-4030 -801
-659 -294
1987 795
2883 2222
-1513 -1046
-2245 240
1334 5926
523 194
3130 1313
-2550 -1379
-1029 -5159
2239 -2104
1311 3399
-597 1018
2189 -408
-2184 898
2016 -131
-150 2908
3085 -426
-4196 -116
-1618 4814
-4429 -195
1468 3240
871 2121
1065 1512
-2712 143
893 209
980 -536
-2223 -2154
-397 15
1301 1236
1291 -348
-5040 2633
1426 823
-885 -4121
1884 -229
-340 869
1697 -1493
735 -358
-970 -2820
-470 2692
-790 1485
-208 873
-3634 2781
-1903 -1985
-81 -3390
1619 -649
2324 88
999 371
-2231 -757
1490 1068
-1740 -1883
-2224 782
-14 -711
-859 2457
-1281 -2090
3089 1227
2802 1047
-1244 585
2338 1997
-1453 1893
1648 1612
860 -1582
1248 398
-1331 277
405 -915
-1101 -929
958 -1440
1456 2642
2308 1024
855 -858
-1468 -1895
361 2973
-2072 -3077
1136 484
2063 1424
1455 -716
1080 -1399
-462 -2227
-3035 2435
313 98
-639 -1227
13 601
1474 1010
-4771 -2895
33 -1102
583 1362
-260 -2724
-918 -2205
-1705 19
2066 -1235
4293 1118
1748 697
112 2914
1238 -1176
-1117 107
-1306 2007
1207 131
1905 -2672
-593 -1174
2754 659
-1474 -745
-1023 2424
1183 2127
725 -2394
1531 -468
-3507 -1800
-2846 2591
-2481 -1204
473 3638
