-2749 429
-969 218
1215 -1548
398 -488
0 0
-88 -40
-235 145
-78 1
-20 7
-126 -20
71 -233
20 -12
-44 10
-9 5
-8 -1
-7 2
41 56
126 -28
-80 -1
-74 -65
2 -1
-23 19
17 0
41 8
-46 101
-7 -20
0 -61
-45 12
-4 46
-39 2
2 -5
-10 -8
15 8
6 -6
-78 2
-11 -68
32 -34
5 -56
32 -48
-13 23
-18 29
-22 -15
-36 -46
-20 -23
-47 21
37 -107
6 -68
72 -14
14 -27
4 108
-33 -25
56 35
10 -21
-99 -14
-66 42
-79 56
-56 -5
-27 92
33 2
20 -2
6 -18
11 42
-8 15
-13 -32
9 -16
-8 -12
35 -39
-22 15
82 -3
-22 -29
-9 25
8 18
20 -5
-43 51
-39 -1
61 -10
51 37
14 2
-70 19
29 -3
87 11
-45 93
-20 3
-43 -16
-26 42
15 -20
9 67
5 -27
-65 18
19 14
65 -38
-39 23
-9 -23
66 -3
-19 -42
11 39
1 -10
1 -30
24 -64
-42 -36
-21 -28
-12 -37
6 38
-3 -29
1 -9
-5 -6
11 -19
6 -23
6 -26
-50 -35
71 0
1 -71
-52 -57
0 3
-44 -66
-14 -26
-5 58
24 32
21 -34
19 -30
23 -6
-10 71
16 30
14 -11
-57 -18
28 28
-22 33
5 -16
-24 -7
-40 -23
-19 20
-24 29
33 -33
-12 36
16 -44
18 18
59 -6
6 -61
41 -52
-14 -21
-36 -19
-25 -50
-21 21
-31 26
-5 50
42 -39
-14 -3
-69 -12
-13 19
-14 -47
-35 -6
31 -3
9 -60
13 8
-17 -30
-18 19
76 23
-36 -6
16 -29
-7 -3
-41 19
39 -23
12 -18
-11 25
-15 28
-6 10
-8 7
-29 28
-42 37
5 17
10 -10
20 21
-73 17
-48 1
-8 -25
-41 -37
29 10
23 0
15 43
17 -1
19 30
29 3
-25 -10
0 -23
22 -22
-44 41
26 -26
32 0
-32 -2
-29 -9
-29 -9
-3 -23
-22 -4
13 48
10 11
-36 -32
-11 6
-13 -1
-44 -26
-27 -24
-45 -54
8 5
8 19
-33 -19
-13 1
30 -51
-53 33
-51 27
1 25
-37 -13
-49 22
-26 1
-45 -1
-3 -20
29 7
-1 -23
-18 0
-35 15
4 -25
-3 35
-24 16
3 -4
17 26
12 37
-4 -35
-3 -21
20 -28
4 -13
-24 24
-14 -6
6 -20
25 -46
-6 -16
44 27
-5 3
19 12
2 -4
13 -9
-13 -1
2 11
-7 -22
9 -29
-38 0
4 -1
-20 -2
25 27
19 27
-50 -25
-9 -19
4 36
0 -8
-2 20
21 -9
1 5
-7 -13
0 -7
-11 -4
-4 3
-10 -37
6 11
-6 -8
8 6
16 -5
-6 -23
-6 -3
3 -9
-5 -1
-3 13
0 6
7 -17
1 -4
-18 4
11 11
-4 -9
1 -2
3 1
-10 10
17 -11
-8 -3
5 17
24 -2
-1 -17
-7 -11
-1 0
11 2
-11 5
9 11
-1 0
-1 13
0 1
6 17
2 3
0 -14
-5 -7
4 4
-7 -2
-2 6
4 0
4 0
-6 5
2 2
-5 4
2 1
0 3
1 -5
1 0
1 -1
0 0
3 1
2 -1
1 1
1 0
0 0
0 0
0 0
0 0
-1 1
0 3
2 1
-2 1
3 -3
1 -3
-5 5
6 -2
2 0
5 0
0 3
6 3
2 2
-3 1
5 5
1 2
-7 -4
15 -4
-4 -5
7 -12
4 1
9 7
-1 8
-5 -19
3 -8
-18 1
4 4
-6 -24
11 -20
15 20
-10 9
3 -6
3 10
2 5
5 3
7 4
-1 -3
1 0
-7 5
9 -4
1 -1
7 -8
7 15
-4 12
4 15
11 -5
4 -8
30 -12
2 14
17 20
-18 -13
23 7
14 14
-32 6
22 -22
29 -7
9 11
1 -18
0 -2
-8 7
42 7
20 6
-3 -16
-16 -31
-2 4
60 -15
13 -26
-40 -13
42 -53
-7 20
24 30
-33 -27
-12 -14
-34 -7
-44 -42
41 -7
3 25
-25 9
-44 -27
-47 38
-5 -5
45 -71
35 -9
8 50
3 -48
-45 -16
4 -9
-12 -22
-69 -33
-1 -55
-43 2
32 26
-3 -10
35 19
4 5
-68 19
-13 2
-6 -28
-29 33
59 35
-19 -27
51 -7
14 -33
54 87
-11 -8
2 15
17 -43
-32 -61
-23 -31
5 -6
33 -35
6 -10
4 -45
25 -104
48 -15
21 9
15 66
-12 -56
43 -26
-7 -28
4 16
-11 -23
-38 -25
7 -13
-34 -36
27 40
-16 0
-63 -109
26 22
-28 32
-46 -38
-68 -9
8 32
0 40
-9 41
44 -61
-18 -11
-8 21
-30 51
-7 77
108 25
67 56
-52 53
5 -21
21 -46
17 18
-8 13
28 -51
-33 34
-21 85
14 30
33 -14
-42 36
6 -26
17 45
-80 -16
-39 -41
28 -61
20 10
35 92
78 -4
19 -39
-28 38
10 19
-32 31
68 -84
9 32
-126 81
-112 -75
-35 -67
-7 -112
116 2
47 -12
78 57
40 -17
-69 96
21 19
-32 -43
84 -36
-23 41
57 25
-26 -39
33 67
13 -145
79 -51
-56 6
-44 46
-49 -16
-42 -52
-65 -36
6 5
10 -36
-34 -54
11 34
8 115
-13 49
-2493 -2334
3353 -1445
1635 -735
383 678
-21 35
-149 -407
-78 -4
4 -11
63 5
49 -6
-162 183
11 126
129 -24
-95 48
-51 -19
67 -19
-76 -63
-115 20
154 -100
138 77
38 79
94 -38
-81 26
-74 18
157 -232
38 18
-52 138
139 35
-4 -63
59 2
12 17
-24 -49
-7 20
17 -41
106 38
39 78
-19 82
36 121
-158 85
73 -87
78 -52
49 43
105 93
-65 50
112 -41
-51 271
-45 103
-181 88
-18 67
62 -136
28 90
-80 12
-13 -21
196 58
172 -102
222 -154
80 -40
62 -195
-72 -19
-1 -8
-15 57
45 -48
-26 43
106 64
25 33
-68 15
-94 114
103 -48
-183 49
29 85
-8 -104
4 -45
-34 20
106 -93
128 -17
-183 45
-145 -73
5 -44
144 5
-32 -16
-188 28
148 -210
42 0
134 -29
120 -90
-21 97
-5 -157
-15 58
208 -7
-26 -6
-145 129
95 -60
36 81
-179 3
91 121
-30 -74
23 8
10 19
-96 174
144 149
87 116
88 138
-30 -83
-12 57
5 34
-24 38
-26 49
52 43
-68 73
119 98
-163 18
-20 147
166 166
19 -4
106 181
22 123
83 -200
-115 -64
-62 141
-38 139
-52 -50
1 -166
-56 -40
-38 -8
134 13
-35 -38
70 -105
45 12
87 29
102 91
41 -135
28 -146
-94 61
47 -87
-6 104
-37 2
-181 80
-42 121
-142 141
19 -20
70 82
126 144
104 -27
49 -113
-56 -184
-122 134
22 -12
206 40
25 -68
16 118
117 33
-106 26
-69 146
-5 -24
53 156
53 -72
-258 -117
129 -8
-55 102
16 34
103 -64
-142 123
-49 110
34 -89
31 -23
-11 19
74 -58
95 -61
215 -148
-81 -36
-42 70
-93 -36
249 -83
207 -26
73 82
133 143
-105 15
-70 8
-35 -166
-72 -24
-52 -76
-97 -42
50 41
-15 87
-57 103
186 -132
-118 123
-106 21
173 14
92 34
133 -2
-5 100
76 16
-57 -167
20 -22
115 147
-11 -56
62 4
205 117
114 109
197 260
-31 -49
-73 -94
128 35
69 -16
-126 247
173 -156
233 -155
-21 -89
193 33
204 -79
86 -7
201 -56
32 88
-114 -32
10 77
61 -3
133 -101
-9 130
18 -154
104 -75
-16 17
-53 -120
-105 -178
13 154
-30 114
-137 149
-1 77
109 -133
69 4
-30 102
-103 248
1 100
-213 -135
6 -21
-108 -71
3 16
-85 61
75 -25
-19 -38
38 151
-60 157
226 -12
-49 -17
137 3
-139 -168
-151 -172
295 156
39 124
-41 -246
-7 50
5 -128
-133 74
-17 -26
61 77
8 58
97 16
19 -40
77 281
-32 -81
47 71
-59 -42
-133 24
59 191
50 31
-28 82
54 -23
12 -129
8 -14
-83 138
3 20
201 -44
-97 -103
31 81
-2 18
-51 -19
107 -86
-189 119
85 36
-46 -199
-270 45
11 198
82 133
4 -12
-127 -25
142 -75
-125 -152
17 0
33 -190
-1 -7
-78 -270
-39 -38
8 247
95 132
-79 -80
133 47
40 -138
-86 8
-100 -7
142 -125
-51 -73
156 -125
-62 -41
-12 -94
-53 186
-50 -5
-61 27
-24 -6
-238 -55
-231 139
-118 -87
-138 110
-109 -92
-168 98
-71 101
-54 -16
-60 83
2 167
117 39
-118 61
122 -142
35 -93
-158 154
188 -72
57 0
134 6
-4 77
130 69
39 39
-62 17
95 81
28 32
-118 -60
229 -74
-68 -72
96 -173
53 14
106 85
-21 96
-54 -186
37 -80
-168 14
46 39
-61 -233
96 -179
130 174
-85 86
18 -49
20 74
20 39
36 17
52 46
0 -33
13 3
-59 30
60 -19
13 -2
27 -34
55 103
-7 60
17 78
54 -51
42 -51
155 -49
15 98
79 56
-96 -66
106 38
52 75
-133 6
102 -108
153 -18
65 49
2 -71
-20 -16
-28 9
151 16
54 19
-26 -35
-33 -84
0 9
204 -70
39 -96
-147 -17
131 -179
-12 68
49 109
-94 -50
-84 19
-146 -16
-108 -146
123 -24
26 147
-74 57
-137 -94
-109 104
-6 -11
127 -158
81 -33
3 49
-5 -74
-83 18
20 -21
-10 -51
-159 -97
39 -96
-68 -25
104 92
-25 -42
62 18
36 -37
-75 -34
-61 -7
-14 -28
-73 86
131 127
-41 -27
76 -68
31 -14
90 180
-49 47
-14 47
11 -56
-78 -91
-8 -54
17 -22
-6 -71
64 26
-2 -42
32 -93
51 41
-3 -24
-15 42
-46 -73
65 -14
-58 -15
16 25
86 -101
-16 -39
-15 -25
-24 -17
21 63
19 3
-90 -84
7 -104
7 68
-72 -57
-92 -32
29 28
12 94
10 56
39 -83
-22 -3
-41 -8
3 42
21 112
124 91
152 74
-60 27
34 78
27 21
-5 23
57 -70
53 -89
-17 -6
25 19
61 66
43 32
-54 -41
7 92
12 68
-64 -33
-135 -71
126 66
0 7
69 12
-53 -28
-21 13
-80 21
59 65
-13 24
14 -63
-101 27
-77 -45
-84 -91
2 0
31 -34
-2 15
-18 -20
56 73
12 11
-48 19
-69 69
-26 -78
-5 -3
0 -26
-25 -97
-6 -92
58 11
-65 -10
-30 29
127 -23
-72 16
-70 38
-48 -102
-11 49
-142 -28
-21 -58
-35 -57
4 -97
-12 104
-49 11
-2479 -426
-2273 -2584
-277 444
187 450
5 -35
-163 -143
-163 -97
99 -136
-111 -42
58 197
-36 3
-125 -99
20 -5
121 -97
-4 -85
-96 -5
69 -93
-30 0
-50 160
16 -35
-73 -117
0 -68
45 -116
-127 -121
-78 152
-34 -22
34 -45
-133 -116
29 -34
131 -42
-83 -27
142 153
11 -45
-20 70
50 -21
-28 100
-60 -39
-81 25
190 104
-40 104
-157 -43
24 -78
-104 -66
149 6
-51 39
-75 -99
-24 94
131 -151
45 -73
-81 -85
33 -80
-28 -176
-19 117
11 -53
-66 19
-136 85
23 185
-20 95
86 26
-59 -20
66 -90
-127 -91
105 -224
-209 17
-98 30
206 -11
82 -127
-112 -5
-15 -85
18 -134
11 146
-23 85
-2 -107
-45 -7
-146 -14
132 -22
171 -2
-40 108
47 -91
-16 27
95 -77
-130 136
-7 -16
-145 162
-165 36
-59 -145
-21 53
70 -61
-186 -34
32 11
122 -175
-69 16
-102 -114
194 33
-117 -100
-40 -54
-64 -16
-35 74
104 -149
-89 -185
-98 -119
-178 -159
80 15
94 -35
-16 -63
59 -75
63 -16
-179 -27
191 -38
-16 -63
27 31
41 18
-127 -129
-55 -47
12 -145
73 -176
-188 191
213 6
72 -257
25 -224
-16 243
53 93
14 -62
96 96
-85 87
-84 -33
-118 59
-177 117
-137 -50
-48 -168
-19 222
91 294
52 22
-43 8
-61 -64
-21 -122
147 -251
39 -34
192 -109
75 176
40 -161
-245 -127
-191 -40
39 221
149 265
119 -142
-5 82
-260 -50
16 71
94 -97
-117 5
138 -105
191 -58
-22 -49
-37 -275
-30 88
265 181
-134 104
50 -109
16 -87
2 76
143 -167
47 -235
-34 83
20 -150
61 -127
-193 90
-37 -8
-370 211
207 -28
30 -175
197 -108
-224 143
-297 32
-155 -90
-100 -201
74 -211
26 -29
19 203
110 81
2 9
60 102
6 -67
2 -138
4 -128
-270 108
161 -140
80 -79
-382 -22
-111 -41
-194 129
82 -113
-66 9
96 148
-227 -25
-56 -212
166 147
-115 -5
-316 -202
-149 -131
-288 -381
12 143
229 149
-104 40
-101 53
135 -353
-60 225
-288 294
111 20
-290 62
-223 19
-26 18
-266 201
-98 -98
51 33
-65 31
6 11
-53 275
20 -200
-56 162
-113 70
38 -18
-27 147
339 233
16 -104
229 -166
317 -232
-67 -149
-75 188
-101 94
54 -103
21 -347
85 -199
182 154
54 84
146 102
-47 11
153 -84
-91 189
45 -64
-66 -300
110 -154
-333 47
171 109
-266 53
164 258
346 257
-294 -205
31 -154
142 401
39 -62
47 194
166 -135
85 -10
-160 -31
-63 -149
-255 54
20 177
-145 -474
-22 144
-86 -134
62 37
199 54
-128 -357
-73 -84
71 -153
-201 231
61 294
-32 -234
261 -152
-152 75
-559 114
139 128
21 -61
-89 -36
256 134
-161 32
299 -144
-146 -136
-72 345
352 -225
-5 -312
-130 -240
61 153
55 62
-137 246
198 180
19 -89
-233 256
-28 -65
-21 486
22 -6
-112 -442
-202 -161
38 158
-181 -88
53 329
12 -20
82 100
-298 236
217 216
-215 211
170 28
51 48
-48 -347
297 71
97 -20
-113 -45
260 68
353 -282
159 235
373 -346
219 115
280 20
296 -20
142 -63
205 -282
-82 -369
-135 18
181 -170
-97 140
-3 429
131 -288
-392 76
-215 -16
-195 -149
-191 -141
-91 -198
-136 -61
96 -6
-168 -233
34 -28
-9 41
-253 -40
22 158
-149 139
-103 -50
-245 -131
-23 -158
176 615
-33 238
545 22
-48 -51
100 392
-251 449
-289 -311
158 -125
-89 89
-62 -239
-54 -74
-107 -115
-62 97
49 -71
13 31
-19 -69
-104 108
28 48
-184 161
-14 -107
149 -172
-120 -188
-156 -91
33 50
-335 218
6 -33
-211 -421
108 117
-219 -60
-207 -92
337 -160
-189 192
-161 136
36 -86
-48 187
-103 -22
90 -119
-383 -69
-262 -53
-82 225
219 354
43 -12
-469 61
-134 163
221 174
-356 373
84 -123
-232 -206
234 289
-37 257
160 54
358 170
-211 59
74 60
161 4
267 110
338 -229
30 54
-237 525
-177 63
-71 -494
-20 356
319 225
8 57
48 102
332 149
51 295
295 -57
-109 -78
-21 0
-242 -110
-20 -75
392 -225
-5 -47
20 207
88 -164
-259 -68
38 172
-269 -67
-60 207
-249 -308
62 113
-17 3
-116 160
131 230
151 156
1 33
-207 117
118 119
4 244
-108 609
-184 167
-126 -155
-80 -358
-35 161
-126 219
-44 94
35 -16
170 15
169 112
6 59
165 154
-68 -71
120 -57
200 356
-169 -180
132 -81
26 156
229 -21
-27 -168
27 -120
99 -163
-167 170
72 109
25 -40
104 -116
-16 -172
-340 -43
-70 -107
137 -182
11 101
-109 198
-70 -68
86 -53
-140 121
119 -55
146 -264
11 -108
-171 54
73 -97
40 35
-25 -137
231 77
38 93
-168 240
-40 -54
-24 -250
-272 118
-78 160
3 -136
-27 61
117 -129
-148 257
-138 -9
240 -255
166 186
189 148
22 277
-386 -77
-179 -78
-215 -224
20 30
158 -376
-44 0
96 30
-202 97
-23 -21
-156 -77
58 52
28 -114
-47 284
-206 158
169 84
140 -56
183 137
146 168
58 196
-2 -50
-3 103
170 95
-121 -105
26 -86
20 9
1565 2544
-1117 1802
1760 -1734
-979 -276
34 -12
-75 -244
158 -37
178 -109
43 36
-340 -163
289 -17
43 44
-381 67
256 -176
77 5
-86 119
62 230
217 -31
-117 32
-322 -108
-55 -62
-267 -29
-12 37
219 18
-295 188
-54 39
85 -163
-114 144
-27 135
-235 80
109 49
-109 -36
-63 14
-72 51
-263 -80
-12 -265
96 -139
-45 -262
117 -288
-146 -21
63 180
-142 159
-88 -69
-45 -112
-132 53
159 -328
256 -175
91 -28
-41 28
-65 315
-115 15
141 144
94 -92
-318 -51
-234 210
-195 203
-169 -206
-130 182
-21 -3
27 69
-52 69
-72 213
-135 229
108 -165
93 -114
-212 17
13 -19
12 124
372 45
-67 140
67 -32
-13 -60
69 168
-110 172
-53 111
166 -165
-52 215
44 -55
-331 108
-8 35
152 -2
-65 122
-50 73
-8 -256
26 104
111 26
-22 143
-196 30
-73 -38
-44 -65
13 23
-52 104
187 6
-121 -123
-16 -14
141 258
-18 106
8 -36
78 -84
-102 -16
-24 -73
131 0
-94 154
-185 -30
-35 47
6 111
-109 -36
179 -7
-191 -101
-181 -142
187 -146
34 -298
-121 -116
28 209
-275 -88
-205 12
128 50
-191 96
-19 230
-17 161
170 -307
-98 62
59 109
-170 -96
-31 -217
180 57
191 129
190 -219
142 40
-118 150
-33 16
-315 -226
93 -107
-59 113
42 18
85 195
101 269
113 -81
-82 -7
-206 -232
-165 198
245 -16
86 82
-122 -187
-42 -175
-40 -14
56 -217
183 9
-27 14
-220 38
31 -152
-50 210
-244 -85
-38 221
-67 147
-91 -46
8 -7
-17 -238
7 -29
-87 91
-221 11
13 -10
22 160
-20 56
-79 223
-37 163
201 22
-136 112
236 -82
-192 164
42 259
-189 288
-60 -86
143 99
68 58
-86 153
106 395
48 19
-23 -58
-86 -46
76 57
45 -49
23 35
88 155
97 -46
167 -27
-18 -108
65 107
393 -33
187 -15
61 -228
-193 -31
1 -63
-107 -30
397 62
-72 58
-218 -141
106 -8
206 255
135 -50
220 119
33 -204
-285 -111
-36 21
-13 -63
-19 115
-17 -157
48 -194
-276 126
25 -250
82 163
-39 -13
170 -75
142 38
112 17
169 -221
-92 -27
-126 -427
-99 105
118 -38
82 46
-43 3
49 -132
-486 -194
-80 -99
-411 -16
-278 206
118 109
-51 -62
152 -89
-139 -42
142 196
-12 155
33 -87
-4 -210
-50 44
-44 -28
-97 -77
-21 -318
-18 217
138 234
-73 30
262 59
-193 -112
288 -46
-224 -246
-310 -153
26 94
-90 -86
-180 -256
-51 43
-115 -217
-107 -7
-107 45
121 5
197 188
368 -32
-140 -285
244 442
-12 -221
160 -95
44 75
-58 -109
37 585
-15 42
-2 163
419 -378
-76 -217
-9 461
-359 206
379 6
585 -144
-202 3
-48 -12
154 83
-351 -251
147 -11
-190 -22
41 186
216 -321
-133 197
57 183
166 285
-37 -206
77 -30
175 -279
-311 -125
-58 220
321 5
-61 161
99 -519
155 46
216 416
377 190
122 -246
115 87
-94 -388
60 59
-1 -136
529 -282
-279 -277
38 -140
-234 130
-91 -73
184 199
-456 -133
-74 118
225 218
-68 -108
-210 302
-130 -143
-440 439
-267 84
-192 -177
-418 -107
-121 171
-135 462
248 392
91 -21
-162 233
24 -10
40 -519
-41 354
370 -84
223 79
276 255
394 313
30 507
111 56
-126 -93
262 364
-88 -52
36 149
168 115
148 -232
137 41
21 3
185 -66
65 130
-169 -806
100 -28
-664 41
-3 1
-209 -546
189 -437
293 575
-73 -92
138 -260
93 336
-290 128
125 77
161 -149
-163 113
11 -119
84 75
-44 -70
27 58
309 -366
-77 24
-160 263
21 337
315 195
-224 22
449 -308
2 -201
180 582
-182 -150
340 5
240 -9
-635 266
95 -60
43 -148
-130 84
-136 -222
120 11
-91 350
567 266
356 178
-52 -315
-424 -480
-111 200
701 24
40 -215
-390 -352
345 -451
-105 188
480 50
-396 -446
248 -635
193 -196
-520 -403
417 15
-42 -297
-133 -219
-174 -108
-483 365
-113 22
271 -647
442 29
241 872
193 -689
-436 -455
-7 -72
-335 -246
-613 -91
-307 -733
-503 194
-6 -17
82 -3
191 323
-263 312
-941 536
79 26
-53 -340
-177 63
350 -106
-159 -268
401 254
63 -413
428 572
214 -364
128 142
183 -428
-36 -516
-261 -168
-5 9
581 -168
-93 -195
66 -377
174 -803
387 -308
291 207
276 585
27 -361
255 -111
149 -341
-32 154
-440 114
-344 -65
207 0
-284 -345
269 281
-217 -54
-270 -877
175 622
-295 149
-298 -201
-350 -47
-140 155
-85 -27
-111 133
259 -346
-133 36
68 259
-315 294
-265 332
461 -53
54 159
-259 369
-158 -512
103 -381
165 55
-241 299
-73 -109
-186 344
-213 544
-135 -68
40 -251
-196 500
35 -555
68 11
-405 24
148 -53
-280 -666
124 47
73 658
600 144
175 -261
-1 233
-166 69
-108 76
336 -420
282 114
-678 551
-523 -174
-228 -310
-263 -540
680 17
303 -46
351 160
272 -157
-254 483
361 -108
-70 -141
421 -222
-111 399
386 456
-190 -6
74 419
287 -798
484 -365
-610 59
-95 223
-32 -103
-181 -28
-270 -248
363 127
132 14
-139 -132
3 384
29 316
131 336
