2030 -523
1734 862
1828 -260
2218 934
1792 -14
2033 719
1708 42
2229 478
1702 -237
2090 713
1668 -376
1766 819
2147 -331
1455 832
2063 -148
1412 987
2178 -259
1385 1134
2123 -76
1547 896
1951 103
1553 1057
1515 -332
1244 1141
1763 -496
1199 1148
1703 131
1246 730
1750 218
1558 463
1873 20
1933 614
1950 102
2129 895
2067 625
1931 901
1810 548
1527 848
2042 -20
1880 842
1996 431
1825 1048
1652 529
1556 914
1774 237
1730 1102
1585 222
1670 1420
1706 583
1505 1244
1444 985
1562 1206
1491 243
2028 884
1710 139
2019 1111
1402 511
1796 1077
983 351
1884 1339
1753 454
1765 1717
1650 1022
1685 1581
1928 403
1777 1531
1909 534
1733 1769
1363 402
1453 1900
1479 384
1657 1419
1929 225
1563 1383
1659 196
1318 1614
1467 -101
1184 1783
1642 520
1413 1674
1583 468
1595 1504
1800 412
1775 1771
1575 432
1474 2024
1708 593
1307 1883
1520 395
1261 2204
1275 178
786 2110
1410 182
1243 1314
1630 299
1421 1775
1845 68
1018 2048
2163 75
1378 2214
1814 549
1438 2320
1559 617
1220 1758
1547 632
1259 1748
1655 512
718 2450
1545 482
802 2256
2057 291
1201 2376
1769 728
641 1975
1162 274
332 2109
1753 346
-135 2304
1750 862
388 2218
1636 623
597 2496
2102 555
418 2070
1859 875
984 2062
1748 348
133 2412
482 158
884 -337
549 106
1140 -2
187 547
521 -165
117 160
346 -220
665 -24
516 167
348 92
290 35
178 321
254 -196
74 241
70 28
146 -88
328 337
206 217
526 173
199 422
770 265
193 149
-1 488
345 120
-41 159
473 206
471 24
509 229
434 361
-256 407
276 196
-399 604
748 12
-377 775
567 245
-31 569
219 132
54 790
242 116
-12 610
352 -187
-208 345
373 8
84 3
-136 -10
335 596
-309 283
-64 478
132 95
126 278
475 59
-271 273
174 -225
-264 414
-51 115
-89 512
-139 -18
149 300
-139 72
81 376
-33 0
-97 755
160 324
-535 449
478 223
-177 364
467 734
-557 836
1 689
-587 306
226 519
-452 276
443 666
-312 190
244 405
-164 647
188 367
-81 669
50 126
129 629
378 126
-179 434
183 318
-272 186
89 358
-191 -157
-118 559
-389 179
-413 328
-602 -194
-263 126
162 -340
-15 8
-32 -478
144 166
-206 -433
-107 176
-554 -283
-119 149
-583 -103
-141 469
-700 -78
-391 345
-739 -24
-290 282
-538 246
-152 197
-500 510
22 156
-808 91
-341 155
-531 -295
-870 -110
-218 121
-209 -388
-141 448
365 122
-564 94
62 -222
-370 -240
-3 -529
-190 241
-181 -351
-171 395
-348 -273
-402 313
-190 -69
-35 121
84 -146
203 -253
264 66
434 -215
276 -383
-377 -373
317 -243
-635 -431
-141 -428
-434 -135
-105 -180
123 308
-508 -155
223 368
-62 -186
409 283
-158 -161
254 87
-126 -378
8 -254
-114 -145
-203 -726
11 -96
-195 -287
-137 -74
-606 -235
-380 -538
-206 -124
-280 -393
-118 -89
-228 -360
262 208
-349 -444
-291 517
-465 -405
-86 329
-250 183
47 411
-49 -132
-183 -236
224 -366
71 -373
-69 -146
130 265
1 -22
396 285
-203 119
479 234
-240 -234
106 -50
305 -137
-210 -304
236 146
-94 -64
38 77
45 157
149 -231
526 -101
308 -472
536 16
487 -154
-258 -148
-120 190
-254 -525
-139 -228
-10 186
334 56
-579 184
482 76
-115 -231
220 -241
450 -41
186 -232
280 379
-25 -32
359 11
73 -78
500 170
155 -129
-85 -72
560 -153
-321 33
439 0
-238 -70
147 -318
-108 -59
332 -247
127 20
271 -178
-37 -172
301 -108
360 -420
-101 -280
336 -127
255 -339
226 221
198 311
-88 -243
479 60
343 -95
682 -64
29 183
294 -202
28 184
-229 199
-196 211
-391 -107
-214 46
219 -229
-35 79
459 -52
109 279
425 193
-140 613
214 128
33 98
488 107
486 -85
504 240
498 11
294 -214
103 -266
111 -240
222 11
-96 -322
-321 229
113 -79
303 25
0 223
103 147
-331 63
-83 121
-248 -384
-198 94
376 -297
68 -246
178 269
264 14
115 -25
163 31
212 106
11 32
-446 -200
-350 -280
-130 -44
-215 -330
-220 439
-240 -130
-408 -125
-152 100
-168 -352
-295 225
-334 102
134 -293
-290 -110
149 -84
148 81
-206 -533
-30 310
16 -573
-211 510
132 -30
-299 555
-114 289
-355 299
114 -28
-33 -45
416 -159
263 53
403 -231
291 138
146 -90
214 59
46 -210
446 88
219 -470
90 46
499 -389
-226 -351
223 61
44 -406
103 -194
300 -291
345 -391
157 -224
586 -332
-25 -108
352 -326
-413 -63
26 -642
-277 -386
195 -261
-192 266
30 132
-559 85
353 -288
-67 236
106 -158
227 286
-86 -245
7 266
174 -350
-494 -55
119 -289
-283 -230
-259 -116
-214 -36
-138 -11
-317 18
130 -16
36 3
204 -212
190 51
142 -337
-35 341
155 -99
-142 181
-53 579
116 -133
-15 176
-79 124
412 -59
-465 -245
172 162
-36 -299
-164 272
-35 -327
-108 174
72 -71
-121 422
-462 -185
-151 195
-220 -150
332 212
-386 350
272 356
-392 516
212 337
-310 373
44 193
-162 100
16 348
-88 501
-23 834
-237 289
160 575
559 -77
593 556
286 272
27 149
-202 296
264 3
-170 433
-29 83
36 297
3663 -636
-431 1547
2420 -1841
-1571 1239
2881 -106
-334 1236
4376 -1028
-1839 1281
3175 -743
-1661 595
4001 -150
-1615 -210
2466 119
-1557 772
3527 -138
-2062 1133
2723 -375
-1346 1089
2925 -781
-829 1611
2762 -1067
-1777 -131
4933 -423
-1507 1071
2667 -14
-812 733
2834 -319
-402 1514
3506 -150
-1406 1634
3558 -412
-2253 1463
2311 -379
-2024 1331
2283 -587
-1536 138
5036 -1008
-1457 -130
3922 -122
-2493 2024
2705 -954
-1087 -258
3746 -226
-2369 492
4332 -113
-1639 1086
3690 -866
-1238 -907
1880 19
-1660 1290
5023 -1274
-593 629
5242 726
-1865 1828
4152 -322
-2073 -530
3693 -1197
-2629 430
4526 295
-2785 870
2046 934
-2446 -281
4037 -673
-1536 737
3892 1453
-1791 -313
3758 -1388
-2689 -178
3642 -210
-923 154
4411 917
-1219 725
4128 1206
-1261 -463
4184 -556
-1996 158
3624 877
-738 340
2908 123
-1137 565
4444 1208
-1349 1158
3410 426
-2794 139
3458 624
-1682 -106
3739 652
-1441 -42
5038 29
-2592 -905
3683 -663
8 -76
3192 1089
-800 1410
4090 424
-2813 -900
2712 1151
-1913 180
2863 1399
-2084 413
2607 -1246
-2123 24
3134 1105
-1277 -222
4771 387
-2916 -648
2668 952
-2560 -1048
4133 782
-1579 890
2718 1127
-2246 -1212
2860 -1121
-443 -1256
4728 187
-2356 -1800
1925 1396
-2030 -453
3267 55
-2417 -101
3785 16
-2079 -1034
2711 1483
-968 639
3887 -749
-2811 -76
3611 1403
-211 -2460
2051 1452
-777 1713
1196 1429
-779 -899
1283 249
-155 -777
2513 2814
-1188 -387
1619 1076
-1079 -629
1035 955
774 -401
508 1758
-564 -303
2056 1980
-570 302
1048 1839
-1038 476
266 2068
357 755
1436 2122
-1450 -666
1783 1686
59 -1330
-90 2022
360 425
657 2192
-29 814
605 1369
-905 -1285
751 602
-31 809
-215 2345
267 -73
2015 1689
-418 -1391
564 2562
216 389
583 1882
108 -635
1124 1677
-70 636
991 1514
117 -983
526 3444
107 -767
-619 1567
-574 -515
777 2923
587 1638
-325 2211
73 -1191
779 1407
34 -483
-554 2037
-363 -959
1069 2729
185 580
-3 2274
-105 -1324
-932 1766
-971 483
-695 1519
-322 -655
1633 1404
-483 784
-766 2243
-859 -1259
831 1272
177 -512
609 2553
-27 130
402 1436
-354 -378
-242 2801
736 -407
-1140 1034
243 -847
-349 2285
1694 680
64 1632
284 -362
108 941
149 -445
90 2066
212 -270
708 2303
79 -1126
-1832 702
1287 -325
770 4237
789 183
-1198 3071
68 719
-1132 2377
-112 -467
-1330 1809
-34 -492
-894 1768
-244 45
-1177 1960
-318 -360
-920 1813
929 -126
-1647 1742
-112 -589
-2198 2653
711 353
-1229 1623
491 -523
-1154 1908
643 -697
-1982 3094
1333 287
-2816 1741
-470 2071
-2546 1951
-207 169
-403 889
1123 -196
-3208 1743
383 -109
-2718 1832
110 376
-2543 688
145 -94
-2373 713
-796 276
293 -16
-300 685
817 1723
-195 156
-155 -901
1183 1008
678 -941
-874 -840
-354 852
46 901
-519 1582
-1103 -1217
-1806 1001
19 208
333 -72
-414 816
-1007 -529
806 -655
709 577
-373 291
567 -526
-441 -219
388 773
-940 26
-825 -676
564 -757
715 439
662 62
-574 751
-913 -87
780 743
700 1078
-1414 67
267 -693
586 -825
-809 389
-721 489
-521 619
527 390
779 1128
1359 -36
-48 -155
-1378 547
-395 -31
-1248 178
-519 659
-269 470
255 -928
-329 -607
-40 989
215 -525
-399 828
368 -13
-14 -876
-317 844
-106 63
808 873
1038 332
-180 1031
51 -211
-656 -1303
-1149 392
1065 -1303
764 -1260
-68 785
-540 760
-1124 -751
79 393
1441 -611
234 -52
-31 1225
1034 -666
-336 307
-267 -82
-636 -1755
721 -66
-421 1448
30 -106
153 -1332
358 19
-3 -547
-697 544
263 -301
-24 -1056
56 758
207 295
-71 -527
-948 228
-819 279
307 3
908 196
-952 -549
-1822 844
653 -281
-333 302
-1499 122
-1163 -841
-714 -719
1257 794
55 882
-1546 -1407
330 -1082
-18 -222
-596 -1326
-392 -911
-538 -1441
-135 -1021
931 842
419 163
65 650
-360 -580
-337 462
-1083 -51
38 -657
49 -1619
528 -337
404 1058
-581 128
58 185
-99 -533
-1466 -251
745 -221
680 -282
276 -776
-1675 -1331
900 629
612 -361
220 -97
-1205 717
478 81
-671 -870
657 -776
-549 -496
633 1450
536 -114
-789 608
-320 494
-644 -982
-674 -1012
293 928
262 -144
172 -1845
373 -1458
1014 -313
478 -370
-1517 590
-443 -238
-392 -625
110 -302
1091 178
-824 -218
-827 198
901 -587
-811 -295
316 1538
-8 925
-96 -889
-1107 -668
1270 1345
-18 -602
120 633
-201 -1479
-1072 25
-267 -103
1077 -356
902 -171
778 344
-578 1141
424 372
-411 1068
542 -697
-635 -405
364 -612
-709 179
1212 679
-773 217
1371 57
593 -789
-529 817
242 249
234 -1051
150 772
166 141
-482 107
234 537
-612 -385
-625 211
-957 -479
575 -282
62 -369
1023 -36
-586 1310
-1177 263
-1241 -682
1474 -44
1491 902
382 355
-941 452
242 -1465
133 1061
77 637
1229 -1582
637 475
-91 172
-249 -1022
812 1194
-12 -198
-6 -986
467 472
-56 817
365 633
684 713
260 451
-1015 -582
-172 21
-375 -29
-763 140
1002 443
-729 -954
-19 371
923 1436
-34 -824
-468 -32
1344 365
-1084 -273
-570 777
380 204
500 854
194 487
-1424 -711
-93 -33
1265 193
1469 461
-1065 -358
-621 467
-361 -203
-54 146
25 -90
-53 -732
285 233
411 142
121 576
-561 -586
-1207 -594
-794 -78
1281 1505
1212 1104
-551 934
-935 -879
-997 -1776
1498 253
-317 -769
-564 361
306 -143
1088 816
510 685
3958 3397
-214 -2666
6121 3854
-352 -2558
4297 2364
-1659 -1394
3562 3466
540 -1028
5202 3507
104 -627
3550 2643
-281 1266
4131 3307
-152 -1432
4014 2994
972 -890
5053 3988
1285 -254
4310 3603
-29 -2648
5370 4364
57 143
2743 4886
1184 -2034
5801 4488
288 -585
5885 3078
-279 -1643
4377 2583
347 -1021
4397 4797
516 -429
5939 4117
-636 -1487
5891 4303
486 1516
2978 4006
377 761
3106 3305
443 -2923
4931 3691
-1528 1336
3936 3831
2373 -132
3292 4803
1025 -1443
4572 4206
-1548 -28
7319 3340
164 -1738
1955 5383
-162 252
2697 2938
300 -3433
5292 4396
436 986
4828 4287
37 -890
3608 2361
659 -921
6022 2915
1006 379
2912 3918
865 -1594
3007 1562
232 -937
3554 6049
273 288
4674 4824
-183 -1247
2745 3362
-1117 -1497
3062 2617
-660 2170
3012 5555
2310 -817
4702 4403
-226 -677
4655 3477
-634 -816
2651 2625
-1190 -2520
3388 2934
751 -915
5116 4540
-247 -479
3730 2853
192 -1508
3195 3959
1201 249
5254 4701
-1535 -552
4407 3319
-1542 -1941
2316 4220
1127 1017
4391 3404
900 -1533
1897 3814
-540 -2047
5804 7678
604 -2520
3737 2045
-1038 -57
1064 5166
826 979
6132 3186
2706 -603
2830 3659
-114 -3184
3299 3650
896 1411
5520 6602
-88 1651
2280 4865
2016 367
5569 2988
2762 -2232
3767 4231
1103 -1385
2728 5229
-840 459
3026 2277
-1330 -1542
2099 6035
1757 344
3211 4128
-416 2131
-1167 -1230
-686 -2802
4 -1763
-1375 1474
1066 1186
-611 1318
-84 -4136
2106 674
-1293 986
-708 393
226 -661
-2323 482
1273 -570
481 1463
-118 -883
1090 -1312
1399 21
618 -992
2014 -787
-907 -1187
1041 -1167
-5 414
294 -676
760 2495
2576 -1421
423 -770
603 -13
-1046 -1863
-69 897
343 2381
1535 2415
85 -1678
4187 -1640
-1853 1051
-765 -525
-285 1332
1562 -2078
-240 -1364
2210 -2133
-940 1064
-116 -1121
-132 -1
1112 1137
-575 1140
-486 -2325
153 436
1084 163
1813 258
29 -2694
-1414 -3399
2287 404
-183 1856
538 1204
28 929
3315 -1368
497 577
-2011 -2116
716 -1201
1414 -817
1070 1743
1063 -227
460 -1838
1522 139
-267 2142
186 2280
-362 -1453
1821 -1267
-11 862
-94 105
-312 -188
1932 -987
-454 -1381
-362 1799
-971 -1181
1510 -1749
-1512 624
1390 -466
-591 1555
252 -863
-1879 -599
92 -893
-942 -113
78 1677
-1112 -583
966 -55
-714 79
-2302 -395
932 67
3202 2274
-1612 219
-2095 -1889
-1013 -560
619 219
-15 -1243
1829 1365
-858 1127
1555 3156
327 -107
2932 2127
-669 -291
1572 -93
1215 708
1883 410
-482 -1094
1832 468
693 649
3612 -823
-1158 -761
-88 -953
-924 228
1342 1123
-1512 1174
2116 -318
-86 364
2985 620
1787 -1496
1952 -533
-1263 567
-216 1842
-1223 1737
3160 272
-1083 2589
1840 -624
200 -63
1099 863
454 1395
1807 2897
1260 -591
250 26
307 1679
-899 -1832
-1197 111
194 899
-3234 363
-2084 2563
112 1407
2468 -365
-250 -1064
352 -1584
461 2928
3457 -816
-473 -22
-888 -762
-337 -196
165 1021
-344 1896
-3258 -562
255 -1087
515 2979
-945 -486
318 -6
474 102
1763 2464
-2163 1422
-22 896
-332 40
1525 -503
914 580
-1218 -1285
-1863 -539
1862 -639
970 1553
180 -932
1093 173
-114 -1794
360 -1442
-1467 -527
-1255 -1499
-415 553
-416 1761
1078 -825
945 -771
1987 -1385
666 -1802
-1392 -503
634 808
290 274
380 -1239
-1954 326
304 -925
-630 3392
-612 394
1637 -750
277 -597
-908 -1813
-1756 -713
-190 -1690
-368 971
964 2698
518 -875
-1947 1932
-857 761
1458 484
1980 -1028
2576 -319
-1315 -1054
-1296 1502
-583 -952
1233 -1185
-1800 1848
606 -1163
565 26
-1854 426
-471 -653
-1259 -1920
784 -1142
-1909 2629
-578 -266
1213 1176
-666 -1414
-471 2
-1328 2346
957 -1520
-1398 -1038
590 1137
1445 710
74 -469
-752 -430
-2735 496
1166 838
1700 862
-991 729
-1080 350
2042 714
1883 1616
111 -237
-847 -1047
-1015 -1088
2142 2089
-1567 1471
-1264 -1157
913 1247
229 550
182 839
306 712
-358 254
-108 -1778
-68 27
5 -133
157 -967
582 -1619
179 889
-401 1141
-568 -827
-1342 -2668
-187 -1124
-1972 -184
-668 661
1322 55
-751 2558
-867 1393
793 2265
2114 1772
30 -174
-660 -890
299 709
226 -735
171 -646
1050 1976
712 1453
696 735
-413 -1828
-1208 -219
206 387
1162 -894
84 1469
-810 1648
-178 -2139
-1194 -1263
-896 2883
-1247 932
-525 -629
-842 -1094
2015 -2972
587 813
1125 190
-725 -527
-1182 -559
1562 -1496
1609 -158
-1498 0
963 -619
-1447 -3302
87 -1262
-761 2360
1402 1316
-1437 244
-139 -439
967 -707
433 47
1434 -183
-513 -3027
-29 70
-2301 -131
-1273 -1174
-434 -1973
-996 -884
-946 -1114
-1355 1505
1036 249
-1263 1037
-1418 -776
-1021 -1079
-503 838
-2428 676
-1840 1229
436 -1116
627 987
518 1058
-487 -732
-468 -1546
-770 -314
-1313 397
-903 1153
938 711
1434 1261
-1581 1087
-1441 228
-1039 1794
1331 490
3800 212
2715 1764
-1434 -797
-1662 -32
453 -1533
1952 -1635
-130 1793
-932 -1128
1144 -845
-1639 1934
-537 -573
2791 -745
1271 2581
-115 -1593
954 291
891 2082
-42 -332
1475 -1460
54 -1284
-1224 -2039
-461 -43
1333 1338
671 1538
58 -538
1420 -42
-1231 -858
1842 -624
663 -419
-2068 -3397
-16 1047
519 1077
-472 818
1497 912
855 -626
461 459
-1106 -151
502 257
2730 2440
2501 95
-1478 233
-1279 -678
2337 1715
375 -1172
779 -632
64 -405
684 -1165
289 1644
-128 -691
-318 -1012
-294 -1452
690 615
1196 887
771 -1340
-1241 -2346
-2458 -3074
251 -1730
-84 797
1017 2021
-3588 744
255 1235
1161 1558
-1518 -687
-1373 -740
-1496 -1132
3529 444
1198 3099
2369 1705
3021 3033
2721 611
2776 -149
2223 1476
739 560
2070 2051
1686 1161
3981 1168
2101 -390
4696 588
1937 3497
3532 1251
1481 1506
3400 893
-960 314
4192 1978
649 2859
3038 1052
1926 2259
2856 -2393
-1285 3341
565 -1440
-218 1667
-58 2546
-594 2434
2469 4525
-306 996
1079 1391
1456 764
3589 1989
4104 2421
3293 1486
1584 -1468
2780 2271
185 574
3196 1697
3154 4680
1570 2071
5197 -493
1197 1842
-2108 324
2480 994
-517 2839
2156 2860
3542 3973
-199 3342
540 3227
3224 1587
-398 1006
1495 3239
2492 5002
-471 1026
2708 -657
-345 2650
2791 1174
1354 4097
1819 1477
911 3217
2126 1828
3761 3544
-316 2191
4060 5082
1207 2391
2404 762
2396 -83
284 1680
-246 3233
2553 2372
2998 2475
3163 2601
1362 -2495
2332 -928
-3405 1919
-874 973
-626 2091
1798 3284
2758 524
2642 3001
3533 1516
3207 3565
1404 951
-1305 -309
1318 1733
1104 3870
712 2974
-676 3183
-147 1622
-1538 2910
788 2126
248 3030
2049 1014
3550 2514
-728 474
2266 2255
51 4367
6317 472
3608 3937
-1938 -1421
2532 4384
1332 6032
3354 -1062
3465 428
1121 -635
-2256 2330
-2626 3160
1398 3159
1334 5926
3801 3277
1623 52
135 1386
-141 -158
1384 2183
-279 2758
155 3104
-2594 5584
2410 4737
1184 3421
1896 1722
3555 691
3390 5651
2914 1079
2726 2306
523 194
1201 2501
-1019 -180
2497 -1017
3226 2728
934 626
4330 -1025
-1405 -2215
1352 -1907
-642 3496
-2435 -636
2870 -2572
3060 1517
986 210
2298 -580
-22 263
-236 -2150
1672 -463
-1008 922
406 -2226
608 445
182 -1939
281 189
-600 395
2004 358
1296 -299
-1571 -1640
-114 1125
-568 861
2004 -2861
2072 1214
1719 -3096
1178 -2456
-1171 -4350
247 2179
-3598 2243
3892 -1706
2264 583
1688 -1031
-819 705
-271 498
-1321 3481
1982 -2181
2815 1658
1418 -1742
-473 -3404
1303 -1927
2910 640
-815 -1170
1885 -816
-2992 -293
2908 2410
2690 3337
316 -3217
1309 -2088
539 -3131
-599 -1315
-3986 1744
266 -845
3520 3271
-1981 104
7 -1136
-1472 -2610
1068 -340
226 3017
-817 1618
218 -1692
-1714 -2358
1198 1422
578 1241
697 -126
-1170 686
483 1304
-3463 1165
1372 1557
1534 -2070
3042 2678
-1189 1484
2089 -1866
352 3953
-98 -1194
1808 2993
308 -1746
1751 2370
626 -320
886 -728
1168 1088
-700 1186
1276 -515
4498 153
-2452 1208
-1658 -2256
-221 -686
2186 191
-724 611
3071 -2180
-135 601
-679 -2316
2082 -1212
564 -4967
789 1515
-3016 -2975
2482 109
-811 590
-2048 -2042
-1246 533
-492 1983
-21 298
-1230 -94
-3409 804
1662 1261
1468 3240
735 -358
-249 -1390
809 -1991
-1549 -1058
-3030 -673
-1248 568
-2218 301
730 1655
4047 -1126
1315 -1873
714 -2625
-1481 422
714 -5887
89 1521
-335 -508
871 2121
-970 -2820
331 -2501
-949 379
-1553 -135
844 -4551
967 -85
1424 397
527 -289
4231 -1354
1889 -4304
1487 -2269
-5958 -438
-286 -761
-187 -268
412 -3871
-1512 1353
-569 559
1948 3252
1552 531
2388 -781
-1091 -1850
5180 1867
1299 -62
-751 -4145
1694 390
-982 -2325
504 341
-3419 -2647
3848 -404
-973 -1495
-497 -1212
-2270 -231
-873 -1704
511 1363
977 -812
-1498 34
-2439 -2251
-2071 3507
-2185 -1097
1102 2349
-330 1897
1931 1020
1523 994
-1021 -681
551 -3854
778 1156
-1330 1035
-1004 3133
483 2683
2927 395
-1106 -510
1619 1589
-757 -379
2594 91
193 261
-233 -5387
732 288
-2536 880
-321 767
-359 2972
2466 1543
961 2130
-316 -2189
1181 -1938
1470 1522
1158 -1271
904 467
-3452 -582
-2369 -313
-2542 2762
623 638
-822 -351
-377 1592
-1839 1524
901 -2396
-848 550
-1951 -524
2460 1931
-665 870
1071 2909
-1348 2021
2508 -414
-1072 -263
-1569 -823
1768 1868
93 -18
3669 -1495
-2291 986
2302 600
-2137 -496
-335 -392
1484 2106
1531 -130
3577 -1070
-133 -1024
-5 -2672
645 -1063
2811 -384
-227 -1220
-1778 -709
752 1274
-811 256
1921 1253
-1444 -887
2442 -1258
1153 3074
122 418
887 783
363 -139
-717 304
-1642 -1387
-859 2457
855 -858
-398 -327
1529 707
-1426 2665
-1244 -1948
-5 2617
-1115 1092
2191 2787
1463 3466
2641 -399
2944 92
137 251
1994 -4162
1299 -2485
-512 -3269
-1281 -2090
-1468 -1895
80 2269
-753 -1272
2309 1305
-1517 836
1398 -1045
-2947 -242
1287 -77
-184 440
2420 1234
36 -1894
-235 600
594 -321
3441 -2447
1126 3313
986 1598
1127 -1938
1222 -493
-843 486
-238 2456
-978 3450
273 -1541
-946 -618
-129 778
1347 -74
-1724 3181
-1454 -2294
120 450
-1621 607
2068 3055
-895 837
694 -3956
-1918 -469
182 -3836
-486 1650
-2971 -1198
-1141 2198
-2396 843
95 4434
-2649 1197
1847 510
1347 1679
1041 814
1091 -67
1982 977
-319 -1770
-1304 -59
817 -1674
3709 882
-1368 618
2551 -1970
414 -1658
2325 -1826
-1868 260
-1788 -3581
-341 -182
-436 -1291
646 1849
971 -191
2590 -1054
1998 -857
-62 -3437
-1517 -1536
2882 -1927
2145 613
-245 -4795
-1621 -2267
-5007 -1469
-2573 -2926
639 559
-689 -1487
687 1070
-2687 1331
-380 -1648
2019 1667
-2846 -255
2533 -480
1145 346
-4012 40
-2143 -3801
-685 44
-789 -737
-2014 -2885
-1858 71
-3042 1766
-317 1580
458 2757
787 -1242
735 -1123
-677 -2864
673 6
-1177 -56
286 326
-1414 2200
-1946 275
1769 3562
-211 -542
-141 -2359
-2913 -1435
-721 -189
-351 39
-444 -937
423 -812
-565 -2967
-3037 -2803
-4161 387
-655 329
-756 510
-2819 -2263
-61 1134
-1116 3421
583 1362
-1023 2424
-207 -238
-862 1568
124 1664
1135 1609
-335 35
-1148 502
-419 2927
623 2750
1824 4233
1486 1526
838 875
-166 -834
4053 -293
-818 396
-260 -2724
1183 2127
855 -469
1024 2485
