1755 -664
1832 14
-2664 556
-2546 -58
1679 -1999
2175 -2505
2206 1009
2542 755
1708 42
1515 -332
1007 -810
1731 -1057
1357 -3763
1222 -3212
-724 -1189
-381 -1571
164 1677
360 1359
-1212 -428
-879 277
1250 -748
1245 -340
-1528 832
-1001 319
2229 478
1244 1141
-1190 -1727
-940 -1981
74 -570
674 187
-92 -446
-291 -413
2518 178
1856 446
1694 -1568
2271 -1039
-1109 220
-1237 -355
-1107 -468
-1399 -994
117 160
193 149
-268 61
-872 305
-1002 -202
-1449 -101
-712 224
-1172 -103
819 71
534 363
467 -450
816 -438
29 -39
341 204
-649 -206
9 -162
346 -220
-1 488
-308 94
-409 372
-203 -144
-50 -256
180 317
572 -13
158 -130
-118 1
-208 -72
-37 -60
233 -66
-73 -331
421 -137
186 -284
-377 -373
-203 -726
624 113
-85 266
97 130
-72 458
-361 -217
-71 207
-113 373
715 -263
-140 161
402 -227
-53 -73
111 -190
6 42
618 108
317 -243
11 -96
66 -91
-327 -66
-238 -443
-100 197
220 -221
140 -424
140 214
139 -91
-141 -107
-266 149
-551 204
-327 181
-378 -264
9 -24
-198 94
-152 100
-275 148
-68 346
-88 35
-142 -222
-279 16
-116 131
88 637
34 234
-246 80
174 -159
-176 -495
100 304
-28 -316
-3 -334
376 -297
-168 -352
-214 -157
-294 -34
23 823
279 96
-187 -123
-96 -101
1668 -79
1607 -611
-2629 321
-2530 364
1540 -1781
2230 -1624
2532 1194
2915 1421
2042 -20
1710 139
1222 -801
1329 -847
1881 -2427
2060 -2444
271 -1769
909 -1875
-69 1333
-330 1600
-1236 176
-772 -287
738 -729
1519 -715
-1049 67
-1059 -102
1880 842
2019 1111
-244 -1789
-459 -1425
798 338
533 -132
-162 -750
-127 -574
1811 1603
768 2160
1922 -348
1444 -196
-1011 -625
-1175 -284
-1522 -1001
-835 -1092
54 790
-264 414
-595 -847
-726 321
-950 -924
-500 -598
-994 -243
-984 -571
476 405
213 834
635 -90
1015 167
132 67
-76 -344
-454 -553
18 -210
242 116
-51 115
-149 75
-819 103
103 -120
56 -202
57 -48
156 -101
-160 -43
61 -78
-420 -406
162 236
-126 -220
223 -37
94 81
-166 417
47 411
-94 -64
327 -260
-594 -98
441 237
-272 -132
-219 184
439 -29
-10 192
-246 247
-199 -202
-38 120
28 129
48 1
490 -214
485 421
-49 -132
38 77
-302 27
-386 -365
130 242
400 -169
288 -215
-55 -72
292 74
-22 201
89 149
501 -101
-274 -312
-153 -223
-201 -132
-278 -21
114 -28
103 -194
-219 396
231 160
-152 16
-36 41
-78 -78
-7 -368
61 8
307 12
186 12
116 379
134 -277
111 -402
153 153
-258 24
-33 -45
300 -291
106 188
-29 197
-119 84
-85 81
-430 317
-179 245
1427 -556
1457 -724
-2429 907
-3135 316
2104 -2169
1596 -1407
2793 1177
2205 1234
1479 384
1708 593
1578 -788
1188 -1026
2078 -2552
2388 -2026
619 -1975
358 -1238
-420 990
-732 1422
-748 180
-1171 523
1657 107
1670 -58
-1209 118
-1385 -417
1657 1419
1307 1883
-49 -1697
29 -1969
33 375
588 168
285 -302
281 297
872 1985
489 1897
1394 132
1837 326
-1145 -358
-1058 -334
-876 -1288
-464 -1838
-587 306
-191 -157
-152 -537
302 -437
-325 -578
-237 -974
-429 -1242
-572 -1160
-60 623
-197 1207
627 38
556 361
223 -45
-240 634
-488 -162
-159 -204
226 519
-118 559
-307 -81
-151 26
18 -8
-40 262
-98 -42
271 -259
93 -58
444 -223
-143 457
74 134
-464 276
-72 81
-183 -66
-310 292
-115 -231
-108 -59
47 -30
-239 462
250 -28
-147 -35
529 155
176 162
-10 58
-24 134
372 182
330 -172
151 22
6 310
2 318
-54 250
220 -241
332 -247
-255 -97
-315 307
409 142
238 -90
137 100
-378 239
24 317
-342 70
383 -217
216 71
98 284
-47 -151
2 -96
41 75
106 -158
142 -337
52 -422
-328 -181
158 384
358 131
79 -152
163 -404
52 175
-117 161
-224 176
519 78
23 66
-326 196
47 -243
-2 -6
227 286
-35 341
340 294
88 213
-54 61
-160 -99
84 -136
-96 189
1365 -349
1469 -289
-2877 119
-2805 152
2227 -1796
1980 -1561
2042 1647
2311 1639
1559 617
1750 862
1253 -100
1233 -259
2487 -1858
2565 -2483
356 -997
823 -1617
-862 1149
-351 1274
-1025 -670
-853 -1167
1691 -174
1933 414
-2042 -879
-1397 -612
1220 1758
388 2218
683 -1362
1105 -1381
-69 35
578 -375
112 97
502 -50
132 1818
-104 2232
1826 466
1530 1085
-655 -1066
-512 -1312
625 -2136
342 -1420
-700 -78
-564 94
-59 -435
-93 78
-695 -1655
783 -1176
-17 -1455
298 -715
-528 940
-492 519
-102 719
707 296
17 544
-451 154
485 74
-39 -815
-391 345
62 -222
-41 -53
-329 -464
-112 -434
118 -298
-441 -290
-76 144
291 38
-13 233
-62 -630
282 57
-135 524
329 26
303 229
-120 -40
29 183
486 -85
-308 483
247 231
-387 239
-379 396
-56 -280
-448 65
-445 227
-263 117
-371 130
-140 -58
-328 320
320 355
-116 428
-197 22
294 -202
504 240
349 170
-57 -473
117 283
210 929
-287 386
217 195
28 -255
-445 33
550 166
144 129
202 -352
-60 -26
268 -152
129 -430
-121 422
160 575
-120 -77
631 -31
-208 333
171 505
-5 -194
69 48
159 117
132 -9
163 -325
-60 -42
-136 -21
-241 -413
408 254
-29 -70
-462 -185
559 -77
-232 -198
202 520
-328 207
-450 348
-226 -430
-197 -241
-4074 189
-2631 -218
-2696 -2178
-3361 -1433
5131 -1111
5161 229
-1231 -477
-523 1565
4376 -1028
4933 -423
3038 -1174
1640 -306
-149 -1039
222 -1187
-869 1488
-527 1291
319 274
-1477 -455
4339 -618
3636 -1264
-225 -1161
-434 -380
430 -1601
8 -1685
-1839 1281
-1507 1071
1622 799
887 1460
2169 284
2378 -232
541 -581
-461 -752
-403 2016
176 179
1290 70
1415 -282
1781 347
3103 1609
1105 -755
2301 -87
2513 2814
1783 1686
1612 1336
238 -855
-1002 1688
-1071 -91
17 998
-1181 140
-1574 -364
-688 790
292 471
-162 1758
-707 650
-534 -1729
813 1177
-557 -82
-1188 -387
59 -1330
569 489
-675 378
738 -440
-253 -933
-1090 -1695
-459 -376
-79 -229
270 119
278 712
353 -57
177 101
203 1116
-851 -155
-775 581
678 -941
388 773
-1294 1840
1096 124
12 184
392 -269
976 -748
472 -1581
24 292
-449 -316
928 -164
487 901
1163 1441
-148 -766
1327 -584
116 -456
-874 -840
-940 26
924 676
565 1151
-1010 916
-601 -927
22 1109
742 594
913 -142
-17 -1299
656 1006
1117 815
658 -509
100 -95
-177 898
553 637
536 -114
-824 -218
262 -466
-341 -1158
-1277 -45
-758 665
290 -416
337 -744
-444 -55
-268 567
-297 168
177 330
-119 1577
807 -579
-439 346
-430 601
-789 608
-827 198
-52 27
959 -330
1019 -620
1081 -213
385 685
-220 1019
-4966 -692
-3354 1011
-2196 -2452
-1489 -2537
5300 -589
3636 -788
-1675 735
-1525 -314
3922 -122
4152 -322
2413 -1609
1345 -116
331 -1303
-596 -1193
-2154 1177
-2950 833
-1204 693
-739 730
4659 -1172
5536 -581
-1228 155
-1344 32
1739 -3074
885 -1678
-2493 2024
-2073 -530
-177 1973
-547 1571
624 -525
1534 1655
425 1138
59 -61
-175 648
999 -830
491 -264
2628 363
1229 3485
765 2369
2443 1509
95 1110
583 1882
-554 2037
84 758
68 -1306
-833 1303
-688 603
681 740
-1169 1075
-134 -1414
283 -1086
-280 230
-622 1071
-574 -686
-33 644
570 -331
-1025 92
108 -635
-363 -959
-154 286
-451 -229
-277 -44
103 741
649 35
-611 -154
-314 852
-549 -295
745 387
212 -343
533 169
91 274
961 343
-229 289
527 390
-317 844
-149 -732
1858 -132
-423 -245
331 -1557
1545 -717
-431 -1154
931 136
-351 409
1990 -704
740 -725
275 -458
-611 -429
-1203 1030
-130 612
779 1128
-106 63
-1018 -504
-797 1418
-1192 -1160
-439 -246
631 373
-403 319
1087 870
-318 988
355 -219
-353 -32
-1184 -88
-74 -587
-75 -206
-202 201
778 344
166 141
95 -287
-394 448
554 -2088
-416 -1501
-405 603
954 173
834 1144
-892 -1171
833 1233
-855 -326
-257 1220
-515 -538
-664 45
-887 162
-578 1141
-482 107
-1429 -1856
-356 -131
-570 969
-2041 569
552 -583
-207 -430
-3496 -469
-4081 602
-2256 -3860
-1273 -2743
5511 -134
4855 70
-1248 731
93 307
4411 917
3739 652
2685 282
3840 -511
956 -1596
28 -1643
-2428 1938
-1971 -255
-1011 631
-1024 464
2792 -972
3504 -52
-618 -1582
-2015 -1029
213 -2243
2819 -2753
-1219 725
-1441 -42
-1595 2144
-282 1341
2119 866
159 1293
-119 788
-386 -576
380 532
463 -119
1983 383
1461 662
134 1114
-448 1223
757 897
-306 1743
609 2553
708 2303
275 910
-195 843
-344 -38
-735 -250
-681 283
429 304
768 -305
225 -1893
-459 80
-424 682
-936 -277
-56 30
995 -286
291 773
-27 130
79 -1126
240 800
-561 805
-230 -686
1457 -914
187 469
487 57
-1426 -127
128 1109
443 -745
-669 -481
126 -673
946 703
919 164
1952 489
-31 1225
-71 -527
-476 1127
429 646
-484 -889
201 -161
-1192 -1467
479 -126
659 -528
-348 -205
34 -86
594 677
-1337 233
3 -1510
1094 -914
-155 407
1034 -666
-948 228
-245 93
38 -955
-121 693
634 901
-239 860
850 36
-287 242
-151 445
-759 219
-1353 -353
-280 -398
-671 -340
524 277
617 -404
242 -1465
-172 21
-697 126
-593 -132
1478 -720
-346 704
1676 549
53 335
494 -1077
157 -624
299 -518
-709 -240
90 924
264 -399
-1028 572
162 -530
133 1061
-375 -29
429 279
-400 -331
-372 658
-576 -494
453 181
445 849
-4507 -1147
-5210 -179
-2882 -2313
-1976 -3111
4954 225
5525 1163
-825 1439
-320 92
3134 1105
3267 55
2782 -151
2465 -826
798 -1975
-156 -356
-1778 26
-1995 886
-934 -930
-2783 91
3050 301
3820 1408
-2370 -1288
-269 -1124
2835 -1589
3191 -627
-1277 -222
-2417 -101
-1389 1340
-1725 1104
1539 893
195 1911
635 -477
-566 -1930
-505 -685
-297 1181
1443 1008
1798 1635
85 1881
-130 1758
-588 1915
367 1100
-920 1813
-403 889
-15 545
-339 -593
160 302
-797 -567
-1561 -567
39 -499
-395 -685
1053 -1720
-395 -1021
-1262 -172
71 428
1202 144
1431 -594
910 1874
929 -126
1123 -196
204 9
-1120 736
-305 287
-689 321
793 -132
-536 -195
-995 1056
-482 -196
107 1741
1 856
-27 -1380
-282 197
-484 -706
-490 263
-18 -222
58 185
585 -1369
-739 1643
-37 -546
-178 -718
960 378
-1243 904
640 621
72 189
1282 923
-224 419
1708 -1615
6 46
299 -631
-453 396
-596 -1326
-99 -533
406 -896
526 210
911 -356
-409 -417
627 233
599 -402
-602 536
630 -1266
427 -131
191 -180
102 430
331 484
1385 -632
-1180 27
-93 -33
1212 1104
1005 4
534 -33
39 1311
-887 -208
-9 -368
-500 -128
230 -731
-1046 -1048
-1163 -382
173 1222
62 -504
-33 -716
-136 -1021
385 376
1265 193
-551 934
-23 637
-116 -330
-133 -297
-730 -635
1087 691
-293 -1521
85 1683
-1911 -1821
-3030 -1235
-2205 -1705
-199 -169
-1539 -194
746 1227
-684 -65
3562 3466
2743 4886
-1314 927
-220 -144
-2603 2262
-3069 1242
268 -2396
-480 -1209
1575 -1171
2798 1377
-3355 -2965
-2378 -4232
1106 2321
2629 -1546
518 730
1484 2551
540 -1028
1184 -2034
-2527 296
-857 -854
224 1176
-243 2790
-900 2422
-969 1012
660 -3557
1125 181
-356 -747
-1684 -711
-21 1314
-1288 785
-815 1110
-2164 1916
-84 -4136
294 -676
-2418 -2341
441 -89
1826 -475
1858 2054
1177 -2264
4566 661
2633 1810
2356 -966
-467 952
347 236
661 -319
358 2657
550 -1134
580 -203
2106 674
760 2495
434 -1697
1404 -905
-415 1945
5 3275
1270 1924
-587 -132
-191 939
-258 -22
-510 -123
-1155 142
-1135 746
-612 -1703
1408 357
1811 -39
-2084 2563
318 -6
1168 -3233
-1178 -793
515 203
-1674 107
-652 -872
-825 307
223 -1162
-996 621
-1905 -2752
-2715 -1153
-1085 -2572
350 1654
-918 1370
-1080 -546
112 1407
474 102
-1755 -147
-989 -1523
1351 -1610
2623 629
-1741 -1221
-1208 587
-1559 781
-1099 2608
-2083 -1006
-1908 -1325
-325 886
124 411
1332 194
-1150 493
-1208 -219
1562 -1496
729 1254
-1308 892
1150 -2059
1033 -1288
446 -429
-256 -688
1601 -1966
731 -178
1163 -9
39 -279
1446 -1821
-1555 431
553 -744
2250 -525
206 387
1609 -158
471 929
-1746 394
-1397 -1281
-2664 -621
-563 -316
-757 -2241
940 1274
-1446 720
-2236 -1015
-5148 -494
1298 -357
887 212
149 -1003
-373 625
3106 3305
5292 4396
-61 1777
2163 610
-4715 520
-1438 -2095
518 -1733
2761 -15
1852 -1298
291 -1494
-2407 -1684
-4047 -2097
4348 507
1612 -30
-1298 4233
-751 1832
443 -2923
436 986
-996 -1873
1673 -3753
1408 1874
-409 820
-873 -388
180 1533
1547 -2728
2438 944
463 1309
-552 259
706 -1233
1708 302
-1002 -801
1118 -1068
2210 -2133
3315 -1368
1442 -487
2733 612
84 -533
-1871 -445
748 1081
1806 -407
250 2240
-451 2518
143 657
-928 -207
860 599
-493 -702
-512 1452
1601 -681
-940 1064
497 577
-99 761
1445 -435
0 -484
281 -545
-320 -298
416 1257
575 -1373
708 1284
146 -514
-788 623
-716 -321
-671 -970
-2140 35
-355 -1823
-1467 -527
1637 -750
131 1874
-861 1708
-1346 897
-1013 2950
-312 -1075
222 910
-1644 135
130 -1167
-1303 746
625 176
-1386 141
101 1616
1840 -547
-1121 -1198
-1255 -1499
277 -597
673 1941
1945 -2594
1361 1903
-402 -939
-1053 -783
1453 298
-3075 172
883 -2077
21 -193
1424 -1
1446 1390
16 1069
195 985
-23 -589
-1273 -1174
-468 -1546
1096 82
-352 -87
-747 2406
2379 1197
500 -2267
-1456 327
-1204 -1931
375 2734
-2306 -995
1210 -891
-132 -1973
1327 927
522 530
1743 -412
-434 -1973
-770 -314
1343 1935
-80 89
1280 -942
3394 -937
309 -133
538 1069
233 1419
891 -1243
-2270 20
-2654 615
-1325 135
602 -2124
-1341 -477
-2089 122
2745 3362
3730 2853
519 -518
-890 1062
-3951 295
-1127 160
1605 -3238
3507 -28
2221 772
2737 -607
111 -1957
1040 -4333
2370 3070
3071 1195
943 2539
-1141 4345
-1117 -1497
192 -1508
3282 -1656
1499 -604
-1546 1781
397 763
-1243 186
-741 -356
1555 -2458
-255 893
-195 573
-239 699
-162 1334
-266 -686
-1405 373
1097 -1297
1932 -987
-2302 -395
479 -1103
13 -1383
-1653 589
215 -197
2015 3064
-344 267
-1725 1764
-750 1755
-1711 1589
-1071 11
501 1122
978 -995
211 -63
996 -1615
-454 -1381
932 67
632 -1883
696 -1524
110 606
-1515 541
62 -209
-801 -447
1012 -887
-1752 -778
-212 -302
768 1465
1286 1107
375 -388
-928 109
-1198 -543
1233 -1185
590 1137
1469 -1188
-34 -1805
603 293
1322 1109
1512 1193
-1216 1083
-1033 1264
1053 478
-504 -289
-1818 -20
2940 -1237
286 1406
-704 1774
799 -997
-1800 1848
1445 710
507 -1886
153 557
-432 -2521
-1127 -921
-648 32
843 -1174
16 -86
-534 -1277
654 -785
2767 724
-277 -419
75 -645
-714 -1805
-566 -420
-130 1793
671 1538
-75 158
1157 592
-2004 -359
104 -1733
-2002 -955
-864 -155
-1611 -964
-196 484
878 1441
-59 758
168 -470
321 -1338
733 -876
-599 2359
-932 -1128
58 -538
-635 -1837
791 1226
505 -2737
1161 778
-1152 1800
-526 -1517
623 1916
3091 1050
-1516 -489
-2582 -874
-1230 -1604
-2155 -3489
-392 -1843
-1070 -1815
3737 2045
3767 4231
1078 -1988
596 1451
-2027 -142
62 -820
2135 -1209
1158 -1096
3218 1535
3907 1546
521 -771
-1248 -1968
5020 4331
1460 2854
-435 1993
-2565 838
-1038 -57
1103 -1385
2189 -2246
2178 -737
733 2364
-465 1023
-1648 504
-1596 1526
2290 2703
1815 -1644
-806 49
-1011 -120
-894 859
-1064 1852
990 -725
-822 -918
1883 410
-216 1842
2175 521
1291 -369
162 470
-863 281
3198 2747
-319 -297
-169 -1171
-2036 2788
162 970
-358 1433
1440 -2004
425 -1108
-3097 687
-1679 -2726
-482 -1094
-1223 1737
-506 -299
390 588
1772 -5
402 523
-1444 739
2136 12
278 -2362
447 -1483
279 -1570
-477 -1133
-591 1053
-903 -634
-112 -1
178 -250
-1264 -1157
-1972 -184
-712 825
-270 -3996
1103 -977
527 -1497
-1857 839
3342 611
809 -1205
1239 -98
460 -926
203 1260
-2101 1845
-1577 -783
-145 755
881 362
913 1247
-668 661
-1085 1671
-985 759
-21 965
1007 -537
-1714 -773
-834 635
-1344 124
-107 -196
88 19
252 165
844 -524
418 -1108
-2987 600
1110 143
2501 95
-2458 -3074
-867 292
-1171 -1593
1292 -942
773 -872
-367 -69
-380 23
-637 1674
509 808
756 1429
-599 -1922
-786 -632
1695 1961
-799 1483
-968 -87
-1478 233
251 -1730
-244 -5
-487 -1749
529 -1114
1840 972
-1290 334
1011 2081
-3684 -4289
-1146 3254
2853 4170
3214 4309
631 -1197
4832 -3663
-967 -3050
389 -4327
2223 1476
2856 -2393
1733 -433
231 -1291
2996 -2352
419 -455
-682 -2024
-132 -5137
-4443 4991
-3948 -168
-1013 385
-996 4196
4728 -3188
3026 1083
-1189 2886
-1827 621
739 560
-1285 3341
2182 -1278
2235 -867
-1749 -1212
70 -3016
3530 -1033
3157 2438
2210 2272
548 -2262
2779 -799
5002 1179
1655 -839
67 -2679
-338 298
1402 -1697
-642 3496
1296 -299
2041 115
-1226 -444
-3010 -1099
-3915 -3165
-56 4119
-6548 -374
-2401 -1910
-3397 2253
-630 -825
-613 -354
95 -314
-917 -1266
-3471 -2047
1118 -542
-2435 -636
-1571 -1640
-2122 1843
-1036 2032
-943 -3038
192 -3279
-83 -370
1428 1481
1497 -1974
94 -1085
1141 -454
1024 -311
1526 -227
461 1671
370 -428
-2021 51
1889 -4304
-982 -2325
-437 2257
-561 1772
-1696 -940
2310 1231
-348 2488
1148 1003
-1008 2301
3555 -1041
2336 2876
5185 532
-154 706
-899 -1315
-221 -1235
2670 2131
1487 -2269
504 341
761 -628
-1236 -1208
-1731 1299
-3566 1083
2860 -179
1164 -1882
3230 -38
2256 -2520
3731 614
3016 1187
-670 -215
382 33
-3361 -3482
682 -891
2420 1234
-1724 3181
-2464 -1084
3076 1827
-472 3782
-1241 323
-645 -483
1051 1297
-3317 3872
-1489 -733
-303 1260
1034 599
-2685 624
952 1182
-719 687
-3384 -1419
36 -1894
-1454 -2294
-637 -1698
1011 -590
-482 4949
4146 2632
1664 -1086
2338 2939
-2817 -1981
7 -2613
1587 2570
3909 2360
-2765 -1495
1490 -1474
662 -19
2523 -1574
3196 1697
-471 1026
-1222 -1293
-546 -852
4002 288
-39 5023
2796 -2994
208 -4776
-3533 2146
350 3327
-1091 1100
-801 686
335 -1845
6577 -218
-1741 -1150
-318 2063
3154 4680
2708 -657
1422 1198
-1244 4858
163 -394
1218 -2446
1869 1064
907 -1388
-1346 2920
-3966 0
2041 -1707
1496 242
-787 453
-2701 -1303
-1208 -114
-2694 2437
-1321 3481
-3986 1744
-3102 -3768
-3791 -368
-154 192
2773 -678
-1328 -2113
-823 177
-1306 -1889
-144 -2180
-977 -2185
3218 -107
-959 -290
1590 -29
-64 -2536
-177 433
1982 -2181
266 -845
-593 -1376
-1778 2063
-1306 1820
17 -282
-594 -198
1294 -1350
-1765 1041
56 -909
-1556 502
1941 56
362 -1160
639 -327
935 -1166
972 2916
1931 1020
-2536 880
-1113 -3542
-292 -3149
2957 -2448
1666 -3068
-1038 2408
2203 348
556 258
-728 1265
454 -844
-2033 217
1554 -79
527 -2316
-992 1303
3460 2292
1523 994
-321 767
-1286 -2555
-1718 3536
-1368 -710
1033 2119
-811 674
-3564 -1221
4427 -604
-1674 3734
-1 884
-1576 -54
-1495 -1930
-1329 -1270
-1141 -1674
-1386 217
1347 1679
646 1849
-1544 1810
1644 -439
66 -2486
-4313 -438
280 512
596 -1038
507 1725
1182 -1822
3074 526
-1223 3132
383 410
-1618 -1150
1000 -596
-481 38
1041 814
971 -191
364 -944
404 1093
-1589 -241
-1757 1128
-2375 2775
-1654 -838
-2993 -3896
-4799 -89
2681 3065
-691 1320
2295 -4136
1001 3169
4434 -3765
3753 -2174
2553 2372
1104 3870
-214 1967
808 -1569
1796 2358
62 1422
1997 -373
-1702 -811
-4576 -1185
-5077 2130
-1005 206
-4371 5248
3110 -253
4132 1046
-1902 1345
-2637 -1450
2998 2475
712 2974
-2881 316
-1615 -930
2660 -1456
2139 -1745
2409 2456
716 4725
-1963 4993
371 -172
66 412
2809 -69
-157 340
121 2799
121 920
-4082 1755
-3463 1165
4498 153
377 -1208
1071 320
1177 -1360
-612 285
-2494 -3799
-572 -1036
834 -2565
14 -1367
1597 -2405
1877 -755
1076 -3033
-2126 439
-493 561
-2382 516
1372 1557
-2452 1208
-687 1008
401 2135
731 832
434 1648
404 -382
942 -544
-280 774
4573 401
-1097 1485
-1165 -1070
-3162 -1681
-2303 -641
-1 -790
-1424 1648
-1839 1524
-2137 -496
-769 450
-167 2067
-226 -337
-1876 -2437
1547 -158
1773 -376
-777 -1713
-581 -1650
2182 872
3695 -1365
-3500 1173
-1174 -267
-2055 -1400
-988 937
901 -2396
-335 -392
278 2721
-3155 1097
1843 3065
1220 -1335
502 -852
-3144 1389
-1136 239
69 -216
323 1017
-2715 251
-137 3332
1327 724
1159 2161
-596 1687
-380 -1648
-677 -2864
626 -657
-2450 -587
1776 1501
1122 2580
993 493
1493 -590
2432 2863
-195 96
-2564 -92
-98 -1906
-1461 218
-1028 2562
-2449 -549
234 -3058
2019 1667
673 6
982 2054
-1279 -2277
-698 3835
-1810 -32
1769 -2129
909 1610
-3446 -2300
-5574 -1753
-8 1693
1207 3802
4100 -46
4626 3494
1538 -460
765 1961
1332 6032
2410 4737
-306 3645
-1538 -997
-320 2089
-1528 443
-1317 640
1934 -1493
-5696 618
-4423 -2510
-2679 -3052
19 -2387
1192 -2039
3899 -225
-5580 -333
-1697 2193
3354 -1062
1184 3421
-790 3444
-201 2263
-1591 -2466
2109 -1743
467 3510
2450 963
-1005 -1257
-1434 3429
1769 2917
546 2020
2325 -1710
912 -1452
-3303 -1078
-107 834
-1246 533
1315 -1873
-2635 -2098
120 1902
-2572 -3826
1682 -1508
-3895 -3243
802 429
-440 1527
-150 -697
-2631 -1712
1179 -3892
-728 2593
-2098 -149
3207 85
2751 1311
-492 1983
714 -2625
1367 -240
864 -1152
-2294 -2236
82 -972
477 -715
-2910 627
597 2440
2001 3094
-1161 -2185
177 1595
1055 514
2483 1132
-297 426
-208 -793
1153 3074
2641 -399
902 1122
2828 3935
-2773 2289
528 4472
1314 -2097
-5270 -443
-2481 1484
-1655 -1030
-1738 2765
-624 -2312
1250 -1078
2441 735
778 -1551
-1358 -2241
122 418
2944 92
1066 -576
1042 -2105
-478 -2402
999 2386
1434 -1253
433 -1537
2649 -1787
-2506 1778
661 -1273
-1012 -389
-1995 -1329
-1554 205
3078 -152
84 -1087
-4161 387
1824 4233
-981 -2028
2556 1358
-1472 1650
1370 2377
-676 1804
773 223
-577 -930
688 1368
1045 -3152
8 577
2481 586
-2871 -3761
2434 -3166
730 -429
-655 329
1486 1526
-149 -2500
2611 3428
-1318 2125
-2316 -537
1 -2364
-1261 -1352
