1560 -444
343 1446
2044 459
823 60
-16 57
93 -87
154 -22
32 34
-2 4
131 -29
76 -290
-38 -107
-1 -50
2 -6
8 8
-2 15
-25 -25
47 -110
67 25
-30 -81
17 -80
-2 -15
-7 -9
13 -23
-17 17
-5 65
72 53
83 -82
4 19
4 7
9 -25
-6 28
-8 -25
-17 -58
-94 65
-4 -64
17 -28
33 38
15 10
5 18
-3 17
20 30
-26 -50
21 19
34 0
49 0
45 -16
3 -39
-23 41
-14 -2
-6 -28
-3 -67
-62 7
14 16
38 29
-45 -11
69 14
30 -70
-57 26
-15 4
52 -37
24 -33
43 16
38 -33
21 59
-18 5
6 15
-1 -5
37 1
-25 -10
22 16
-22 24
-16 -25
-24 -20
23 16
36 -27
-47 -23
-22 -13
20 5
-1 -17
-10 -6
35 19
13 57
-8 -3
70 -103
-3 -32
-39 -23
-43 -42
-18 25
-1 -16
-24 -7
43 -30
10 4
21 -48
6 -16
-25 50
-42 -49
-8 -59
-47 18
19 -10
9 -12
-20 -25
7 -11
8 3
17 32
9 -24
61 24
-9 57
7 29
-10 -3
-2 -20
-20 44
6 20
20 8
7 -34
23 -38
20 12
2 -33
19 22
-19 -28
-28 14
36 10
91 -6
69 -3
8 81
44 -29
-29 7
-61 10
-47 34
54 -29
47 -10
-13 -5
44 -1
-11 24
46 -61
30 30
-35 -26
-1 -35
-11 -34
7 9
-15 46
-9 -21
-12 26
-35 31
26 45
-58 -31
-22 -41
25 -47
69 26
-6 1
27 -21
11 -35
0 -26
10 2
21 20
37 -13
-35 48
-21 -66
-20 9
-50 11
29 3
-54 -3
63 -15
-16 -27
6 -31
43 -9
-41 9
23 -18
10 -26
-41 -34
-2 62
90 10
-59 -18
20 0
-44 8
18 29
28 -68
-51 12
16 14
14 6
14 -41
17 -3
-50 -1
64 13
-20 -19
18 20
26 -29
3 -37
-6 12
-9 -9
-1 -33
29 52
-5 -46
-15 12
20 -12
-8 23
-70 25
-12 -30
23 -13
-17 9
27 -30
17 -12
-10 -52
16 -11
-12 3
18 -10
-7 -15
1 2
-5 -1
46 -13
-31 -32
14 20
22 -41
-29 43
-31 -15
-10 -22
3 3
3 14
-22 -3
46 -11
-18 -35
-20 -4
-15 -3
-7 -12
47 -19
-18 33
-20 3
26 0
0 31
19 3
-23 -16
23 -23
-36 47
30 -11
5 -31
-44 -16
-17 -1
2 -2
16 -8
1 -4
-5 -7
9 -30
-36 24
-8 -29
32 2
-37 6
39 0
-24 -1
-13 1
-13 4
21 3
19 25
15 -23
3 10
6 9
-32 25
11 7
-31 -7
10 7
-30 -7
-11 29
3 -10
2 3
8 -6
4 -1
-4 12
15 3
-11 3
11 -13
-3 -12
-10 -7
2 -6
6 6
4 15
14 -12
2 -26
-10 -3
6 16
-1 -1
-10 14
-12 2
-6 1
-2 -2
-3 -8
-4 -4
-5 15
-7 5
11 -9
-1 -3
7 0
-3 -2
-1 -3
8 6
0 0
-10 -4
1 5
2 11
6 -3
2 -2
1 -3
-8 1
4 -3
-1 -1
3 1
-1 -8
1 -3
2 -1
1 -1
-1 0
0 -1
1 1
1 0
0 0
0 0
0 0
0 -1
1 0
0 -1
2 1
2 2
2 -3
-2 -4
-1 -2
0 -2
2 -3
2 1
0 -3
-4 2
3 -2
3 -3
-1 -2
4 6
2 7
-6 7
6 0
7 7
11 5
6 4
0 -3
-8 4
13 -1
-9 -4
-9 10
20 -6
-6 -3
-12 4
-6 9
6 -7
2 15
17 9
28 12
-4 12
2 1
-14 -1
-13 5
9 -3
-13 5
-4 6
15 1
20 10
4 -25
10 -8
-7 -12
13 -40
-3 9
22 5
26 -12
11 7
-15 -12
14 1
-12 -6
-22 -10
2 23
7 40
-5 -24
17 -16
37 29
22 13
-42 -9
5 -5
7 32
4 -34
5 18
40 -22
15 -22
1 7
29 15
15 23
-20 -4
-9 -7
-21 -34
-9 6
-10 21
-19 -10
22 -43
9 18
3 -3
5 -8
33 65
31 -16
-10 23
12 5
-11 2
-16 17
58 -9
23 -2
15 -20
37 17
-10 28
15 -22
85 2
-13 5
-9 50
41 18
18 33
56 -75
29 45
-7 -4
-15 -70
-12 65
-50 -9
-29 -34
-20 -54
24 16
17 -41
-2 -24
-1 11
15 -59
34 36
-40 -16
36 -10
-29 68
-21 -22
-18 45
-90 49
17 -59
36 -40
-24 -7
-6 10
63 -42
-63 -102
-1 25
-24 -40
18 22
55 52
42 6
-65 -13
-17 0
-31 -37
49 -76
-71 21
-24 -24
43 41
-59 -11
-7 46
-40 -53
-26 128
53 -61
3 -28
-69 -93
-21 52
62 44
12 -21
-29 2
67 3
-26 -16
-22 -72
-65 -16
45 -38
-30 -128
-13 -11
-11 -23
53 48
-77 51
8 46
66 14
62 -10
-55 20
-93 122
42 38
44 -63
-5 -71
12 58
-58 -8
-64 34
-61 -65
4 -47
-59 26
11 12
-36 49
7 -21
-82 -96
23 58
-139 27
25 -26
-149 -79
-49 -1
-1 13
93 14
-23 -53
98 37
10 37
46 45
-28 49
33 -38
27 15
48 11
9 12
-33 16
7 16
7 -76
-13 -3
-4158 -50
-558 612
134 -149
-780 -41
25 -34
-69 -166
306 -149
28 -2
37 -14
-126 -110
-144 381
-91 108
25 103
42 -145
27 65
16 -169
55 6
-36 144
-10 -45
-49 19
-43 223
22 28
19 22
-41 79
3 -62
-5 -101
-46 -56
-124 156
38 -81
-19 -59
8 77
104 -103
35 95
81 52
215 -4
-12 101
-74 33
-44 -71
-29 -87
8 -67
94 -47
-66 -12
35 139
-41 -4
-75 -44
-79 -25
-106 9
8 67
5 -90
32 18
-28 7
42 183
165 4
-31 -53
-120 -25
49 32
-158 -7
-134 139
115 -65
-36 -19
-218 36
-42 68
-107 -59
-160 100
-76 -55
-1 13
25 -113
28 75
-69 -37
25 -2
-46 -31
61 -76
37 88
23 47
-112 -6
-104 68
129 16
53 -1
-39 14
-18 64
-39 19
-51 -62
-49 -132
12 0
-192 173
-5 88
85 60
90 119
3 -65
-31 93
37 -12
-98 34
-57 7
-86 134
12 75
-8 -138
77 163
21 154
126 -120
-63 42
22 68
64 73
-25 3
-15 88
-12 -72
-62 84
-121 -33
1 -133
-6 12
-36 16
14 5
14 -162
-65 -62
-56 -88
-38 101
-23 25
-53 -75
5 124
-11 -48
65 43
76 42
-150 -43
-257 0
-208 -45
-58 -264
-119 81
70 -13
208 -69
87 -98
-112 92
-142 32
59 11
-144 -28
47 -126
-90 147
-94 -12
115 50
47 76
26 162
-48 -3
41 -68
9 33
22 -98
98 -74
-53 -106
135 78
60 147
-45 118
-204 -132
-8 -3
-117 77
-19 58
1 82
-40 60
-96 -55
-73 22
78 -138
71 215
80 3
129 -64
-91 -18
183 -12
-215 47
57 73
16 95
-140 -14
163 -13
-46 9
9 72
193 133
2 -198
-305 -17
187 85
-43 -65
107 -3
-121 -109
-162 266
242 -57
-78 -77
-41 -14
-95 110
-103 52
151 -19
-296 -9
58 25
-89 -56
-70 111
-61 150
-2 -20
6 25
-8 143
-112 -215
58 153
47 -13
-71 84
58 -81
271 -140
30 96
-114 26
68 -18
-155 121
-78 106
-7 223
-63 48
12 -4
-62 79
8 83
18 -25
22 -22
-218 48
147 155
-73 -97
-104 204
155 -212
121 62
84 109
-71 -1
-46 -65
147 36
-246 48
82 173
67 23
55 -30
34 61
-201 87
76 -138
93 -23
-144 -1
-6 -179
-138 -8
134 110
-128 120
170 -251
-161 43
-51 177
223 99
101 31
0 45
-81 60
37 47
39 55
-64 184
184 -147
36 145
-204 -9
226 -6
-250 0
125 13
84 -17
100 -33
-115 -2
-122 -163
-76 163
-22 -71
-49 -82
210 -176
-41 -36
201 50
-63 -56
252 69
83 -203
-46 70
-9 4
-55 59
-42 4
33 -104
-120 5
92 -30
-129 118
18 124
97 87
5 59
-75 -35
-10 -153
-120 109
-7 255
98 57
-46 -177
8 -5
116 -161
142 -23
75 -17
37 25
33 105
64 55
70 -198
98 -75
-165 135
25 60
-100 10
40 38
24 64
-147 -102
-1 -7
192 70
-27 -88
-55 -237
-127 78
-46 47
-24 76
216 -19
-110 81
30 48
-92 -46
30 299
-50 128
-109 69
-67 47
77 37
42 72
-148 -89
-143 -55
-59 -228
15 58
-106 -2
-50 -110
66 -37
2 -98
120 52
107 97
104 -111
-68 -163
-34 -65
-2 -61
52 -88
46 26
3 -75
-89 47
64 -42
59 -51
-18 -42
75 93
28 105
-83 106
83 6
91 97
138 72
64 55
9 -32
-93 54
139 -14
-85 -32
-98 94
193 -59
-70 -35
-119 17
-56 84
57 -63
21 111
131 66
187 115
-24 75
15 24
-93 -21
-85 19
65 -20
-79 8
-16 19
87 2
97 70
14 -146
67 -52
-27 -64
52 -184
-27 33
123 17
136 -42
30 47
-67 -67
75 4
-71 -27
-71 -65
-2 124
33 186
-46 -98
76 -66
150 89
89 15
-154 -28
34 -10
3 85
10 -110
10 82
136 -83
42 -124
6 7
89 35
79 33
-28 13
-35 8
-34 -67
-44 2
9 63
-47 -63
34 -121
19 55
1 -24
33 -24
130 169
67 -11
-41 72
3 32
-26 50
-48 40
113 -2
43 18
47 -47
48 -45
-4 45
14 -55
138 -29
-82 14
-46 67
78 19
38 75
86 -174
14 24
-25 60
-73 -98
-45 124
-89 -23
-69 -81
-14 -129
58 24
-13 -96
18 0
-41 -58
0 -109
-11 84
-14 3
50 -29
-15 180
-66 -26
-105 47
-21 99
-23 -113
9 -59
-12 -12
13 -44
42 -57
-66 -133
-6 54
-17 -77
18 45
66 71
79 -40
-68 -88
-98 24
4 47
34 -121
-83 70
-41 24
-77 126
-121 -45
47 76
-66 41
-26 99
-15 -11
96 -41
27 -149
-23 114
48 27
-92 79
65 51
79 58
10 7
-90 -82
-55 11
0 -4
4 -82
-64 -93
-42 16
-61 44
-19 -29
11 -7
-1 -11
66 -51
-86 123
-35 38
90 -17
37 -93
131 -57
-52 -2
-57 18
-68 -29
19 -128
80 -97
21 24
-40 -5
119 78
-11 32
-50 -58
-34 -57
59 -4
138 -18
-40 -41
23 179
65 120
38 1
33 35
47 -28
119 -21
24 -51
-27 36
12 12
49 3
14 84
-5 73
34 21
-65 76
25 -69
-3 -85
185 949
1203 -1046
802 -1160
595 345
28 -84
85 22
340 -23
16 30
-48 34
76 87
93 -202
209 -69
-46 69
-108 -38
-121 83
72 -188
-28 36
23 -17
-67 -19
188 51
-4 -140
-35 114
73 84
17 3
26 45
59 72
-43 -34
67 -60
-53 63
4 170
-95 -29
-193 62
-66 -71
-43 65
-191 -130
33 21
88 90
-76 -49
-30 189
-34 87
-153 -37
87 -123
10 -131
-65 57
-8 89
-60 74
34 87
-50 37
39 -52
-36 -37
173 80
-74 -88
-143 31
8 77
62 -126
96 -29
92 -42
177 -47
46 31
133 -4
284 75
71 81
94 103
225 -91
7 -104
95 -100
-102 175
-33 -166
38 73
90 89
62 10
-120 58
4 -117
67 -17
126 -77
87 -36
-104 10
-33 128
-3 -62
11 -65
159 57
11 34
65 84
-19 14
195 50
60 -63
29 -36
-29 -112
115 83
65 -154
36 79
22 59
132 -15
109 -127
-84 -138
125 66
37 -274
-91 -116
-112 204
119 -58
-139 -100
-73 -26
62 79
-9 -213
-45 69
115 -66
24 -25
19 98
-8 -184
146 13
-69 163
99 190
84 61
53 296
90 1
-69 106
33 118
5 -157
-57 -2
-65 16
-7 -190
214 43
180 47
138 121
34 291
67 -102
-6 4
-206 184
12 26
34 -130
129 -110
-64 -11
51 66
-89 258
-16 -93
59 -155
-110 56
-173 -77
-47 -290
80 -34
-58 -132
-16 74
69 139
-25 90
-39 -4
-33 -50
-17 -156
-22 -25
136 178
73 -38
164 -133
-53 73
41 -37
31 -166
186 65
-47 20
-14 51
-72 -199
-173 -76
8 85
80 27
-166 55
204 -85
-55 -37
-136 -69
94 147
-166 6
-3 152
-111 -38
-351 -240
34 132
342 12
-141 -119
-80 221
37 -88
245 159
341 -356
-420 106
107 123
13 34
203 -3
236 -204
-70 120
485 -161
-50 112
142 3
-5 -127
156 -256
68 -59
63 -2
59 -201
85 246
-185 -80
-17 -145
129 -192
-50 39
-276 253
78 -22
204 60
-21 -17
283 -176
140 -303
137 -271
51 -47
106 -70
-1 -189
86 -124
-97 78
-2 108
305 -18
-209 -222
129 180
119 -325
-282 320
-96 -59
-209 -178
325 -27
173 106
-327 -116
371 -77
-52 -226
-3 -31
17 184
-31 -71
162 -87
-77 81
-102 58
276 14
15 297
300 9
-239 -217
209 -131
-112 345
208 52
161 -260
-254 -218
-156 -138
-66 -240
64 -115
-248 -142
-76 -152
145 -305
-133 224
16 -75
326 -23
-279 -158
385 16
-55 -47
-124 89
-258 72
71 -93
147 236
-15 -268
33 110
98 213
-243 207
-180 -27
-194 -67
37 128
-519 -217
-93 171
246 -85
-28 -185
38 -142
105 44
-26 204
165 -185
-120 88
409 -213
20 -309
-171 -284
-151 -125
312 -103
-164 300
72 -148
-53 -326
-104 -313
-54 368
-11 178
-251 288
-239 8
-116 18
-190 -1
-7 -195
-249 -169
-108 276
-214 105
321 -210
-87 -241
78 -104
43 -167
-92 -237
324 53
-137 31
-339 -45
38 -77
148 336
172 -224
69 -152
82 -154
-387 142
79 -161
-38 -117
47 9
16 -428
-39 -221
306 -143
191 7
-48 -103
-159 -6
235 64
177 17
216 403
-14 -173
284 -44
37 99
-172 127
106 208
-332 -79
-106 -368
-112 51
201 319
-257 185
33 265
-231 150
-144 -63
-27 208
152 -81
114 78
-201 216
-44 -4
-112 -274
-131 -233
170 -116
-225 -9
-186 -94
-244 22
-201 -73
54 65
145 -61
-334 36
261 115
114 -186
-294 56
-92 17
61 -232
39 -65
-40 50
24 -320
-251 -147
-575 9
80 -281
-7 134
182 -62
157 -167
-83 29
186 -195
119 -190
-185 -46
-341 -43
-104 234
-37 49
136 125
-233 562
-25 -202
-158 -92
-207 180
-179 5
196 81
-61 -8
67 93
306 -14
-46 -80
-33 -284
-87 219
-110 138
-275 -309
-168 -229
334 79
15 15
-125 -361
-71 289
-68 -89
-299 171
-93 34
2 -116
-181 -143
-12 -258
268 114
57 202
236 353
-6 -92
165 -92
191 -37
-226 266
-66 -58
-83 -27
-17 83
-99 -402
-213 188
-7 -82
-114 16
32 86
105 -147
-427 70
-94 101
-75 100
-215 -268
68 -140
-145 65
-463 -101
-44 -36
-96 -300
-157 -80
-56 -106
-357 323
-143 -264
36 53
-44 370
42 -309
266 -41
114 87
97 171
-141 -50
-110 65
78 126
9 -197
-57 218
-311 -86
208 77
-232 77
166 -144
-15 170
-23 -248
478 -149
-107 296
-258 149
53 65
121 -153
-317 173
379 449
6 -40
128 204
-134 -45
-170 -147
-103 -150
230 9
-38 17
175 182
-219 290
209 -58
14 61
-233 -118
72 -29
97 -236
112 218
127 -410
-223 186
30 42
236 341
63 -151
-166 -112
-158 183
204 19
-269 9
29 -55
-37 175
243 98
-113 66
54 336
-48 59
-29 73
-192 -133
301 -139
37 -170
-226 -84
-12 44
208 -5
165 -236
-52 -113
-63 207
153 172
-109 -272
118 -69
129 -120
242 149
129 209
202 -35
-115 -108
119 -90
-42 127
140 240
-120 -120
338 -85
-87 9
412 257
167 69
26 -28
-184 -58
49 197
-183 -86
-11 -153
-128 -154
-88 -158
-124 185
-36 -37
-34 41
34 6
-82 -70
-55 -16
-49 129
3 -79
-2328 -2633
-2003 2980
152 1011
178 192
-139 96
-54 557
41 188
-140 -27
-34 -65
-18 -29
182 -457
-206 -135
8 -275
76 179
-109 -144
-65 425
-74 -33
95 -238
235 173
-127 -94
64 -247
-73 -213
-89 -67
54 -202
37 123
-24 80
111 154
91 -200
-6 97
93 -157
84 -68
-139 176
-9 -113
-70 -195
-98 197
-73 -176
19 -223
155 188
103 -103
-10 53
8 222
-7 145
-17 -130
202 -85
195 -38
153 -115
94 -129
75 -192
-40 396
-33 30
-194 -55
-18 -253
-108 -127
23 -25
199 190
-153 27
127 101
0 -186
-294 129
-35 88
21 -184
-151 -285
23 -63
-59 11
149 164
-94 176
91 -59
-64 70
64 7
-144 -117
-75 12
99 75
-142 65
-205 -43
70 127
69 -82
-113 10
-45 -296
124 89
118 -12
-162 -179
-72 103
2 48
40 -21
42 -310
-78 -72
-212 -27
-22 -36
-163 -78
-27 60
-126 -65
123 -167
-80 6
25 32
113 66
-104 164
-175 232
156 -50
-94 -43
-121 -44
173 0
19 -135
-32 -250
76 31
2 -63
8 -108
168 89
60 70
47 189
-105 -56
134 -342
-189 39
108 7
24 -388
-65 -256
137 -194
46 -7
-100 43
57 96
-12 -60
-157 165
-44 87
169 -38
216 -92
123 -42
56 86
-150 4
-56 -243
-123 150
67 72
50 222
-119 5
329 -28
82 -229
151 49
113 273
-21 -237
252 99
50 157
-1 73
113 351
48 -186
-201 -122
-178 -65
225 201
-120 -40
-63 -48
64 -147
174 31
-97 125
-59 164
200 -188
-179 -95
83 84
-182 -60
138 -44
-53 177
-57 -59
293 105
-255 58
9 19
-113 -11
56 148
-12 2
217 8
163 -286
-107 -40
8 -254
142 22
277 234
-100 220
-152 -49
-89 33
259 -154
-288 264
-127 -172
-242 199
307 -54
100 -32
45 -133
-141 -149
-270 318
-108 -255
-310 397
95 -238
-53 142
124 20
-70 289
-72 144
-65 -18
-116 110
108 22
275 -151
-99 384
-252 157
-272 118
24 -112
-271 -154
-213 -157
-214 -3
-151 248
-186 360
-189 64
41 -14
-203 212
181 157
-219 -3
181 -116
-133 -144
-139 -73
130 149
-91 -211
28 257
325 -213
31 25
196 162
-524 6
-230 -137
300 141
-125 162
-136 61
-2 11
-195 -169
-66 -8
-77 18
174 47
56 -58
-358 -33
17 -169
-177 -78
242 110
-203 -17
-154 -225
-128 -292
-174 107
155 352
78 193
129 444
30 35
348 79
-32 259
-134 276
-11 -133
-119 -104
-207 100
82 265
-283 -75
-56 74
51 -273
341 -26
-43 144
-61 -129
93 160
-42 -96
-32 -186
232 29
464 121
53 110
-36 -155
435 400
-56 39
-432 72
9 379
-5 107
-98 -231
-101 -246
-177 278
87 -112
-488 183
-168 405
91 412
185 55
-531 192
195 -278
-37 207
38 95
102 359
129 -275
-45 -308
274 -257
-2 22
71 54
454 -41
4 327
224 266
120 -171
210 -140
-283 32
116 278
89 165
-210 98
244 164
-413 62
268 -32
238 -133
118 241
-176 -230
-150 397
-14 344
-140 1
326 18
34 178
-144 393
177 83
-53 296
218 82
-379 261
-219 -121
-16 184
236 -54
-19 -40
-108 79
-334 -307
14 300
-327 21
-20 -104
406 -63
-217 -300
411 117
-10 564
15 -60
-288 -395
556 -49
-84 -162
369 -141
263 201
48 -117
-224 60
-252 -52
132 -376
64 -103
119 444
341 248
-295 -33
337 -170
233 -13
139 -128
400 21
-185 38
25 -28
265 -35
-291 -257
101 364
328 -87
118 42
74 345
1 -87
-131 -199
67 355
85 213
927 -139
0 483
-1 -217
-210 69
-181 214
67 -39
-271 319
-242 351
225 49
484 6
96 -271
65 -30
-207 -187
204 -852
197 176
121 18
274 -281
412 14
-89 21
128 19
30 46
-494 47
92 72
152 217
60 -185
129 -38
320 573
152 393
-498 -229
-144 -285
281 520
-30 -413
93 -26
300 36
301 268
-12 103
419 190
-104 509
-327 -211
75 -71
-313 -461
15 165
-338 248
-81 118
315 -365
141 180
-46 63
-149 25
-95 425
318 -260
-41 127
335 -82
-114 -255
33 8
436 -230
336 -62
-12 -170
554 511
-206 337
138 -133
927 115
232 -74
-62 521
332 286
176 231
425 -267
567 714
59 -487
46 -665
94 367
-332 -151
-79 -191
-238 -163
22 185
393 -216
-63 -432
234 306
204 -275
394 92
-472 -324
101 112
-272 117
-30 37
196 245
-1027 243
339 -88
313 -226
-344 -19
-65 220
445 -206
-276 -524
64 7
-183 -34
30 14
310 240
77 100
-357 218
152 -63
-285 -560
301 -258
-389 -142
-84 -390
667 -83
-176 50
-274 128
-115 -592
-169 821
440 -556
-320 -136
-649 -135
-166 27
360 271
374 -429
-330 -266
205 -209
-245 -352
22 -233
-315 -123
380 -348
-257 -629
119 208
-78 -229
549 204
-465 406
72 356
359 92
273 95
-25 -205
-644 757
48 333
245 -162
-317 -370
145 266
-206 -160
-247 425
-345 13
-23 25
-431 132
128 7
-527 127
-6 -206
-240 -370
164 436
-888 143
-369 -175
-669 -259
-202 -444
-171 -183
384 43
-244 -421
381 121
-254 187
184 409
-62 39
166 -237
13 6
262 -180
125 -12
-329 -20
212 -128
94 -292
-141 196
