1560 -444
-16 57
-2 4
-1 -50
-25 -25
17 -80
-17 17
4 19
-8 -25
17 -28
-3 17
34 0
-23 41
-62 7
69 14
52 -37
21 59
37 1
-16 -25
-47 -23
-10 -6
70 -103
-18 25
10 4
-42 -49
9 -12
17 32
7 29
6 20
20 12
-28 14
8 81
-47 34
44 -1
-35 -26
-15 46
26 45
69 26
0 -26
-35 48
29 3
6 -31
10 -26
-59 -18
28 -68
14 -41
-20 -19
-6 12
-5 -46
-70 25
27 -30
-12 3
-5 -1
22 -41
3 3
-18 -35
47 -19
0 31
-36 47
-17 -1
-5 -7
32 2
-13 1
15 -23
11 7
-11 29
4 -1
11 -13
6 6
-10 -3
-12 2
-4 -4
-1 -3
8 6
2 11
-8 1
-1 -8
-1 0
0 0
1 0
2 -3
2 -3
3 -2
2 7
11 5
13 -1
-6 -3
2 15
2 1
-13 5
4 -25
-3 9
-15 -12
2 23
37 29
7 32
15 -22
-20 -4
-10 21
3 -3
-10 23
58 -9
-10 28
-9 50
29 45
-50 -9
17 -41
34 36
-21 -22
36 -40
-63 -102
55 52
-31 -37
43 41
-26 128
-21 52
67 3
45 -38
53 48
62 -10
44 -63
-64 34
11 12
23 58
-49 -1
98 37
33 -38
-33 16
-2749 429
0 0
-20 7
-44 10
41 56
2 -1
-46 101
-4 46
15 8
32 -34
-18 29
-47 21
14 -27
10 -21
-56 -5
6 -18
9 -16
82 -3
20 -5
51 37
87 11
-26 42
-65 18
-9 -23
1 -10
-21 -28
1 -9
6 -26
-52 -57
-5 58
23 -6
-57 -18
-24 -7
33 -33
59 -6
-36 -19
-5 50
-13 19
9 -60
76 23
-41 19
-15 28
-42 37
-73 17
29 10
19 30
22 -22
-32 -2
-22 -4
-11 6
-45 -54
-13 1
1 25
-45 -1
-18 0
-24 16
-4 -35
-24 24
-6 -16
2 -4
-7 -22
-20 -2
-9 -19
21 -9
-11 -4
-6 -8
-6 -3
0 6
11 11
-10 10
24 -2
11 2
-1 13
0 -14
-2 6
2 2
1 -5
3 1
0 0
-1 1
3 -3
2 0
2 2
-7 -4
4 1
3 -8
11 -20
3 10
-1 -3
1 -1
4 15
2 14
14 14
9 11
42 7
-2 4
42 -53
-12 -14
3 25
-5 -5
3 -48
-69 -33
-3 -10
-13 2
-19 -27
-11 -8
-23 -31
4 -45
15 66
4 16
-34 -36
26 22
8 32
-18 -11
108 25
21 -46
-33 34
-42 36
-39 -41
78 -4
-32 31
-112 -75
47 -12
21 19
57 25
79 -51
-42 -52
-34 -54
1706 -2071
25 -32
-25 -38
10 3
-46 16
-14 18
-94 18
-34 -13
-19 -41
-19 -41
89 -33
-4 25
-40 19
-40 -8
61 3
-76 61
11 7
-4 29
34 -8
-16 54
-14 -44
-56 -34
-1 15
10 -63
18 7
31 1
-112 -17
14 17
-5 49
-35 50
-4 -5
8 9
-11 -6
34 -25
31 -15
-48 -32
-16 -76
6 28
17 18
-31 -18
-14 -26
25 42
-29 53
42 79
3 37
-25 4
-16 21
-52 -36
46 25
8 -29
-12 -42
16 -3
28 -29
3 40
16 4
-39 49
30 -2
-9 -26
3 -16
-23 -30
14 12
-5 -15
-13 -1
37 -5
-13 -34
-7 -16
18 2
19 -15
-4 -18
2 -2
-6 3
-2 6
-14 0
-5 2
8 1
0 -2
2 0
0 -2
0 0
-1 -1
0 -1
1 4
-2 4
0 -9
-6 -8
-8 7
-19 -9
17 1
5 1
17 15
9 31
-15 -6
18 -36
-8 14
-1 -22
17 16
-16 -18
-39 12
-2 -7
0 1
8 -5
-12 -9
23 6
-68 47
7 7
30 -33
63 20
8 -29
50 -40
26 -61
0 14
-22 -5
8 53
-49 -14
10 -23
-9 -10
50 48
-14 32
-43 -69
41 12
24 -43
35 71
-20 60
86 30
115 -14
-6 96
78 -35
-11 -39
2407 1002
56 -77
-90 -91
-31 0
15 115
-6 -43
-5 32
12 -41
5 -27
25 -21
-17 -14
-99 -60
-2 25
11 -16
32 -5
-52 -11
-61 -67
-32 16
26 -25
-52 29
37 20
30 2
0 -55
-1 -50
6 -28
9 30
-56 -72
7 20
2 48
-67 10
18 0
47 23
-6 -7
-53 18
86 50
38 15
19 12
-72 75
-87 22
0 15
-9 -10
-8 32
25 53
31 22
72 19
-32 19
26 38
19 8
41 -53
24 -18
-15 15
-18 -11
24 -5
-19 -2
-37 -6
27 10
-8 8
3 6
-1 -3
2 -29
-16 6
-21 -7
-1 -20
-14 37
7 9
-9 4
19 4
-2 -2
-15 0
-8 0
-1 16
21 -13
4 13
7 -5
2 -2
-1 3
3 -2
-2 0
0 0
1 1
3 2
2 2
0 -1
12 3
6 -3
-14 13
8 -2
-4 18
0 1
13 4
2 13
-16 -2
12 -18
-40 -17
16 14
1 6
-42 2
-16 -28
35 30
-23 33
-52 -23
26 -1
-39 21
-40 -14
29 -41
28 34
53 -17
-23 15
14 82
-43 -26
-18 3
-10 -37
-4 78
-15 -13
-30 -86
-14 -19
46 -51
33 2
18 -19
16 14
-28 -56
10 -82
21 -105
-21 70
9 -44
61 4
-84 -34
-74 -20
1764 -56
-42 -46
83 -123
-5 -24
-73 4
16 -5
-12 31
2 15
10 -31
-49 -8
13 8
-9 -72
-3 78
6 35
-41 -3
-33 39
72 -11
107 -9
41 -16
-12 -46
-3 5
20 3
-38 -46
55 -25
-9 -49
8 -39
-2 -18
4 25
20 -9
-54 25
-4 14
-29 0
25 -2
-16 -40
-48 -60
37 -1
-58 35
-77 -9
15 26
29 0
-24 -65
-1 41
54 -31
73 16
19 -61
-58 53
69 28
33 12
-10 -27
-8 9
14 46
-24 20
21 20
-9 50
-12 -3
7 22
-10 -5
-16 -22
-5 19
-5 11
29 -22
-4 35
15 40
8 31
13 -13
-11 7
1 6
5 -30
-2 -10
-5 14
-9 -10
-18 -3
1 5
-2 -12
-3 5
0 -3
-6 -1
1 1
0 0
-1 -2
0 4
-3 5
2 -5
-4 -2
10 -2
-4 4
8 5
-15 7
-1 0
5 -18
-8 0
-7 -2
20 28
-17 3
0 -60
-5 -1
15 -24
-24 -7
-17 33
-51 13
24 -28
15 57
-14 15
-47 -48
41 -34
-50 45
-46 32
7 13
-17 -10
-59 25
-34 -43
101 30
25 11
55 31
19 -62
128 -86
25 -33
63 -38
-53 -39
-7 -35
22 31
-20 88
12 -11
28 5
60 20
-17 -42
30 -49
-30 6
1147 -925
193 -100
156 48
9 -18
-36 -81
-19 20
-33 -21
-7 -7
3 -7
-16 -22
-4 -52
-4 -8
-71 -31
3 37
17 51
-53 56
-50 14
-23 -13
18 66
-18 -61
-24 41
26 -14
59 -25
-90 36
19 29
18 50
-16 2
-47 31
62 67
-47 24
-67 39
-25 -18
-8 -40
-32 -45
-3 -64
14 4
-62 1
22 -19
0 8
14 -13
-4 37
92 -50
-54 31
14 -22
30 -18
40 -2
37 -12
-12 -20
14 10
44 20
-3 29
-6 -16
27 10
-11 45
-18 -6
29 -4
-1 18
1 -19
4 -43
-27 -16
35 13
15 -2
-3 -36
5 29
4 6
-2 18
-10 15
-2 -3
-1 7
9 -4
5 -15
-1 3
-3 -8
14 5
6 -6
1 3
1 -5
1 -1
0 0
0 0
1 -1
-2 -4
-1 3
-8 0
-4 15
5 -1
15 -7
3 7
7 6
-1 30
-24 -8
-10 1
-9 13
28 33
17 -20
-37 35
-15 28
0 31
-16 26
20 0
-44 -4
-9 -36
9 3
-12 -32
-22 -36
-33 -25
21 -8
21 -48
-25 -15
-48 -12
-36 -10
45 27
0 42
11 -19
19 -31
-60 54
40 -92
16 61
61 -14
18 112
-83 0
23 -42
-122 -85
-86 -6
-38 116
-63 103
-32 41
29 72
1070 -3176
75 139
-78 -21
-8 -2
-9 33
-3 -11
12 24
79 -7
13 -46
-22 -40
-45 -22
36 33
-26 21
1 -20
-128 -50
16 -11
-20 -32
-27 -21
35 66
8 4
29 28
36 -8
-12 -37
15 -18
-38 -2
33 11
-8 -15
19 -29
14 23
64 49
19 -33
-24 -35
-41 78
18 -22
23 18
19 23
24 11
5 -6
5 -11
25 -48
-17 67
-2 25
-23 2
36 19
-23 -17
-31 16
-37 7
-23 25
34 -18
15 -39
-14 -20
35 -29
-30 -4
28 23
11 -13
10 -27
-10 25
-1 33
19 3
-11 -33
29 19
11 14
6 21
21 -6
-6 -31
-15 4
-7 3
-12 6
-2 2
-1 1
5 15
5 -2
-2 -2
6 7
-2 5
3 -4
0 -1
0 -1
0 0
-1 0
3 0
1 1
4 0
3 0
-7 -1
-11 -6
-15 11
-27 -16
23 -22
7 -3
-12 12
0 -18
12 -12
-39 41
-27 19
7 -17
-4 -1
11 44
-28 -1
-6 -55
-37 32
6 -59
-28 44
25 -31
5 -8
-20 6
-10 -17
-39 47
42 44
0 -58
44 -18
4 100
8 8
57 138
29 26
-28 20
74 43
41 9
-1 105
-44 77
40 -43
51 22
88 93
-146 -99
26 -41
-140 20
-26 -42
14 -10
-326 -1560
-90 -74
34 100
0 0
54 72
8 19
1 30
-5 -1
13 -33
-4 31
47 32
23 31
61 68
-72 4
-4 11
40 -8
-23 -12
6 -41
77 31
-21 -36
-6 13
-26 67
-86 50
46 -28
11 -8
-8 12
6 -9
-34 -46
84 -24
59 14
-32 -57
-22 -40
49 -36
-9 -15
-29 -50
-37 -10
-19 -23
2 -15
-38 78
-42 7
-52 -32
-31 33
10 -7
10 -25
-6 -46
-38 1
-27 6
-41 57
12 -6
22 -31
-4 10
30 34
0 -52
-58 -18
10 13
-22 -29
-11 28
-7 33
25 -16
16 -7
-5 20
-1 -14
9 -17
4 -11
-24 0
15 3
10 5
2 -10
6 -6
-6 -5
0 -10
12 -7
-5 2
6 7
-1 2
-2 0
0 -1
1 -2
0 0
2 1
1 -4
-1 -3
6 3
0 -5
-4 4
8 14
-6 -6
-1 12
-1 11
-17 -5
-6 9
0 13
-11 -18
-33 3
-21 -54
-7 21
8 -35
-36 8
6 47
8 -31
-3 23
11 -4
49 -3
30 3
-7 40
6 -14
14 -2
82 77
-25 -27
40 25
-23 -28
-57 -52
-31 -1
-26 59
86 -75
-16 11
-5 57
26 -7
8 31
34 23
-112 59
-57 -3
-22 36
59 -21
-21 -124
-44 -46
-23 104
125 -68
-4158 -50
25 -34
37 -14
25 103
55 6
-43 223
3 -62
38 -81
35 95
-74 33
94 -47
-75 -44
5 -90
165 4
-158 -7
-218 36
-76 -55
-69 -37
37 88
129 16
-39 19
-192 173
3 -65
-57 7
77 163
22 68
-12 -72
-6 12
-65 -62
-53 -75
76 42
-58 -264
87 -98
-144 -28
115 50
41 -68
-53 -106
-204 -132
1 82
78 -138
-91 -18
16 95
9 72
187 85
-162 266
-95 110
58 25
-2 -20
58 153
271 -140
-155 121
12 -4
22 -22
-104 204
-71 -1
82 173
-201 87
-6 -179
170 -251
101 31
39 55
-204 -9
84 -17
-76 163
-41 -36
83 -203
-42 4
-129 118
-75 -35
98 57
142 -23
64 55
25 60
-147 -102
-55 -237
216 -19
30 299
77 37
-59 -228
66 -37
104 -111
52 -88
64 -42
28 105
138 72
139 -14
-70 -35
21 111
15 24
-79 8
14 -146
-27 33
-67 -67
-2 124
150 89
3 85
42 -124
-28 13
9 63
1 -24
-41 72
113 -2
-4 45
-46 67
14 24
-89 -23
-13 -96
-11 84
-66 -26
9 -59
-66 -133
66 71
4 47
-77 126
-26 99
-23 114
79 58
0 -4
-61 44
66 -51
37 -93
-68 -29
-40 -5
-34 -57
23 179
47 -28
12 12
34 21
-2493 -2334
-21 35
63 5
129 -24
-76 -63
38 79
157 -232
-4 -63
-7 20
-19 82
78 -52
112 -41
-18 67
-13 -21
80 -40
-15 57
25 33
-183 49
-34 20
-145 -73
-188 28
120 -90
208 -7
36 81
23 8
87 116
5 34
-68 73
166 166
83 -200
-52 -50
134 13
87 29
-94 61
-181 80
70 82
-56 -184
25 -68
-69 146
-258 -117
103 -64
31 -23
215 -148
249 -83
-105 15
-52 -76
-57 103
173 14
76 16
-11 -56
197 260
69 -16
-21 -89
201 -56
61 -3
104 -75
13 154
109 -133
1 100
3 16
38 151
137 3
39 124
-133 74
97 16
47 71
50 31
8 -14
-97 -103
107 -86
-270 45
-127 -25
33 -190
8 247
40 -138
-51 -73
-53 186
-238 -55
-109 -92
-60 83
122 -142
57 0
39 39
-118 -60
53 14
37 -80
96 -179
20 74
0 -33
13 -2
17 78
15 98
52 75
65 49
151 16
0 9
131 -179
-84 19
26 147
-6 -11
-5 -74
-159 -97
-25 -42
-61 -7
-41 -27
-49 47
-8 -54
-2 -42
-15 42
16 25
-24 -17
7 -104
29 28
-22 -3
124 91
27 21
-17 -6
-54 -41
-135 -71
-53 -28
-13 24
-84 -91
-18 -20
-69 69
-25 -97
-30 29
-48 -102
-35 -57
4929 -90
-10 -13
4 42
-32 -4
139 21
48 -84
142 -58
25 -4
62 -10
61 125
-246 -21
-10 -27
61 43
88 36
-119 22
99 -99
-35 -78
8 -83
-141 81
76 -145
-23 43
153 108
32 -35
-10 164
-76 -38
-112 -39
280 37
-75 -38
66 -138
102 -64
25 13
-13 -94
72 51
-58 152
-122 37
159 97
55 248
12 -126
-56 -73
64 45
48 49
-56 -154
93 -154
-157 -312
-20 -120
64 -34
100 -77
200 88
-192 -113
-15 144
56 188
-98 5
-85 155
-1 -176
-74 14
153 -235
-157 37
21 145
-43 98
117 146
-93 -75
13 74
74 -16
-257 18
81 236
52 112
-132 -15
-167 121
52 162
-39 37
64 -31
27 -77
203 -2
86 -24
-178 -16
-9 64
-63 4
34 149
5 135
-64 -65
7 -39
16 94
-29 77
-10 -130
-79 -87
-82 71
-168 -82
145 -10
34 16
128 83
50 165
-89 -24
78 -189
-9 55
37 -58
75 54
-22 -87
-125 9
-41 -8
53 -18
0 14
-15 -35
85 -32
-131 106
-53 -1
46 -77
87 34
-14 -49
64 -72
0 -27
8 -97
62 5
-34 -23
-11 -38
46 6
-121 -81
3 -24
-22 -74
-17 -1
-8 -20
48 7
-29 0
59 48
-70 -29
-30 -19
63 -49
43 -24
19 45
-698 803
76 -38
125 55
89 -23
45 -214
34 103
-31 -105
-15 91
-10 15
-61 52
-25 50
214 155
-58 -13
-5 16
-107 15
88 43
123 100
108 -22
-127 30
158 -76
-93 -48
-23 -73
4 145
-7 92
30 60
22 -111
129 187
16 -36
27 -95
247 -87
-85 24
-151 -77
12 12
181 -20
-238 -140
-95 -62
-58 -56
207 -261
274 -82
-4 -72
7 15
78 -122
-48 -124
-128 -63
-254 -77
55 -40
-69 -137
-104 -41
-147 197
-110 80
32 -43
95 45
-119 31
87 -16
166 22
-127 -59
28 -1
-22 -17
-41 15
-26 142
84 -17
132 28
-12 132
100 -241
-47 -75
54 -7
-143 -37
26 12
130 -17
79 -22
27 -199
-255 178
-58 -177
-131 94
-34 49
38 -90
-113 98
123 -16
-47 -78
115 49
123 70
42 65
-4 -26
187 30
89 -41
-148 135
76 -30
-28 145
15 11
100 53
19 100
-93 -11
51 -84
-155 -77
63 42
11 62
-160 -28
-35 -73
88 65
-28 81
-94 -63
42 -3
-35 66
-63 -55
127 -48
-7 80
136 36
22 47
26 116
-70 -6
13 -12
-16 -31
40 120
47 12
52 -6
-39 79
66 15
14 -69
-6 18
44 -2
52 -61
-32 -27
-4 -47
12 -85
-69 -18
66 74
139 -72
37 47
3479 -674
98 222
-230 29
30 118
142 -21
-56 24
57 -72
65 8
-14 -2
175 66
34 1
36 88
-18 -91
-30 -42
96 -5
94 -100
-217 -6
-255 11
-101 86
26 117
54 -42
-136 -30
122 103
-163 94
-1 145
-43 115
-27 31
-21 -19
-85 16
189 -108
-9 -109
102 14
-71 50
118 70
112 160
-65 -21
167 -147
275 57
-74 -61
-139 1
130 234
40 -148
-150 87
-224 -48
-34 267
214 -170
-233 -76
-149 -34
-24 102
51 -24
-45 -172
81 -101
-104 -99
50 -219
64 20
0 -78
61 36
58 117
45 -87
25 -71
-132 120
-3 -217
-91 -235
-57 -258
-111 69
58 -27
7 -62
-47 265
25 90
37 -141
101 104
246 61
-11 -64
51 204
62 -116
10 89
242 28
-106 -45
146 95
-55 -129
-8 147
-71 140
49 -96
-63 -33
129 -14
-46 42
67 51
-141 65
-15 -11
63 -96
-39 -13
-30 -10
114 137
-100 -11
29 -230
10 10
53 -107
-100 -63
-31 104
-129 65
83 -122
29 174
-69 -4
-61 -68
95 -27
-56 60
-113 45
29 -16
23 -33
13 101
-14 -62
54 26
-46 50
63 31
44 -129
152 -40
58 4
9 25
23 30
31 -3
-61 -7
-35 -97
44 -27
29 3
-21 -13
-16 -72
-95 -41
79 40
2301 -1159
217 -128
-95 -137
-71 139
88 40
85 -48
102 75
33 60
-30 -28
32 76
23 134
3 -17
60 104
9 -62
-28 -168
176 -78
104 -99
6 5
-44 -172
27 112
64 -61
-23 48
-158 38
242 -99
-59 -18
-11 -180
119 -5
202 -109
-173 -127
64 -59
223 -118
64 66
-38 91
89 89
8 167
-48 42
280 -53
-28 25
17 -21
-49 44
-22 -137
-291 175
198 -103
-35 69
-112 49
-121 62
-117 4
50 118
-48 -75
-161 -76
7 -65
8 76
-83 -82
55 -197
83 16
-110 43
40 -85
3 49
8 205
156 101
-192 -73
-62 35
18 215
-42 -185
-12 -45
3 -143
68 -119
15 22
16 -70
-89 43
-78 171
19 -32
34 136
-263 -79
-127 129
-47 -89
-59 206
-49 48
79 -86
-6 7
35 -49
-59 -92
-39 56
-130 -10
-51 189
53 -3
132 -45
16 48
53 53
-4 177
-127 -40
-51 20
-43 72
113 142
84 -58
-86 108
-34 86
13 100
-31 31
64 -46
-46 -53
-32 -66
19 28
-29 -26
-66 -19
-43 -5
22 -37
56 -21
-44 -10
-27 -43
-14 3
56 -7
29 25
13 -24
11 -93
2 5
97 -31
-17 -22
-7 63
-56 107
-12 8
-64 54
-1 -27
-53 78
-26 66
75 13
-83 24
67 26
201 -763
-47 187
-16 -6
136 29
-40 -94
-13 59
-32 -22
-211 11
-4 39
61 98
102 45
-74 -42
29 1
-26 -1
306 112
-64 9
-49 57
43 -10
-100 -186
-96 -115
-13 -32
-44 65
9 56
-28 20
39 41
-66 -52
47 9
-54 59
-66 -61
-183 -126
-92 106
77 84
87 -267
-6 98
-7 -66
-88 -93
-67 -21
-41 46
19 69
-69 183
42 -237
-16 -112
37 -44
-135 -35
53 84
104 -23
153 -50
117 -65
-180 96
-104 183
55 89
-183 134
132 64
-140 -95
-63 69
-63 167
31 -122
9 -191
-120 -28
94 155
-168 -122
-48 -96
-20 -149
-148 55
16 227
88 -29
69 -18
122 -46
18 -16
7 -2
-48 -171
-73 34
21 28
-94 -124
39 -97
-82 116
10 56
9 76
124 3
-59 13
110 -15
33 15
68 10
36 1
-79 -14
-122 -71
-135 104
-199 -131
142 -135
23 -23
-55 34
-12 -94
51 -47
-172 141
-86 95
38 -62
15 -3
69 123
-47 -26
4 -142
-55 82
22 -117
-8 141
26 -85
46 -43
-32 11
-37 -80
-30 88
69 83
-26 -61
87 -3
-27 39
-13 13
65 161
-32 5
-88 119
27 53
40 -109
-21 20
-58 73
70 40
-6 -30
11 3
-35 -11
-70 -21
57 -76
7 9
13 -12
-1351 1443
-77 -400
-80 10
44 -25
-28 -136
11 -29
2 12
28 40
-24 90
30 -46
-93 -29
-71 -104
-87 -155
186 0
-17 -6
-113 1
56 5
26 91
-256 -124
26 115
-8 42
68 -107
218 -99
-72 45
-30 56
57 -35
13 16
158 118
-221 31
-175 -36
23 174
90 74
-136 141
39 24
86 171
178 63
44 65
49 57
112 -248
100 -5
149 95
108 -96
-83 42
-54 160
-2 203
179 -12
63 -26
151 -211
-59 40
-53 169
3 -58
-136 -172
65 221
253 109
4 -58
124 148
70 -152
69 -159
-134 104
-80 67
61 -137
1 93
-50 109
-12 66
191 24
-104 -38
-90 -29
-25 83
-48 44
53 49
16 105
-153 78
60 -26
-124 -119
28 -42
56 2
12 58
-47 139
-136 -40
180 75
47 -170
-28 -82
108 48
5 -85
-57 47
86 141
-47 -43
-13 87
-30 74
-81 -6
-52 77
-24 91
-11 -79
-157 57
-98 -158
-59 92
24 -119
-125 22
6 97
2 -105
-9 59
-9 20
24 9
23 15
-11 82
8 -21
-18 -11
128 144
71 -40
9 4
-9 -79
-4 93
-78 -44
-48 -22
-3 -82
6 -59
-94 15
-65 -68
-5 28
-23 134
-125 -54
25 33
-8 51
36 32
4 -49
72 75
-28 46
68 -42
185 949
28 -84
-48 34
-46 69
-28 36
-4 -140
26 45
-53 63
-66 -71
88 90
-153 -37
-8 89
39 -52
-143 31
92 -42
284 75
7 -104
38 73
4 -117
-104 10
159 57
195 50
115 83
132 -15
37 -274
-139 -100
-45 69
-8 -184
84 61
33 118
-7 -190
34 291
12 26
51 66
-110 56
-58 -132
-39 -4
136 178
41 -37
-14 51
80 27
-136 -69
-111 -38
-141 -119
341 -356
203 -3
-50 112
68 -59
-185 -80
-276 253
283 -176
106 -70
-2 108
119 -325
325 -27
-52 -226
162 -87
15 297
-112 345
-156 -138
-76 -152
326 -23
-124 89
-15 -268
-180 -27
-93 171
105 44
409 -213
312 -103
-104 -313
-239 8
-249 -169
-87 -241
324 53
148 336
-387 142
16 -428
-48 -103
216 403
-172 127
-112 51
-231 150
114 78
-131 -233
-244 22
-334 36
-92 17
24 -320
-7 134
186 -195
-104 234
-25 -202
196 81
-46 -80
-275 -309
-125 -361
-93 34
268 114
165 -92
-83 -27
-7 -82
-427 70
68 -140
-96 -300
-143 -264
266 -41
-110 65
-311 -86
-15 170
-258 149
379 449
-170 -147
175 182
-233 -118
127 -410
63 -151
-269 9
-113 66
-192 -133
-12 44
-63 207
129 -120
-115 -108
-120 -120
167 69
-183 -86
-124 185
-82 -70
-2479 -426
5 -35
-111 -42
20 -5
69 -93
-73 -117
-78 152
29 -34
11 -45
-60 -39
-157 -43
-51 39
45 -73
-19 117
23 185
66 -90
-98 30
-15 -85
-2 -107
171 -2
95 -77
-165 36
-186 -34
-102 -114
-64 -16
-98 -119
-16 -63
191 -38
-127 -129
-188 191
-16 243
-85 87
-137 -50
52 22
147 -251
40 -161
149 265
16 71
191 -58
265 181
2 76
20 -150
-370 211
-224 143
74 -211
2 9
4 -128
-382 -22
-66 9
166 147
-288 -381
-101 53
111 20
-266 201
6 11
-113 70
16 -104
-75 188
85 -199
-47 11
-66 -300
-266 53
31 -154
166 -135
-255 54
-86 -134
-73 -84
-32 -234
139 128
-161 32
352 -225
55 62
-233 256
-112 -442
53 329
217 216
-48 -347
260 68
219 115
205 -282
-97 140
-215 -16
-136 -61
-9 41
-103 -50
-33 238
-251 449
-62 -239
49 -71
28 48
-120 -188
6 -33
-207 -92
36 -86
-383 -69
43 -12
-356 373
-37 257
74 60
30 54
-20 356
332 149
-21 0
-5 -47
38 172
62 113
151 156
4 244
-80 -358
35 -16
165 154
-169 -180
-27 -168
72 109
-340 -43
-109 198
119 -55
73 -97
38 93
-272 118
117 -129
166 186
-179 -78
-44 0
-156 -77
-206 158
146 168
170 95
-296 -2114
-91 110
-16 -20
-17 -58
-63 -66
-9 82
-10 58
123 67
8 118
-26 -120
186 150
7 26
18 -114
-97 -47
79 -41
93 -48
35 99
-57 25
135 -125
-120 53
114 115
-82 -92
-73 43
-44 -130
120 86
127 159
-107 31
192 -14
-148 69
-76 -66
-32 -35
16 266
-115 -99
-19 -272
184 -106
-137 -80
-81 -232
-109 205
38 80
-11 -15
-17 47
18 212
-95 91
170 414
22 107
49 84
-224 68
-213 31
253 169
-27 -252
-57 -294
216 23
-37 -301
-54 229
55 -157
-91 310
233 -180
42 -244
189 -169
-136 -101
157 145
60 -22
-73 157
426 63
-36 -282
-107 -129
74 19
261 -110
-162 -178
236 -149
-22 -29
-101 92
-309 100
-216 -49
351 -91
84 -33
-92 103
-59 -147
-25 -238
46 48
-101 102
-23 -329
201 -143
-91 270
113 289
173 -110
409 115
-201 -133
-94 33
-69 -239
-101 -417
91 86
-183 259
207 -165
187 297
-102 -143
251 38
260 -186
-93 74
152 -115
-124 105
91 -14
-53 -124
339 -184
-111 15
-108 107
-304 -128
-50 160
-145 130
-110 306
45 -242
148 71
-26 -258
191 16
-20 122
-56 -7
-126 -205
115 -99
143 190
-60 -91
33 61
-75 -176
89 -60
-329 -74
-237 -19
65 -265
-110 34
128 98
-696 -527
99 114
42 78
126 94
-121 58
-92 23
111 46
-24 2
22 124
12 -70
103 -45
-53 -7
139 7
-74 30
102 45
7 -49
-14 -8
-74 21
257 40
-152 67
59 -15
-45 210
-43 -132
54 102
-84 -44
-136 152
-72 -99
-103 -35
-58 0
-282 174
90 -105
186 12
43 54
-257 28
135 138
78 117
57 128
-206 308
-231 104
10 106
60 32
-234 117
-27 12
155 5
217 80
122 -28
-28 122
201 69
72 -218
170 -163
72 -16
-178 -77
201 -67
-129 108
-222 2
167 91
33 -135
31 -54
216 9
107 -94
-53 -84
-175 19
108 -237
-181 281
39 168
37 -138
116 118
-70 40
-151 119
-71 189
-202 471
237 -386
61 156
243 -225
-43 -104
-118 331
243 -273
-140 -82
-9 286
-135 -116
-261 36
8 -41
9 107
-187 -219
35 52
251 -349
-68 -111
92 -234
106 37
-14 131
-5 -5
96 0
-158 189
418 148
-139 -171
-3 37
248 -58
145 206
-266 -230
264 -249
382 119
-236 28
302 -73
203 14
11 266
-201 -67
-248 180
235 -35
-49 -342
155 139
82 -2
-8 159
32 -218
120 56
140 341
-9 110
-113 177
-117 -68
-50 98
63 37
182 103
-105 212
-105 346
89 -172
55 7
-67 13
87 19
271 -25
4722 3061
105 -49
223 25
-13 56
-115 11
52 -52
-55 14
-148 -125
33 121
-144 -119
-120 -11
-5 88
47 -83
45 -77
-28 20
-28 77
177 56
115 15
98 -130
-15 -96
-105 21
273 109
-135 -6
242 -100
30 -111
22 -80
84 8
24 -107
123 -53
-213 187
-19 238
-85 -29
31 -99
-190 31
-23 -112
10 75
-159 233
-350 -140
121 2
248 30
-282 -291
-146 126
73 18
110 7
-78 -444
-239 139
193 44
169 14
159 -80
-155 63
6 158
20 183
176 144
-56 249
-106 -51
-106 7
-123 -97
36 -160
-110 91
-37 109
51 -129
134 297
127 217
85 592
265 31
108 -119
-139 214
88 -398
-84 -83
52 124
-76 -85
-478 -313
-7 22
-188 -328
-75 248
-8 -178
-420 90
117 -57
-270 -246
-61 296
45 -350
203 -315
57 166
-47 95
-215 228
89 -69
-200 -1
11 -5
-39 -60
151 333
133 -78
97 -1
-113 -240
21 -151
114 502
121 58
-61 86
62 -104
162 -133
360 8
-63 40
-106 -173
-5 -137
296 262
-138 208
265 -183
208 -190
-50 -145
101 -15
433 -4
121 169
-376 -122
-48 53
-159 -160
22 121
-329 335
-90 99
-147 143
174 154
4 133
-85 -90
-28 -365
-40 -63
-73 -40
-129 -108
58 140
-163 60
4 9
463 116
-131 -50
-35 89
-58 102
-82 29
-113 -7
-57 -106
-38 -103
5 40
13 -18
16 -71
4 79
174 -173
-10 59
32 225
-217 -38
-30 186
37 49
4 117
-22 -7
-35 -15
-13 -81
166 30
-185 39
64 -149
-112 245
-226 -36
-382 162
154 -21
131 -10
-269 99
-39 -84
143 -42
-138 10
16 -92
56 -136
-465 144
-95 27
-106 36
58 -36
106 154
232 -174
-200 121
-39 -54
168 21
27 -209
63 53
-94 -267
85 183
140 33
-62 -98
45 -194
-43 219
-109 242
-86 46
43 -155
-194 95
-21 126
-109 -120
-238 -185
217 82
-53 -146
-28 -258
111 200
-67 100
63 226
-12 188
-11 27
-67 117
76 -29
293 -278
-62 25
27 -403
429 37
218 -293
226 73
142 -190
149 41
-226 -45
92 89
-106 1
-13 272
-190 -12
123 -39
3 -308
-46 127
-295 225
-127 -177
-13 -11
31 -415
298 138
129 42
99 -90
-245 -269
-86 249
467 -341
196 -251
23 -194
179 -289
-69 -133
428 -97
6 239
-65 40
90 254
73 259
189 225
-165 -10
-91 312
49 87
285 17
229 71
-170 -231
83 -216
-52 -40
-67 17
210 -191
-179 299
-40 -237
-195 82
-71 -320
284 64
-70 149
273 263
184 59
145 -351
249 -336
-28 -215
-125 -130
-2604 66
-12 -55
212 86
29 -32
111 34
63 -46
-22 -41
140 -16
-5 8
-50 -69
-17 -5
-59 -110
42 -17
19 62
-199 -45
70 35
186 51
36 80
150 76
191 263
-94 -72
-70 -141
29 42
16 13
86 -161
-40 52
-85 177
53 1
107 24
198 93
139 -114
-150 -81
49 370
-95 -99
-79 99
145 142
75 4
94 -151
-75 -180
44 -198
-51 272
103 214
97 71
159 8
7 -170
-76 -98
-237 53
-190 11
332 -224
260 -311
-48 -92
291 -181
-170 -256
196 111
94 -87
138 -324
11 126
-28 340
248 64
-269 -49
231 248
-21 189
-94 296
236 -160
122 -358
17 27
-173 -1
-282 0
5 -7
-3 -56
-24 277
171 -122
3 -99
-46 224
-12 70
135 -207
20 -121
-38 -36
-198 -80
175 21
-206 -91
-179 -143
-160 104
-105 -29
254 -43
192 57
322 -120
475 178
-425 428
-224 37
165 -313
-24 211
-130 106
316 -492
240 -75
0 133
118 -12
83 -334
263 -54
123 360
335 -206
10 383
211 -129
-208 128
83 -25
69 -59
8 37
174 -180
-162 -176
-20 281
-132 104
-148 -505
39 8
-148 -451
-222 -137
-3 20
-234 -112
-150 -108
-20 -268
202 -154
-57 160
-146 -105
-152 -162
368 241
-169 132
292 -43
148 -18
12 5
888 -1979
-89 -198
-142 129
30 0
-86 17
-148 -132
-4 -108
-96 -58
-14 -70
-85 -50
-25 -30
77 97
11 35
-84 -14
29 -21
66 59
-49 -36
-68 22
260 191
69 -106
23 -189
-85 -31
-145 -28
-93 48
41 -91
-102 41
-73 -6
-248 -99
154 76
173 39
54 -136
-129 12
91 -190
-86 -37
-27 -182
-291 -136
29 -64
-137 -81
-93 231
-22 -11
-113 -76
-98 46
238 -95
50 -411
49 -313
-272 -16
-5 67
-163 224
120 -65
-12 -340
39 131
176 267
-294 -223
-237 -227
-204 99
-189 -167
-104 210
-195 207
175 -197
67 -211
-224 230
19 -135
26 -169
-67 -16
-400 -168
99 176
155 -43
73 -86
-2 10
31 -54
-160 -98
184 -14
20 14
362 211
-108 -55
-86 43
-115 -213
7 -197
125 -74
-286 -162
-78 44
64 10
-207 -95
42 -70
-26 -94
-112 -296
213 184
6 -204
-191 -158
334 223
-25 38
-109 -8
302 133
232 205
95 626
-49 -111
-81 251
225 -45
-35 -369
-84 106
-14 -94
-99 66
-388 40
-209 -21
40 -194
-36 59
-116 40
-307 -325
277 82
-185 -90
35 84
341 370
84 -63
117 -250
-348 259
64 -88
-32 -270
-70 -24
-75 -117
-165 65
325 -215
106 -73
99 33
-115 96
100 317
97 95
139 -394
-294 176
-2328 -2633
-139 96
-34 -65
8 -275
-74 -33
64 -247
37 123
-6 97
-9 -113
19 -223
8 222
195 -38
-40 396
-108 -127
127 101
21 -184
149 164
64 7
-142 65
-113 10
-162 -179
42 -310
-163 -78
-80 6
-175 232
173 0
2 -63
47 189
108 7
46 -7
-157 165
123 -42
-123 150
329 -28
-21 -237
113 351
225 201
174 31
-179 -95
-53 177
9 19
217 8
142 22
-89 33
-242 199
-141 -149
95 -238
-72 144
275 -151
24 -112
-151 248
-203 212
-133 -144
28 257
-524 6
-136 61
-77 18
17 -169
-154 -225
78 193
-32 259
-207 100
51 -273
93 160
464 121
-56 39
-98 -231
-488 183
-531 192
102 359
-2 22
224 266
116 278
-413 62
-176 -230
326 18
-53 296
-16 184
-334 -307
406 -63
15 -60
369 -141
-252 -52
341 248
139 -128
265 -35
118 42
67 355
-1 -217
-271 319
96 -271
197 176
-89 21
92 72
320 573
281 520
301 268
-327 -211
-338 248
-46 63
-41 127
436 -230
-206 337
-62 521
567 714
-332 -151
393 -216
394 92
-30 37
313 -226
-276 -524
310 240
-285 -560
667 -83
-169 821
-166 27
205 -209
380 -348
549 204
273 95
245 -162
-247 425
128 7
164 436
-202 -444
381 121
166 -237
-329 -20
1565 2544
34 -12
43 36
-381 67
62 230
-55 -62
-295 188
-27 135
-63 14
96 -139
63 180
-132 53
-41 28
94 -92
-169 -206
-52 69
93 -114
372 45
69 168
-52 215
152 -2
26 104
-73 -38
187 6
-18 106
-24 -73
-35 47
-191 -101
-121 -116
128 50
170 -307
-31 -217
142 40
93 -107
101 269
-165 198
-42 -175
-27 14
-244 -85
8 -7
-221 11
-79 223
236 -82
-60 -86
106 395
76 57
97 -46
393 -33
1 -63
-218 -141
220 119
-13 -63
-276 126
170 -75
-92 -27
82 46
-80 -99
-51 -62
-12 155
-44 -28
138 234
288 -46
-90 -86
-107 -7
368 -32
160 -95
-15 42
-9 461
-202 3
147 -11
-133 197
77 -30
321 5
216 416
-94 -388
-279 -277
184 199
-68 -108
-267 84
-135 462
24 -10
223 79
111 56
36 149
21 3
100 -28
189 -437
93 336
-163 113
27 58
21 337
2 -201
240 -9
-130 84
567 266
-111 200
345 -451
248 -635
-42 -297
-113 22
193 -689
-613 -91
82 -3
79 26
-159 -268
214 -364
-261 -168
66 -377
276 585
-32 154
-284 -345
175 622
-140 155
-133 36
461 -53
103 -381
-186 344
-196 500
148 -53
600 144
-108 76
-523 -174
303 -46
361 -108
386 456
484 -365
-181 -28
-139 -132
1637 494
-63 126
-47 -60
118 119
-200 128
-144 95
-225 34
-163 -13
-158 -60
-128 -28
218 -199
-1 -47
-85 1
63 8
-7 -53
-301 242
16 18
145 141
153 28
76 197
-132 -212
-178 -35
30 -10
186 -56
-22 -50
10 -200
-335 -150
-202 66
91 79
-62 172
-28 73
-82 -311
47 21
85 142
-94 231
-76 -82
52 -66
150 -112
55 0
-77 -3
-89 -110
62 -184
39 38
8 -164
52 -8
-250 -37
180 5
40 -169
-72 -82
4 222
-33 256
-194 -43
270 336
115 -216
141 280
-9 -191
-168 325
10 191
-291 161
161 -68
-43 -173
-148 -67
12 -284
-483 -128
-118 107
199 90
106 -117
-220 -124
104 122
-318 66
-39 -11
0 -11
320 -105
202 187
-355 26
-86 -35
228 -230
-182 182
140 336
-18 -207
280 -121
41 401
-280 276
200 -332
-79 -363
-252 201
-628 -59
293 246
110 -109
-78 417
281 344
-79 -80
337 -196
-192 116
-349 -392
5 160
-298 -4
-266 256
177 -102
-270 2
123 -170
-149 -96
-46 309
-468 347
391 240
211 -124
469 60
222 -133
494 -200
386 -659
24 471
-518 -55
288 519
-339 38
-95 -221
204 169
428 486
84 466
-275 -437
271 137
26 -262
312 447
-306 303
593 220
669 -56
-276 567
411 -184
-89 -369
1290 -1979
-26 228
-164 -136
-209 18
14 327
64 -257
-157 146
62 -158
-36 -251
83 45
-92 -54
-357 -372
-103 -45
102 -54
108 -51
-142 -11
-225 -125
-118 -81
-121 -109
-72 13
102 191
41 -209
108 16
-114 -334
25 17
223 -74
-160 -199
149 21
-33 122
-37 -207
25 143
-103 206
-64 -168
168 -105
223 -32
6 -114
8 -185
100 -105
-118 -1
2 -73
-188 -50
311 109
99 64
-27 142
179 82
-257 110
240 33
-166 11
261 119
-144 241
-220 128
192 155
-177 69
127 -132
219 -67
-153 0
-153 176
20 160
-250 -85
-205 -79
-95 238
46 -66
-75 322
252 -75
11 -127
-257 167
73 -213
-18 -165
190 -30
7 -169
280 -587
20 348
191 136
-85 274
64 22
200 -383
-301 335
73 225
20 -368
11 -2
142 -78
106 -72
-119 -100
158 207
-94 -111
-333 386
-90 199
-115 191
-205 35
49 -312
-94 -160
-122 -33
76 -145
-585 -49
200 212
-89 -429
-230 457
-210 -352
348 401
-279 155
-628 -170
135 -20
-559 76
-387 34
-123 -444
477 191
-62 -445
-253 -16
76 495
-190 -255
-220 149
-43 -273
-308 298
-252 -202
-477 -715
-34 -526
131 -413
142 190
92 -56
122 217
-240 -237
-36 -420
140 -397
-90 590
416 -223
283 -171
-735 -28
-473 -253
2345 1707
98 -197
120 -319
-117 -205
-56 16
110 62
-74 132
-41 119
-98 -140
-194 -3
36 11
-120 -166
-86 268
-40 217
-229 -72
-141 57
163 0
273 -23
-6 36
-14 -34
18 113
-166 -213
16 -210
-162 -69
-72 -154
52 -145
-110 -60
10 160
-2 141
-16 -150
120 -196
-72 -35
87 59
72 -144
-210 -67
-31 -110
-4 -147
92 233
-35 93
-209 -131
261 56
216 131
77 -243
228 121
229 351
33 -1
57 -32
30 -20
-100 -77
224 -235
65 -27
-257 -179
-131 -60
-90 -76
89 58
128 80
108 109
-208 95
-31 -141
74 -5
-5 65
-185 -120
-130 26
-94 -551
-352 -88
-304 239
252 -468
-117 330
106 4
-72 143
-48 -18
424 354
78 -16
229 305
14 -240
-55 249
380 -304
101 109
255 339
283 -353
-82 429
-82 308
-180 -203
-48 -82
89 -333
-71 195
161 -60
-20 8
122 350
-402 -456
-207 182
-198 -117
-105 225
104 90
-285 -567
-345 -165
225 -69
-92 162
-194 311
-302 -29
116 112
111 347
134 354
-443 -549
205 -380
-460 520
0 138
-181 159
-372 4
-638 -118
-353 -142
821 194
553 -42
367 172
75 -156
564 -478
-99 -247
341 -427
-432 -366
-135 -275
330 197
-74 773
-30 73
79 17
400 169
-54 -111
361 -40
-367 -112
-277 225
-505 -11
123 25
115 -289
-139 -74
-27 37
-91 -15
-57 -41
64 -17
-73 -161
-126 -172
2 -71
-340 59
-68 -58
11 -16
60 142
-70 -139
-1 -108
101 155
26 -135
-75 105
-44 72
-21 -158
-179 111
57 288
278 -108
106 83
277 -135
-9 255
-329 133
65 44
2 64
-124 -15
150 -106
-126 -77
-25 97
268 -64
234 -36
169 -21
-8 -65
-99 -27
53 -42
-37 -82
154 -15
-162 -104
216 198
33 30
95 316
-203 -160
21 130
303 261
-73 390
248 -270
164 -169
3 -95
34 190
301 -4
-40 -267
94 -273
241 125
-154 5
239 151
89 242
-117 -14
115 -117
-158 -121
44 -243
-158 -177
174 -157
60 11
-371 374
238 -59
-130 475
-421 5
-289 515
-257 90
-272 46
-184 -218
347 53
-52 -267
171 150
111 -340
371 -131
48 16
135 269
48 -233
314 -511
249 123
151 -52
-7 495
-384 -148
-87 -220
79 -10
391 364
-68 -335
-658 460
-119 253
-88 292
-128 480
149 247
-626 219
-81 -409
26 -106
39 -420
5 -499
-285 -233
142 72
-23 -502
-196 -124
-345 85
-267 -1
196 201
-88 287
78 -101
103 62
-558 432
-121 -512
139 448
397 -291
286 285
-564 -17
223 -417
-679 -359
-318 -292
-146 452
-437 505
-20 89
23 383
1462 973
-207 -265
29 -9
-266 -12
-70 194
-6 -108
94 75
82 50
35 -63
-80 -67
-197 -63
289 318
-91 -23
-3 -68
-319 -216
-18 -63
-137 -227
-101 -59
-132 261
-56 -128
117 114
199 102
-47 -115
2 0
-193 189
205 -25
18 -354
47 -68
-99 66
-41 26
-53 57
265 21
-289 -219
166 -161
111 -103
-110 -34
-63 20
-50 225
59 211
24 -65
140 -99
-237 -251
-242 66
-101 -59
-41 147
-38 267
171 109
75 -1
-268 294
-281 279
-32 -83
-146 54
101 414
1 -152
15 -25
-189 269
-32 17
66 -316
-321 -13
311 -216
-165 -340
102 -180
360 -315
-216 228
-266 158
-76 -20
192 39
274 153
41 11
140 180
56 -189
-258 161
-135 152
212 -259
-92 -72
-233 88
-60 97
66 -92
331 143
-286 -62
-103 261
282 372
-10 -150
231 -87
-162 244
-275 -117
-234 137
-649 -394
665 -572
448 26
-456 386
249 -34
139 -375
-330 666
-568 7
58 -151
-288 -40
-14 449
-454 191
-61 -396
-438 117
85 -459
-538 72
271 -88
-36 57
-155 6
51 214
-358 254
220 106
93 -451
121 -213
32 812
231 47
291 728
346 177
13 -245
453 228
233 401
23 573
-60 357
62 -383
353 177
536 539
-748 -479
227 -226
-902 205
-123 -250
-62 -66
-144 -1760
225 -44
-56 79
-82 -18
222 251
140 217
8 189
140 -74
131 -65
69 140
198 115
-16 79
114 259
-263 -8
20 9
147 -150
5 75
-9 -207
80 -115
-129 -19
-54 162
40 181
-170 219
273 -118
-5 73
1 -29
156 5
84 -82
119 -201
30 -54
-96 -128
20 -89
47 58
99 87
-164 13
148 116
-146 -13
101 60
-28 15
-44 -45
-28 -49
15 79
-311 103
94 514
-39 225
69 149
-16 -114
39 -32
-146 -63
-24 330
-59 -151
-57 -133
359 -76
-92 217
385 -180
41 -84
-112 -11
133 -293
-67 167
-28 301
281 32
-39 2
4 134
34 -129
547 209
-70 -296
-5 208
-195 -41
178 -50
-63 -94
286 53
-210 -46
-227 193
-625 -273
207 189
122 -43
153 205
238 177
34 49
395 87
213 249
-97 25
132 -53
-91 179
99 204
303 386
-251 -131
-46 473
151 502
-569 -207
31 -250
271 -28
-405 -461
-166 -265
-116 -945
267 36
-3 -263
-127 125
218 729
246 -180
-71 224
370 -235
828 -162
382 -89
-21 205
38 -119
288 72
559 341
-607 -204
395 285
-287 65
-465 -780
-54 29
-68 585
838 -304
-168 214
331 333
479 213
44 96
244 -243
-300 529
-477 -246
-33 69
240 -77
-101 -549
-483 -398
-2 361
532 -192
