823 60
32 34
-38 -107
-2 15
-30 -81
13 -23
83 -82
-6 28
-4 -64
5 18
21 19
3 -39
-3 -67
-45 -11
-15 4
38 -33
-1 -5
-22 24
36 -27
-1 -17
-8 -3
-43 -42
43 -30
-25 50
19 -10
8 3
-9 57
-20 44
23 -38
-19 -28
69 -3
-61 10
-13 -5
30 30
7 9
-35 31
25 -47
11 -35
37 -13
-50 11
-16 -27
23 -18
90 10
18 29
14 6
64 13
3 -37
29 52
-8 23
-17 9
16 -11
1 2
14 20
-10 -22
46 -11
-7 -12
26 0
23 -23
-44 -16
1 -4
-8 -29
-24 -1
19 25
-32 25
-30 -7
8 -6
-11 3
2 -6
2 -26
-10 14
-3 -8
11 -9
-1 -3
1 5
1 -3
3 1
1 -1
1 0
0 -1
2 2
0 -2
-4 2
4 6
7 7
-8 4
20 -6
6 -7
-4 12
9 -3
20 10
13 -40
11 7
-22 -10
17 -16
5 -5
40 -22
15 23
-9 6
9 18
31 -16
-16 17
37 17
-13 5
56 -75
-12 65
24 16
15 -59
-29 68
17 -59
63 -42
18 22
-17 0
-24 -24
-40 -53
-69 -93
-29 2
-65 -16
-11 -23
66 14
42 38
-58 -8
-59 26
-82 -96
-149 -79
-23 -53
-28 49
9 12
-13 -3
398 -488
-78 1
20 -12
-7 2
-74 -65
41 8
-45 12
-10 -8
-11 -68
-13 23
-20 -23
72 -14
56 35
-79 56
20 -2
-13 -32
-22 15
8 18
61 -10
29 -3
-43 -16
5 -27
-39 23
11 39
-42 -36
-3 -29
6 -23
1 -71
-14 -26
19 -30
14 -11
5 -16
-24 29
18 18
-14 -21
-31 26
-69 -12
31 -3
-18 19
-7 -3
-11 25
-29 28
20 21
-41 -37
17 -1
0 -23
32 0
-3 -23
-36 -32
-27 -24
-33 -19
-51 27
-26 1
-1 -23
-3 35
12 37
4 -13
25 -46
19 12
2 11
4 -1
-50 -25
-2 20
0 -7
6 11
-6 -23
-3 13
-18 4
3 1
5 17
-1 0
-1 0
2 3
-7 -2
-6 5
0 3
0 0
1 0
0 0
-2 1
6 -2
6 3
1 2
7 -12
-5 -19
-6 -24
3 -6
7 4
9 -4
-4 12
30 -12
23 7
29 -7
-8 7
-16 -31
-40 -13
-33 -27
41 -7
-47 38
8 50
-12 -22
32 26
-68 19
59 35
54 87
-32 -61
6 -10
21 9
-7 -28
7 -13
-63 -109
-68 -9
44 -61
-7 77
5 -21
28 -51
33 -14
-80 -16
35 92
10 19
-126 81
116 2
-69 96
-23 41
13 -145
-49 -16
10 -36
-13 49
133 -159
-23 -49
81 132
10 -4
31 17
-19 -15
16 58
25 -39
-2 -46
21 57
26 27
-1 -34
57 76
-30 -13
94 -17
-6 42
7 -45
-29 51
8 -20
25 11
13 85
-30 -3
3 -38
-48 39
60 46
48 -23
7 -13
-2 22
51 14
10 -18
38 -8
-37 -9
30 21
-9 -24
4 -5
18 22
14 7
36 -14
5 2
12 -13
-2 28
25 -10
-3 -78
-36 -12
-8 10
2 20
28 -27
-29 -17
23 8
6 11
-4 -30
17 -50
-55 -24
6 -34
-12 16
-33 52
-6 13
-31 20
-19 -12
-3 16
-3 -9
3 -15
-19 -10
0 17
15 -12
15 3
4 3
12 -2
3 -8
8 1
2 -1
7 10
2 -4
5 1
-2 -5
1 -1
-1 0
0 0
0 0
-1 1
-3 3
-8 1
3 3
7 6
-2 -5
-11 -2
-1 -5
9 5
-5 19
-10 11
19 13
5 40
-18 6
17 6
-7 -7
-46 -6
36 -12
-1 -24
-6 30
-31 5
16 31
-17 -11
25 -47
26 14
-31 37
-29 57
-12 -35
81 -7
-1 -42
-43 35
64 70
-21 -6
-56 -7
26 69
-39 -19
-89 31
5 -35
42 -79
57 -67
-65 -37
-16 -63
-44 1
61 -7
-37 -91
-14 98
-66 -1
75 -21
3 -82
-369 35
19 -57
-114 98
5 1
1 -3
-29 12
-48 38
-10 -3
-9 40
65 54
-36 8
39 -31
70 -21
-18 -45
-6 -12
-40 -56
25 12
6 -12
10 16
69 31
-19 16
2 -17
61 78
-15 28
24 15
-1 17
-44 15
32 -5
35 -7
-4 18
24 14
12 16
-36 46
6 19
-11 -26
-21 -3
-74 -44
-21 -23
6 -55
-13 -12
13 49
-27 -11
12 -9
-46 -58
8 40
-6 -4
-25 -43
11 -25
-37 -10
-35 -17
-18 -17
-58 -34
-4 16
15 -17
-35 16
-10 -25
15 15
29 -20
-13 -9
-23 -17
-22 3
-1 3
9 -17
12 -4
-6 -3
37 15
0 7
-14 23
13 6
-11 1
14 12
-7 -2
1 2
6 3
4 0
1 1
2 0
0 0
1 -2
1 0
1 -2
-4 1
-3 -2
6 10
-4 -5
2 2
11 8
-10 -8
-13 28
2 -1
2 -8
9 9
43 10
-43 -7
14 17
3 -3
-16 -27
29 -16
-28 -22
-10 50
15 -53
47 7
43 13
-31 -22
-18 12
-6 27
-28 -7
16 71
-34 -7
52 -43
-11 15
75 48
-13 -14
-20 -89
-1 26
72 11
-10 -10
29 36
41 -1
-74 58
99 -101
34 -9
-14 31
-4 0
-7 40
81 -27
-36 -29
-48 39
288 -30
-5 9
-11 47
-6 20
-36 -80
-22 -24
-17 -5
-11 8
-4 -87
-2 -31
7 -34
-25 4
56 -27
-113 -6
32 40
-59 -4
6 -76
47 35
33 -13
-35 -63
-36 -8
-31 30
-63 7
10 17
43 -45
14 17
1 -20
18 35
43 -40
-4 7
68 -19
40 50
-6 -16
68 -18
-19 60
9 79
-3 -2
-50 5
36 -35
4 0
-13 -61
-30 26
-18 -55
41 20
-18 -38
37 -50
40 -5
33 -29
17 -19
1 -53
23 -3
-9 -16
-29 6
19 -15
7 -20
7 45
-2 10
-28 5
-18 -10
-16 14
-8 16
-1 -13
27 -7
5 26
-5 -20
1 1
21 5
-3 -6
2 -20
-1 -17
-4 5
7 7
-7 -1
0 -1
3 -1
1 1
1 0
-1 0
0 1
-1 1
0 -3
2 -5
-4 -6
5 15
-6 9
-2 -13
9 0
8 3
-5 -10
-5 -1
-6 -1
-7 -40
-3 -12
-11 -16
-14 58
-3 -20
38 37
-4 10
-8 26
57 9
2 33
45 23
31 -11
8 2
-34 -51
24 4
13 -13
-15 -19
34 -42
41 11
27 33
-38 22
62 27
13 19
34 -29
-48 36
58 52
-16 -67
52 6
-21 -1
119 41
160 61
-27 -26
25 -25
44 76
-26 67
31 69
-101 32
47 364
-8 6
113 46
-32 -1
-71 96
-50 33
-33 26
-13 -47
6 -38
2 -21
-12 -26
22 -20
5 -71
12 43
-3 -9
-12 -24
-1 30
-28 -29
-22 24
60 6
-14 6
22 -10
-36 -9
-29 -14
-15 16
-60 24
-3 38
37 28
38 11
39 -42
-11 51
-55 -4
47 -73
-18 -54
-23 -13
-50 17
17 -13
-14 -18
27 31
27 26
-52 -56
1 -1
-44 19
-29 15
0 42
21 53
-24 2
-9 28
-33 20
-12 5
-36 24
-38 -8
10 0
31 31
-38 2
-17 8
-11 -20
-28 -3
16 -17
-8 25
3 -8
8 6
24 -11
1 -6
16 -4
-8 10
4 17
-3 5
10 -2
-2 3
4 1
7 -1
2 1
9 7
1 2
3 3
-1 -1
0 0
0 0
1 -2
-6 -4
6 -1
0 12
-7 -9
3 7
-15 -4
-9 -2
-5 5
-4 -28
-26 -17
-13 3
20 -11
19 -18
3 -24
-24 5
19 31
22 6
-13 5
-3 -24
42 -20
-18 30
-31 9
-45 -85
24 59
-15 15
-28 6
49 16
-67 22
-57 7
8 38
13 -29
-31 -28
-35 3
58 -37
16 -32
-36 53
-29 -16
-24 -23
-14 -96
32 -24
44 -71
36 -105
36 -56
-4 40
-63 -55
6 -38
-55 -80
3 -9
-147 -97
0 14
-10 41
-4 30
58 16
45 27
-12 -2
-37 6
21 -10
24 -5
-54 43
34 -17
38 -48
32 -24
-49 -21
66 -3
-31 -77
43 -12
13 11
-74 33
8 15
4 -26
1 -9
-12 -53
-20 59
-27 -15
24 26
-11 44
-22 -23
-16 -68
-2 14
-14 7
34 -11
33 -79
-8 -80
-15 -22
38 -35
2 14
-13 24
6 -6
-11 -24
11 -44
25 19
-10 -22
-2 37
46 -12
18 31
27 -33
53 -5
-5 22
10 33
35 19
-41 8
-9 0
14 -38
27 -3
8 13
18 -14
26 -10
-5 19
12 -12
16 0
9 -16
-25 -7
2 7
24 -13
14 6
7 -16
-8 1
-4 7
4 -1
6 -3
-2 8
3 -1
-1 0
3 0
-1 -2
0 0
0 1
1 -1
6 1
-2 -3
-2 -1
-3 -10
-11 7
3 14
14 -8
3 25
29 2
6 11
-4 18
12 22
26 -11
12 -4
-22 12
34 1
3 20
-17 -41
5 37
6 -6
-58 -19
3 18
-24 -54
24 -56
-16 0
-9 -2
-22 -25
-30 -62
-28 27
-1 -15
-27 12
-74 -30
-15 -75
-84 84
5 18
28 27
42 -87
65 7
27 -59
35 27
-104 -59
-71 14
71 -42
-17 117
40 -104
2 127
-23 -11
-184 7
-5 -9
-6 3
24 34
68 -7
67 -47
36 17
-90 -15
-35 65
67 -50
-16 -33
44 -29
-5 -38
101 -6
36 41
5 20
29 93
-26 -7
-10 -22
-15 -13
76 38
-9 -26
-27 -17
-47 4
24 25
-27 5
-19 -29
-4 -22
2 34
16 29
-62 8
-7 -1
46 -44
-13 50
46 24
84 -20
-12 37
20 -35
-66 -60
-9 -23
7 42
-49 54
13 -15
-55 -7
27 22
11 10
-17 -25
66 -54
-13 8
32 54
47 39
-9 -18
-14 -15
13 -8
-2 -23
21 -46
-5 -27
1 36
9 7
5 -36
-26 -16
-16 30
7 10
-19 -2
12 1
-11 5
18 21
2 -21
19 -7
0 -20
13 -8
3 -3
2 -8
-2 5
2 1
-4 3
-1 -2
-1 -2
0 0
1 0
1 -2
-2 -3
-6 6
1 -4
3 4
-1 15
-4 8
-17 -11
17 2
-5 -10
-8 6
-9 11
5 9
-24 -27
0 -1
21 -23
25 -12
4 -2
-45 4
-6 -13
1 -58
16 -2
17 2
34 -57
-15 -16
5 -12
0 -16
-4 51
104 -22
14 1
86 18
26 -28
-5 -10
22 28
-10 49
-3 -32
81 50
72 -69
22 -50
30 -23
68 -39
-90 6
-55 68
-110 -25
48 17
23 6
-15 -82
120 87
-12 20
-780 -41
28 -2
-91 108
16 -169
-49 19
-41 79
-124 156
104 -103
-12 101
8 -67
-41 -4
8 67
42 183
49 32
-36 -19
-160 100
28 75
61 -76
-104 68
-18 64
12 0
90 119
-98 34
-8 -138
-63 42
-15 88
1 -133
14 -162
-23 25
65 43
-208 -45
208 -69
59 11
-94 -12
-48 -3
98 -74
-45 118
-19 58
-73 22
129 -64
57 73
-46 9
-305 -17
-121 -109
-41 -14
-296 -9
-61 150
-112 -215
58 -81
68 -18
-63 48
18 -25
-73 -97
84 109
-246 48
34 61
-144 -1
-128 120
223 99
37 47
36 145
125 13
-122 -163
210 -176
252 69
-55 59
92 -30
5 59
-7 255
116 -161
33 105
-165 135
24 64
-27 -88
-24 76
-92 -46
-67 47
-143 -55
-50 -110
107 97
-2 -61
-89 47
75 93
91 97
-93 54
193 -59
57 -63
-24 75
65 -20
97 70
52 -184
30 47
-71 -65
76 -66
34 -10
136 -83
79 33
-44 2
19 55
67 -11
-48 40
48 -45
-82 14
86 -174
-45 124
58 24
0 -109
-15 180
-23 -113
42 -57
18 45
-98 24
-41 24
-66 41
27 -149
65 51
-55 11
-42 16
-1 -11
90 -17
-57 18
21 24
-50 -58
-40 -41
33 35
-27 36
-5 73
-3 -85
383 678
4 -11
11 126
67 -19
138 77
-74 18
139 35
-24 -49
39 78
73 -87
-65 50
-181 88
-80 12
222 -154
-1 -8
106 64
103 -48
4 -45
-183 45
-32 -16
134 -29
-15 58
95 -60
-30 -74
144 149
-12 57
52 43
-20 147
22 123
-38 139
-38 -8
45 12
28 -146
-37 2
19 -20
49 -113
206 40
-106 26
53 -72
16 34
34 -89
95 -61
-93 -36
133 143
-72 -24
-15 87
-106 21
-5 100
115 147
114 109
128 35
233 -155
86 -7
10 77
18 -154
-105 -178
-1 77
-103 248
-108 -71
-19 -38
-49 -17
295 156
5 -128
8 58
-32 -81
59 191
12 -129
201 -44
-51 -19
-46 -199
4 -12
17 0
-39 -38
133 47
142 -125
-12 -94
-24 -6
-138 110
-54 -16
-118 61
188 -72
130 69
28 32
96 -173
-54 -186
-61 -233
18 -49
52 46
60 -19
-7 60
155 -49
106 38
153 -18
-28 9
-33 -84
-147 -17
-94 -50
123 -24
-109 104
3 49
-10 -51
104 92
-75 -34
131 127
90 180
-78 -91
64 26
-3 -24
-58 -15
-15 -25
-90 -84
-92 -32
39 -83
21 112
34 78
53 -89
43 32
-64 -33
69 12
59 65
-77 -45
-2 15
-48 19
0 -26
-65 -10
-70 38
-21 -58
-49 11
-337 -142
29 -74
-122 -155
-50 4
-56 15
23 5
47 -123
-44 62
4 163
-42 -141
-16 -37
-30 47
-72 -151
97 50
-310 48
36 -106
-10 89
21 -153
-4 76
-106 -39
-37 -173
-3 -17
-17 117
122 -146
-153 -125
-72 77
-26 -23
-18 -88
-138 -35
-8 37
-99 58
71 -35
-47 -117
11 39
-11 -16
0 -125
-60 -52
-125 28
-64 11
-32 73
-30 -4
-78 40
41 263
128 55
-41 -41
-11 -91
-95 94
81 45
-116 -37
-28 -9
5 163
-81 203
239 99
-1 185
51 -70
174 -254
35 -73
181 -123
94 48
12 -85
13 65
-10 98
120 75
11 -125
-126 111
-130 -15
-55 -45
-89 30
-50 69
-88 -21
-41 11
-99 -151
-33 64
-104 -12
48 124
-26 42
56 2
-30 74
-11 -36
-22 68
-85 95
-173 17
59 48
86 77
-15 -55
-105 -14
-6 -26
76 30
-40 121
-66 56
85 64
46 191
-40 46
50 16
-38 -16
-175 -30
119 -43
15 -92
-33 72
-65 -15
67 37
-31 -7
16 -140
76 -26
-24 -10
-92 88
1 4
89 -29
4 -162
-37 71
58 29
-54 -2
-52 -26
15 107
-22 -46
-144 26
9 -22
129 -44
-4 -109
-6 -45
11 -17
11 -36
31 74
40 36
-40 7
-140 -38
-82 -117
-43 -25
6 -180
105 -110
233 -205
-12 -32
20 -15
60 -34
96 -32
54 7
42 -84
-225 -109
59 11
-86 38
-149 2
16 116
41 40
102 127
-31 89
-55 -1
-59 -14
-164 -22
89 -100
-5 -21
-193 -206
41 -68
-20 -80
49 -41
113 -42
-90 1
-77 23
10 -65
-80 -57
-23 -84
136 -137
-9 -66
30 77
62 -26
227 151
63 77
-23 159
43 10
-67 -168
84 13
-26 46
166 216
-33 -153
32 -23
76 182
-34 103
118 17
179 62
89 81
287 214
-10 -65
-63 68
135 -85
22 134
-85 -47
-157 75
71 73
118 83
144 -19
-16 -33
-56 130
-67 15
36 28
-299 -105
-10 -43
132 -216
-127 -62
109 -5
-177 -153
86 27
-14 -35
-113 -71
-93 -1
-54 -48
-141 -30
14 45
118 -242
35 -14
35 -75
-88 15
-40 -19
76 136
-54 -66
14 16
82 71
-88 -58
-95 187
9 -2
6 -63
46 16
200 17
-167 -58
73 18
26 15
-26 -61
66 -32
-24 -58
-70 133
71 -111
107 -10
116 21
-90 1
-46 53
7 6
-19 -88
42 33
-125 -92
35 -25
-30 -62
104 29
-132 17
2 -78
-73 20
171 7
-23 -2
88 12
102 67
-27 -7
38 48
-47 100
112 -27
-27 -12
47 -46
40 46
14 -47
-29 84
-304 -125
-35 25
60 -20
36 -48
-16 81
67 45
78 -39
59 -41
-5 143
3 7
-77 64
16 19
-121 61
250 120
-76 -49
176 36
31 127
-127 -43
-21 108
75 153
104 28
91 -45
199 50
-32 -21
-126 92
-79 -39
-70 40
-121 -109
-59 103
-62 -27
-177 31
-131 -95
14 3
-210 77
2 -192
-12 -296
5 6
177 2
-131 104
-3 -49
20 159
112 -80
74 205
-152 -107
35 93
-151 188
-156 8
-143 100
-43 64
-11 250
-94 53
-11 92
149 15
-54 61
-22 97
-38 -217
10 -21
145 -14
70 89
101 -44
64 -95
2 102
-164 51
-26 -167
48 141
-11 -31
-193 -41
21 74
-24 190
22 176
41 -72
-107 -100
116 16
0 19
-68 25
-28 -19
-84 25
299 97
49 65
-61 55
-9 -88
47 -94
-44 -94
72 202
-50 98
-18 -113
80 2
60 28
-36 -77
-23 -1
-47 -1
-31 -173
-11 -79
-52 -92
-56 218
9 -56
108 106
-14 7
-41 27
132 42
-6 82
143 98
56 -22
49 -9
-20 -60
33 -15
-33 -17
35 58
66 -72
44 -7
39 52
-55 30
72 44
-22 -22
49 1
-110 94
25 54
73 -55
55 -59
-20 43
34 70
65 23
-52 -120
32 83
-38 -14
77 -123
-56 -21
-95 27
125 -51
-118 84
-130 -150
100 -32
133 -150
111 -37
20 -64
3 68
-1 71
-9 23
10 52
-40 8
11 177
0 -80
-15 -11
8 21
-38 -35
106 126
152 -77
-120 -34
2 -44
-5 122
62 36
65 53
26 -12
178 -107
81 -66
-42 -62
-118 -81
-97 128
111 -173
142 40
-128 177
21 152
12 -10
165 -62
-102 73
74 9
-100 -64
-68 -68
169 169
24 35
239 -38
127 -11
9 -132
-82 -141
59 27
13 -110
115 -78
69 12
86 -105
159 10
-35 3
-139 -125
155 -33
103 -39
44 114
157 3
-94 67
42 -145
-4 -8
-65 -38
-128 59
-9 60
-107 38
77 -81
-29 -149
42 -57
-105 23
24 -19
-49 -17
-104 20
-45 -25
-174 -141
-43 -66
-133 -108
85 71
-48 40
-34 47
35 -72
-169 -109
125 -17
-5 204
-81 -117
30 75
-142 -26
-70 -17
-20 47
-23 -172
-164 -89
-88 30
114 -39
89 -77
26 -113
-89 -4
51 113
68 32
10 -9
-42 -75
92 -71
-70 101
-95 30
-82 -181
46 91
-34 43
-5 12
5 38
-132 13
-53 45
30 37
81 38
-33 -11
-5 -12
105 -60
-45 11
-38 68
24 -27
-100 -40
-173 -54
83 47
22 -81
-89 5
31 -20
22 -33
-37 7
-7 -52
-47 34
-94 -1
205 -107
9 -98
23 -184
8 -74
-213 76
-148 -48
49 -1
93 -8
-73 -6
-2 -3
161 -84
-126 6
-129 44
-118 61
75 -3
-195 -31
49 151
-102 87
-28 33
199 -67
30 -32
-18 115
-30 19
12 121
43 -153
97 48
-75 -15
-13 -63
123 30
93 223
25 -37
6 -76
-34 18
-90 227
-16 207
96 83
-128 108
96 -19
17 -128
8 34
25 55
-63 141
-88 -16
53 56
7 -106
-187 39
-41 -140
-120 134
-210 55
23 -93
-57 -119
-189 -131
174 -45
36 1
-75 201
-111 -6
-54 -117
-103 108
-148 66
47 -137
-84 92
-114 12
-36 113
184 32
-7 -54
-185 114
-108 -71
-58 130
93 -11
47 -82
-59 21
-95 54
50 -131
-55 29
30 13
-122 -14
62 101
-35 144
-5 121
55 -63
172 25
-38 -61
-29 -23
-49 -145
-101 83
13 137
107 -52
20 167
172 4
45 64
-44 102
39 102
113 -33
31 17
-56 58
80 21
35 29
-61 -144
27 78
5 -19
-111 -31
1 67
-110 -89
-47 -99
-3 25
-92 2
-37 39
-135 -70
-75 29
61 40
-85 50
-19 -25
-5 -91
-63 50
-54 -57
97 -4
-87 -45
-32 2
61 2
-25 -13
-24 50
-32 -77
19 33
170 -2
-28 -78
-27 31
62 106
32 57
-30 61
-21 -15
-88 -62
-99 -37
-186 87
-52 -31
176 -15
130 -155
-153 124
125 46
-46 76
-22 92
-263 26
-65 -127
-28 -50
-65 -250
-31 14
7 43
-5 65
-228 -72
35 63
26 33
171 -51
-104 -120
112 20
9 57
100 70
-5 -171
-26 -102
156 -38
48 78
-110 115
31 -144
-136 -106
-245 61
34 -95
-47 105
225 257
24 94
-17 -152
150 -184
-41 49
153 49
-111 -26
-63 -44
59 93
-206 217
48 -15
-109 -198
-143 -104
33 61
39 59
-34 29
15 82
-124 223
39 148
-32 -164
-24 -4
-64 205
165 108
99 -183
-33 -67
147 46
-90 13
59 -28
-151 -190
-22 188
-159 68
4 195
-132 94
-48 43
-22 128
31 -86
-46 -34
102 -71
29 66
51 135
-24 5
99 -34
39 -93
-52 -82
-128 137
7 -60
39 68
-13 160
-42 80
-147 -93
129 21
-16 -58
-69 51
-37 65
-4 56
-89 -119
-30 -18
77 -59
80 1
-13 -26
-105 86
-45 -19
20 -141
41 -38
37 -65
-1 -88
-9 -46
35 -31
11 9
23 70
94 -83
-36 23
61 79
14 -40
57 -48
41 50
28 74
113 -44
71 8
62 -159
11 -21
-22 7
6 47
43 69
-47 -70
-47 -32
-5 66
-38 -29
-85 -89
58 -103
-80 -105
595 345
16 30
209 -69
72 -188
188 51
17 3
67 -60
-193 62
33 21
-34 87
-65 57
-50 37
-74 -88
96 -29
133 -4
225 -91
-33 -166
-120 58
87 -36
11 -65
-19 14
-29 -112
22 59
125 66
119 -58
-9 -213
19 98
99 190
-69 106
-65 16
138 121
-206 184
-64 -11
59 -155
80 -34
-25 90
-22 -25
-53 73
-47 20
8 85
-55 -37
-3 152
342 12
245 159
13 34
485 -161
156 -256
85 246
-50 39
-21 -17
51 -47
-97 78
129 180
-209 -178
371 -77
-31 -71
276 14
209 -131
-254 -218
-248 -142
16 -75
-55 -47
147 236
-243 207
-519 -217
38 -142
-120 88
-151 -125
-53 -326
-251 288
-7 -195
321 -210
-92 -237
38 -77
82 -154
47 9
191 7
177 17
37 99
-106 -368
33 265
152 -81
-112 -274
-186 -94
145 -61
-294 56
-40 50
80 -281
-83 29
-341 -43
-233 562
-179 5
306 -14
-110 138
15 15
-299 171
-12 -258
-6 -92
-66 -58
-213 188
105 -147
-215 -268
-44 -36
-357 323
42 -309
-141 -50
-57 218
166 -144
-107 296
-317 173
-134 -45
-38 17
14 61
112 218
236 341
204 19
243 98
-29 73
-226 -84
-52 -113
118 -69
202 -35
140 240
412 257
49 197
-88 -158
34 6
3 -79
187 450
99 -136
-125 -99
-96 -5
16 -35
-127 -121
-133 -116
142 153
-28 100
-40 104
149 6
131 -151
-28 -176
-136 85
-59 -20
-209 17
-112 -5
-23 85
132 -22
-16 27
-145 162
70 -61
-69 16
-40 -54
-89 -185
94 -35
-179 -27
41 18
73 -176
25 -224
96 96
-177 117
91 294
-21 -122
75 176
39 221
-260 -50
138 -105
-30 88
16 -87
-34 83
-37 -8
197 -108
-100 -201
110 81
2 -138
80 -79
82 -113
-56 -212
-149 -131
-104 40
-288 294
-26 18
-65 31
-56 162
339 233
-67 -149
21 -347
146 102
45 -64
171 109
-294 -205
47 194
-63 -149
-22 144
-128 -357
61 294
-559 114
256 134
-72 345
61 153
19 -89
22 -6
-181 -88
-298 236
51 48
-113 -45
373 -346
142 -63
181 -170
-392 76
-91 -198
34 -28
-149 139
176 615
100 392
-89 89
-62 97
-104 108
149 -172
-335 218
-219 -60
-161 136
90 -119
219 354
221 174
234 289
-211 59
338 -229
-71 -494
48 102
-109 -78
392 -225
-259 -68
-249 -308
131 230
118 119
-126 -155
-44 94
6 59
200 356
229 -21
-167 170
-16 -172
11 101
-140 121
-171 54
231 77
-24 -250
-27 61
240 -255
-386 -77
158 -376
-23 -21
-47 284
183 137
-3 103
20 9
-63 116
109 79
89 79
-32 90
23 -24
48 111
-118 66
-53 50
-27 -180
19 47
-70 -40
80 57
-28 26
-118 -25
329 -56
-103 6
-45 18
73 168
-60 -46
162 -20
62 91
181 24
34 -78
-76 149
63 91
-34 -69
4 68
7 136
57 8
-37 31
130 -111
26 195
-56 234
3 11
-3 78
-150 223
84 129
153 -12
174 -2
-83 -144
94 -229
121 -86
-114 -207
-82 -86
245 25
24 130
72 -82
-18 -8
185 81
52 -85
60 -325
74 -209
-284 -96
-103 -322
-33 97
-247 298
-66 117
-330 186
-85 32
-11 79
11 -137
-27 -143
-153 -147
-75 216
294 -288
248 -54
242 180
-39 -79
230 -34
82 98
240 30
204 284
22 -69
294 -16
-215 -221
112 -27
-142 67
-115 24
76 17
226 -186
158 -103
223 33
-38 -162
-153 -130
98 38
202 31
12 236
-64 -82
55 -220
85 -181
-231 -154
74 -386
341 30
-234 -60
42 79
256 39
-195 49
54 86
-51 -176
228 -71
-56 -281
45 56
-150 193
-41 -204
186 -294
38 -267
65 201
-368 -33
21 98
189 -71
-275 -357
86 17
168 13
-117 -238
63 16
261 -113
-89 189
-5 193
-189 224
213 9
93 178
157 -76
-159 11
61 227
-27 -253
115 -14
-297 166
18 181
-33 -114
153 -48
-183 123
-36 132
-96 14
-8 52
-98 -103
-47 -27
-16 68
214 21
-57 -43
16 19
99 30
18 -113
-72 -13
-18 -56
-60 -159
146 60
140 -37
82 -109
-102 190
120 148
157 176
-60 60
-46 125
-48 17
-26 36
90 3
34 -2
4 174
38 41
50 132
-209 102
-18 153
-26 -7
-38 103
-236 -209
-81 -65
53 -179
-53 51
143 203
-58 44
12 -67
-217 -232
18 184
-122 129
17 -264
42 -136
-37 35
-278 -5
-151 -145
-495 -497
144 37
68 -44
-59 117
115 -240
105 -58
203 71
-95 -218
-114 -56
-230 19
90 157
64 -258
-30 31
-22 -69
443 74
64 -65
-223 365
186 131
-37 -15
279 218
36 -75
-1 49
178 157
94 80
87 199
342 34
-139 -15
-218 376
-132 50
68 84
108 -186
287 143
-253 -200
51 -17
-77 -23
-240 -56
28 123
91 -289
-22 50
-36 -20
-81 -200
-317 -194
340 -58
-32 -323
21 127
190 282
-234 151
298 177
-60 -257
-17 322
-173 -55
-96 -44
64 191
56 -34
10 -152
148 -110
14 -332
87 -90
-303 209
39 -186
-258 -93
-43 191
29 319
-1 -43
-119 -88
61 20
-38 -131
-21 53
177 -242
-185 264
-106 179
22 -48
-36 -178
70 -236
-175 135
78 85
48 -97
53 185
-84 13
-37 -70
-70 -65
166 -10
8 -4
-125 87
-65 92
62 67
24 88
92 3
63 -47
75 26
-55 -327
43 -48
-102 -60
-81 -7
90 -114
-132 -197
17 -144
-61 -87
-110 -98
-218 -139
68 -12
84 -63
136 -35
143 1
273 110
-62 -79
186 48
109 3
123 -46
-28 83
186 -123
55 194
-21 395
-4 -58
-189 -74
128 -70
-14 205
57 -31
-126 75
-115 -230
195 225
49 16
196 -231
190 20
178 -80
-18 14
43 -425
78 -212
145 -170
-271 -149
-40 -31
-36 -147
35 261
0 -103
-188 -40
40 -255
-154 -82
-188 88
46 -188
174 -121
-44 130
-131 -183
41 184
370 65
-12 -223
54 -233
-116 -119
-17 198
249 119
-176 -53
155 -58
157 -116
-47 -66
145 -82
-565 -111
-173 -31
248 -314
-159 59
-128 250
299 256
-103 -263
274 -244
-2 272
-87 19
-124 32
33 44
82 52
-11 31
94 453
11 -24
50 23
123 -404
73 191
-266 -300
-11 -143
9 -271
-346 38
-56 -135
-134 -22
-209 117
103 -36
219 263
-130 11
-108 64
99 149
-81 143
-155 25
-133 -147
175 -94
-152 -91
-69 -144
-107 114
97 -50
-179 -95
84 177
-195 -3
-32 64
-296 -129
-448 -174
26 34
36 209
-164 -197
149 -210
72 -182
108 -114
-119 -488
80 -60
-33 167
-15 105
-17 10
0 -122
58 14
96 54
-62 -64
31 -68
15 6
-47 24
-83 -130
-33 -37
-24 59
-23 27
30 -5
-121 -110
-285 58
9 116
88 -3
-134 -278
23 -126
-7 -88
36 -52
-219 92
-131 -55
-56 43
103 146
54 -85
-231 192
-73 -111
98 -101
123 -136
81 140
-121 97
223 -81
-133 101
82 -68
16 2
-134 -105
-97 -109
-380 -101
-221 -67
-18 101
73 -15
39 -134
68 126
-80 58
-167 -40
88 88
-188 71
48 25
165 126
-112 114
-191 43
-29 -176
-223 33
115 38
-41 229
-68 286
148 79
16 -9
-1 -200
88 -116
-188 141
-11 219
-180 157
171 -102
-89 -129
72 95
258 -98
151 209
186 261
229 299
150 145
-13 -124
112 -49
79 -32
-182 3
198 252
-321 56
-57 -226
283 222
-83 -199
195 153
161 57
218 -11
50 377
240 237
54 44
-105 183
-142 153
15 139
198 -113
-208 -223
-145 -3
227 -103
-87 107
-327 40
66 -118
163 -52
219 436
-122 -276
67 -43
271 -39
-301 -18
274 -56
311 52
35 -101
32 225
149 160
137 -47
-133 76
-64 161
53 -180
77 131
-7 43
3 224
-33 72
-156 44
-81 280
-66 158
64 -29
165 109
-121 73
37 237
17 37
-122 174
-29 -18
32 141
-8 39
194 -124
78 -54
-76 47
14 0
65 70
-53 17
-129 -9
182 36
81 53
87 -38
63 87
185 105
38 -30
74 -188
0 -145
-137 38
-128 49
-30 -164
15 -39
53 -32
11 95
-154 4
39 -86
85 -18
-196 41
-191 -237
-32 68
88 261
-103 81
73 -212
118 -107
-200 -106
107 -51
-309 -92
26 247
-65 -32
60 9
190 -98
140 -122
-103 -36
27 96
246 -45
-35 211
135 -132
234 -127
-63 121
121 111
301 309
-151 117
20 -16
138 -327
69 78
111 334
111 -311
247 -131
-145 300
173 -225
208 -72
-57 -180
-279 78
-32 69
249 -253
74 250
-12 -35
-261 -19
-140 162
233 -84
178 -120
-226 139
59 -64
-103 -58
33 55
-112 -161
-41 -23
10 -365
-115 28
-443 -195
78 282
34 14
20 81
434 -127
-193 -215
-259 198
-61 -388
-458 -107
5 -93
-80 -156
-185 -247
-207 150
-159 147
244 -17
-385 72
104 -239
102 212
-21 -285
-25 21
336 117
-41 -40
16 282
-288 298
118 52
-62 -9
109 209
-9 200
98 -91
99 112
-17 -5
314 105
82 211
345 -266
-158 -91
-58 -70
-231 318
-276 -15
-16 185
-35 -90
229 114
177 -87
-229 119
-2 -379
-29 202
-19 -224
-69 98
375 63
217 -101
120 13
107 41
-115 169
121 -31
-61 -94
31 51
-119 62
115 -174
-159 38
-58 -60
61 7
181 -17
-30 161
105 -2
-22 172
147 5
41 -16
99 -81
169 4
-30 -77
49 -4
-262 81
154 209
-141 -13
58 -22
-205 -93
22 286
-51 142
-76 65
-58 -183
-11 -63
-53 87
170 156
250 -9
-83 63
51 -59
-222 -352
-56 -145
23 232
-122 217
51 15
-49 -101
131 -78
140 89
-51 -87
59 -240
-35 -22
117 204
26 -45
-50 -39
-9 -16
-35 -53
-25 -50
237 -308
-71 -223
151 154
-73 -158
217 -298
-271 -192
-147 261
-19 126
-310 -237
152 -143
74 -13
279 409
103 -331
103 -152
-30 -257
5 -161
124 -88
27 -310
39 207
52 133
-225 30
-47 -205
25 -367
-32 -34
-126 116
-27 372
108 120
162 -96
-72 129
-127 79
-38 -286
62 -70
229 127
-164 17
140 157
-23 3
118 -88
-152 -11
245 217
-99 -79
-138 266
-171 198
-72 -1
362 193
-43 73
-40 304
-75 -83
-105 -164
-286 320
110 49
43 58
1 137
49 -275
-543 -15
-176 -10
-348 2
-124 99
92 9
-2 -112
45 -96
153 45
-271 -194
-239 123
-112 214
34 109
-294 149
306 74
161 -140
151 85
-134 -62
-133 -172
3 150
-252 -228
13 106
178 192
-140 -27
-206 -135
-65 425
-127 -94
54 -202
91 -200
-139 176
-73 -176
-10 53
202 -85
75 -192
-18 -253
-153 27
-35 88
-59 11
-64 70
99 75
69 -82
118 -12
40 -21
-22 -36
123 -167
-104 164
-121 -44
76 31
60 70
-189 39
137 -194
-12 -60
216 -92
-56 -243
-119 5
113 273
-1 73
-178 -65
64 -147
200 -188
138 -44
-255 58
-12 2
8 -254
-152 -49
-127 -172
45 -133
-310 397
-70 289
108 22
-272 118
-214 -3
41 -14
181 -116
-91 -211
196 162
-125 162
-66 -8
-358 -33
-203 -17
155 352
348 79
-119 -104
-56 74
-61 -129
232 29
435 400
-5 107
87 -112
185 55
38 95
274 -257
4 327
-283 32
244 164
118 241
-140 1
177 83
-219 -121
-108 79
-20 -104
-10 564
-84 -162
-224 60
119 444
233 -13
25 -28
328 -87
-131 -199
0 483
67 -39
484 6
204 -852
412 14
-494 47
129 -38
-144 -285
300 36
-104 509
15 165
141 180
318 -260
33 8
554 511
232 -74
425 -267
94 367
22 185
204 -275
-272 117
339 -88
445 -206
30 14
152 -63
-84 -390
-115 -592
-649 -135
-330 -266
-315 -123
-78 -229
359 92
48 333
-206 -160
-431 132
-240 -370
-669 -259
-244 -421
-62 39
125 -12
-141 196
-979 -276
178 -109
43 44
-86 119
-322 -108
219 18
-114 144
-109 -36
-12 -265
-146 -21
-45 -112
91 -28
141 144
-195 203
27 69
108 -165
12 124
-13 -60
166 -165
-8 35
-8 -256
-196 30
-52 104
141 258
-102 -16
-185 -30
179 -7
34 -298
-205 12
-17 161
-170 -96
190 -219
-315 -226
85 195
-206 -232
-122 -187
183 9
-50 210
-91 -46
-87 91
-20 56
-136 112
-189 288
-86 153
-86 -46
88 155
65 107
-193 -31
-72 58
135 -50
-36 21
48 -194
-39 -13
169 -221
118 -38
-486 -194
118 109
142 196
-50 44
-18 217
-193 -112
26 94
-115 -217
197 188
-12 -221
37 585
-76 -217
585 -144
-351 -251
216 -321
-37 -206
-58 220
155 46
115 87
529 -282
-91 -73
225 218
-440 439
-121 171
-162 233
370 -84
30 507
-88 -52
137 41
-169 -806
-209 -546
138 -260
161 -149
-44 -70
-160 263
449 -308
340 5
43 -148
-91 350
-424 -480
-390 -352
-396 -446
417 15
-483 365
241 872
-335 -246
-6 -17
-941 536
350 -106
428 572
-36 -516
-93 -195
291 207
149 -341
207 0
-270 -877
-350 -47
259 -346
-265 332
-158 -512
-73 -109
40 -251
-405 24
73 658
-166 69
-678 551
680 17
-254 483
-111 399
287 -798
-32 -103
132 14
131 336
-486 -57
196 303
38 163
169 2
42 111
14 -112
106 92
237 -145
5 -25
25 200
114 13
-36 -206
113 196
39 -82
46 8
155 249
73 -168
-142 19
152 -122
-35 175
-34 102
-285 28
-32 -97
-91 66
212 120
118 -19
87 115
32 -66
140 52
56 -87
-142 68
-184 -238
145 -150
38 -24
88 -95
312 -50
8 -152
-78 16
-137 -51
341 104
-54 328
-163 170
187 -171
-148 70
-389 102
-10 -110
19 -3
-33 -51
-86 -181
-75 60
-208 360
169 127
140 -2
187 248
-72 -114
76 -65
26 -64
371 66
13 -213
117 4
-4 82
-23 118
63 103
70 -220
-357 380
-234 131
-543 -156
224 -73
-337 -110
-90 -66
-333 48
-289 -173
125 3
-367 116
215 289
-64 -71
74 -282
429 -317
-115 -74
-170 259
-108 -58
-315 -136
25 370
171 174
-184 -26
-141 -250
-41 -444
-69 169
109 299
4 253
529 131
-154 456
-488 -183
269 146
162 -153
-336 123
342 -114
-102 -43
-74 419
-291 221
-144 344
-274 -264
406 -43
93 293
-423 615
15 364
-126 -530
677 32
12 294
-368 90
400 579
106 -114
-260 34
190 242
-240 -2
-202 213
-47 -157
-63 -433
346 -146
-312 -107
-85 -403
-200 103
243 -174
-397 -588
11 575
-136 -1
614 117
195 -322
-409 -155
-71 112
-228 272
44 -64
14 -33
-6 -40
-37 150
-82 30
-144 63
230 154
-25 34
141 -22
106 -29
-21 -26
46 -119
-238 -163
161 -68
-134 -36
-178 85
201 214
-82 -149
-294 -79
157 56
51 -20
-8 -28
-128 74
-164 -8
-79 5
91 -109
-11 -260
60 47
-88 -23
171 47
-24 -259
21 -165
-116 -110
94 122
94 -64
-167 156
24 -4
-191 -133
-52 -28
-9 -5
208 -6
69 -75
247 -158
-238 141
-86 110
-113 -85
121 -189
147 183
453 564
-321 94
-62 -66
-84 12
-374 255
55 241
-55 -371
44 334
53 -33
60 5
10 -374
-56 120
168 -5
71 145
-217 -29
-131 247
289 -422
-100 -173
27 -75
-114 45
-8 84
24 -153
-224 -88
35 -207
-39 -334
-440 -6
228 1
398 -386
343 -162
-118 -59
110 287
-439 -279
239 150
-40 69
369 263
264 -27
162 -149
175 215
102 -75
254 293
87 527
322 308
-593 172
-22 368
-120 -89
-252 -289
334 -201
-596 -61
161 337
-150 -453
433 283
256 192
-71 -344
-62 -152
-251 341
-268 285
84 775
223 287
371 -309
-16 285
340 362
394 -131
-240 -502
293 104
106 -97
121 -51
-33 204
49 -237
-460 308
589 -662
303 -251
-399 255
-6 95
-90 143
211 -225
-298 -47
-198 -33
117 -213
-48 85
-107 172
37 137
-152 -18
-201 -33
24 -64
-108 -53
-98 -303
-41 -118
51 -143
-143 -1
121 -150
-290 272
17 133
-261 -57
94 -165
24 278
279 31
-205 35
-68 172
58 240
-61 22
-73 48
149 27
-56 167
-19 -80
-236 2
124 37
-136 -119
120 8
49 245
58 -130
84 38
-27 0
20 -167
-2 168
-50 143
13 -68
40 -309
-173 -205
-5 -45
77 41
-111 -236
-158 -173
-108 126
-72 -82
-44 -10
104 -281
-80 403
80 334
-114 89
305 159
104 -81
148 125
71 -176
-41 263
106 121
-254 275
30 64
336 90
-171 -13
-88 203
283 42
254 193
36 -192
-392 -59
32 206
-55 99
132 -31
-45 -232
-283 -145
113 -34
-261 15
-94 225
108 58
-247 2
669 34
222 -66
-211 404
281 -19
157 -261
-484 -300
-30 98
-434 354
-4 -328
-23 -52
92 -43
-19 27
-263 -115
127 39
-90 -584
-85 102
-129 62
-17 523
-169 -264
533 335
-58 207
80 489
526 8
19 316
88 -54
192 32
19 32
-450 -476
161 232
368 -133
-353 -535
203 -201
285 241
117 102
-137 87
321 57
141 227
150 -305
5 -22
345 344
-440 -345
159 148
-225 -20
693 82
747 261
-30 80
81 -289
239 456
-233 687
288 415
-335 88
115 439
239 -157
270 19
-222 -39
-311 253
-199 220
-98 151
-194 -186
45 25
-65 158
-10 -124
159 25
138 -131
-6 216
127 -73
51 8
124 -1
-102 -201
145 10
209 -199
-158 107
302 181
-75 174
-134 117
-53 21
14 87
-34 233
48 20
64 -69
24 -207
95 -33
-84 93
7 -151
-312 82
-97 -265
-164 -68
-206 -153
-4 -122
118 300
42 85
-76 -179
91 125
74 310
232 47
-109 -22
98 284
-198 200
-151 -34
-53 86
233 -153
-169 136
126 -83
-115 -143
-83 -165
-19 -113
117 11
27 98
81 24
107 -232
-39 -291
101 -526
-58 -187
237 -48
45 380
48 296
271 -54
-34 -109
396 -171
-167 249
250 170
-221 -176
-356 305
-293 -541
-163 -239
-155 -307
77 -70
-85 182
-63 182
-153 -39
287 263
-132 -230
255 -54
294 198
-561 -126
-22 224
-141 -218
-42 24
-330 -78
-100 -385
-101 -258
84 -125
-49 -278
76 -195
-104 -66
-181 243
150 106
258 -60
-349 231
153 -162
298 -87
50 9
16 1
-463 -522
168 582
-93 46
-179 11
645 46
-187 240
-399 -79
-23 317
-148 -368
-57 -251
-387 12
136 -221
284 -233
-257 292
-298 47
45 -72
436 -561
-51 -191
153 -280
544 -596
218 -297
-40 394
-324 -288
53 -148
-181 -406
306 -52
-35 -171
-135 218
-103 183
81 57
215 22
297 171
82 -75
-269 40
33 -63
-81 13
-129 235
-97 -81
179 -119
120 -92
-238 -77
68 -141
-166 -185
50 137
34 223
-134 50
145 -5
146 40
108 34
-61 -185
-130 135
105 -187
109 145
-124 44
14 -91
131 -51
-8 -105
-166 -386
191 -273
-1 23
-189 -193
158 18
138 -176
302 189
-88 -141
57 -87
-287 -107
-294 -62
-138 211
79 42
-106 -112
-119 38
75 -114
22 -95
-45 37
122 -84
-97 -66
-65 -271
-97 -209
-219 67
-138 269
9 -77
-48 -317
150 511
-325 113
147 -248
-140 288
-122 89
90 149
116 -320
23 -12
-279 303
29 -479
129 -53
319 171
355 -99
-223 205
-154 -24
102 -96
-18 248
74 29
104 -109
111 191
99 -345
-85 503
81 72
607 337
-47 -517
-134 -71
-66 50
-689 4
229 196
161 -166
-15 618
534 53
10 211
109 -27
278 92
321 -255
297 -303
-445 114
494 -68
14 402
3 -100
-133 416
165 -34
-653 -230
-17 -68
138 -528
616 -328
-161 -150
298 -107
-117 -466
192 -461
102 303
-275 -333
48 -69
-649 -214
-72 -390
-471 545
193 417
-180 216
541 -489
557 62
-12 -430
304 242
-573 -514
-387 371
440 -271
-516 568
337 -462
120 599
-257 -230
-941 -83
-166 98
3 -11
6 123
341 -165
270 -175
108 258
-404 -13
-164 232
76 -21
-33 -149
73 -77
-31 -291
261 -58
186 19
-72 147
212 239
-109 5
-119 -44
-143 17
176 99
-11 31
-46 -25
81 32
-34 -137
5 -21
-46 -132
23 -7
-58 -111
185 -84
-164 -8
-41 54
192 -42
43 135
-97 -78
-39 -211
147 16
-42 -112
-111 62
97 76
-15 -236
-46 -102
-67 -268
-152 22
-59 103
-127 -109
-11 -79
304 8
11 -58
-143 -126
109 167
90 6
45 -211
82 191
-44 49
-153 224
-28 101
-219 -56
188 345
-215 214
142 82
81 -105
47 -105
277 349
9 330
-373 51
-263 -314
-164 386
107 262
83 224
326 122
-169 135
40 458
28 -173
36 -174
254 199
-74 323
-85 304
156 4
129 -209
-158 -443
-26 -34
-62 82
1 30
148 -371
367 535
244 -13
-46 -188
248 93
-303 -157
261 -244
-183 63
313 -41
-434 -284
260 7
305 -416
286 -469
290 190
-484 -413
126 -365
-289 -558
84 186
120 395
679 -573
-195 -89
-32 -22
-69 -182
-52 294
797 20
272 -112
721 -95
212 -127
-303 126
155 122
-222 258
-299 -84
363 435
305 -44
137 -293
313 -298
294 -352
-629 -131
-212 669
-580 -7
183 -42
265 29
17 -275
543 658
176 304
