343 1446
93 -87
131 -29
2 -6
47 -110
-2 -15
-5 65
4 7
-17 -58
33 38
20 30
49 0
-14 -2
14 16
30 -70
24 -33
-18 5
-25 -10
-24 -20
-22 -13
35 19
-3 -32
-1 -16
21 -48
-8 -59
-20 -25
9 -24
-10 -3
20 8
2 -33
36 10
44 -29
54 -29
-11 24
-1 -35
-9 -21
-58 -31
-6 1
10 2
-21 -66
-54 -3
43 -9
-41 -34
20 0
-51 12
17 -3
18 20
-9 -9
-15 12
-12 -30
17 -12
18 -10
46 -13
-29 43
3 14
-20 -4
-18 33
19 3
30 -11
2 -2
9 -30
-37 6
-13 4
3 10
-31 -7
3 -10
-4 12
-3 -12
4 15
6 16
-6 1
-5 15
7 0
0 0
6 -3
4 -3
1 -3
0 -1
0 0
0 -1
-2 -4
2 1
3 -3
-6 7
6 4
-9 -4
-12 4
17 9
-14 -1
-4 6
10 -8
22 5
14 1
7 40
22 13
4 -34
1 7
-9 -7
-19 -10
5 -8
12 5
23 -2
15 -22
41 18
-7 -4
-29 -34
-2 -24
-40 -16
-18 45
-24 -7
-1 25
42 6
49 -76
-59 -11
53 -61
62 44
-26 -16
-30 -128
-77 51
-55 20
-5 -71
-61 -65
-36 49
-139 27
-1 13
10 37
27 15
7 16
-969 218
-88 -40
-126 -20
-9 5
126 -28
-23 19
-7 -20
-39 2
6 -6
5 -56
-22 -15
37 -107
4 108
-99 -14
-27 92
11 42
-8 -12
-22 -29
-43 51
14 2
-45 93
15 -20
19 14
66 -3
1 -30
-12 -37
-5 -6
-50 -35
0 3
24 32
-10 71
28 28
-40 -23
-12 36
6 -61
-25 -50
42 -39
-14 -47
13 8
-36 -6
39 -23
-6 10
5 17
-48 1
23 0
29 3
-44 41
-29 -9
13 48
-13 -1
8 5
30 -51
-37 -13
-3 -20
-35 15
3 -4
-3 -21
-14 -6
44 27
13 -9
9 -29
25 27
4 36
1 5
-4 3
8 6
3 -9
7 -17
-4 -9
17 -11
-1 -17
-11 5
0 1
-5 -7
4 0
-5 4
1 0
2 -1
0 0
0 3
1 -3
5 0
-3 1
15 -4
9 7
-18 1
15 20
2 5
1 0
7 -8
11 -5
17 20
-32 6
1 -18
20 6
60 -15
-7 20
-34 -7
-25 9
45 -71
-45 -16
-1 -55
35 19
-6 -28
51 -7
2 15
5 -6
25 -104
-12 -56
-11 -23
27 40
-28 32
0 40
-8 21
67 56
17 18
-21 85
6 -26
28 -61
19 -39
68 -84
-35 -67
78 57
-32 -43
-26 -39
-56 6
-65 -36
11 34
1331 -983
-27 -79
59 2
7 -13
149 -15
-9 7
-92 -59
10 21
-59 69
14 -52
-37 -35
-41 -29
-26 46
56 22
28 50
52 -20
2 -44
26 26
30 5
-25 3
-37 31
21 17
-52 26
-14 55
-33 -32
-10 -12
-31 -88
11 67
-45 5
-38 -79
18 0
19 -38
-16 -109
35 8
-16 -6
2 11
-58 -17
1 -30
-20 11
13 -18
40 7
-25 -2
9 -41
1 3
-11 15
-9 -15
-26 -56
-27 38
-49 29
-12 -43
50 -16
41 5
-3 30
-35 45
-20 21
7 16
3 -14
-10 18
-4 15
-1 -24
33 9
-1 14
2 15
3 19
8 -5
2 11
-10 -13
-26 8
-8 0
6 -2
-4 -4
10 2
-3 -1
2 0
-2 0
-6 -4
-5 5
2 0
0 0
-1 0
-1 0
-4 7
11 11
-1 -6
3 -5
10 5
16 -17
-8 14
-7 -15
38 21
-12 19
-3 -1
10 -55
0 2
-11 3
-21 -9
-32 -16
1 36
29 -1
23 15
-51 -8
-3 -11
1 -7
13 -8
22 17
-34 26
-32 -21
-20 7
61 -24
-36 -44
29 29
46 -28
37 -14
-42 31
-40 5
48 -36
-92 109
3 -21
-65 -93
15 44
-70 -33
-11 21
-4 -79
-110 90
52 87
68 -26
-37 53
42 1
-1180 508
108 -289
-108 -90
6 -2
107 -66
6 7
-55 -20
-44 -2
-30 -5
37 -5
-1 20
36 18
35 -99
-10 1
3 -38
-6 -50
119 -36
-41 -28
39 25
66 -13
27 -21
26 -20
55 -49
-1 -33
-63 -71
38 30
-28 53
25 -8
29 51
2 -31
-19 3
8 79
-5 31
-36 29
24 -9
37 -38
41 19
6 57
16 19
-24 -63
30 -11
-19 2
-60 6
22 29
27 8
35 9
10 18
6 64
-27 -6
-39 14
-64 35
-12 26
-30 -2
23 -24
1 39
-9 -15
7 34
-30 3
-20 -11
7 14
20 9
5 -49
-16 -22
19 16
-5 -29
0 7
10 2
-10 -18
7 11
-9 -6
2 3
-4 -4
8 5
6 -2
1 -1
-2 -7
0 0
0 0
0 0
0 0
-2 -1
5 0
0 6
5 -1
-11 0
12 15
2 9
13 -8
-14 -6
-14 0
-25 -10
21 2
0 -6
-8 -12
7 -16
25 -23
1 -13
9 5
-8 10
-4 -5
47 10
-15 -6
-40 -29
-2 22
75 30
37 -29
39 24
-27 -12
32 -16
-45 -17
-29 -69
10 40
-7 -51
2 27
-60 -12
-13 17
-27 -44
26 -31
-63 -8
-8 -11
-86 -2
-34 -48
-11 -45
-3 -23
-17 11
-79 8
-32 78
-85 66
2091 431
-186 8
-46 223
-11 13
63 108
28 -12
18 -16
-6 -14
31 -57
-12 -30
-38 -91
17 1
36 67
49 -13
-1 23
17 15
24 -13
-40 23
39 7
-47 -18
-89 42
-22 -14
-25 43
-1 -1
63 28
53 23
-8 30
-44 -11
-11 -18
-4 43
-25 9
-29 -35
28 12
-46 7
35 37
72 -50
-33 -14
12 25
23 44
-5 -17
-15 0
-20 10
-55 -10
0 2
-2 -35
6 16
4 38
-8 -23
-69 12
-15 17
-66 -23
39 -20
-1 -28
-5 -1
-8 -41
-2 -25
-13 -20
35 -56
11 -21
22 -22
-15 1
-29 -6
-12 1
-6 -3
-17 -3
-8 -9
-1 -10
8 -2
6 -6
-11 0
-13 -12
2 3
6 7
-3 4
0 -4
0 0
-1 2
-1 0
0 0
-1 -3
1 2
-1 -1
1 6
-4 -7
-2 -7
-14 5
-8 7
19 -12
17 10
-3 -7
-13 -4
-15 13
-23 -4
6 35
-9 43
14 -23
-29 -9
8 -26
9 -19
-14 26
20 -39
-17 52
61 43
-74 -30
-33 51
-9 -3
-65 29
-14 26
-40 30
40 16
-57 2
-82 11
0 44
3 -7
-47 -12
58 -11
-20 17
60 -5
37 6
50 -36
62 -20
41 23
27 -11
79 45
-4 -17
91 -69
-65 -29
64 14
-1137 -1399
-62 88
-179 -158
10 2
-15 20
4 23
-24 9
15 10
2 31
9 32
-49 65
-50 14
50 43
-15 -22
-80 -26
-20 4
1 28
-15 16
-59 -89
32 -37
97 -9
7 30
-8 -55
-51 -33
-7 -14
-1 11
-38 -36
95 -18
0 25
-30 -7
-16 -43
44 2
40 3
-3 32
21 -30
19 24
-9 32
-46 -18
-40 7
-35 16
53 -5
52 -33
-2 -33
-22 -51
-18 2
24 18
-11 19
0 18
-11 -3
-8 -1
61 6
35 -6
5 -7
7 15
-25 16
-3 34
-4 13
3 -10
17 -28
-12 9
-1 21
-19 -1
19 20
7 25
15 23
0 -8
25 -26
0 -8
-6 -1
-5 0
-7 -6
-12 -6
12 1
0 -4
-4 4
-2 3
0 0
-1 -1
0 0
-1 1
-5 5
8 5
2 1
-10 8
-9 -2
-5 0
-13 -8
6 18
-20 -21
-38 1
2 -11
3 7
16 0
17 -11
-13 -34
-24 -5
26 42
26 3
-36 2
8 3
43 -4
-39 -29
17 -14
-33 -14
-21 -12
25 34
5 -10
-31 5
-22 53
-44 12
-4 84
39 26
-100 48
-46 -6
-49 24
18 71
16 -39
21 14
34 65
5 -34
13 66
-40 3
-51 -28
90 17
39 -76
69 -32
-7 -36
-65 15
294 -283
-206 -178
-55 -111
7 -6
-14 -11
-3 26
43 -16
-24 1
15 40
-39 19
-37 -53
-18 -13
8 -30
56 43
45 -7
31 37
-30 -16
-26 -12
-26 -24
5 25
-34 46
4 35
-79 9
-9 3
-48 -43
-55 -61
48 14
20 -4
81 -2
3 -23
4 -40
2 9
-31 56
37 -32
13 -49
53 5
15 -11
56 21
-30 14
1 0
55 2
21 -59
-37 -47
31 -40
-59 5
-28 19
43 12
-15 -4
9 26
7 11
-16 -9
-16 14
-31 16
-7 -16
-34 3
-4 15
21 1
-36 -5
4 1
-7 -17
22 -12
4 3
19 20
3 -31
9 -2
-3 4
11 18
-11 2
4 1
15 4
4 6
-8 3
1 -3
4 7
9 0
1 1
-1 -2
-1 0
0 0
-2 -2
0 -3
1 -5
4 -4
-3 16
14 -3
13 -11
1 -2
-8 0
4 -9
-1 2
6 2
-3 19
-9 -25
-12 -1
-4 8
23 21
12 23
-8 6
-22 46
14 35
-3 -22
19 9
5 47
-24 1
-51 -33
-59 -47
-1 -21
-5 -30
38 -56
69 45
-4 21
33 4
-1 -24
-28 -52
17 73
54 50
60 7
107 43
49 -11
-1 13
-98 -97
58 -2
6 -69
-30 8
-77 52
-46 47
-74 14
-14 122
-187 -248
-118 -245
-79 170
6 23
55 2
6 -11
27 0
-3 -22
-14 94
-35 5
20 56
-18 18
71 18
-2 15
-26 0
-13 -16
4 19
-6 -28
-3 9
14 -35
-9 67
3 11
-18 14
-23 27
7 -7
70 20
-23 41
-95 37
67 11
-20 -16
38 17
74 -4
11 20
-31 19
-17 56
-25 11
16 23
-35 -30
-6 51
-14 -5
0 9
-30 13
-57 -56
-21 27
35 10
1 13
20 -41
-10 3
-16 -18
-41 -23
12 42
-42 16
27 -10
18 6
-12 10
4 -2
-4 30
-9 -31
-5 -8
-25 5
-2 -6
9 -17
12 -20
11 29
-20 3
-6 12
1 1
-8 -7
17 -13
-7 5
-3 -3
-4 -3
12 -2
-7 -3
-8 -5
-1 5
0 -1
1 -1
0 0
0 2
2 -2
5 0
-3 -6
-2 0
8 -6
-8 6
-5 -1
0 -4
0 -8
-16 9
1 -5
33 4
33 -3
29 3
-13 15
30 -25
-42 5
7 -28
-51 -38
9 17
-7 27
12 6
35 -2
29 9
-21 -31
-29 -38
44 -1
-26 -11
37 11
-45 21
56 12
26 23
-36 52
-56 -7
24 -50
36 18
26 41
48 -14
2 44
-20 64
80 56
101 24
25 63
55 -31
1 -5
44 83
85 -89
-40 16
-558 612
-69 -166
-126 -110
42 -145
-36 144
22 28
-5 -101
-19 -59
81 52
-44 -71
-66 -12
-79 -25
32 18
-31 -53
-134 139
-42 68
-1 13
25 -2
23 47
53 -1
-51 -62
-5 88
-31 93
-86 134
21 154
64 73
-62 84
-36 16
-56 -88
5 124
-150 -43
-119 81
-112 92
47 -126
47 76
9 33
135 78
-8 -3
-40 60
71 215
183 -12
-140 -14
193 133
-43 -65
242 -57
-103 52
-89 -56
6 25
47 -13
30 96
-78 106
-62 79
-218 48
155 -212
-46 -65
67 23
76 -138
-138 -8
-161 43
0 45
-64 184
226 -6
100 -33
-22 -71
201 50
-46 70
33 -104
18 124
-10 -153
-46 -177
75 -17
70 -198
-100 10
-1 -7
-127 78
-110 81
-50 128
42 72
15 58
2 -98
-68 -163
46 26
59 -51
-83 106
64 55
-85 -32
-119 17
131 66
-93 -21
-16 19
67 -52
123 17
75 4
33 186
89 15
10 -110
6 7
-35 8
-47 -63
33 -24
3 32
43 18
14 -55
78 19
-25 60
-69 -81
18 0
-14 3
-105 47
-12 -12
-6 54
79 -40
34 -121
-121 -45
-15 -11
48 27
10 7
4 -82
-19 -29
-86 123
131 -57
19 -128
119 78
59 -4
65 120
119 -21
49 3
-65 76
3353 -1445
-149 -407
49 -6
-95 48
-115 20
94 -38
38 18
59 2
17 -41
36 121
49 43
-51 271
62 -136
196 58
62 -195
45 -48
-68 15
29 85
106 -93
5 -44
148 -210
-21 97
-26 -6
-179 3
10 19
88 138
-24 38
119 98
19 -4
-115 -64
1 -166
-35 -38
102 91
47 -87
-42 121
126 144
-122 134
16 118
-5 -24
129 -8
-142 123
-11 19
-81 -36
207 -26
-70 8
-97 -42
186 -132
92 34
-57 -167
62 4
-31 -49
-126 247
193 33
32 88
133 -101
-16 17
-30 114
69 4
-213 -135
-85 61
-60 157
-139 -168
-41 -246
-17 -26
19 -40
-59 -42
-28 82
-83 138
31 81
-189 119
11 198
142 -75
-1 -7
95 132
-86 8
156 -125
-50 -5
-231 139
-168 98
2 167
35 -93
134 6
-62 17
229 -74
106 85
-168 14
130 174
20 39
13 3
27 -34
54 -51
79 56
-133 6
2 -71
54 19
204 -70
-12 68
-146 -16
-74 57
127 -158
-83 18
39 -96
62 18
-14 -28
76 -68
-14 47
17 -22
32 -93
-46 -73
86 -101
21 63
7 68
12 94
-41 -8
152 74
-5 23
25 19
7 92
126 66
-21 13
14 -63
2 0
56 73
-26 -78
-6 -92
127 -23
-11 49
4 -97
-1744 174
-69 163
-20 -183
60 -101
-110 -91
33 1
166 174
-16 -66
108 -145
-52 108
143 33
98 58
6 -42
-111 -66
-90 -85
-144 58
4 101
-83 -87
-121 63
57 -51
64 -22
-23 -4
94 -73
4 -165
40 44
-15 33
110 214
-33 -224
84 11
54 209
-35 -17
-112 136
52 324
-112 -83
91 -38
-7 -63
146 65
30 49
86 -32
-97 41
-90 -84
123 37
-40 125
-6 -15
22 -52
96 70
70 247
131 -187
179 -131
55 183
-207 47
-216 -42
12 -135
171 -228
103 -86
-46 -103
18 102
51 -90
-19 -106
23 138
-174 -26
3 -70
6 -101
-30 -135
-60 37
4 -56
76 108
218 -80
81 5
-70 19
48 49
-146 -22
41 4
-30 -9
45 5
177 110
212 -230
-167 39
94 192
-83 1
-53 9
-102 180
192 211
-5 -99
24 -64
92 72
115 -141
-42 116
-52 -71
216 127
-67 125
10 -15
33 -225
-13 20
-22 55
-65 -18
-127 -14
-28 85
92 -43
64 5
-104 5
-35 11
19 -2
15 -21
20 -18
-73 36
8 -45
-54 -61
46 37
-55 -101
5 87
19 -14
82 0
-6 62
-36 87
27 77
-51 88
-1 17
-46 -84
3 104
-9 70
-47 -19
-3 -76
-31 -6
17 122
216 -86
66 -107
72 -2
255 -2382
142 -34
35 -86
33 -17
-43 115
-30 -66
205 -3
137 3
100 7
-114 11
-10 -7
-117 -90
-35 198
44 -16
-46 52
-26 100
-243 81
118 41
-73 -41
-135 67
-105 21
-51 55
-110 135
-27 112
84 168
-106 -127
104 -166
-50 -11
-102 -103
-29 107
75 38
-65 -223
-5 -106
119 -81
-80 47
-93 138
-145 -48
-27 -134
-60 -85
59 194
-64 30
27 6
192 -45
-82 -92
-99 -27
-107 -46
-40 -107
-38 -248
54 52
184 -96
197 -117
49 -87
143 -27
-136 97
-21 -221
22 77
-22 -168
164 -13
88 44
-49 -80
-151 -82
-43 311
77 134
-129 -111
49 185
-5 -38
-70 -4
80 173
-61 -121
97 57
-18 -38
47 46
-124 -64
-115 45
-18 22
71 203
18 -19
39 -51
-163 86
2 -9
-71 -25
133 -2
-3 115
83 -26
-134 -5
122 166
18 83
101 -61
-100 -37
-51 5
-140 -54
141 30
-21 -32
-36 -58
67 -45
98 -120
53 -27
17 47
-23 62
-18 -18
127 7
28 -4
-83 -48
-54 12
80 58
61 -38
14 44
-27 -23
-29 -68
-128 -43
-81 -61
-51 24
-65 14
21 -87
-94 27
-13 -18
-15 -52
77 17
11 -2
-100 17
4 -33
17 -41
31 -98
23 37
-151 136
14 -105
-44 26
-75 -5
-1288 1239
40 129
-44 4
-58 94
-87 -159
-142 39
55 1
67 31
-66 63
47 71
151 186
-64 10
-96 -119
-92 33
9 -60
-51 -59
29 34
86 -45
-90 7
78 -44
211 -78
42 -23
83 -88
-52 -42
-157 -70
-144 -68
42 -52
74 -8
12 16
12 -108
13 -53
98 63
-78 -89
96 -13
-49 -151
-203 146
144 36
-52 -53
-54 -66
9 56
61 16
38 11
221 34
57 -33
16 162
-17 -74
-10 -132
-10 54
242 10
82 -35
270 54
-159 70
-31 73
2 -22
28 200
-7 85
55 114
-204 286
-79 117
-121 78
86 -3
202 49
65 1
17 28
121 22
60 46
2 76
-72 19
-73 60
122 2
153 133
-34 -44
-84 -97
59 -72
-3 95
-2 -14
59 -101
127 -23
-86 -125
-29 -177
33 87
-12 -24
37 115
-51 -108
-27 -82
-139 41
-53 66
157 -89
95 62
-15 -29
-85 -12
-99 80
-105 -25
-1 155
-27 147
54 -68
-104 8
56 -95
96 -56
-50 43
33 -126
-56 110
80 111
-153 -82
-98 36
-21 -49
-160 43
25 81
-102 -13
91 97
-108 3
-71 43
-1 -13
29 58
-4 -68
-9 -10
75 22
51 1
90 -30
-8 18
60 12
35 28
70 -70
44 77
18 44
-66 -67
3 -24
7 31
624 933
91 380
189 136
50 12
-16 -53
-29 -121
8 4
-50 -50
3 -57
-22 -116
65 -243
153 42
-78 -69
16 63
195 71
31 8
8 -59
19 -51
157 261
-89 108
-219 -32
-45 -116
-26 115
89 101
-3 55
-3 -2
-13 118
-259 7
-52 -47
49 17
29 63
-123 7
-134 -13
19 -40
-43 57
-53 -74
47 -90
125 102
147 -10
85 -71
-140 25
-158 167
-45 58
88 172
27 44
-39 -99
57 -88
32 -89
31 28
43 46
-220 -41
-183 4
-38 51
-22 -72
115 -92
21 -189
6 -77
15 77
-105 124
99 -57
-52 -86
95 7
-128 -131
-22 -178
-91 -136
0 48
-206 213
22 53
63 12
70 15
75 89
163 79
-187 -28
10 83
82 -83
60 -116
-2 -11
137 111
-26 21
-86 57
-164 185
199 122
29 21
-139 101
-95 -25
-56 -3
-132 -78
36 140
-124 -133
-219 7
-1 -70
16 29
41 -7
68 -45
-61 -137
-61 2
95 123
74 -45
-57 31
11 -38
91 -38
-84 -37
48 -12
-46 -43
-12 -27
80 78
6 7
-64 -1
-45 46
-54 3
16 55
63 8
-44 35
-64 -90
-103 20
21 168
86 -11
-50 40
60 32
17 -43
-73 10
-28 112
-14 -30
49 -65
4 29
67 52
9 -163
2 -30
2007 90
-300 66
-9 -69
35 -44
70 37
37 -79
14 67
102 22
-141 -71
86 -29
56 112
56 27
-2 102
-131 -67
-59 24
-54 -51
113 81
127 55
86 22
9 -60
154 -88
9 -123
147 -46
4 -11
153 83
167 175
-124 13
19 24
-235 23
-25 113
-7 142
-37 -73
112 -154
-154 113
18 103
-164 29
-18 -6
-141 -77
99 -73
-37 48
-167 7
-107 224
83 154
-114 162
219 -41
133 -56
-125 -69
27 15
-5 -129
-47 -41
60 79
128 -20
123 -96
55 61
140 0
15 -75
-87 -19
199 40
-14 15
33 97
-137 77
-27 -3
-92 -127
-32 210
-86 10
29 -38
-94 -178
103 -30
-19 1
-176 -49
-63 -73
105 -42
4 42
-59 -121
-200 10
-48 -14
37 99
132 -20
-28 -58
-142 -91
-1 -91
25 -108
75 -72
-44 221
184 -40
112 -112
9 -30
-54 5
38 -83
-39 18
13 6
-18 90
8 -91
-23 1
-6 33
80 85
-3 74
-29 11
-58 120
2 72
26 -79
38 26
-7 128
19 30
-40 -63
-65 -94
41 -55
21 -22
34 -32
91 20
-68 -41
19 14
49 -15
-28 -48
46 63
88 16
99 -54
107 -14
80 41
-82 0
8 -139
49 23
-12 -15
119 -45
-71 18
121 86
21 25
-74 -27
-63 70
81 -8
-86 -206
39 145
-44 6
-2 47
-41 -59
42 88
-16 -153
71 -14
8 -134
52 -38
-154 -120
-37 -81
60 39
10 52
10 20
-17 68
59 -48
-61 79
51 -161
17 -37
13 -72
86 -92
-18 11
-182 -83
51 -98
274 -76
-218 -64
15 31
-137 -8
-178 -25
-8 -3
79 -58
49 -99
50 -65
-56 -108
75 197
-14 -167
38 41
-22 -48
99 -109
162 167
69 -69
-147 -25
-12 -42
-34 159
52 -5
107 68
147 73
-41 -187
190 -93
-124 76
-102 -15
41 -35
-22 13
8 -161
92 171
-10 41
128 -36
54 42
-40 73
-60 118
-67 -197
146 -25
41 -103
-8 -15
60 75
-179 130
80 -39
45 33
36 37
-173 31
137 46
196 105
44 -144
23 31
-88 143
-78 63
5 117
84 -89
112 1
-51 -97
-35 -2
87 -68
-61 69
-54 -2
-22 -35
9 -52
-86 32
-12 -48
145 44
126 1
143 6
-52 34
150 -91
-148 3
3 -48
-134 -48
6 78
-33 85
-6 -24
38 -5
68 6
-86 -108
-45 -23
1 0
-25 -79
70 -34
-45 39
78 -56
8 -40
1 7
-89 -16
22 -50
117 11
-45 -16
-63 -70
69 60
-15 19
87 89
43 22
84 141
-36 54
107 -6
-66 -6
-29 -121
-157 -22
1203 -1046
85 22
76 87
-108 -38
23 -17
-35 114
59 72
4 170
-43 65
-76 -49
87 -123
-60 74
-36 -37
8 77
177 -47
71 81
95 -100
90 89
67 -17
-33 128
11 34
60 -63
65 -154
109 -127
-91 -116
-73 -26
115 -66
146 13
53 296
5 -157
214 43
67 -102
34 -130
-89 258
-173 -77
-16 74
-33 -50
73 -38
31 -166
-72 -199
-166 55
94 147
-351 -240
-80 221
-420 106
236 -204
142 3
63 -2
-17 -145
78 -22
140 -303
-1 -189
305 -18
-282 320
173 106
-3 -31
-77 81
300 9
208 52
-66 -240
145 -305
-279 -158
-258 72
33 110
-194 -67
246 -85
-26 204
20 -309
-164 300
-54 368
-116 18
-108 276
78 -104
-137 31
172 -224
79 -161
-39 -221
-159 -6
-14 -173
106 208
201 319
-144 -63
-201 216
170 -116
-201 -73
261 115
61 -232
-251 -147
182 -62
119 -190
-37 49
-158 -92
-61 -8
-33 -284
-168 -229
-71 289
2 -116
57 202
191 -37
-17 83
-114 16
-94 101
-145 65
-157 -80
36 53
114 87
78 126
208 77
-23 -248
53 65
6 -40
-103 -150
-219 290
72 -29
-223 186
-166 -112
29 -55
54 336
301 -139
208 -5
153 172
242 149
119 -90
338 -85
26 -28
-11 -153
-36 -37
-55 -16
-2273 -2584
-163 -143
58 197
121 -97
-30 0
0 -68
-34 -22
131 -42
-20 70
-81 25
24 -78
-75 -99
-81 -85
11 -53
-20 95
-127 -91
206 -11
18 -134
-45 -7
-40 108
-130 136
-59 -145
32 11
194 33
-35 74
-178 -159
59 -75
-16 -63
-55 -47
213 6
53 93
-84 -33
-48 -168
-43 8
39 -34
-245 -127
119 -142
94 -97
-22 -49
-134 104
143 -167
61 -127
207 -28
-297 32
26 -29
60 102
-270 108
-111 -41
96 148
-115 -5
12 143
135 -353
-290 62
-98 -98
-53 275
38 -18
229 -166
-101 94
182 154
153 -84
110 -154
164 258
142 401
85 -10
20 177
62 37
71 -153
261 -152
21 -61
299 -144
-5 -312
-137 246
-28 -65
-202 -161
12 -20
-215 211
297 71
353 -282
280 20
-82 -369
-3 429
-195 -149
96 -6
-253 -40
-245 -131
545 22
-289 -311
-54 -74
13 31
-184 161
-156 -91
-211 -421
337 -160
-48 187
-262 -53
-469 61
84 -123
160 54
161 4
-237 525
319 225
51 295
-242 -110
20 207
-269 -67
-17 3
1 33
-108 609
-35 161
170 15
-68 -71
132 -81
27 -120
25 -40
-70 -107
-70 -68
146 -264
40 35
-168 240
-78 160
-148 257
189 148
-215 -224
96 30
58 52
169 84
58 196
-121 -105
3643 -567
-69 30
-123 73
6 65
-49 163
9 -118
-49 -81
1 25
11 41
89 41
-103 97
30 52
-26 -63
-11 -23
73 -14
64 -126
33 -143
33 76
80 -204
14 103
49 -82
-56 -100
28 64
102 151
86 -20
89 -11
-126 -143
37 317
-36 -68
61 -68
-33 46
235 -112
-122 -268
95 158
-182 145
3 112
-57 -124
-142 90
-125 43
205 13
38 221
-239 -89
101 -70
11 70
-32 65
-277 -77
-30 -363
-189 279
-176 214
-80 -227
280 13
396 133
3 159
-269 388
-165 49
115 222
-121 -222
-63 77
172 224
-94 -183
131 -65
13 13
-116 147
108 228
56 -69
-128 -129
-89 -188
-224 195
-165 -9
160 17
-36 -164
341 22
-34 193
-11 101
-77 -32
-382 -177
-399 358
334 -212
-211 -253
107 0
176 146
114 -361
-601 -391
65 73
-183 161
-290 87
-475 354
230 -140
62 434
-529 -248
140 -56
110 -47
-145 656
-64 8
162 120
177 59
161 242
-104 -337
-165 -64
-121 -164
329 77
-50 168
26 29
-116 21
-83 -229
162 -64
257 86
15 -165
-261 162
104 123
-92 5
-177 202
-103 72
174 -49
70 55
-153 211
303 -350
22 109
222 178
6 -124
133 170
24 -183
86 222
309 -321
-152 -234
-206 3
152 -223
-122 4
621 1920
267 -129
132 274
-60 -14
-81 -23
-7 152
-215 25
-6 11
-43 71
91 -12
-26 -15
126 104
-31 -74
-4 7
104 88
122 -6
77 -90
-61 -11
-13 -49
-38 -114
88 88
-34 1
12 -115
62 -169
85 -86
-17 154
-81 189
-28 128
87 16
52 -151
-110 -106
175 171
1 59
-116 93
95 -45
82 -165
126 -6
32 30
51 182
-31 -164
-37 -22
45 -34
-127 112
21 109
146 52
67 111
103 224
53 277
25 -96
-248 214
-61 79
-28 43
-209 135
268 -72
126 412
34 -113
-25 197
-259 16
-55 -17
121 83
388 241
112 -491
38 -148
188 159
-134 -114
32 -47
14 -55
-40 -339
59 346
-177 -35
26 60
-35 -13
132 -46
312 -77
103 -128
-143 -219
10 83
79 68
321 -276
-90 56
-214 183
-260 -102
60 -229
-14 -62
186 -5
-220 -159
-46 -169
-193 162
151 109
378 63
233 98
-51 49
-58 0
82 79
106 188
-125 60
147 133
-80 61
58 40
-19 76
-291 -92
207 41
209 168
-101 -151
-440 -190
-129 127
-249 -99
129 27
-235 32
50 7
100 317
-153 -259
-34 222
-5 -139
178 120
50 -61
45 99
-18 218
144 14
-87 41
282 -106
78 203
33 68
-9 19
-100 82
270 -141
46 -288
166 -183
-145 -749
-151 93
75 -235
26 65
69 38
95 65
-161 118
-94 -10
19 37
-45 -20
-120 -138
80 -35
45 -63
1 -1
0 35
38 101
-131 -1
42 -8
44 -79
13 196
-103 30
-45 137
-169 26
135 91
130 -3
78 162
-107 5
20 49
33 70
30 111
140 146
-109 67
93 198
20 -6
-24 251
144 -114
-176 17
70 -38
2 -123
61 -91
-83 -29
16 -151
-330 -16
-194 152
-41 -274
23 134
6 143
103 67
-182 -183
-136 -35
-343 49
118 -33
120 88
42 91
-20 -286
23 45
-54 -155
327 -315
190 -157
145 107
-109 1
-376 -100
-40 -18
88 -83
-178 -35
-62 80
44 -57
99 -42
199 -120
-180 -8
-222 -116
141 100
121 29
-109 24
-71 -1
-17 118
-73 242
-153 240
97 274
131 327
-91 -258
64 54
182 -137
96 171
26 112
308 -138
277 -113
-129 189
-337 -142
40 146
56 81
32 -70
191 2
-137 -252
115 -387
-34 207
182 167
42 128
129 122
48 -206
-191 121
-18 -355
-373 -160
291 99
112 -329
-34 -66
165 -75
138 -90
157 -228
-89 41
210 -58
377 -33
107 -227
36 90
300 39
-149 55
96 -105
-159 -20
-55 -64
-164 156
-112 60
-105 6
-54 15
-126 -113
35 -98
-259 213
114 37
-200 -65
-466 -792
-238 -75
85 40
-28 21
-102 207
65 37
231 -44
28 72
9 -2
56 96
47 289
-139 -154
-15 -19
47 -101
-90 1
-4 -21
-5 63
41 69
-96 -232
113 -52
178 116
58 157
74 -27
44 -130
16 -50
58 -83
212 -83
213 62
147 25
45 -5
-37 26
97 6
154 60
-70 -86
23 60
63 112
-109 116
-108 -182
-206 -55
1 147
59 -56
100 -278
135 69
-155 -164
59 -120
-101 161
-102 157
-137 161
12 -107
-125 -143
168 113
297 62
95 -129
-6 127
-138 139
-46 323
52 129
-137 -175
163 -90
-253 113
317 -42
-20 -34
229 202
-102 280
65 48
4 44
314 -326
-200 69
-132 -1
-204 -120
-111 -343
-313 -30
302 131
-150 -231
-78 179
-81 259
-3 120
-357 -237
35 37
228 -183
440 -408
-247 -247
-228 65
275 -306
403 95
21 -23
64 80
-149 -241
335 328
469 -10
-68 93
-6 -117
-286 -48
-154 132
24 280
237 144
-187 -303
-236 -161
350 43
-75 -86
-295 -44
197 201
-54 164
228 -3
246 17
-55 -96
-115 39
-19 26
145 -314
223 -16
40 -375
-136 -98
369 -240
123 -85
120 14
-86 -233
-113 164
-95 -28
-21 -287
-124 123
-54 -136
-30 96
149 -17
-191 -101
-55 162
-215 64
53 119
120 -110
402 1233
11 125
127 218
2 -62
-212 -84
-107 -174
-107 -125
-118 -101
129 60
30 9
35 -126
-43 45
25 -102
62 -83
-61 52
28 -81
-139 -84
-198 -84
-94 80
-53 43
-241 20
-72 141
-25 68
50 19
-161 34
-188 -134
91 -78
-196 -91
173 -55
63 -250
22 -208
103 164
-125 153
168 -67
-133 26
149 -134
-13 99
58 70
-124 99
95 -152
111 -36
180 -286
29 -134
143 -196
-300 70
-235 -2
6 138
65 7
-60 199
100 9
-79 -236
-322 -107
-113 205
-121 10
-144 -15
8 103
28 77
-311 -134
27 -103
-19 -113
237 -158
70 -83
-51 170
84 -250
255 26
-78 84
154 460
-189 116
-124 -105
367 167
200 140
-107 32
-210 49
-46 109
367 -47
265 -44
-151 -271
-190 103
70 -79
386 120
45 336
-92 252
-95 217
139 -432
-194 -8
-378 161
-37 -62
182 55
34 -6
-186 -9
-163 -25
-11 -191
317 285
225 16
54 -19
-164 -111
-223 -225
72 -15
113 -311
-127 -203
96 33
-91 -10
-82 -147
280 29
383 170
352 211
25 50
39 75
-135 211
-273 -227
-18 -177
-170 -94
35 197
60 185
-99 -211
-90 -131
-192 -121
-378 -216
-146 6
0 -13
347 320
-151 -40
-117 71
154 -10
127 -228
95 -73
96 -80
87 -203
63 970
81 172
-42 -42
15 77
73 158
-132 6
37 79
-145 -83
86 66
-6 27
-22 79
5 -35
151 141
171 126
-14 -96
25 -90
-15 -88
66 -15
-103 85
79 -75
-149 46
-1 105
12 143
-71 135
60 55
171 93
47 43
-254 28
147 104
108 -28
194 -123
39 125
-42 -148
-85 21
-6 -23
47 130
41 118
23 -341
83 157
31 -100
9 68
-96 218
-106 -92
-22 7
146 -47
115 52
-30 -210
-63 -76
-270 -100
-109 -12
45 213
-227 156
163 -189
164 -40
26 54
41 -29
-13 277
-290 -262
153 -13
-95 114
-300 -94
-9 33
-32 -112
68 239
-230 55
-17 180
20 51
-3 -183
380 -234
-215 -82
-127 -65
223 -90
142 20
-231 2
-394 -101
-112 173
-5 54
-26 -352
59 -93
-63 -231
-273 46
-34 239
197 385
-25 28
-317 189
282 -35
-15 7
-157 -3
89 94
233 -238
-97 -61
-426 87
-441 112
-143 -74
54 -211
-78 134
242 -75
-109 292
338 390
-119 2
1 -152
-182 -112
-230 34
-107 -96
8 48
141 272
-280 19
179 -42
-123 -161
237 -52
-279 -141
-72 -169
149 -183
193 -26
-95 54
-77 -22
-86 -86
-192 22
37 -42
81 -349
-195 -59
-287 -102
-12 -141
-200 135
5 59
-28 -213
-251 216
58 -186
-2003 2980
-54 557
-18 -29
76 179
95 -238
-73 -213
-24 80
93 -157
-70 -195
155 188
-7 145
153 -115
-33 30
23 -25
0 -186
-151 -285
-94 176
-144 -117
-205 -43
-45 -296
-72 103
-78 -72
-27 60
25 32
156 -50
19 -135
8 -108
-105 -56
24 -388
-100 43
-44 87
56 86
67 72
82 -229
252 99
48 -186
-120 -40
-97 125
83 84
-57 -59
-113 -11
163 -286
277 234
259 -154
307 -54
-270 318
-53 142
-65 -18
-99 384
-271 -154
-186 360
181 157
-139 -73
325 -213
-230 -137
-2 11
174 47
-177 -78
-128 -292
129 444
-134 276
82 265
341 -26
-42 -96
53 110
-432 72
-101 -246
-168 405
195 -278
129 -275
71 54
120 -171
89 165
268 -32
-150 397
34 178
218 82
236 -54
14 300
-217 -300
-288 -395
263 201
132 -376
-295 -33
400 21
-291 -257
74 345
85 213
-210 69
-242 351
65 -30
121 18
128 19
152 217
152 393
-30 -413
-12 103
75 -71
-81 118
-149 25
335 -82
336 -62
138 -133
332 286
59 -487
-79 -191
-63 -432
-472 -324
196 245
-344 -19
64 7
77 100
301 -258
-176 50
440 -556
360 271
-245 -352
-257 -629
-465 406
-25 -205
-317 -370
-345 13
-527 127
-888 143
-171 -183
-254 187
13 6
212 -128
-1117 1802
-75 -244
-340 -163
256 -176
217 -31
-267 -29
-54 39
-235 80
-72 51
-45 -262
-142 159
159 -328
-65 315
-318 -51
-130 182
-72 213
-212 17
-67 140
-110 172
44 -55
-65 122
111 26
-44 -65
-121 -123
8 -36
131 0
6 111
-181 -142
28 209
-191 96
-98 62
180 57
-118 150
-59 113
113 -81
245 -16
-40 -14
-220 38
-38 221
-17 -238
13 -10
-37 163
-192 164
143 99
48 19
45 -49
167 -27
187 -15
-107 -30
106 -8
33 -204
-19 115
25 -250
142 38
-126 -427
-43 3
-411 -16
152 -89
33 -87
-97 -77
-73 30
-224 -246
-180 -256
-107 45
-140 -285
44 75
-2 163
-359 206
-48 -12
-190 -22
57 183
175 -279
-61 161
377 190
60 59
38 -140
-456 -133
-210 302
-192 -177
248 392
40 -519
276 255
-126 -93
168 115
185 -66
-664 41
293 575
-290 128
11 -119
309 -366
315 195
180 582
-635 266
-136 -222
356 178
701 24
-105 188
193 -196
-133 -219
271 -647
-436 -455
-307 -733
191 323
-53 -340
401 254
128 142
-5 9
174 -803
27 -361
-440 114
269 281
-295 149
-85 -27
68 259
54 159
165 55
-213 544
35 -555
-280 -666
175 -261
336 -420
-228 -310
351 160
-70 -141
-190 -6
-610 59
-270 -248
3 384
3039 -1382
0 309
101 29
-18 154
351 -18
-72 51
-208 -108
-10 73
-233 218
-44 -248
-96 -216
-279 -217
88 107
230 229
102 197
191 157
-64 52
132 114
100 212
-221 -90
-203 175
59 71
-246 19
-177 -9
-231 2
-125 -70
-30 -119
-25 -135
-35 113
-165 -291
113 -79
-148 -156
177 -168
113 -76
129 -215
-23 -85
-144 131
204 -290
70 -80
-109 -80
-30 -181
189 88
-129 -72
-88 -146
113 -10
304 -78
32 151
-1 -65
-3 -167
16 20
-247 -100
-342 -185
-92 -16
233 -362
169 116
-142 -218
56 94
65 93
-214 -185
116 75
73 63
-55 44
192 -74
-260 -233
159 49
288 384
25 114
29 -296
160 -103
-205 -56
-98 379
-550 37
-142 -309
32 -169
-59 -61
390 179
484 -118
-359 330
118 212
19 113
-162 -296
74 420
779 362
-7 -179
220 -66
247 -319
650 -552
-436 62
93 -682
777 319
66 111
-395 30
320 -709
62 -212
-232 -341
-375 -296
-176 -374
193 451
128 365
175 376
-583 -227
131 -250
-111 -147
39 33
346 217
-89 340
-430 -110
-58 343
573 -485
-200 -47
311 -61
455 -86
128 -144
-311 100
-283 -194
322 -533
-512 494
11 -167
-245 -457
98 -119
-512 -379
179 135
110 -340
-561 397
254 122
-63 33
-231 463
63 3
-1041 2293
47 451
-322 -478
-69 -24
250 -135
114 19
-134 -3
-369 -6
-159 -145
104 23
72 54
-29 71
108 -272
-211 16
-83 -191
-131 -163
264 -28
-107 -21
118 188
360 50
66 -166
226 -163
128 -63
-25 47
-205 -148
325 33
-114 -53
186 -242
41 188
58 68
56 147
-180 108
95 144
-64 -74
-46 -77
-14 20
117 159
-20 121
64 -248
-21 -43
161 -23
-66 51
-183 -105
249 -137
-144 -49
74 -137
-204 -205
36 -61
17 -41
41 -136
-117 17
-54 -47
139 -152
-214 -44
-322 -345
-64 89
85 11
248 -34
49 106
-239 92
-492 -331
-32 508
-190 91
-201 -183
20 -91
-43 201
186 53
-17 350
15 -410
92 31
-89 -138
61 -117
26 317
-438 70
-174 218
276 116
21 92
-143 9
-335 358
376 18
385 -364
203 172
-128 438
-98 37
0 23
180 85
29 27
118 -128
-268 -96
-520 -22
-399 -226
-239 -241
234 -150
30 -16
-207 -329
238 104
-335 -217
202 -192
-100 -132
-32 102
168 153
-512 -38
-322 -337
230 311
840 153
324 -307
426 88
-190 -95
450 156
-12 -21
31 -424
190 196
218 -554
-92 538
-244 -194
-80 162
-253 -89
49 -211
-506 -64
221 -30
-463 53
-277 -144
-114 40
-121 -232
293 -258
-534 283
-19 479
-275 341
1852 817
40 -195
159 243
-14 -220
13 226
148 -123
200 -216
-140 -21
15 -218
16 -70
-237 -135
-40 56
160 325
200 -128
-21 48
-8 -85
89 -106
-216 103
117 128
-105 -224
-245 100
90 -116
254 142
-71 -7
4 157
167 -239
108 106
-121 -57
-102 -119
-115 -77
-302 -179
1 -282
-61 -209
-163 30
92 -192
94 -32
-42 -122
52 179
114 362
-208 116
68 -48
-26 247
242 -58
195 -285
41 160
-48 -165
-6 -77
-76 -249
-105 244
11 48
209 -113
167 -40
-50 -290
-37 -42
46 149
105 -204
42 -8
-190 12
-187 35
-102 -277
63 -30
241 -29
22 9
-99 91
202 89
67 -162
-88 -16
-140 130
-213 164
208 -54
100 -144
-73 -93
-35 23
257 32
176 -131
110 -201
73 -208
123 -330
-111 -344
-244 -388
132 362
10 -66
-356 121
-54 -92
-67 -41
-447 183
-517 61
213 -259
604 368
-227 -319
-1 -204
-17 -174
-252 19
305 259
3 684
231 -294
-211 -416
-111 -72
-365 -102
-15 345
114 -158
-173 311
831 194
-588 -98
84 661
-213 179
-221 259
-261 -71
-6 345
19 -214
-152 16
-471 -128
97 494
-10 -234
-311 135
572 26
-514 57
264 -63
0 129
446 -366
115 -142
61 78
-22 64
249 8
-100 -288
647 -167
-343 -83
358 28
1228 166
-104 -402
-193 -33
-51 -2
-6 -166
-58 312
-314 157
51 21
-1 120
-75 138
-181 95
-36 35
168 161
-113 49
-227 -137
-42 -34
-18 -45
-79 -28
-173 -134
-4 -167
40 -87
84 -17
-9 -135
-226 58
-15 -59
-128 172
-207 -133
113 -76
-162 -4
-174 -55
38 -102
62 -118
20 -123
73 186
3 -248
-35 -149
126 -120
3 75
173 176
-131 -125
78 33
66 93
-73 -172
197 23
-147 3
234 -11
35 -159
119 -127
-83 161
237 87
38 -128
-149 -83
-77 150
56 -187
14 24
56 -201
-149 -65
183 93
-6 63
209 -134
-425 146
-74 165
-286 -157
242 -123
-81 104
-55 -127
-126 164
223 -277
93 -84
61 95
154 453
390 24
-342 -282
299 192
-5 -221
-32 -306
71 -57
599 323
-78 -86
-337 81
-540 265
153 452
279 -219
-425 553
-606 -186
-18 49
112 -16
328 179
-532 -306
-596 67
192 -17
168 19
437 -50
137 -38
-137 -180
-446 -89
73 549
119 473
-589 -174
133 391
376 137
-370 -405
90 -115
-264 -111
-66 -78
35 205
-127 -204
-329 141
-39 400
-260 171
-69 642
219 228
-739 238
-198 326
-97 216
44 16
-147 -173
344 -115
97 254
-66 -81
300 330
-284 -239
-316 23
426 280
185 -424
258 -247
6 140
-414 129
-939 -2275
238 201
-73 19
-16 50
169 136
-40 144
83 86
-56 95
81 119
-150 -66
-202 49
-49 -178
-91 2
58 246
203 -222
-17 141
-24 -31
30 7
15 -186
46 -20
149 97
117 -47
-183 -6
-74 58
7 -141
-22 -168
112 106
251 165
150 73
-54 235
-75 122
-125 -128
-12 -20
93 -210
144 -261
24 142
-30 -99
93 4
42 8
-59 139
107 -11
-95 113
-175 -6
-90 -9
208 -45
158 81
252 -73
-163 -98
-15 -85
-38 134
65 274
287 190
-12 -167
15 -189
130 -110
-33 -48
154 -89
245 276
-178 239
34 -6
-232 174
-199 205
293 -76
-54 97
-319 -53
72 -3
-121 -465
243 -59
351 297
-296 -205
-228 -265
-7 -51
365 -169
175 -17
-378 5
-344 93
215 212
105 -367
-233 314
-400 -147
-31 -389
72 -309
-139 -372
-266 380
24 70
489 -299
28 172
-228 -35
50 287
347 -219
251 323
-94 292
-404 -576
-322 -93
-156 152
227 165
437 17
126 164
-309 385
467 522
-196 -125
175 82
120 214
-437 -198
-547 -206
-457 -198
-271 -70
-196 -320
298 -628
412 373
280 303
215 -151
-238 -56
-254 -310
-110 437
131 317
126 141
410 310
98 -215
241 50
-611 -198
203 -19
83 -412
-443 283
-285 287
-477 16
-489 82
144 653
1956 348
143 195
113 303
-112 -321
56 -176
53 -33
32 -58
164 -101
-55 168
1 -19
-12 151
-137 143
22 32
-274 -25
-29 144
16 71
52 88
-48 -67
58 -21
-23 35
103 329
-91 -162
13 -138
-111 -47
-68 -154
-37 43
-217 120
-64 19
240 -12
-218 66
-8 246
280 -138
101 262
93 144
-121 136
-169 -72
69 94
-169 24
-102 50
-154 84
167 -9
1 -76
-36 -111
-124 62
118 183
-320 -84
99 111
-94 308
321 107
-42 -110
-33 102
9 -69
-92 167
-22 92
-156 -215
-77 74
143 -267
264 177
-229 -161
-17 -241
553 70
-58 -92
260 63
-79 8
248 -103
-49 -168
32 -123
-117 136
-453 158
305 282
172 131
-444 136
77 26
204 -173
259 121
69 -62
-3 -132
152 440
-103 107
87 225
479 -69
-212 -239
-194 -505
-42 92
472 -296
-438 -10
78 -248
323 66
-14 -113
-280 487
206 146
475 -151
412 -126
26 17
-210 332
-110 -307
-238 173
164 -474
-460 -703
50 -67
-21 -35
115 203
487 84
158 61
84 52
-244 -302
634 43
-172 179
156 160
-241 189
106 321
303 342
-374 463
-180 -34
98 -296
-66 104
328 339
501 59
-69 152
-90 279
227 213
444 121
-40 7
266 -356
-309 22
310 405
608 -129
228 -23
