0.304687500000
-0.051269531250
0.157226562500
0.002136230469
-0.020019531250
0.139648437500
0.115234375000
0.234375000000
-0.038574218750
0.136718750000
0.183593750000
0.328125000000
-0.217773437500
0.095214843750
0.133789062500
0.021484375000
-0.055419921875
0.328125000000
0.192382812500
-0.105468750000
-0.143554687500
-0.138671875000
0.033447265625
0.043212890625
-0.138671875000
-0.038330078125
0.013671875000
-0.029296875000
-0.402343750000
0.031005859375
0.171875000000
0.069335937500
0.144531250000
0.289062500000
0.136718750000
0.056884765625
-0.081542968750
0.021850585938
-0.001235961914
0.388671875000
-0.008483886719
0.347656250000
-0.205078125000
-0.059326171875
-0.314453125000
0.230468750000
-0.094726562500
-0.220703125000
-0.026367187500
0.091796875000
-0.068359375000
-0.019165039062
0.046142578125
-0.169921875000
0.045410156250
0.107421875000
0.103027343750
0.092285156250
-0.008605957031
0.171875000000
0.005920410156
0.232421875000
0.241210937500
0.066406250000
