0.050537109375
0.047607421875
0.050048828125
-0.173828125000
-0.055175781250
0.457031250000
-0.235351562500
0.016967773438
-0.161132812500
-0.024414062500
-0.425781250000
-0.224609375000
-0.048339843750
0.053466796875
0.460937500000
0.095703125000
-0.120117187500
-0.330078125000
0.049316406250
0.226562500000
-0.172851562500
0.147460937500
-0.032226562500
0.416015625000
0.125000000000
-0.102539062500
-0.238281250000
0.208007812500
0.109375000000
-0.096679687500
0.126953125000
-0.164062500000
-0.150390625000
0.143554687500
0.515625000000
-0.221679687500
-0.177734375000
0.180664062500
0.151367187500
0.125000000000
-0.220703125000
-0.243164062500
-0.030517578125
-0.310546875000
0.166015625000
0.015869140625
0.115234375000
-0.486328125000
0.226562500000
-0.269531250000
-0.251953125000
-0.045898437500
-0.515625000000
0.168945312500
-0.296875000000
0.324218750000
0.048828125000
0.034912109375
0.129882812500
0.186523437500
0.124023437500
0.249023437500
-0.188476562500
-0.049804687500
