-0.012145996094
0.047607421875
-0.281250000000
0.096191406250
-0.106445312500
-0.053955078125
-0.045898437500
0.055908203125
-0.028442382812
0.015563964844
-0.062255859375
0.196289062500
-0.451171875000
0.175781250000
-0.198242187500
-0.129882812500
0.138671875000
-0.029541015625
0.178710937500
-0.125976562500
0.066894531250
-0.042236328125
0.012878417969
-0.156250000000
-0.042480468750
0.115722656250
0.121093750000
0.147460937500
0.050292968750
-0.045166015625
0.164062500000
-0.043945312500
0.004058837891
-0.032714843750
0.025268554688
-0.486328125000
-0.249023437500
0.032958984375
0.015441894531
0.169921875000
-0.048339843750
0.009887695312
-0.566406250000
-0.110351562500
-0.068359375000
0.078613281250
0.021118164062
0.131835937500
0.053955078125
0.011962890625
-0.464843750000
0.097656250000
-0.075195312500
0.123046875000
-0.183593750000
-0.052246093750
-0.143554687500
-0.017333984375
-0.008117675781
0.050781250000
-0.010375976562
-0.492187500000
-0.223632812500
0.061767578125
