-0.008178710938
0.206054687500
-0.265625000000
0.069824218750
-0.000392913818
-0.048583984375
-0.069335937500
-0.115722656250
-0.001579284668
0.061767578125
-0.235351562500
-0.080078125000
-0.103027343750
-0.014404296875
-0.380859375000
0.095214843750
-0.371093750000
-0.121093750000
-0.000961303711
-0.018554687500
-0.101074218750
-0.201171875000
-0.130859375000
0.050048828125
-0.054443359375
-0.155273437500
-0.124511718750
-0.347656250000
0.200195312500
-0.215820312500
-0.083007812500
0.050292968750
0.036132812500
0.052001953125
0.271484375000
0.111816406250
-0.028320312500
0.155273437500
-0.333984375000
-0.056396484375
-0.068847656250
-0.012939453125
-0.287109375000
-0.012573242188
0.105468750000
-0.205078125000
0.012084960938
-0.168945312500
-0.131835937500
-0.023193359375
0.035888671875
-0.255859375000
-0.003799438477
0.151367187500
0.118652343750
-0.118164062500
-0.324218750000
-0.069335937500
-0.237304687500
-0.077636718750
-0.055419921875
-0.208984375000
-0.053710937500
0.071777343750
