-0.170898437500
-0.146484375000
-0.130859375000
0.099121093750
0.075195312500
-0.034912109375
-0.043212890625
-0.032958984375
-0.003677368164
-0.076660156250
0.031738281250
0.014770507812
-0.036621093750
-0.122070312500
-0.030883789062
-0.024291992188
-0.048095703125
-0.154296875000
-0.069335937500
0.031250000000
0.013183593750
-0.132812500000
0.026000976562
-0.111816406250
0.002075195312
0.063476562500
0.063964843750
-0.004272460938
-0.053710937500
0.004364013672
-0.022216796875
-0.001197814941
0.022949218750
-0.031127929688
-0.016967773438
-0.024658203125
-0.010192871094
-0.005554199219
-0.035400390625
-0.017944335938
-0.003601074219
0.035888671875
0.044433593750
-0.031005859375
0.111816406250
0.001373291016
0.043212890625
-0.001045227051
-0.097167968750
-0.153320312500
-0.106933593750
-0.177734375000
0.060302734375
0.104003906250
0.113281250000
0.112304687500
0.110839843750
-0.042724609375
0.019775390625
0.046142578125
0.015197753906
-0.024169921875
-0.094238281250
-0.039794921875
-0.089355468750
0.088378906250
0.077636718750
-0.014282226562
-0.045410156250
-0.213867187500
-0.141601562500
-0.066894531250
-0.061767578125
-0.043701171875
-0.051025390625
0.055175781250
-0.020263671875
-0.068359375000
0.010437011719
0.041015625000
0.010070800781
0.036132812500
0.068847656250
0.066894531250
0.065429687500
0.083496093750
0.103027343750
0.099609375000
0.096679687500
-0.075195312500
-0.037353515625
-0.246093750000
0.045410156250
0.151367187500
-0.000556945801
0.110839843750
0.026855468750
0.049316406250
0.047851562500
-0.118164062500
-0.057373046875
-0.051757812500
-0.029174804688
-0.035888671875
-0.034667968750
-0.039062500000
-0.008911132812
-0.015258789062
-0.026733398438
-0.012695312500
-0.020019531250
-0.017211914062
-0.027954101562
-0.060302734375
-0.069824218750
-0.015258789062
-0.101074218750
0.014282226562
-0.021362304688
-0.012390136719
-0.075683593750
-0.039794921875
-0.037841796875
-0.125976562500
-0.017333984375
0.059570312500
-0.050292968750
0.005584716797
-0.023925781250
0.017211914062
-0.009399414062
-0.010742187500
0.006195068359
-0.023559570312
0.004089355469
-0.041503906250
-0.008422851562
-0.083007812500
-0.062011718750
-0.143554687500
-0.021484375000
0.503906250000
0.083984375000
0.035644531250
-0.084472656250
-0.102050781250
-0.060302734375
-0.074218750000
-0.136718750000
-0.248046875000
-0.165039062500
-0.159179687500
-0.066406250000
-0.103515625000
-0.114257812500
-0.055908203125
-0.021240234375
-0.062500000000
-0.125000000000
-0.143554687500
-0.036621093750
0.108886718750
0.108886718750
0.026977539062
-0.038574218750
-0.042968750000
-0.145507812500
-0.077636718750
-0.125000000000
-0.180664062500
-0.057861328125
0.088867187500
0.038085937500
0.042968750000
0.037841796875
0.060302734375
0.022094726562
0.026977539062
0.018432617188
0.014892578125
0.049560546875
0.061035156250
0.047363281250
0.044189453125
0.028686523438
0.097167968750
0.130859375000
-0.006011962891
-0.003646850586
-0.009582519531
0.015197753906
-0.006774902344
0.043945312500
0.007293701172
-0.006500244141
-0.038085937500
-0.053466796875
-0.047851562500
-0.048828125000
-0.070312500000
-0.009887695312
0.151367187500
-0.080566406250
-0.138671875000
-0.017700195312
-0.044433593750
-0.012817382812
-0.076171875000
-0.056640625000
0.021728515625
0.017089843750
-0.205078125000
-0.225585937500
-0.169921875000
-0.079589843750
-0.045654296875
0.148437500000
-0.003631591797
-0.045410156250
-0.051513671875
-0.052246093750
0.030761718750
-0.179687500000
-0.200195312500
-0.067382812500
0.000176429749
-0.065429687500
0.060302734375
0.011962890625
-0.101074218750
-0.030639648438
-0.020263671875
-0.073730468750
0.026245117188
0.003936767578
-0.173828125000
0.158203125000
-0.109863281250
-0.176757812500
-0.006042480469
0.142578125000
0.086914062500
0.089355468750
-0.028076171875
0.020874023438
0.049804687500
0.026245117188
0.039550781250
-0.066894531250
-0.026855468750
-0.005798339844
0.003570556641
0.000801086426
-0.048828125000
-0.078125000000
-0.033691406250
-0.052490234375
-0.057861328125
-0.093750000000
-0.072265625000
-0.070800781250
0.071289062500
0.142578125000
0.122558593750
-0.007415771484
-0.010498046875
0.113769531250
-0.057861328125
0.111816406250
0.067871093750
-0.003036499023
0.010070800781
0.031494140625
-0.053955078125
-0.057861328125
-0.060546875000
-0.044921875000
0.032958984375
-0.078613281250
-0.052490234375
-0.081542968750
-0.014831542969
-0.019653320312
0.184570312500
0.193359375000
0.069335937500
-0.031005859375
0.156250000000
0.054931640625
0.023925781250
0.024658203125
-0.049560546875
-0.006927490234
-0.055908203125
-0.075683593750
-0.075195312500
0.080566406250
0.000770568848
0.028076171875
0.035156250000
0.045898437500
0.006347656250
0.023803710938
0.012756347656
0.016357421875
-0.026611328125
-0.007812500000
-0.027709960938
-0.152343750000
-0.106933593750
0.075683593750
-0.217773437500
0.062011718750
0.076660156250
0.103027343750
0.076171875000
0.065917968750
0.069824218750
0.079589843750
0.082519531250
0.046142578125
0.077148437500
-0.084472656250
-0.058837890625
0.060058593750
-0.004730224609
-0.011291503906
-0.045654296875
-0.032714843750
0.036132812500
0.065917968750
-0.020019531250
-0.068847656250
0.100585937500
-0.174804687500
0.053466796875
-0.018554687500
0.045410156250
0.083496093750
-0.119140625000
-0.158203125000
-0.019897460938
-0.090820312500
-0.072265625000
-0.113769531250
-0.023681640625
-0.109375000000
-0.035400390625
-0.017089843750
-0.121093750000
0.149414062500
-0.105957031250
0.232421875000
-0.093261718750
-0.144531250000
0.018066406250
0.059326171875
-0.070312500000
-0.122070312500
-0.202148437500
-0.019897460938
-0.041503906250
-0.078613281250
-0.037353515625
-0.078613281250
-0.146484375000
-0.148437500000
-0.161132812500
0.077148437500
-0.125000000000
-0.179687500000
-0.190429687500
-0.109863281250
-0.046142578125
-0.003967285156
-0.162109375000
-0.085449218750
-0.044433593750
-0.018432617188
0.132812500000
0.051513671875
0.013916015625
0.234375000000
-0.060302734375
0.038085937500
-0.030761718750
-0.009460449219
-0.027099609375
-0.021972656250
-0.009094238281
-0.076171875000
-0.081542968750
0.022705078125
0.032470703125
0.128906250000
0.044189453125
0.168945312500
-0.000465393066
-0.057128906250
0.015441894531
-0.024902343750
-0.058837890625
-0.028076171875
-0.056884765625
0.028564453125
-0.108886718750
0.017944335938
0.145507812500
0.027954101562
0.063476562500
0.049560546875
-0.004302978516
-0.134765625000
0.006866455078
-0.021972656250
-0.023925781250
-0.093261718750
-0.117187500000
-0.029418945312
-0.062500000000
-0.073242187500
-0.005828857422
0.018188476562
-0.001602172852
-0.003143310547
0.010925292969
0.073242187500
0.025634765625
0.028808593750
0.017333984375
-0.037109375000
-0.029174804688
0.072753906250
0.056152343750
0.029052734375
0.024169921875
-0.053466796875
-0.023437500000
-0.080566406250
0.082519531250
0.096679687500
0.076171875000
0.007110595703
0.018798828125
0.015563964844
0.058349609375
0.114746093750
0.095703125000
0.084472656250
-0.041748046875
-0.027343750000
-0.098144531250
-0.141601562500
-0.153320312500
0.115234375000
0.045410156250
-0.031738281250
-0.020507812500
0.037353515625
0.067382812500
0.047119140625
-0.164062500000
-0.034912109375
-0.025512695312
-0.023315429688
0.014770507812
-0.186523437500
-0.161132812500
-0.100585937500
-0.250000000000
-0.100097656250
-0.106445312500
-0.091308593750
-0.043945312500
-0.023437500000
0.049316406250
0.037353515625
-0.131835937500
0.101562500000
0.130859375000
-0.146484375000
-0.039794921875
-0.077148437500
-0.231445312500
-0.138671875000
0.068847656250
0.108398437500
0.115234375000
-0.178710937500
0.049072265625
-0.116210937500
0.081542968750
0.116210937500
-0.135742187500
0.016967773438
-0.250000000000
-0.043945312500
0.106933593750
0.122558593750
0.130859375000
0.089355468750
-0.235351562500
-0.171875000000
-0.265625000000
-0.019653320312
-0.048583984375
-0.031738281250
-0.166015625000
0.029541015625
-0.052001953125
-0.059326171875
-0.065917968750
0.010620117188
-0.042968750000
0.021362304688
0.018554687500
-0.024169921875
0.002197265625
0.031005859375
0.030639648438
0.026855468750
0.026123046875
0.013488769531
0.058349609375
0.294921875000
-0.082519531250
-0.130859375000
0.065917968750
0.033935546875
0.075195312500
0.086914062500
-0.232421875000
-0.199218750000
-0.168945312500
-0.025268554688
-0.066406250000
-0.166992187500
-0.047363281250
-0.001609802246
-0.180664062500
-0.240234375000
-0.013671875000
0.105957031250
-0.139648437500
0.024902343750
-0.046875000000
-0.030151367188
0.076660156250
0.048339843750
-0.302734375000
-0.022583007812
-0.084960937500
-0.002822875977
-0.020019531250
0.049804687500
0.029296875000
-0.085937500000
-0.159179687500
-0.192382812500
-0.153320312500
-0.357421875000
-0.414062500000
0.019287109375
-0.025268554688
-0.130859375000
-0.072265625000
-0.025756835938
0.012451171875
-0.033447265625
0.081542968750
0.063476562500
-0.221679687500
-0.138671875000
-0.148437500000
0.003036499023
-0.192382812500
0.151367187500
0.138671875000
0.130859375000
0.196289062500
0.083007812500
0.017700195312
0.022583007812
-0.106933593750
-0.059082031250
-0.036621093750
-0.031494140625
-0.003265380859
-0.075683593750
0.041503906250
0.046386718750
0.027954101562
0.015991210938
0.123535156250
0.129882812500
-0.106933593750
-0.081542968750
-0.083007812500
-0.043701171875
-0.076660156250
-0.053466796875
-0.058105468750
-0.133789062500
-0.112304687500
-0.080566406250
-0.000400543213
0.005676269531
0.010375976562
-0.060546875000
-0.049560546875
-0.050781250000
-0.038330078125
-0.036621093750
0.025634765625
-0.012756347656
-0.037841796875
-0.027099609375
-0.041748046875
-0.001380920410
-0.137695312500
-0.111328125000
-0.100097656250
-0.074218750000
-0.103515625000
-0.083984375000
-0.102539062500
-0.069335937500
0.004760742188
0.217773437500
0.159179687500
0.158203125000
0.141601562500
-0.207031250000
-0.088378906250
-0.011779785156
-0.228515625000
-0.130859375000
-0.096191406250
-0.151367187500
-0.148437500000
-0.116699218750
-0.060791015625
-0.053222656250
-0.114746093750
-0.217773437500
-0.107910156250
0.466796875000
-0.151367187500
-0.067382812500
0.034912109375
0.037841796875
-0.124511718750
-0.095214843750
-0.133789062500
-0.095214843750
-0.098144531250
-0.118164062500
-0.088378906250
0.004394531250
-0.048583984375
0.083496093750
0.148437500000
0.153320312500
0.120117187500
0.044189453125
-0.048828125000
0.077636718750
-0.184570312500
-0.106933593750
-0.217773437500
-0.155273437500
-0.139648437500
-0.231445312500
-0.193359375000
-0.199218750000
0.092285156250
-0.034179687500
-0.039062500000
-0.134765625000
-0.062988281250
0.013183593750
0.166015625000
0.093750000000
0.097656250000
-0.087402343750
0.115722656250
0.020507812500
0.063964843750
0.063476562500
-0.124023437500
-0.134765625000
0.075195312500
0.051025390625
-0.098144531250
-0.012695312500
-0.047119140625
-0.076171875000
-0.077148437500
-0.044189453125
0.011047363281
0.000759124756
-0.064453125000
-0.086914062500
-0.128906250000
0.008178710938
0.027954101562
0.032958984375
-0.068359375000
-0.048828125000
0.250000000000
-0.062988281250
-0.074218750000
-0.036865234375
-0.029296875000
-0.041015625000
0.075683593750
0.062500000000
0.173828125000
0.162109375000
0.160156250000
0.108398437500
0.065429687500
0.037597656250
-0.189453125000
-0.147460937500
-0.072265625000
-0.093750000000
-0.106933593750
0.057128906250
-0.072265625000
-0.052978515625
-0.063476562500
-0.038818359375
-0.076171875000
-0.056396484375
-0.087402343750
-0.060302734375
0.008361816406
0.029785156250
-0.219726562500
-0.204101562500
-0.171875000000
-0.086425781250
-0.092773437500
-0.084472656250
0.057128906250
-0.087402343750
-0.271484375000
-0.099609375000
-0.177734375000
0.151367187500
0.051757812500
-0.035644531250
0.042968750000
-0.147460937500
-0.097167968750
-0.205078125000
-0.083496093750
-0.027709960938
-0.052246093750
0.103515625000
0.020385742188
0.010559082031
-0.118652343750
-0.062988281250
0.099609375000
0.027832031250
-0.101562500000
-0.021606445312
0.000349044800
0.010864257812
-0.079589843750
-0.049072265625
-0.060302734375
-0.018920898438
-0.059082031250
0.033691406250
-0.174804687500
-0.061035156250
-0.092773437500
0.133789062500
0.017700195312
-0.019409179688
0.017944335938
0.015441894531
-0.126953125000
-0.100097656250
0.024780273438
0.013793945312
-0.066894531250
0.433593750000
-0.205078125000
-0.199218750000
-0.045410156250
-0.075195312500
-0.167968750000
0.062011718750
0.006469726562
-0.022216796875
-0.000063896179
-0.038330078125
0.007049560547
0.037597656250
0.052001953125
0.033691406250
0.006988525391
-0.002243041992
-0.012023925781
-0.026733398438
-0.050292968750
0.045166015625
0.082031250000
0.081542968750
-0.146484375000
-0.039550781250
0.027465820312
-0.078125000000
-0.101074218750
-0.082031250000
-0.103027343750
-0.077148437500
0.060546875000
0.001670837402
-0.008728027344
-0.090820312500
-0.066406250000
-0.084960937500
-0.079589843750
-0.091796875000
-0.053955078125
-0.083496093750
-0.068847656250
-0.068847656250
-0.105468750000
-0.171875000000
-0.038330078125
-0.065917968750
-0.232421875000
-0.044433593750
-0.061035156250
-0.078125000000
0.150390625000
0.086425781250
-0.335937500000
-0.061279296875
-0.084960937500
-0.088867187500
-0.036132812500
0.109375000000
0.037597656250
0.006958007812
0.014221191406
0.106933593750
0.028320312500
0.019287109375
0.026855468750
0.029541015625
-0.062500000000
-0.059570312500
-0.181640625000
-0.216796875000
0.002105712891
-0.047607421875
-0.098144531250
0.064941406250
-0.047851562500
-0.036132812500
0.242187500000
-0.192382812500
-0.140625000000
-0.099121093750
-0.137695312500
-0.029907226562
0.033935546875
-0.204101562500
-0.119628906250
0.029541015625
-0.088378906250
-0.125976562500
0.005432128906
-0.072753906250
-0.017822265625
-0.032470703125
-0.019653320312
0.027221679688
-0.035888671875
-0.142578125000
-0.004516601562
-0.127929687500
-0.030151367188
-0.148437500000
0.066894531250
-0.072265625000
-0.005615234375
-0.005828857422
-0.057373046875
-0.022338867188
-0.009521484375
0.030395507812
0.012145996094
-0.036132812500
-0.056152343750
0.006805419922
-0.006561279297
-0.036621093750
-0.052490234375
-0.010986328125
-0.049072265625
-0.070312500000
0.089355468750
0.026123046875
-0.014770507812
-0.062011718750
0.035156250000
-0.055908203125
-0.139648437500
-0.042480468750
-0.094238281250
-0.088867187500
-0.080078125000
0.143554687500
0.019653320312
-0.051513671875
-0.129882812500
0.133789062500
-0.098632812500
-0.037841796875
-0.076660156250
-0.132812500000
-0.056640625000
-0.065429687500
0.056640625000
-0.009277343750
0.047851562500
-0.195312500000
-0.116210937500
-0.066406250000
0.230468750000
0.142578125000
-0.102050781250
-0.075683593750
-0.085449218750
-0.084960937500
-0.075195312500
-0.096191406250
-0.071777343750
-0.125000000000
-0.145507812500
-0.091308593750
-0.083496093750
-0.090820312500
-0.079589843750
-0.085937500000
0.215820312500
0.164062500000
-0.091308593750
-0.095703125000
-0.104003906250
-0.119628906250
0.025878906250
-0.180664062500
-0.004821777344
-0.060302734375
0.024047851562
-0.068359375000
-0.136718750000
0.007110595703
-0.069335937500
0.012084960938
0.015380859375
-0.047607421875
-0.092285156250
-0.050048828125
-0.032226562500
0.013061523438
-0.006927490234
0.013916015625
-0.083496093750
-0.023681640625
0.118164062500
0.120117187500
-0.026245117188
0.134765625000
0.041259765625
0.312500000000
-0.015625000000
0.176757812500
0.041503906250
-0.115722656250
-0.033447265625
0.013000488281
-0.019165039062
-0.015197753906
-0.005859375000
-0.094726562500
-0.055175781250
-0.149414062500
-0.120117187500
-0.172851562500
-0.235351562500
-0.183593750000
-0.007995605469
-0.000097751617
0.020996093750
0.002990722656
0.045898437500
-0.029907226562
-0.183593750000
-0.064453125000
-0.047119140625
-0.055664062500
-0.160156250000
0.014404296875
-0.035156250000
-0.012084960938
0.029418945312
0.044677734375
0.144531250000
0.166015625000
0.102050781250
0.061767578125
0.039306640625
-0.016601562500
-0.011901855469
0.070800781250
-0.063476562500
-0.069824218750
-0.053222656250
-0.023193359375
-0.090332031250
0.030151367188
0.058593750000
-0.005706787109
-0.016357421875
-0.054443359375
-0.009033203125
-0.091796875000
-0.070800781250
-0.079101562500
-0.094238281250
-0.077636718750
-0.079589843750
-0.108398437500
-0.007537841797
-0.053710937500
-0.039794921875
-0.159179687500
-0.144531250000
-0.157226562500
-0.042480468750
-0.006011962891
-0.022705078125
-0.022583007812
-0.134765625000
-0.147460937500
-0.082031250000
-0.184570312500
-0.168945312500
-0.058349609375
0.086425781250
-0.094726562500
-0.015625000000
-0.038574218750
-0.030883789062
0.181640625000
-0.025878906250
0.055419921875
-0.017944335938
-0.094726562500
0.020996093750
-0.113281250000
-0.071777343750
-0.101074218750
-0.064941406250
-0.123535156250
0.029541015625
0.024047851562
-0.054443359375
-0.066894531250
0.047607421875
0.016357421875
0.065917968750
0.076660156250
-0.034912109375
-0.065917968750
0.076171875000
0.055664062500
-0.113281250000
-0.120117187500
-0.019775390625
0.003234863281
-0.073730468750
0.039062500000
-0.017944335938
-0.103515625000
-0.142578125000
-0.054931640625
0.050292968750
0.043701171875
0.184570312500
0.197265625000
0.071777343750
-0.044433593750
-0.076660156250
0.135742187500
0.127929687500
0.125000000000
-0.028076171875
-0.083496093750
-0.023925781250
0.002929687500
0.028442382812
0.021362304688
0.045410156250
-0.053222656250
-0.092773437500
-0.021484375000
-0.102539062500
-0.055664062500
0.054443359375
-0.079589843750
0.098632812500
0.124511718750
-0.085937500000
-0.061279296875
-0.135742187500
-0.102539062500
-0.065917968750
-0.028686523438
-0.005981445312
-0.013183593750
-0.059326171875
0.132812500000
0.079589843750
-0.178710937500
0.078613281250
-0.121582031250
-0.083007812500
0.196289062500
0.159179687500
0.005004882812
0.009643554688
0.006835937500
0.056152343750
0.009338378906
0.002227783203
-0.000383377075
0.118652343750
0.117187500000
-0.016479492188
-0.083984375000
0.089843750000
-0.010925292969
-0.005828857422
-0.005004882812
-0.002777099609
0.028808593750
0.037841796875
0.038818359375
0.043701171875
0.037353515625
0.035156250000
0.036132812500
0.029663085938
0.025146484375
0.015991210938
0.026733398438
0.014526367188
0.032470703125
-0.005065917969
-0.000016570091
-0.103027343750
-0.133789062500
-0.053955078125
0.035156250000
0.007446289062
0.001731872559
-0.024047851562
-0.008972167969
-0.065917968750
0.125976562500
0.016723632812
0.080078125000
0.075683593750
0.040283203125
0.031494140625
0.013610839844
0.046875000000
0.022338867188
0.018554687500
-0.007995605469
-0.018798828125
0.001312255859
-0.001731872559
-0.004608154297
-0.044677734375
-0.071777343750
-0.100097656250
-0.017700195312
-0.023681640625
-0.007232666016
-0.193359375000
-0.202148437500
-0.219726562500
0.066894531250
-0.021728515625
-0.005767822266
-0.025878906250
-0.078125000000
0.083007812500
-0.032226562500
0.004669189453
0.089843750000
0.032714843750
0.310546875000
0.174804687500
0.248046875000
-0.067871093750
-0.143554687500
-0.083496093750
-0.075683593750
-0.151367187500
-0.147460937500
0.250000000000
0.078125000000
0.046142578125
0.060546875000
-0.021484375000
-0.103027343750
-0.058349609375
-0.057128906250
0.147460937500
-0.028930664062
-0.148437500000
-0.133789062500
-0.166992187500
-0.118164062500
0.021606445312
-0.056884765625
-0.056152343750
-0.049316406250
0.039062500000
0.006591796875
-0.009887695312
-0.171875000000
0.176757812500
-0.166015625000
-0.103515625000
0.021728515625
0.040283203125
0.038330078125
0.359375000000
-0.093261718750
0.021850585938
0.036132812500
0.039550781250
0.177734375000
0.072265625000
-0.039550781250
0.130859375000
0.006896972656
0.036865234375
-0.033691406250
0.014953613281
-0.022827148438
-0.000984191895
0.053955078125
0.104003906250
0.049560546875
0.283203125000
0.437500000000
0.055664062500
-0.236328125000
-0.054931640625
-0.143554687500
0.041259765625
-0.044677734375
-0.039550781250
-0.069335937500
-0.062011718750
-0.027832031250
-0.024414062500
-0.037597656250
-0.011779785156
0.080566406250
-0.004241943359
-0.034423828125
-0.034912109375
-0.031005859375
0.027221679688
0.030029296875
0.051513671875
0.066894531250
-0.127929687500
0.010375976562
-0.038818359375
0.017089843750
0.004791259766
0.013732910156
-0.095214843750
-0.163085937500
-0.182617187500
-0.015747070312
-0.082031250000
-0.111816406250
-0.134765625000
-0.120117187500
-0.219726562500
-0.180664062500
-0.108886718750
0.203125000000
0.185546875000
0.164062500000
-0.034912109375
-0.006805419922
0.199218750000
0.179687500000
-0.003433227539
-0.139648437500
-0.072265625000
-0.055175781250
-0.044677734375
0.098632812500
0.081542968750
0.105468750000
0.066406250000
0.036132812500
0.043457031250
0.021972656250
0.036132812500
0.019165039062
0.015747070312
0.029541015625
0.034912109375
0.036865234375
0.035888671875
0.029541015625
-0.023925781250
-0.032714843750
0.034667968750
0.038330078125
-0.006042480469
0.073730468750
0.051269531250
0.015136718750
-0.019653320312
-0.008850097656
-0.188476562500
-0.076660156250
-0.058105468750
-0.078613281250
-0.027465820312
-0.072265625000
0.009887695312
0.172851562500
-0.042480468750
-0.036865234375
-0.027465820312
-0.111328125000
-0.065429687500
0.035888671875
0.068359375000
0.056152343750
-0.134765625000
-0.097656250000
-0.130859375000
-0.107910156250
-0.035888671875
-0.126953125000
-0.031738281250
0.027587890625
0.005371093750
0.049072265625
0.100585937500
0.082519531250
0.078125000000
0.038085937500
0.054931640625
0.071777343750
0.060302734375
0.074218750000
0.075195312500
0.071289062500
0.084472656250
0.069335937500
0.043457031250
-0.078125000000
0.124511718750
-0.026489257812
0.067871093750
0.062988281250
0.048095703125
0.049072265625
0.026733398438
0.019531250000
0.026000976562
0.015197753906
0.008544921875
0.007629394531
0.025024414062
-0.003799438477
0.012207031250
-0.022094726562
-0.001380920410
-0.008789062500
-0.018920898438
-0.022460937500
-0.028442382812
-0.021728515625
-0.054687500000
-0.035400390625
0.003387451172
-0.000831604004
-0.089843750000
0.020874023438
-0.010131835938
0.177734375000
-0.015380859375
-0.000366210938
0.216796875000
0.027954101562
0.041992187500
-0.060302734375
0.061767578125
0.067382812500
-0.072265625000
0.086425781250
0.040283203125
0.043945312500
-0.174804687500
-0.144531250000
-0.083007812500
0.062988281250
0.046386718750
-0.015319824219
-0.063476562500
-0.128906250000
-0.016113281250
-0.151367187500
-0.066894531250
-0.092773437500
-0.050292968750
-0.069824218750
-0.020874023438
-0.136718750000
0.005554199219
-0.076171875000
0.052001953125
-0.181640625000
-0.085449218750
-0.072265625000
-0.066894531250
-0.153320312500
-0.093261718750
-0.114746093750
-0.108886718750
-0.113281250000
-0.059326171875
-0.054931640625
0.030395507812
0.032470703125
0.209960937500
-0.084960937500
-0.133789062500
0.130859375000
0.078125000000
0.044921875000
0.028930664062
-0.111328125000
-0.064453125000
-0.039062500000
-0.062500000000
-0.099609375000
-0.132812500000
-0.107421875000
-0.103515625000
-0.087890625000
-0.028930664062
-0.071289062500
-0.043457031250
-0.042236328125
-0.099609375000
0.014160156250
-0.046142578125
-0.049560546875
0.005065917969
-0.140625000000
0.384765625000
-0.023193359375
0.130859375000
0.108886718750
-0.267578125000
-0.134765625000
-0.117675781250
-0.185546875000
-0.181640625000
-0.172851562500
-0.164062500000
-0.097656250000
-0.079589843750
-0.253906250000
-0.025756835938
-0.124023437500
-0.164062500000
-0.112304687500
-0.082031250000
-0.101074218750
0.135742187500
-0.116699218750
-0.271484375000
-0.033447265625
-0.153320312500
0.013549804688
0.008972167969
-0.003463745117
0.087890625000
-0.024414062500
-0.088867187500
-0.038330078125
-0.044677734375
-0.098632812500
-0.003646850586
0.092285156250
0.106445312500
-0.008544921875
0.029907226562
-0.002563476562
0.032470703125
-0.000488281250
0.053222656250
-0.105957031250
-0.087890625000
-0.060546875000
-0.251953125000
-0.090820312500
-0.008422851562
0.056884765625
0.096191406250
0.079589843750
-0.306640625000
0.017333984375
0.017333984375
-0.154296875000
-0.173828125000
0.041503906250
-0.024169921875
-0.106445312500
0.003677368164
-0.157226562500
-0.080566406250
-0.016601562500
-0.201171875000
-0.033935546875
0.111328125000
0.080566406250
0.223632812500
0.198242187500
-0.036376953125
-0.015319824219
0.021728515625
-0.121582031250
-0.009033203125
-0.015747070312
-0.271484375000
-0.138671875000
-0.050781250000
-0.182617187500
-0.091308593750
-0.134765625000
0.047607421875
-0.207031250000
-0.135742187500
-0.150390625000
-0.059082031250
-0.068359375000
-0.024414062500
-0.053710937500
-0.110839843750
-0.082519531250
0.241210937500
0.222656250000
-0.089355468750
-0.018432617188
-0.209960937500
-0.140625000000
-0.095214843750
-0.100585937500
-0.213867187500
-0.062500000000
-0.065917968750
-0.069824218750
-0.068847656250
0.017944335938
-0.009582519531
-0.070800781250
-0.053710937500
-0.023315429688
-0.052246093750
-0.069824218750
-0.049560546875
-0.056152343750
-0.099121093750
-0.104492187500
-0.051025390625
-0.060058593750
0.024169921875
-0.120605468750
-0.085937500000
0.080566406250
0.079101562500
0.076660156250
0.162109375000
-0.010253906250
-0.003036499023
-0.010314941406
-0.027465820312
0.024291992188
0.002990722656
-0.009216308594
0.052490234375
0.034667968750
-0.037353515625
-0.036132812500
-0.007110595703
-0.027587890625
-0.086425781250
-0.074707031250
0.175781250000
0.188476562500
-0.059570312500
-0.026733398438
0.035644531250
-0.010559082031
-0.119140625000
-0.027221679688
0.063964843750
0.232421875000
-0.061279296875
-0.032714843750
-0.021728515625
-0.093750000000
0.015502929688
0.077148437500
-0.081054687500
-0.015625000000
-0.091308593750
-0.050292968750
-0.036132812500
-0.075683593750
-0.105468750000
-0.031127929688
0.030639648438
0.004272460938
-0.011291503906
-0.044677734375
-0.006103515625
0.176757812500
0.157226562500
0.139648437500
-0.144531250000
-0.091308593750
-0.089843750000
-0.124023437500
-0.140625000000
-0.109863281250
-0.116699218750
-0.086425781250
-0.134765625000
-0.101074218750
-0.164062500000
-0.142578125000
-0.138671875000
-0.144531250000
0.214843750000
0.040283203125
-0.046630859375
-0.037841796875
-0.162109375000
-0.057373046875
-0.129882812500
-0.144531250000
-0.170898437500
-0.060058593750
-0.033691406250
0.019775390625
0.068847656250
-0.028930664062
-0.063964843750
0.072265625000
0.152343750000
0.238281250000
0.222656250000
0.079589843750
0.154296875000
0.095214843750
0.081054687500
0.088378906250
-0.156250000000
-0.127929687500
-0.020263671875
-0.027709960938
0.215820312500
-0.070800781250
-0.052734375000
0.013916015625
-0.056152343750
-0.055419921875
-0.114746093750
-0.084960937500
-0.029541015625
0.046875000000
0.039550781250
0.123535156250
0.087890625000
0.026000976562
-0.000295639038
0.031494140625
0.056884765625
0.025878906250
0.046875000000
0.072753906250
-0.092773437500
0.014282226562
0.033691406250
0.033203125000
0.025146484375
0.082519531250
-0.026000976562
-0.124023437500
-0.176757812500
-0.134765625000
0.169921875000
0.090332031250
0.210937500000
0.153320312500
0.183593750000
-0.176757812500
-0.013854980469
-0.184570312500
0.082519531250
-0.150390625000
-0.174804687500
-0.030395507812
-0.145507812500
-0.078613281250
-0.090332031250
-0.198242187500
-0.221679687500
-0.172851562500
-0.210937500000
0.345703125000
0.071777343750
-0.045654296875
-0.065429687500
-0.100585937500
0.175781250000
-0.046386718750
-0.022460937500
0.017700195312
-0.070800781250
0.003448486328
-0.005981445312
0.030639648438
0.003189086914
-0.011474609375
-0.031494140625
-0.040283203125
0.009521484375
-0.016967773438
-0.167968750000
-0.175781250000
0.016845703125
-0.029663085938
-0.052978515625
0.059570312500
0.128906250000
-0.079101562500
-0.094726562500
-0.120605468750
0.285156250000
-0.163085937500
0.036621093750
-0.114257812500
-0.091796875000
-0.036865234375
-0.182617187500
-0.084472656250
-0.100097656250
0.013549804688
-0.130859375000
-0.208007812500
-0.134765625000
-0.146484375000
-0.117675781250
-0.105957031250
-0.094238281250
-0.097656250000
0.060058593750
-0.156250000000
-0.042480468750
0.044433593750
0.037353515625
0.033935546875
-0.105957031250
0.021850585938
-0.000862121582
0.046386718750
0.051757812500
0.020996093750
0.012695312500
0.036621093750
0.041015625000
0.037353515625
0.042724609375
0.039794921875
0.029907226562
0.031005859375
0.022460937500
0.026367187500
-0.093750000000
-0.188476562500
-0.066406250000
0.016967773438
0.052001953125
-0.152343750000
-0.038574218750
0.136718750000
-0.036132812500
-0.223632812500
-0.091308593750
-0.188476562500
-0.207031250000
-0.079101562500
-0.056396484375
-0.041503906250
-0.054931640625
-0.081542968750
-0.110351562500
-0.162109375000
-0.093750000000
-0.217773437500
0.172851562500
0.163085937500
-0.219726562500
-0.221679687500
-0.148437500000
-0.207031250000
0.023071289062
0.038818359375
0.009765625000
-0.005310058594
-0.077636718750
0.009643554688
-0.021362304688
-0.035888671875
-0.045166015625
0.010314941406
-0.010681152344
0.021606445312
0.022827148438
0.010620117188
-0.000249862671
0.035400390625
-0.001472473145
0.001777648926
-0.149414062500
-0.109375000000
-0.121093750000
-0.129882812500
0.406250000000
0.046386718750
-0.020019531250
-0.063964843750
-0.196289062500
-0.140625000000
-0.306640625000
-0.026611328125
0.071289062500
0.088867187500
0.049316406250
0.123535156250
0.002456665039
0.040283203125
0.054199218750
0.037597656250
0.039306640625
0.053710937500
0.040527343750
0.058593750000
-0.127929687500
-0.159179687500
-0.189453125000
-0.041259765625
-0.238281250000
0.048828125000
0.204101562500
0.023315429688
0.023681640625
0.035156250000
-0.077636718750
-0.035156250000
0.014038085938
0.030517578125
0.009033203125
0.018554687500
0.042480468750
0.045410156250
0.038574218750
0.018554687500
0.049072265625
0.067871093750
0.055175781250
0.062988281250
0.008483886719
0.023681640625
-0.123535156250
-0.088867187500
-0.134765625000
-0.020751953125
-0.045898437500
0.060791015625
0.082519531250
0.074218750000
0.188476562500
0.038818359375
-0.063964843750
-0.077148437500
-0.084472656250
-0.078125000000
-0.104003906250
-0.128906250000
-0.031127929688
-0.098632812500
-0.061279296875
-0.089843750000
-0.121093750000
-0.090820312500
0.073242187500
0.088867187500
-0.153320312500
-0.140625000000
-0.123535156250
-0.077148437500
-0.051513671875
0.007293701172
-0.002868652344
-0.001693725586
-0.029296875000
0.003784179688
0.000488281250
-0.001541137695
-0.000316619873
0.002487182617
-0.004791259766
0.009521484375
0.013061523438
-0.004730224609
0.002136230469
0.000280380249
0.004577636719
-0.002304077148
-0.000197410583
0.000034570694
-0.058593750000
-0.062988281250
0.000652313232
0.008117675781
-0.002380371094
0.007934570312
-0.107421875000
-0.032226562500
-0.069335937500
-0.064941406250
0.052001953125
-0.160156250000
-0.058837890625
-0.250000000000
-0.105957031250
-0.148437500000
0.022094726562
-0.157226562500
0.106445312500
-0.202148437500
0.100585937500
-0.087890625000
0.064941406250
0.055664062500
0.002517700195
-0.024047851562
0.236328125000
0.028076171875
-0.157226562500
-0.128906250000
-0.083496093750
-0.076660156250
-0.026123046875
0.070800781250
0.021484375000
0.010498046875
0.004882812500
0.051025390625
0.021972656250
0.027343750000
0.009460449219
0.057617187500
0.029418945312
0.034423828125
0.032226562500
0.034179687500
-0.068847656250
-0.070800781250
0.046875000000
0.044921875000
-0.090332031250
0.012573242188
0.009643554688
0.042236328125
-0.029052734375
-0.053955078125
0.021484375000
0.039794921875
-0.032226562500
-0.030883789062
-0.121582031250
-0.086914062500
0.191406250000
-0.068847656250
-0.132812500000
0.010437011719
-0.047119140625
-0.012817382812
-0.022094726562
-0.050292968750
-0.116210937500
-0.076171875000
-0.041748046875
0.020507812500
-0.111328125000
-0.009643554688
0.030761718750
-0.045166015625
-0.039062500000
-0.008300781250
-0.010986328125
-0.011962890625
-0.047363281250
-0.021118164062
-0.036621093750
-0.014892578125
-0.052246093750
0.000391006470
0.025756835938
0.021362304688
-0.046386718750
-0.104492187500
-0.087890625000
-0.123046875000
-0.096191406250
-0.024291992188
0.005889892578
0.004821777344
0.037109375000
-0.011230468750
0.040283203125
-0.273437500000
-0.193359375000
-0.111328125000
0.101074218750
-0.088867187500
-0.069824218750
-0.013977050781
-0.004852294922
0.061279296875
0.070312500000
0.010070800781
0.024780273438
0.059814453125
0.073242187500
0.045898437500
0.039306640625
0.052001953125
-0.202148437500
-0.206054687500
0.106933593750
0.110351562500
-0.102539062500
-0.121582031250
0.000427246094
-0.039550781250
0.009521484375
-0.014221191406
-0.158203125000
0.056884765625
0.073242187500
0.022705078125
0.035156250000
-0.040039062500
-0.127929687500
-0.100585937500
-0.126953125000
-0.124511718750
0.083496093750
-0.165039062500
-0.106933593750
-0.138671875000
0.022705078125
0.017211914062
-0.134765625000
-0.155273437500
-0.118652343750
-0.154296875000
-0.048583984375
0.161132812500
0.062500000000
0.026611328125
0.101074218750
0.030517578125
-0.092773437500
-0.091796875000
-0.072265625000
-0.019531250000
-0.019287109375
0.004211425781
-0.029907226562
0.038085937500
-0.003646850586
-0.015747070312
-0.012023925781
-0.003067016602
0.056884765625
0.080566406250
-0.046142578125
0.039062500000
0.053710937500
-0.036865234375
-0.037597656250
-0.041015625000
-0.126953125000
-0.093261718750
0.038085937500
-0.017822265625
0.001304626465
0.004974365234
0.016601562500
0.002029418945
-0.005767822266
0.010437011719
0.022094726562
0.004913330078
0.005371093750
0.012634277344
0.012695312500
0.017333984375
-0.151367187500
-0.117187500000
-0.049804687500
-0.073242187500
-0.146484375000
-0.004974365234
0.046142578125
-0.109863281250
0.033203125000
-0.115234375000
0.054931640625
-0.044921875000
-0.062988281250
-0.041503906250
-0.034667968750
-0.052246093750
-0.093261718750
-0.080566406250
-0.060546875000
-0.107421875000
-0.039550781250
-0.069824218750
-0.047607421875
-0.061279296875
0.145507812500
0.121093750000
-0.074707031250
-0.089843750000
-0.109375000000
-0.066406250000
-0.010681152344
-0.113769531250
-0.092773437500
-0.065917968750
-0.182617187500
-0.107421875000
-0.039550781250
-0.062988281250
-0.018310546875
-0.056152343750
-0.031494140625
0.005767822266
0.020263671875
0.155273437500
0.094726562500
0.080566406250
0.212890625000
0.145507812500
-0.070800781250
-0.054443359375
-0.206054687500
-0.225585937500
-0.230468750000
-0.058837890625
-0.229492187500
0.011962890625
-0.082519531250
-0.040039062500
0.081542968750
0.057861328125
0.014526367188
-0.008178710938
0.047851562500
0.065429687500
0.124511718750
0.050537109375
0.074218750000
0.031494140625
0.025268554688
0.056640625000
-0.002609252930
0.003326416016
-0.026977539062
-0.042724609375
0.110839843750
0.112792968750
0.008178710938
0.207031250000
-0.003967285156
0.092773437500
0.022583007812
0.038574218750
-0.123535156250
0.086914062500
-0.031250000000
-0.029663085938
-0.075683593750
-0.062988281250
0.209960937500
0.207031250000
0.187500000000
-0.029541015625
-0.036865234375
0.012145996094
-0.005035400391
-0.050048828125
0.022827148438
0.098632812500
-0.055908203125
0.063476562500
-0.029418945312
0.040771484375
-0.125976562500
0.026123046875
-0.047363281250
-0.055664062500
0.263671875000
-0.069824218750
0.029296875000
0.047851562500
0.035888671875
0.034179687500
-0.037841796875
0.014099121094
-0.045898437500
-0.060302734375
-0.124511718750
-0.045654296875
-0.069335937500
-0.018676757812
-0.004943847656
0.000421524048
0.084960937500
0.064453125000
0.197265625000
-0.168945312500
0.008666992188
0.034179687500
0.012145996094
0.020385742188
-0.500000000000
0.034423828125
-0.051757812500
0.089843750000
-0.102050781250
0.098632812500
0.034423828125
0.037353515625
-0.051025390625
0.086425781250
-0.125000000000
-0.115234375000
-0.062988281250
-0.083007812500
-0.036865234375
-0.022705078125
-0.026123046875
-0.008605957031
-0.275390625000
-0.318359375000
-0.109375000000
0.012878417969
-0.089355468750
-0.083984375000
-0.129882812500
0.042724609375
0.141601562500
0.093261718750
0.083984375000
0.041992187500
0.052734375000
-0.087402343750
-0.081542968750
-0.021362304688
0.018066406250
-0.012695312500
-0.068359375000
0.021118164062
-0.064941406250
0.025512695312
-0.079589843750
-0.023193359375
0.054687500000
0.023925781250
-0.019531250000
-0.070312500000
-0.027832031250
-0.028442382812
-0.172851562500
-0.020507812500
0.069335937500
0.089355468750
0.103027343750
0.169921875000
-0.018188476562
-0.067382812500
-0.043701171875
0.005096435547
-0.098144531250
-0.104492187500
-0.069824218750
0.009338378906
-0.079101562500
-0.061767578125
-0.121093750000
-0.110351562500
-0.030761718750
-0.086914062500
-0.030151367188
-0.057373046875
-0.080566406250
-0.080078125000
0.009643554688
-0.032714843750
0.001182556152
0.007110595703
-0.006958007812
0.009643554688
-0.010620117188
-0.013061523438
0.006988525391
0.009338378906
-0.006256103516
0.017822265625
0.006286621094
-0.001914978027
-0.095703125000
-0.083496093750
-0.042724609375
-0.040039062500
0.023437500000
0.117187500000
-0.008056640625
0.030273437500
-0.002273559570
-0.004821777344
-0.016357421875
-0.024291992188
-0.046875000000
0.087890625000
0.083984375000
-0.122558593750
0.047607421875
-0.199218750000
-0.138671875000
0.024902343750
-0.019775390625
0.016357421875
-0.023193359375
-0.163085937500
-0.019042968750
-0.031127929688
-0.135742187500
-0.153320312500
-0.002975463867
0.010986328125
0.231445312500
-0.047607421875
-0.053222656250
-0.037109375000
-0.163085937500
-0.016967773438
-0.006317138672
-0.025146484375
-0.000163078308
0.024536132812
-0.083007812500
-0.087890625000
-0.071777343750
-0.090332031250
-0.060058593750
-0.060791015625
-0.067871093750
-0.051757812500
-0.045654296875
-0.037841796875
0.015136718750
0.015380859375
-0.063964843750
-0.165039062500
0.016845703125
0.014831542969
0.163085937500
0.139648437500
0.065429687500
0.027465820312
0.001121520996
0.025756835938
-0.044921875000
0.027099609375
0.024169921875
0.014648437500
-0.013977050781
0.027832031250
0.020141601562
0.006713867188
0.026489257812
0.028076171875
-0.045654296875
-0.033203125000
-0.062988281250
-0.078125000000
0.015258789062
0.127929687500
-0.031005859375
-0.035888671875
-0.027465820312
-0.034423828125
-0.031738281250
-0.059326171875
-0.013854980469
-0.014221191406
0.003204345703
0.002670288086
0.001403808594
0.024780273438
0.057617187500
0.042236328125
0.000938415527
0.005340576172
-0.007629394531
0.023925781250
-0.012390136719
-0.010681152344
-0.158203125000
-0.136718750000
-0.075195312500
-0.052490234375
0.010742187500
-0.030029296875
0.011230468750
-0.048095703125
0.037841796875
0.036865234375
0.030029296875
0.044189453125
0.042480468750
0.008972167969
0.060546875000
0.025512695312
0.053955078125
0.033203125000
0.096191406250
0.165039062500
0.126953125000
0.153320312500
-0.011901855469
-0.112304687500
0.039306640625
0.033691406250
0.076660156250
-0.055419921875
-0.022338867188
0.014831542969
-0.110351562500
-0.065429687500
0.160156250000
0.032714843750
0.039794921875
0.049560546875
0.068847656250
-0.044677734375
0.052734375000
0.051513671875
0.038085937500
0.064453125000
0.073730468750
0.031494140625
0.033935546875
0.022705078125
0.114257812500
0.112792968750
0.030151367188
0.026245117188
0.101074218750
0.209960937500
0.054199218750
0.029296875000
0.028320312500
0.097656250000
0.025146484375
0.158203125000
0.031982421875
0.054199218750
0.050292968750
0.008850097656
0.011474609375
-0.068847656250
-0.078125000000
0.059326171875
-0.040527343750
-0.066894531250
-0.061035156250
-0.111328125000
0.027221679688
0.068359375000
-0.033691406250
-0.084960937500
0.167968750000
0.084960937500
-0.063476562500
0.010681152344
-0.010864257812
-0.040527343750
0.097167968750
0.007781982422
-0.047607421875
-0.120117187500
-0.077636718750
-0.137695312500
0.139648437500
-0.034423828125
0.273437500000
-0.179687500000
0.003402709961
-0.023071289062
-0.086425781250
-0.029907226562
-0.111816406250
-0.123046875000
0.103515625000
-0.088867187500
0.011413574219
0.025268554688
-0.029418945312
-0.022460937500
-0.119628906250
-0.053955078125
0.063964843750
-0.007293701172
-0.032958984375
0.016601562500
-0.026367187500
0.044433593750
-0.029785156250
0.004730224609
-0.030883789062
0.101074218750
-0.064941406250
-0.015075683594
-0.038574218750
-0.122070312500
-0.031982421875
-0.098632812500
-0.013549804688
0.004852294922
0.185546875000
0.089355468750
-0.055419921875
0.008117675781
-0.004699707031
0.009948730469
0.022583007812
0.057373046875
0.046875000000
-0.026000976562
0.066894531250
0.021850585938
0.043212890625
0.057128906250
0.053466796875
0.086425781250
0.134765625000
0.092773437500
0.069824218750
0.086914062500
-0.004302978516
-0.001510620117
-0.132812500000
-0.157226562500
-0.005920410156
-0.046386718750
0.030151367188
-0.026611328125
-0.009033203125
0.022827148438
-0.065917968750
-0.034179687500
-0.030273437500
-0.042236328125
-0.030761718750
-0.126953125000
-0.092773437500
-0.138671875000
-0.106933593750
0.053955078125
-0.064941406250
0.018676757812
-0.092773437500
0.026489257812
0.015869140625
0.014831542969
0.006347656250
-0.000926971436
0.063964843750
-0.112792968750
0.119628906250
0.050537109375
0.027832031250
0.036376953125
0.096679687500
-0.045166015625
-0.062011718750
-0.089355468750
-0.104980468750
-0.050292968750
-0.099121093750
-0.149414062500
-0.141601562500
-0.087890625000
0.103515625000
0.039062500000
0.056396484375
-0.016235351562
0.046386718750
0.080566406250
0.117187500000
0.084960937500
-0.130859375000
-0.026855468750
-0.041503906250
-0.115722656250
-0.125000000000
-0.021362304688
-0.147460937500
-0.085937500000
-0.033935546875
0.008850097656
-0.029052734375
0.163085937500
0.070312500000
0.054199218750
0.036621093750
0.132812500000
0.061523437500
0.085937500000
0.059814453125
0.050048828125
0.062988281250
0.030517578125
-0.167968750000
-0.218750000000
-0.242187500000
-0.193359375000
-0.232421875000
-0.049316406250
-0.092285156250
-0.049804687500
0.113769531250
-0.132812500000
-0.007751464844
0.011291503906
0.031738281250
0.104492187500
-0.012756347656
0.027709960938
0.019531250000
0.042724609375
0.007781982422
0.058105468750
0.068847656250
0.063964843750
0.035644531250
0.034667968750
-0.114257812500
-0.127929687500
0.304687500000
0.081542968750
-0.173828125000
0.006347656250
-0.025390625000
-0.004913330078
0.125000000000
0.004974365234
-0.094726562500
0.059082031250
0.054199218750
-0.112792968750
-0.096191406250
-0.076660156250
-0.181640625000
-0.026855468750
-0.116699218750
-0.060058593750
-0.069335937500
-0.077148437500
0.000808715820
-0.003128051758
-0.027709960938
-0.025634765625
0.090332031250
0.017089843750
-0.058349609375
-0.069824218750
-0.035156250000
-0.044433593750
0.160156250000
0.054931640625
-0.072753906250
-0.159179687500
-0.112792968750
0.024169921875
-0.001197814941
-0.125000000000
-0.069824218750
0.061767578125
0.103027343750
-0.021850585938
-0.085449218750
-0.103515625000
-0.016845703125
-0.008178710938
0.093261718750
0.101562500000
0.055664062500
-0.087890625000
-0.031982421875
-0.096191406250
-0.106445312500
-0.103515625000
0.151367187500
-0.010009765625
-0.031982421875
-0.051025390625
-0.028198242188
0.088867187500
0.000629425049
-0.036865234375
0.008422851562
-0.070312500000
-0.052490234375
-0.037597656250
-0.027465820312
-0.041259765625
-0.129882812500
-0.144531250000
-0.224609375000
-0.234375000000
-0.121582031250
-0.060058593750
-0.050292968750
-0.180664062500
-0.154296875000
-0.094726562500
-0.130859375000
0.005249023438
0.019287109375
0.048828125000
0.015747070312
-0.018676757812
0.026611328125
0.047119140625
0.048583984375
0.062255859375
0.052978515625
0.000534057617
0.006286621094
0.041503906250
-0.029541015625
-0.083496093750
0.092285156250
0.037597656250
0.053955078125
-0.117187500000
0.114746093750
0.203125000000
0.160156250000
0.080078125000
-0.141601562500
-0.008605957031
-0.071777343750
-0.056152343750
-0.059082031250
0.060791015625
-0.142578125000
-0.016967773438
-0.155273437500
-0.110839843750
-0.111328125000
-0.083496093750
-0.099609375000
-0.116210937500
-0.001304626465
0.075683593750
0.169921875000
0.159179687500
0.462890625000
-0.135742187500
-0.015197753906
-0.095214843750
-0.002075195312
-0.026855468750
-0.178710937500
0.121582031250
0.192382812500
0.082519531250
0.039794921875
-0.041259765625
-0.075683593750
0.065917968750
0.042724609375
0.033447265625
-0.007415771484
-0.017211914062
0.064941406250
-0.064941406250
-0.125976562500
-0.064941406250
-0.106933593750
-0.198242187500
-0.324218750000
-0.017822265625
0.098632812500
-0.039062500000
0.012451171875
0.028930664062
0.018188476562
0.016357421875
-0.081542968750
-0.111816406250
-0.099121093750
-0.084472656250
-0.223632812500
0.065917968750
0.003173828125
-0.033691406250
-0.178710937500
-0.180664062500
-0.194335937500
-0.243164062500
0.110351562500
0.104980468750
-0.083496093750
-0.097656250000
-0.289062500000
0.020507812500
-0.099609375000
0.039306640625
0.151367187500
0.134765625000
-0.105468750000
-0.084472656250
-0.095703125000
-0.106445312500
0.008850097656
-0.086425781250
-0.057861328125
-0.078613281250
0.015441894531
-0.023193359375
-0.166992187500
-0.117675781250
-0.177734375000
-0.124511718750
0.083984375000
0.101562500000
-0.087890625000
-0.040771484375
0.159179687500
-0.006622314453
-0.102050781250
-0.034912109375
-0.000892639160
-0.007080078125
0.190429687500
0.021606445312
0.000247955322
0.029418945312
-0.053466796875
0.012695312500
-0.028930664062
-0.112792968750
-0.162109375000
0.066894531250
-0.148437500000
-0.181640625000
-0.063476562500
0.068359375000
0.035888671875
0.004791259766
0.044677734375
-0.002258300781
0.149414062500
0.018554687500
-0.011047363281
0.060791015625
-0.074218750000
-0.065917968750
-0.080566406250
0.028442382812
-0.029541015625
0.060058593750
0.097656250000
-0.074218750000
-0.154296875000
-0.200195312500
-0.138671875000
-0.162109375000
-0.179687500000
-0.113281250000
-0.086914062500
-0.042968750000
-0.065917968750
-0.010375976562
0.125976562500
0.107421875000
0.292968750000
-0.113769531250
0.065917968750
-0.114746093750
-0.101074218750
-0.046630859375
0.161132812500
0.040039062500
-0.006439208984
-0.029052734375
-0.015258789062
-0.003585815430
-0.009216308594
-0.030883789062
-0.009826660156
0.036376953125
-0.027587890625
-0.050537109375
-0.032226562500
-0.036865234375
0.052246093750
-0.063964843750
0.042724609375
0.026855468750
-0.086425781250
-0.039306640625
0.012695312500
-0.015441894531
0.014099121094
0.003875732422
0.002120971680
-0.044189453125
-0.088867187500
-0.061035156250
-0.090332031250
-0.117187500000
-0.053955078125
-0.068359375000
-0.076171875000
-0.075195312500
-0.045898437500
-0.062988281250
-0.052734375000
-0.049804687500
-0.020141601562
-0.010864257812
-0.086425781250
-0.077148437500
0.001632690430
-0.126953125000
-0.066894531250
-0.034423828125
0.005004882812
0.025390625000
0.057617187500
-0.048828125000
-0.050781250000
-0.022827148438
-0.036376953125
0.003280639648
0.053710937500
0.036621093750
0.029785156250
-0.052001953125
-0.139648437500
0.054931640625
-0.084960937500
-0.028320312500
0.147460937500
0.055175781250
0.029052734375
0.016357421875
0.103515625000
-0.014221191406
-0.040039062500
-0.104003906250
-0.092285156250
-0.123535156250
0.020751953125
0.082031250000
0.095214843750
0.090820312500
0.047363281250
0.080566406250
0.086425781250
0.078613281250
0.108886718750
0.026245117188
0.050781250000
0.114746093750
0.117675781250
0.259765625000
-0.077636718750
-0.112304687500
-0.166015625000
0.023803710938
0.024536132812
0.060546875000
0.003997802734
-0.259765625000
-0.191406250000
-0.171875000000
-0.253906250000
0.102539062500
0.095703125000
0.015563964844
0.047851562500
0.018188476562
0.060302734375
-0.046386718750
-0.068359375000
-0.005157470703
0.039794921875
0.025268554688
0.057617187500
0.022827148438
-0.073730468750
-0.101562500000
-0.232421875000
-0.232421875000
-0.253906250000
-0.073730468750
0.028076171875
