0.151367187500
0.104980468750
0.099609375000
0.083984375000
0.031738281250
0.106933593750
0.017333984375
0.030517578125
-0.016845703125
0.011535644531
0.155273437500
0.183593750000
0.024658203125
0.116210937500
0.095214843750
0.065429687500
-0.037597656250
0.132812500000
-0.105957031250
0.147460937500
0.099609375000
0.066406250000
0.240234375000
0.100097656250
0.037109375000
0.073242187500
0.222656250000
0.037841796875
-0.020996093750
0.190429687500
0.027221679688
0.044189453125
-0.016967773438
0.283203125000
-0.018310546875
0.030273437500
0.187500000000
0.072265625000
0.184570312500
-0.042968750000
0.320312500000
0.184570312500
-0.037597656250
-0.275390625000
0.119628906250
0.230468750000
0.057861328125
0.108398437500
0.134765625000
0.007232666016
0.178710937500
0.095214843750
0.094726562500
-0.060302734375
0.045410156250
0.130859375000
0.066406250000
0.168945312500
0.137695312500
0.034912109375
0.007781982422
0.037841796875
-0.125976562500
0.024414062500
-0.002410888672
-0.055908203125
-0.029174804688
-0.024414062500
-0.184570312500
-0.030761718750
0.020751953125
-0.006713867188
0.251953125000
0.207031250000
0.396484375000
0.141601562500
0.073242187500
-0.052978515625
0.084960937500
-0.060058593750
0.032470703125
-0.003494262695
0.208984375000
0.004760742188
0.162109375000
0.171875000000
0.044921875000
0.182617187500
0.096679687500
0.000476837158
0.023803710938
0.162109375000
0.133789062500
0.164062500000
0.090820312500
0.103027343750
0.126953125000
-0.084472656250
0.025268554688
0.202148437500
0.191406250000
0.079589843750
-0.111816406250
-0.037841796875
-0.173828125000
0.111816406250
0.076660156250
0.017211914062
0.038818359375
0.019287109375
-0.125976562500
0.174804687500
-0.001213073730
0.021484375000
0.165039062500
0.101562500000
0.016235351562
0.051025390625
0.131835937500
0.197265625000
0.330078125000
0.174804687500
0.131835937500
0.103027343750
-0.056640625000
0.120605468750
0.296875000000
0.043701171875
