1581 -480
489 1041
1557 -402
672 1208
1394 -562
459 1696
1755 -664
164 1677
1518 -349
518 1413
1308 -921
813 1929
1678 -1110
176 1851
1388 -662
757 1480
1112 -380
806 1535
1460 -59
587 1507
1796 378
222 1183
1832 14
360 1359
1997 -571
75 1545
1687 -914
289 2137
1514 -758
-204 2203
1490 -611
140 1484
1543 -596
258 1458
1499 -611
193 1424
1607 -349
-154 1509
1668 -79
-69 1333
1489 -479
-86 1728
1609 -501
-515 1651
1422 -374
-328 1622
1623 -728
-390 1785
1404 -444
-339 1507
958 -291
-544 1699
1282 -122
-568 1538
1607 -611
-330 1600
1860 -431
-197 1505
1502 -352
-211 1346
1652 -450
-77 1106
1462 -515
-167 1317
1631 -658
-364 1121
1251 -531
-98 1043
1391 -910
-217 1147
1427 -556
-420 990
1140 -331
-231 1019
1217 -315
-97 1499
1881 -253
-347 1636
2152 125
-343 1656
1525 -24
-510 1766
1744 -370
-732 1728
1322 -322
-885 1413
1457 -724
-732 1422
1578 -398
-377 1509
1624 -449
-456 1773
1959 -202
-369 1197
1681 -197
-178 1284
1749 -514
-699 938
1698 -604
-481 1038
1763 -610
-650 1215
1365 -349
-862 1149
1461 -441
-916 1453
1639 -518
-622 1333
1925 -544
-338 1243
1797 -130
-453 1205
1662 -520
-397 1333
1439 -579
-599 1309
1156 -622
-586 963
1469 -289
-351 1274
1373 -184
-684 1453
1698 -788
-651 1267
1905 -373
-651 1253
1506 -247
-596 1137
2300 136
970 -815
2097 717
709 -31
1884 474
490 -198
2518 178
819 71
2762 538
838 312
2697 195
1062 586
2380 763
1055 335
1625 492
1022 146
2412 647
616 350
2304 1052
765 389
1956 726
544 665
1856 446
534 363
1882 794
997 760
2059 995
915 523
1974 1502
1017 539
1835 1334
711 874
2103 1477
864 556
1712 1373
1190 319
1621 1281
1002 331
1811 1603
476 405
2178 1670
487 104
1765 1459
603 689
1463 889
533 908
1461 1599
802 1193
1378 2011
606 1085
1486 2183
319 975
1223 2063
298 850
768 2160
213 834
1013 1847
372 668
1576 2217
257 819
1076 2005
280 591
785 1779
-25 486
503 1756
48 311
678 1991
381 868
607 2125
228 1094
872 1985
-60 623
800 1912
379 905
771 1479
-89 1255
679 1613
43 819
643 1971
87 1015
544 2194
165 656
807 1726
224 580
881 1958
235 731
489 1897
-197 1207
275 1797
-351 601
-175 1680
239 677
-253 1440
-52 454
88 1517
-316 563
-30 1595
-911 427
-68 1353
-772 530
278 1410
-872 607
132 1818
-528 940
-68 1727
-748 867
387 1521
-395 545
773 1871
-341 521
656 2022
-599 437
485 1864
-444 458
77 1877
-199 802
-382 2132
-219 609
-104 2232
-492 519
136 2578
-261 643
-291 2390
-283 949
-235 2289
62 665
-92 2226
295 996
387 245
-46 -416
553 23
141 -94
261 -169
-248 391
158 -130
-113 373
124 223
-30 411
-274 89
-157 121
55 -254
3 156
390 116
197 271
357 292
381 73
118 -11
615 217
142 -41
619 -9
-118 1
715 -263
188 -270
455 -103
121 -17
156 -72
-92 -269
238 215
-14 -104
69 -97
-441 -144
194 -235
-167 116
-4 -254
-500 355
183 216
-160 -43
-10 192
-307 273
200 11
-588 149
178 -105
-513 104
321 -250
-153 207
81 -451
61 -80
-72 -361
286 254
-329 -127
-183 72
-213 69
61 -78
-246 247
-147 34
-194 489
-252 278
-229 667
-503 -37
156 571
510 -134
312 450
461 303
194 -82
-64 0
321 -113
-344 -313
231 98
93 -58
-10 58
-113 283
-191 -12
45 213
204 265
162 379
163 417
-496 413
-265 32
-515 55
45 28
-315 171
92 435
33 -152
20 -63
444 -223
-24 134
550 -165
-31 -15
234 -22
161 243
77 94
-86 230
-58 -60
33 6
13 -819
-132 34
-37 -285
-48 -409
-540 -147
71 150
291 38
-445 227
302 271
-125 44
138 -210
214 -117
326 -438
-164 -7
182 -205
-258 -136
200 -186
-29 39
256 -31
42 229
115 98
-293 271
-13 233
-263 117
25 -429
-330 195
638 -384
-376 -10
322 208
-40 110
-122 -121
-49 413
235 -146
-126 46
443 31
-408 -345
115 395
-303 -79
140 214
88 637
345 -38
-203 473
234 -66
57 190
314 -241
-170 348
194 -443
-6 -11
270 -67
12 126
-17 318
-36 152
354 -124
-54 172
139 -91
34 234
-176 -143
-226 376
37 27
97 142
-53 23
659 402
-95 80
529 197
10 247
-44 25
1 349
-207 -233
59 274
-19 94
292 74
61 8
415 -162
240 69
262 -96
171 -399
-93 -157
49 -250
-22 -316
-125 -284
-131 -173
-37 -278
-238 -67
168 -179
-372 102
223 46
-22 201
307 12
-23 316
-362 58
-478 -108
-523 -150
-575 -13
-258 -359
-163 338
193 -109
60 265
-152 271
-158 -139
-298 -168
-165 -83
248 -69
24 317
52 175
-91 388
-232 -245
10 -177
-435 -395
104 -460
-687 190
-158 -23
-551 167
-690 123
19 127
-529 -83
102 -58
-457 15
40 85
-342 70
-117 161
-277 196
-199 67
-501 -2
137 225
-275 82
33 235
-384 355
348 -47
-212 376
381 -204
8 80
391 -221
172 13
225 36
28 -255
159 117
13 25
-33 -338
-460 -215
244 -395
124 -521
-288 -105
35 -165
-247 -546
-20 -400
-109 64
69 -218
-318 -38
47 11
163 -237
-445 33
132 -9
-206 -339
-315 -108
-349 34
-245 -98
-439 -175
-176 228
59 -194
75 236
-4000 41
-561 1312
-4746 -197
-1263 825
-3232 506
-729 -404
-4074 189
319 274
-3530 -624
-168 984
-2957 748
-1914 -461
-4637 391
1091 83
-4769 -267
-1426 1540
-4339 205
-47 -71
-4612 707
-1455 -783
-4186 -519
102 1340
-2631 -218
-1477 -455
-3588 -564
-610 612
-3465 -498
-1795 -211
-4503 -276
526 -702
-3701 591
370 1271
-3711 -384
-445 109
-5113 461
-1426 416
-5003 -68
23 -645
-4966 -692
-1204 693
-3091 -194
-734 75
-5358 -900
-65 243
-4427 291
-1108 864
-3941 143
677 335
-5356 -1835
-609 589
-3810 557
-916 -433
-4151 345
-674 696
-3354 1011
-739 730
-5066 -630
-891 1358
-4095 386
139 531
-3445 663
-807 1034
-4092 -280
-755 -186
-4492 1331
-28 798
-3170 -1383
-714 1508
-4416 1196
-789 505
-3496 -469
-1011 631
-5238 -1323
-1571 1299
-3936 1314
-1927 85
-4671 586
-932 279
-5548 -269
-1423 11
-2463 -739
-1073 -75
-5273 137
-776 -90
-2122 -633
-152 416
-4081 602
-1024 464
-4720 -92
-1163 1330
-3745 -204
-341 -1082
-5038 -226
-448 1775
-3349 -482
-498 -427
-4073 -716
76 -134
-4178 -21
-1500 427
-4500 -239
-34 -375
-4507 -1147
-934 -930
-4700 993
-1391 347
-3609 -426
-342 1278
-5671 648
-1878 -639
-4169 123
-1258 -6
-3406 -94
-1504 -456
-4481 -1008
-1181 -421
-4085 228
-920 795
-5210 -179
-2783 91
-3346 -301
-103 111
-3737 824
-574 662
-5159 -717
-1008 477
-3564 399
-556 760
-1221 501
-2195 1159
24 -559
-1794 -1085
1332 455
-945 1278
-403 2016
-1574 -364
-499 16
-1437 -59
-200 935
-1329 -407
-1147 -1711
-3 -81
1303 737
-839 -682
-1374 712
-660 -782
613 -970
-817 231
918 -818
197 -1743
176 179
-688 790
-533 -212
-1014 -674
-728 622
371 -671
-324 -1453
-1510 -630
-159 476
-704 -420
-228 -731
-23 603
653 -772
-321 -582
-186 176
-379 -928
-175 648
-134 -1414
-86 -21
-315 400
1175 -2074
-1702 -1437
-227 -18
-987 262
-1399 -953
-588 -1076
61 154
-282 -756
393 -635
-370 -1432
831 -482
-520 -634
999 -830
283 -1086
1194 1332
-149 -400
173 -1016
375 -1560
1395 -1467
-136 -358
224 -1120
825 -1441
950 -66
-833 569
225 416
-1338 -94
1153 222
-163 -1368
380 532
768 -305
859 -402
-1313 -197
589 732
1457 -1395
257 -306
56 -115
-191 437
621 -954
1058 -66
691 134
644 518
-324 -978
-237 -855
-1302 -345
463 -119
225 -1893
797 -336
743 242
885 51
-436 -687
745 839
1434 -924
513 828
-728 -2197
651 490
1003 -225
17 1069
-321 -1687
-1087 1595
226 -329
-505 -685
-395 -685
264 582
880 -873
146 1220
-31 -87
-1361 -392
602 -952
-505 391
-157 -1396
170 -275
-351 645
-722 -708
300 -1021
374 41
564 -603
-297 1181
1053 -1720
-649 -53
-1046 443
524 -384
705 -674
-828 439
-328 -193
508 1000
-259 -1032
-65 772
-56 135
63 -414
-679 -832
359 195
-158 -1218
-79 -229
24 292
-450 -324
1276 -686
1091 -316
357 -125
-971 837
102 231
-1203 574
245 -480
-472 -389
311 249
759 38
-525 -421
-455 99
461 453
270 119
-449 -316
-123 685
-631 -697
204 -1496
579 560
594 82
-912 -739
-291 -422
1581 534
286 -781
-87 -928
-1790 -37
-186 1013
1466 -1127
-1083 -295
-314 852
931 136
598 -997
155 232
747 -280
703 100
798 987
179 238
-428 413
474 -272
565 1069
-907 -641
-1486 -754
-20 538
1179 534
-532 12
-549 -295
-351 409
34 175
-804 271
78 -288
-198 294
1182 494
419 1276
-1504 1205
979 -82
594 -1057
885 234
-495 -587
-493 218
293 4
110 -213
-1426 -127
659 -528
124 -392
342 1
-57 274
-862 831
425 -274
945 -1032
1539 -1814
1082 -1233
243 1030
-914 1157
1379 297
808 -826
-154 1150
467 640
128 1109
-348 -205
-499 -276
511 1256
-42 -764
-117 -228
394 -694
455 431
1132 -231
1053 533
904 1221
820 50
-1797 -1442
961 1817
622 1203
-299 -1401
-995 1056
640 621
-45 -237
926 616
612 130
143 293
-625 28
498 -816
-288 -668
-15 827
-570 384
201 360
-719 -100
-706 -362
-1079 -633
506 -378
-482 -196
72 189
1106 806
457 -38
-1936 192
23 442
-322 -401
-935 545
1328 -697
-167 -244
1225 265
794 -383
-617 -1268
521 -531
3 -529
-789 507
913 -142
-444 -55
813 38
2247 -1290
1048 -445
-1133 252
469 341
605 -328
558 -299
-201 228
-2025 -407
-448 428
611 77
-157 -92
239 502
39 48
-17 -1299
-268 567
-160 369
597 -1016
213 618
191 1150
381 -637
205 197
-293 -146
602 -692
248 813
-25 -1167
418 -79
53 1051
-135 661
-118 174
1087 870
834 1144
-76 377
2 -291
-209 108
930 527
853 -161
-615 -1012
-454 510
-498 949
99 -94
432 -351
-591 -110
-1782 677
304 296
-567 655
-318 988
-892 -1171
374 -422
495 -1681
972 -242
271 -1
-997 189
828 526
-392 1942
-1644 69
1264 281
198 -1090
67 -46
947 -489
-284 1006
-1088 12
-287 242
494 -1077
78 -205
34 -776
868 573
45 -96
-480 -237
-635 -1012
-1866 -728
293 1977
198 -176
628 0
-1122 239
-276 608
-351 247
-325 -397
-151 445
157 -624
-509 237
541 205
727 -4
-283 472
-1417 -195
741 -54
27 14
-415 375
-1171 -383
413 -353
-29 1162
-1065 -500
-1083 -710
-868 410
-602 536
230 -731
-756 -417
1442 -174
933 385
-645 349
-585 1458
88 -1008
199 -1248
-303 1382
-543 183
-1078 -662
-319 -948
692 1067
-915 -1032
-147 597
630 -1266
-1046 -1048
-403 -197
250 -286
111 -1599
-844 -222
-82 179
-303 88
-254 -13
78 452
553 694
1412 -2254
626 1704
2628 -197
-250 1124
2293 309
85 1683
1575 -1171
-316 1081
901 -2504
-613 698
1991 -668
205 2516
-1538 -935
1844 2827
2132 -3439
1811 1168
-671 -556
1363 -1628
1451 1153
711 464
-729 -1021
-1911 -1821
2798 1377
-2153 1853
1341 -2019
-683 3421
3351 -1564
836 2724
713 178
696 -6
-1041 -1962
-682 905
1229 -564
2794 -664
3030 -45
724 420
946 785
940 1274
1852 -1298
-2160 953
541 348
1827 1589
1193 -1123
177 -21
2612 -432
-171 790
-545 -1393
1276 3711
2240 -1449
-322 542
2318 -688
1470 -691
1922 -527
-1446 720
291 -1494
345 1688
1945 -835
1206 1499
499 617
-1334 -436
1956 -1490
423 2420
1205 415
159 -898
-27 -81
816 4098
912 -1432
1513 110
1454 -847
233 1419
2221 772
3797 1481
2249 -1134
-763 -2335
2137 523
408 251
1918 -1589
1769 -2
2120 -669
-3319 292
2077 -441
1903 912
1875 70
-2330 1742
1473 92
891 -1243
2737 -607
1866 1025
2191 -2551
-286 1285
112 1423
-962 492
604 -2515
62 1203
-65 1933
-1142 1147
2039 1010
-616 814
2712 -945
-136 1487
740 1163
623 1916
3218 1535
951 -1163
2979 -2290
-1562 1958
272 -3101
-59 109
3869 893
-189 1572
304 -1129
-184 1229
1586 443
1487 2111
1746 370
225 1479
-470 -376
3091 1050
3907 1546
-2018 545
-173 1336
-1209 1291
1869 -1554
176 2020
1857 647
-1229 132
1797 416
2323 -2635
2324 234
1106 43
1503 2615
-776 -2199
1495 -853
660 -3557
2633 1810
375 -650
1707 -563
-212 -1204
689 -251
2408 2239
-1614 440
916 -1361
831 2418
3487 -2608
1549 1283
532 810
1887 -322
890 -364
-571 2877
1125 181
2356 -966
2616 -548
1058 179
2392 -1977
-2238 573
851 1195
841 157
1851 -2929
529 -267
1057 -692
-706 -1816
126 -200
-1155 2186
2031 -274
-272 1071
1547 -2728
250 2240
1674 -1195
-69 -465
-995 1447
1345 2533
958 1549
1322 -911
4274 1120
-708 24
861 -1127
-866 -149
1275 -67
998 1151
495 -367
-589 -449
2438 944
-451 2518
2094 -2427
398 198
2088 -1215
-976 1381
-268 555
-883 -112
1771 307
-1114 2806
365 335
1000 21
1875 -1405
1776 -637
860 -1190
-1027 1064
1555 -2458
-1725 1764
114 458
2676 -330
479 -272
-2700 393
1363 2090
210 -173
3165 -1499
-1224 420
374 -802
-1531 -1140
876 -147
-830 965
784 -411
1267 170
-255 893
-750 1755
934 1880
-782 -1046
1939 329
-563 1725
1641 1019
-2192 1230
1034 -26
1358 2725
1208 -1672
511 263
1212 230
1199 2247
3459 -1309
861 -1326
2290 2703
-169 -1171
2702 145
-552 316
1553 -1198
647 -623
1354 1430
-1216 164
426 -708
781 1935
-1215 1402
653 -1331
2805 3460
-518 1435
1458 570
-709 -244
1815 -1644
-2036 2788
1795 -809
1015 -1948
766 1225
-1393 461
2938 328
-383 -162
280 -552
-1324 -102
-1861 -2484
878 566
-2199 2712
812 1001
-194 156
116 -493
-191 939
223 -1162
222 -1519
-1963 -1380
-1930 -666
822 -438
955 -741
1800 -2171
-433 -990
-875 -1199
77 1499
-1533 -924
-1670 540
-314 -67
657 -77
-2525 -1209
-258 -22
-996 621
390 797
-640 2490
161 1319
-408 -1476
-1688 243
2631 1339
1277 231
-2170 -640
425 1009
753 2049
3596 -1288
-63 -1829
-2477 1515
2999 1707
575 -1373
-1644 135
-752 1247
84 1094
-123 677
-235 595
-180 -2696
-720 213
1601 -1450
-209 1099
-2420 -1350
1059 2517
1996 1714
-74 -579
-1649 -1108
993 1370
708 1284
130 -1167
481 99
413 -211
636 853
1629 185
905 -908
-771 -2238
758 -1578
-270 -105
-2814 1135
-1518 111
1681 235
502 396
845 990
-243 608
1012 -887
-1033 1264
-1206 1477
1 535
782 505
1279 -2081
-13 -164
-859 1254
-825 1923
-1123 1423
1568 -1780
1577 -2389
-1992 -504
-2282 737
1206 -1005
-243 -513
-1752 -778
1053 478
1024 2045
-516 -1206
515 1505
456 293
-360 146
513 -866
-2962 -675
-2011 810
-1604 -400
-162 356
3130 3306
636 -1352
-457 -1376
644 2614
278 -2362
809 -1205
-1028 254
-457 -231
-735 207
-737 195
284 1125
-1207 1869
-38 1500
1171 -117
674 -856
-847 -1207
-566 196
1333 224
1652 1559
-859 344
447 -1483
1239 -98
-2337 234
-444 -1259
1200 1101
95 -553
-833 649
339 -724
-1505 1254
-205 -670
-1301 -47
-1360 -185
1532 2100
219 2910
236 -1694
3046 -1339
-1559 781
1601 -1966
-184 663
-2972 234
-57 207
1574 -2730
-614 -1481
-874 -686
-683 583
-247 278
3303 287
864 -1060
-1061 -466
1340 517
-811 -1043
-466 -315
-1099 2608
731 -178
957 765
762 1557
-268 125
-979 -1456
1178 1692
-1469 -1221
74 664
-2542 597
-421 -185
-214 1026
422 81
-1521 90
1326 -1266
1551 2191
-3075 172
-1204 -1931
613 719
162 782
859 952
-2304 143
377 1597
-282 1421
1363 78
1117 -640
222 1731
-1828 1162
1895 2022
1372 -900
-116 1381
-557 -1416
883 -2077
375 2734
-906 995
-36 2102
-1436 960
956 -46
1913 1171
-2165 -856
-233 -1577
2396 -724
-2705 1420
595 867
405 2199
-262 -64
73 -539
883 -1571
16 -86
-1611 -964
473 -654
-132 1258
-3644 -56
966 758
-1008 1706
2190 360
2273 1064
1676 -4245
-216 -436
-839 526
1240 730
503 -1208
713 1456
1884 242
-534 -1277
-196 484
521 -299
137 44
-1338 -105
361 -2467
2276 -147
-758 -1058
-1534 -2573
57 -770
680 -346
-1641 -367
-2409 -3288
-1064 1494
62 1338
436 -401
-1344 124
-637 1674
-452 1287
-2467 1055
-946 -133
-196 -930
423 -1491
-438 1104
-545 1216
-211 -606
-256 -1596
1431 1444
-865 462
-1147 -682
112 -306
203 -901
-107 -196
509 808
431 -83
-413 863
-74 811
2122 296
1315 -1681
-302 -422
-729 -855
-179 -1786
-2953 -1470
-1508 2278
-270 -3545
-4612 -246
-3340 -5528
-5102 2523
-3684 -4289
-4443 4991
-3534 -1642
-1919 5219
-2656 -3742
-345 4439
-1298 -6271
-940 3447
-4857 -5832
-2216 5897
-4186 -4504
423 3368
-4816 1503
-1183 1018
-2994 -175
887 664
-1146 3254
-3948 -168
1375 -3089
-3090 4745
-2976 -6184
-5636 4823
-3075 -5203
-2847 3098
-3683 -1300
177 3768
-127 -2918
-1711 2569
-4524 -3456
-3376 1534
-1799 -2678
-1284 1136
-2817 -1981
-3533 2146
564 -953
-1408 295
-2317 -1959
-3605 3031
-653 -1702
-5049 809
-1357 -4030
-2654 3731
-4261 -5273
-4648 3338
-3709 -2199
-4065 4508
-5349 1513
-4161 3399
7 -2613
350 3327
323 -1726
-3259 1546
-3702 -4930
-987 -244
-1686 -2562
-2784 2563
-2842 -5460
-2225 1688
-665 -1198
-1273 99
-4953 -6059
-2897 293
-4649 -2809
-2355 2458
-2993 -3896
-4576 -1185
-5808 -739
-2896 1307
-1661 59
-1901 529
-1402 -2163
-3862 4142
-1765 -1149
-3242 2671
1660 -2020
-4343 2810
-3776 -3663
-3225 2629
-1515 -3164
-3986 1389
-4799 -89
-5077 2130
-5705 -2231
-3581 3127
-3025 -3047
-2901 471
620 -746
-2638 4127
-3495 -1116
159 -1282
317 -2142
-6523 33
-1396 -1959
-5066 2630
-836 -4364
-3122 1347
-3446 -2300
-5696 618
-2689 150
-4173 4033
454 -3939
-768 3045
-45 -2523
-5589 -519
-3158 -3826
-36 2918
-2041 -2083
-3961 1454
-3938 -3165
-3285 1214
-2373 -4842
139 455
-5574 -1753
-4423 -2510
755 -1665
-1402 -514
482 -4561
-4578 2523
-2277 -3662
-3728 -700
-950 -900
-2765 -415
-215 1982
-759 -2288
-496 -385
-426 -2432
196 2231
-693 1181
2210 2272
-2401 -1910
2729 -19
-665 2451
4047 -788
1015 2411
-462 -2638
3345 19
-1758 621
-701 -3221
-986 2593
-2954 974
1304 -57
-763 1669
-1597 1037
12 -1501
548 -2262
-3397 2253
-2123 450
593 1752
-982 1983
3422 1802
1631 -793
2491 960
740 5053
415 -106
1495 888
-85 2075
341 -145
2315 -2632
-1789 -1342
893 1
-1346 2920
-1306 -1889
-179 1997
-705 1556
542 1143
180 -2205
838 -2740
-895 2775
-3918 -345
3605 1297
640 3767
945 320
654 187
-837 680
-776 1527
1280 2980
-3966 0
-144 -2180
-3323 3474
-1002 541
-8 5286
-306 1295
1679 1360
1985 803
-1255 -275
-1509 -2202
-1825 -306
-1100 -1721
-1984 2032
512 1667
-2247 1322
1569 -651
-1963 4993
834 -2565
1293 489
-4083 644
-619 -1582
1021 777
-1127 -2757
-2241 1158
-4464 3162
-686 1154
-68 2786
140 1547
627 -281
2833 -713
-129 1942
-995 -650
371 -172
14 -1367
-1196 -1556
-1448 1977
-3702 -357
-74 -1326
-2252 -3073
1168 -901
-1797 -216
-2286 -1005
-1394 1925
-3338 -897
-478 -2598
-399 -1244
-2526 363
-2968 1488
-1005 -1257
-440 1527
-3865 1197
-1434 748
-916 1787
-1995 993
2189 -408
1301 1236
2043 2133
-1637 -1741
2799 -1534
-1749 367
-2799 -2606
-290 -1088
-2737 908
-1079 592
-1434 3429
-150 -697
592 4075
-543 3119
-285 354
1934 -12
-2184 898
1291 -348
995 2057
2091 2174
3763 3534
-1726 -973
2869 -4127
-727 -400
-1092 -188
-655 2423
1497 -1974
-1008 2301
-649 1692
775 4289
496 1988
-423 891
-793 -664
-3643 2283
2342 1801
535 2685
1713 -1565
276 1938
962 -2295
951 2315
-532 -344
4270 2123
94 -1085
3555 -1041
-589 -2237
1099 -3688
-662 239
-1177 2494
130 -732
-2182 -702
-1600 849
1795 678
-1013 -885
-901 -2013
-3032 2080
452 2144
120 -979
-3890 -2956
-1765 1041
556 258
-900 104
-178 -1058
-2325 -9
-249 -604
-1536 3181
1555 -787
-2184 2313
-479 -2222
3272 576
-1893 -3796
-1032 -783
-1315 49
594 1395
-2780 -2715
56 -909
-728 1265
-900 -563
2 1169
-1513 -1027
-2400 299
-4037 1461
1805 2159
2199 2338
-1430 -1234
4968 127
464 -918
-1510 -18
149 -1047
-137 -1427
-243 -2406
-280 774
-777 -1713
576 371
-1176 -917
-384 173
-593 2633
-397 1024
1513 147
-1542 159
-436 -1092
-4083 2134
-2567 1697
1229 1481
3350 1589
-1089 55
421 -1076
4573 401
-581 -1650
943 -2688
558 -734
141 -1454
-759 -1651
354 330
-2751 -470
2867 926
2419 -3127
1044 -2027
-1705 -1674
-3108 -3833
-3600 -1589
-886 292
-1121 -2678
597 2440
-2481 1484
2055 766
-1126 -1186
-414 578
1079 -1305
1619 -649
860 -1582
1395 -486
-2277 -1534
-380 1096
1414 1988
2636 68
-2089 1150
1016 -716
1969 464
2001 3094
-1655 -1030
3170 -2337
286 628
632 -3667
-746 79
2324 88
1248 398
394 396
657 2618
705 525
1341 1401
-565 -1314
-1626 -4449
119 5285
-5083 1247
3230 -38
-3317 3872
-326 -1690
977 1297
-1050 754
-977 3106
2537 1499
1205 1774
1691 -1290
1156 -927
-2117 -256
131 1283
1515 -299
-1503 -870
1533 355
952 -396
2256 -2520
-1489 -733
-2443 -79
-2643 -178
1078 -336
154 1990
-2572 -595
2038 2914
848 1103
2381 -87
1886 -226
-449 375
-336 1025
1244 -833
-1004 1968
-2824 -3409
4427 -604
507 1725
2074 -316
138 -1483
22 -1091
2222 -2231
-162 -2521
1063 -1010
-519 -1596
-2453 -375
-1831 -1891
2846 -1464
-1791 -2840
143 -107
-175 -3131
2418 1262
-1674 3734
1182 -1822
404 -2171
-1466 863
-1731 -1533
-1917 261
-4577 -154
2942 497
-1228 1563
-1533 1686
1285 -727
-343 747
-2234 -2287
-645 601
-684 1156
193 1588
-1136 239
2432 2863
-3013 1898
-98 -1917
3525 242
-1841 -1809
2183 -2244
-2629 1162
-2035 476
-3772 4049
-116 322
1178 -1439
-1386 -944
1 714
-833 -2566
-1423 1032
69 -216
-195 96
-3473 -716
-504 -913
68 -208
1065 3131
-2929 547
55 1363
1546 4295
595 560
526 474
2459 2990
2852 3217
3268 -2412
848 -2219
843 -524
2649 -1787
-577 -930
1776 -2893
1427 -1989
-1201 -1022
369 328
-462 -2227
1238 -1176
-1075 -2143
-1365 -2874
-101 1165
-2046 -490
879 -33
96 -494
447 1001
-412 598
-2506 1778
688 1368
-143 -275
500 -799
-456 371
-2137 -290
-3035 2435
-1117 107
2222 1717
-624 3498
