6225 -9169
9347 -9967
6218 -8932
10478 -5579
8622 -5787
12242 -2560
11469 -2076
10204 -2312
12267 458
8693 -1279
12613 -4704
6935 729
10720 -1800
11846 -286
13988 2435
9360 6477
6751 6755
8085 6491
3960 9412
2690 6473
1437 9880
2586 3466
1671 8023
3290 5302
-219 -2237
781 -1658
-564 2878
1624 7037
2821 3431
4646 1900
3056 2616
4383 7474
5670 2422
4932 -617
4632 4822
7656 7438
9330 3007
6942 6420
8777 10720
4095 8330
2736 8709
5259 12759
4714 10618
-950 11528
2132 10727
-1898 15607
-3293 11877
-5223 9552
-7351 8134
-8276 6140
-13882 9172
-5615 7388
-14068 3881
-6622 2486
-14827 1617
-6134 1753
-9625 -6352
-8680 -1336
-2703 341
-4950 -4177
-4905 -536
-5805 -1959
-6621 -3935
-6824 -1484
-2034 3510
-2352 -312
-6212 -1306
-8267 2238
-10605 1525
-7036 -258
-8452 122
-7980 2134
-12208 1095
-12244 -6305
-14416 -2557
-8846 -4853
-8699 -7925
-9071 -5347
-7992 -10250
-9108 -10071
-4874 -12667
-4836 -14044
-3199 -10408
-574 -13807
-4566 -10288
-654 -11418
-1377 -9609
3295 -12434
3448 -13264
4172 -10955
5774 -6734
6139 -6368
3242 -7441
4912 -7005
2792 -9875
1462 -11916
6605 -7407
7038 -6432
8188 -4655
8617 -4629
10521 -3385
6870 -2520
3129 -371
5849 -582
2704 3523
7706 -718
1249 1525
3593 3132
1252 1491
3061 -688
-3953 -1221
-4889 -527
-5930 -1288
-1785 -905
-4151 -4663
-2140 -4176
951 -8990
1421 -9381
6692 -11035
8065 -7455
11861 -7630
9637 -7758
14881 1028
11451 -3288
9848 -2430
9851 6425
14992 7037
11331 7963
11975 9011
6291 10701
-499 8613
989 10986
-910 12583
-3365 11291
-6266 11073
-4445 8979
-7269 9543
-12223 6882
-9938 2747
-10935 816
-13721 646
-10682 -2567
-8292 -2703
-9876 -3207
-8575 -7723
-5837 -10231
-2774 -9375
-3340 -9563
-2356 -5113
-492 -8974
-3617 -7556
3321 -12114
-2138 -8597
2545 -4261
7006 -6691
3072 -12927
1463 -3818
5230 -9976
2025 -9171
5412 -4245
1731 -10698
1411 -3830
3371 -8645
5279 -8137
5153 -4947
5750 -8253
3892 -876
9372 -2504
5311 -3876
3068 -4209
7132 -849
8438 -3072
7034 -1644
2787 -4737
2271 1084
2691 1135
2435 -1885
4811 -4724
2277 563
3385 -1028
3668 -390
1269 1017
7318 -155
1406 -906
1212 -2586
2678 -2644
2143 40
2642 -3806
-1977 -2105
980 -3659
879 -3526
-180 -6025
2595 -1846
5672 1442
371 1599
-2147 3343
-2368 -1667
-2170 -2587
2116 -7537
-5806 -3954
-1799 -2178
1339 -2694
2330 -5727
2106 -7226
-1081 -6340
-332 -7066
1069 -6308
2728 -6706
6806 -5130
3121 -5888
2118 -6483
6595 -1857
8522 -1838
6155 -5714
9323 -11
7307 -2525
6424 1956
2811 -1773
5347 2396
6670 3905
2637 5760
2208 4824
3371 5231
298 7662
-1871 4754
-722 2389
-2477 3220
-4369 2147
-6917 -854
-8729 1641
-4394 -3444
-5737 -5012
-10095 -5051
-4152 -9419
-7409 -9171
-5152 -7084
-7610 -9814
-5294 -14258
-4184 -11334
-3228 -13687
-1216 -15172
-859 -12573
1292 -14665
4153 -14716
3036 -13383
7903 -16613
10220 -12296
10079 -15555
13744 -14591
13936 -13105
13817 -10952
18432 -7738
17098 -5520
14021 -5437
11620 -3882
17120 -845
16383 2377
15397 979
15716 4048
8404 4613
9920 6683
4896 6668
4623 2948
5416 3794
3345 4127
5802 4917
-826 3614
1612 2693
-2317 -3829
-2906 3085
67 11
663 -452
573 -4796
-830 -6111
3149 -5123
1501 -5492
880 -2124
6767 -2364
6160 -2884
4109 -4056
4398 92
3064 -1858
4803 -3791
5625 -2905
4497 35
1252 -4807
119 -6116
3028 -8317
6617 -6763
5899 -5041
4845 -2268
6695 -5921
5064 -6042
3005 -8519
4821 -5553
11139 -4281
11904 -182
10903 -1259
8106 -3898
9009 746
11397 3361
10462 787
15170 3953
10249 1914
11163 567
11256 412
12321 -735
12544 1708
14478 2431
12988 6191
11046 7006
11703 4095
8606 4478
8585 7801
4599 992
5391 1493
8188 6443
4261 4915
6841 5797
8676 5738
3908 8360
6544 8260
-698 4422
817 6372
1871 6079
3994 5686
6664 -2318
5776 -36
6716 1847
6981 107
5921 273
7605 3844
5042 2956
8731 3658
6194 4292
3313 3624
592 8803
5946 10754
2484 5096
2045 2941
1636 8342
5532 8191
1709 4383
4892 3152
-2272 1460
1917 936
5641 -1475
3616 3622
3068 1138
2329 4361
3504 3933
1043 -1499
2541 -1577
5303 -4332
5176 -619
6866 -1345
5648 -1960
5353 -3698
6804 -230
10366 444
12677 -2839
9752 501
13860 7680
7453 10438
7076 5903
10545 7205
8018 9481
8245 7916
6401 13276
5510 12576
6654 15146
3268 10765
5523 12516
5717 12730
3419 10943
3091 9272
-90 6757
1157 8944
-404 7474
885 5788
-978 2163
2823 8815
5709 8621
4473 3798
4025 7249
1413 9231
8781 12395
3785 13044
248 11205
-2629 10645
-1078 12115
-1859 12795
-3238 12272
-8749 15837
-8773 13754
-11516 10440
-9938 10591
-5505 7063
-14817 9298
-13606 7807
-13261 1856
-9461 2260
-13267 -1209
-13445 6250
-5707 3099
-5928 -1318
-4646 -3922
-1368 -1852
-2140 0
-3172 -528
-7416 749
-1672 -3280
-7250 -2060
-3684 -2002
125 1146
-938 3082
-1043 42
-1265 1560
172 1859
-4963 4896
-3640 5317
-4877 2080
-1602 -1587
-7217 2616
-2363 868
-4330 173
-538 1193
-3995 -1478
-4412 1120
-3685 806
486 3939
-3715 -474
-6980 29
-3530 -3214
-3588 -3126
-3207 -5494
-5613 -2418
483 -8
35 -4089
-2611 -2434
-245 -612
-2045 -3090
-359 -5619
552 -5399
2662 -3170
2320 -1526
-755 1192
640 -3937
2843 -2508
576 2234
4203 1937
-923 2719
6230 -29
4172 4115
84 1225
-178 5480
88 3620
-3343 7257
-4229 1727
-5162 7824
-3851 5468
-9695 3836
-6731 2078
-8329 -712
-13380 1511
-9693 -3390
-10567 -4518
-5008 -3801
-3230 -8141
-2607 -4430
-2952 -6753
-4285 -8232
-5027 -4009
-2623 -8215
-298 -9810
2546 -4401
-507 -4748
539 -2330
-1503 -8235
834 991
-2732 -9006
-3019 -4809
-3019 -314
-1350 375
-5480 -2528
-5506 -839
-3322 -4964
-1857 -5858
360 -8688
-4894 -4548
474 -2575
-9330 -5691
-767 -7182
-3034 -8715
-1761 -8009
-11 -8128
-3506 -7645
1768 -8800
1077 -6524
-419 -10518
3104 -9928
6026 -8248
-575 -6205
1457 -13545
1552 -10434
5780 -7203
7767 -5273
3240 -10499
5343 -7763
3269 -4585
5636 -9317
3898 -5832
8570 -2830
11706 12320
10382 5098
5266 3339
9911 2910
5849 823
-2007 4436
1410 2610
-8298 11194
-4919 1566
1109 9247
4776 7224
-6692 3341
-1999 3022
-11494 -1274
2285 -1448
1762 5522
8414 -5934
681 -6727
-697 -2042
-523 -14642
11583 6595
6921 -4095
-3605 9755
8957 6108
7098 5257
-4405 4454
11427 3646
-1831 14289
-2295 16031
-7126 14228
-3460 1295
-10417 4951
1483 16067
8017 966
-17287 -3198
-7510 13597
-3494 13362
-161 3759
437 6473
1435 8023
-5710 3726
-11977 9402
-14738 12606
-8612 1840
-9580 -5932
-10060 8820
-5246 2657
-13119 -2524
-4245 -6434
-10699 -2224
-21157 541
-4365 -304
-7963 -448
-3995 -3853
-9939 52
-1576 3670
-5424 3186
-15327 -4552
-9878 -2985
-11695 -4032
-4965 9196
-2231 -3182
-2797 925
-12675 -3144
-12596 -564
50 -2575
4179 -5700
-6768 2742
-11047 115
-2337 6191
-10641 -1574
-11849 -4153
-9737 4396
-7424 3293
-13003 2470
-9946 661
-4710 -3327
-5270 5307
-4638 14233
-9089 9318
-16773 -7276
-9299 1670
-16909 3275
-18503 -4641
-16025 -5592
-18566 -3867
-15195 1338
-17817 -1989
-24599 -5726
-15395 -23912
-15474 -8917
-13624 -11912
-18222 -8373
-7758 -9308
12631 -8863
1959 -15230
-5439 -17787
-2452 -27393
5426 -19029
3070 -9550
3346 -11314
5873 -11690
3553 -11868
1620 -9575
709 -17977
5044 -14642
13222 -19220
7559 -13784
2124 3047
13620 -5840
6812 -3796
13148 377
6189 -18255
14415 1772
6367 -5605
832 3712
5911 -426
13113 -2758
9699 3095
-2184 9237
5392 6828
-6975 6818
-4750 7518
5038 15819
-2779 -548
-14502 5424
6631 8788
-4461 939
-7440 9646
83 7513
-5297 16762
-6953 9226
-2977 5135
-11320 4625
-6678 364
2241 -1692
-10264 3241
-983 -2339
-15847 -1929
-5318 6895
-7264 9468
-10705 -4468
-2592 -7423
-3526 11847
-4163 -12553
-13512 -768
-13596 5311
-1447 -3340
-2843 -1963
-4872 -3518
-13270 -4304
1989 -4681
-5359 -409
-10549 -2396
-2077 3732
3750 4830
-4766 -284
-3292 5569
-10139 2670
-1082 8731
-12753 -6089
-19714 6624
-15928 1471
-6540 196
-911 5248
-6177 -13851
-18971 -7683
-14393 -1008
-8639 -6868
-10583 -4447
-11081 -12776
-10813 -9547
-8848 -7961
-7986 -14951
1890 -8762
-7174 -18248
-1578 -9710
-783 -14473
3166 -3757
1436 -2772
-1359 -6606
7584 -9504
3887 -326
5161 11613
-1286 2802
-4385 7461
-6109 -645
-2134 -1368
-2366 12465
5989 4758
6279 2402
5059 -2005
-1642 -2292
-2077 -2345
3472 -5700
-2813 4322
-6197 -3850
1920 -6651
-1772 -2755
1726 -3216
-9644 -5810
911 7766
-6807 2084
-8117 3
2554 -7902
-900 3197
-1143 8937
-14776 -6778
-5337 -10805
-16005 -2396
-16976 -14271
-17826 -20581
-13145 -9118
-12598 -11168
-7592 -2103
-7834 -11445
8225 -520
1309 -22038
-7166 -15778
1504 -18700
1535 -7986
-1211 -27648
10820 -10563
15262 -6730
5122 -5025
13274 -3403
10015 -8314
8691 4663
2272 -5970
3839 9003
4136 -482
9952 -10192
6262 -293
3875 -8375
-593 -8827
15192 -4977
6163 1106
13779 -5669
5435 -3178
12948 -4207
15231 -44
1556 3073
10048 -36
12000 3349
1134 4985
6671 -1594
8462 3535
10373 31
7287 5271
12942 16810
5691 7378
-5088 2675
3896 10035
436 13561
4940 14007
-3160 1862
3008 2862
-9298 -9700
-6054 1837
1925 508
1073 167
-965 11216
-4354 12202
-1230 -2232
-4350 2752
1273 4319
5962 -6269
1670 2389
2009 -2156
-6383 -4745
-5891 3841
11315 -2502
6240 154
-94 4820
9127 -1544
16141 -4203
7580 -2424
11578 -6522
4756 6069
21963 9374
18990 2136
14275 1199
19891 21862
13033 8008
21271 12282
12076 19616
17930 13278
20423 15464
5845 7913
3909 14924
9745 22641
5731 14306
4273 10164
3631 14397
-9180 18894
1672 12129
-6647 16430
156 14345
-1356 7310
-1260 14189
5900 15369
-8165 10291
4115 22239
-4242 5333
4596 19089
143 15428
-1808 26559
-6604 22963
-15731 13260
-11690 18803
-21588 15351
-21294 15938
-20947 4862
-16909 8183
-15112 11324
-25242 -391
-22085 12705
-7266 -1175
-15905 -9757
-13143 5300
-7254 -14658
-2564 -3321
-11999 784
-4254 -670
-5689 -10231
7327 5171
1411 828
-6200 276
8917 5410
2689 4851
8103 3471
5140 15813
6824 5996
-2209 1784
7535 6327
-2486 5567
-1296 1380
6211 13798
768 17758
-565 20010
-5552 26496
-2174 14016
-10254 14513
983 7428
561 8079
-21195 14775
-15895 11714
-3004 8451
-16446 8207
-10691 12496
-14224 9897
-8344 8906
-21749 13653
-15206 -1353
-9070 777
-16488 2641
-1408 9388
-7742 376
-13992 -1868
-19662 8886
-13493 7578
-21443 9645
-15142 -6785
-6267 2940
-16848 10206
-12359 2392
-21075 -2120
-13447 12750
-18478 4131
-10240 3741
-4410 -2379
-17404 423
-20998 -1986
-15578 2508
-17334 3802
-15716 3216
-22457 11100
-22887 -6387
-16695 1528
-22020 1626
-12882 -13631
-6341 -7196
-8448 1680
-12329 2653
-6014 4128
-13807 -16919
-3367 -18854
-6923 -84
479 -4929
-3140 4271
-8202 -7188
-12259 -4950
4254 -11197
-2256 -11774
-4338 6025
-5464 -8328
-15169 -2796
2198 -4300
-16322 -571
2165 -3619
-3838 -3338
-9508 835
-9912 -22
-16374 -7087
-1877 -4474
-4405 9968
-4923 7273
-4643 10136
-5932 -3482
-7765 3140
-16615 544
-2524 14429
-5365 -2466
-12816 -2833
-14648 3421
-6019 -518
-9204 -7023
-14516 -4098
-10186 7445
-1108 4065
-15408 -7135
-13893 -2429
-4941 -10103
-5897 -97
4163 2975
-10180 5522
1158 6165
-5538 9900
-460 -5332
-7967 -9070
-5053 -662
-6263 -29
-6052 9107
-18498 1416
-13788 4481
-2109 18624
-4700 3982
-13676 2596
-2230 13462
-19477 956
-13769 7790
-16890 3132
-9917 3456
-10915 3652
-16843 -6555
-20024 -7617
-22643 -11941
-8157 -1327
-15208 -10850
-13001 -7455
-4480 -7636
-14709 -410
-8307 -6798
-11822 -4123
-16998 -10559
-13665 -8828
-3425 -6375
-5858 -16566
2758 -1423
-6020 -9595
-1322 3030
-15008 2524
-14190 -6349
-3630 -12580
-4175 -1723
-13115 6335
-12187 -3256
-23760 2420
-14152 -15551
-18964 -6204
-16381 -11847
-7576 -12217
805 -8173
-22812 -22406
-7507 -12685
-1482 -10010
6894 -18054
6842 -17580
9853 -7800
12226 -2270
11718 -14365
-1400 -6899
-388 -5186
4164 -2174
3346 -8912
6287 -3757
4175 -2763
-12041 2490
-6244 1356
-7122 1975
-7458 7873
-20122 436
-19500 -4352
-11988 -5485
-180 -7205
-7010 -1155
-18672 -9531
-10485 -13724
-627 -3317
-8129 -9403
-8246 -22970
-4565 -25222
-5422 -11683
6003 -10382
-7227 -7977
4377 -16343
11033 -8126
16715 -6263
17051 -16592
13741 4583
13803 -5936
-375 -3977
-3083 -18854
12170 -1323
17154 7274
2116 2267
-803 7375
13028 -4538
-2174 14191
14196 -14404
8818 16055
-956 170
2674 -8005
81 7418
-2520 2834
12266 -1514
3697 -6715
2692 -12601
-7673 17961
10914 7225
10871 3200
14656 9923
-15014 1997
-17069 12138
6623 -12064
7285 9853
-2619 14942
21040 580
-4974 -4941
2050 -13924
6310 -4314
9949 1831
6345 10984
5009 19670
-11026 2938
-24616 22707
22960 16189
-9867 -2104
-13103 -8792
-20525 14546
-19066 5555
-14396 10775
-10014 2692
-12077 -8781
5531 -5598
-28698 4664
-7011 13278
-11239 -3895
-11507 5182
-10638 10293
-15907 9648
3105 -11475
5599 -12607
7460 -9997
-4712 -1739
14850 -7623
-496 -4704
2568 7474
-6584 -4419
3990 6108
10653 5643
-232 8837
-11065 -7564
-3974 12385
7142 -4129
10578 -1721
-3796 11719
-18861 7031
-14006 6080
-3464 -859
1123 -1775
-15699 -7553
2340 -4544
1536 2592
12707 2432
9201 -16492
5698 -8355
-5268 -12461
535 -3471
-5703 -8611
-4222 -24612
-4929 -11598
23358 13722
531 -3570
3105 -61
20652 -417
878 2601
15229 1101
-2381 -10539
2669 -9018
16106 -3542
-607 17869
-7192 -12646
-4045 -13920
4322 -24039
12747 -13746
-20540 2972
-15280 -6931
13801 971
-2787 16564
-5788 5284
-3155 157
495 -1081
10451 -2349
212 2680
17445 -12674
4940 20691
21198 4878
1733 15933
11194 14213
1833 1371
6735 13373
-747 13623
6896 -2658
501 10290
-4510 -4385
3022 4069
7964 -3100
-8426 3895
-6292 7969
-9470 -4322
11834 -4837
2750 -4676
8631 -7805
7986 2028
108 -12291
29472 -15833
8724 -18111
-2488 -12940
-5602 1852
16676 -1291
12932 4613
20576 -8268
17957 -6268
4329 9501
10958 -3814
755 16078
-5124 7920
18451 3699
-3838 9989
29000 20760
11812 1538
12688 -5951
19389 18668
-206 22478
-5926 -12199
-2497 37163
2161 11334
1281 11534
-11518 11473
-17994 15654
4947 13188
10862 26559
362 20074
-4154 -216
-11587 14335
-5312 18703
-21958 -8524
-21373 26857
-17486 7232
-6816 3552
-13419 9591
-2072 19642
5382 -1706
1270 11236
-15852 -9019
-25705 -2656
-14427 17796
-13701 2602
-9103 -9882
-6382 2124
-13458 -4712
-6827 11340
-10824 4346
1292 12020
3127 4948
-20056 -4513
-13203 16216
-15840 5333
-5777 -2333
-9372 -2493
3829 -19817
-346 -3574
-37239 9866
-17315 -7187
-24920 -14412
-14369 -2920
-19357 -26265
1032 -5266
-10462 -17723
-6044 -34501
-28036 -24633
6127 -14854
-8351 -11615
-8982 -8108
3855 -14237
-5533 -3833
-1850 -21142
16846 -2357
-16337 -2110
16476 -13939
-5784 -26245
22625 -4758
-915 -27198
8584 -7385
15315 -2031
-14284 12763
-6200 -6167
-8082 -10124
3198 -1130
2825 6843
22722 -8479
7106 12950
19976 12886
25516 5610
11261 -10430
11982 -10988
3280 6963
-16002 -18847
-8251 7624
4316 -12444
-5866 -5400
1180 -22516
-546 11835
-2965 -8787
87 -9736
10496 3302
906 -15528
8427 -4338
3757 -2051
16072 3966
1759 -12708
8517 9134
14739 11281
-6960 2018
9614 15393
13026 8281
477 169
7347 -5481
-6416 -6253
11836 -2263
-1006 2186
-2076 -5977
15165 -14601
-3172 -7328
3025 -4179
22819 -4179
2203 -3206
5405 -936
5891 2416
4147 1960
5503 -26265
3567 -761
33272 5227
13746 9218
17662 -6905
-5274 -7292
13025 -1315
-353 14646
16126 27817
27876 6196
-274 4347
9521 4719
24790 6180
17904 -4373
16481 13247
2811 9664
10546 -4257
-18306 18815
5850 14893
1865 -3073
10355 15852
12265 -2735
-17135 14932
3753 16156
-3313 -4355
-14485 3782
-5317 -2193
1642 -4379
-8650 16307
7572 3852
-25201 -6699
-5131 6496
-3167 10068
-20420 -33263
-14943 -14430
-10197 -2658
12715 -802
1259 -2256
-20809 -65
4947 5957
4251 -17495
-9491 -13738
-3568 82
9735 13830
19757 12601
21291 -664
-6210 2350
12690 -198
13130 860
20780 8944
1783 -18939
2156 2460
2393 427
-18167 -10585
5041 7254
-5790 -11186
-8804 7250
13601 -5567
-2802 4168
14024 3524
6255 7865
9088 15802
25527 1919
12643 18521
13200 12715
3669 8006
14053 11335
20945 -9136
-12675 21733
-2049 18212
20078 -12473
-4290 26019
-11129 12801
6832 -1238
-14746 11373
-3793 16725
-16171 2323
-14762 10054
-9327 11456
-20386 12063
-7566 1140
-22330 16394
-32302 -13469
-40012 10593
-18311 9541
-22057 5824
-4173 94
-12150 4093
-23156 -2404
-15259 1167
-12384 -31335
-19187 -34662
-18597 -9301
-12104 -3923
-6765 15690
-29736 -2450
9943 -14200
12047 -16305
548 -16935
6361 -6919
-7556 -22372
2098 -8262
-6149 -8745
19597 -16520
19099 -3350
-10453 -8353
16699 -58
2285 -7914
12455 -2424
10595 -1769
25035 587
17599 -7624
34531 -14636
20088 14414
11441 5053
11898 -9514
16413 14247
32945 12860
26071 -7449
20310 3187
-2 1659
1841 14021
9758 17036
13184 18099
-1762 9703
6631 439
11007 13152
19734 -11291
11770 18276
-1796 -3376
19453 -4348
6819 9745
-7847 661
-8724 13449
5996 1564
5868 -14917
-760 20681
-12938 26210
-4659 -2334
-2075 2321
-6016 -11684
-1665 9156
6023 839
-1740 8467
-2682 24829
16546 -2921
13418 15887
10814 7173
-5424 16053
13066 5289
-7875 20110
-2475 15994
22655 23395
24657 7813
5021 24797
2555 26088
-5833 -2953
-11320 7573
-11629 -5178
-4791 26662
-1530 12748
-893 19342
-6064 -10609
-1758 11807
-1682 17344
6194 4971
-370 5848
-5893 25063
611 10530
-3239 -1947
-11025 90
17422 17718
-6089 10053
-4144 17591
-4962 11825
-21506 5135
-4357 2729
-31836 17051
-11427 7280
-17275 23094
-24219 16758
-19225 19029
-4654 4769
-24582 1576
4685 13797
-10317 8707
-25196 -26156
-33901 -1469
-19734 8469
-28164 -10493
-4211 -1598
-15104 -14068
-16852 -6625
-24772 -15871
-31277 -10701
-22629 1402
-1003 -6442
10122 13555
-17237 -12731
8584 -17494
-1797 -2879
-3145 1451
-6792 -7904
-15580 -4605
-8185 -7804
8134 -1999
2719 552
-15816 -7360
-8516 9765
-5886 -18892
-6611 -599
-5791 -20906
13379 -19728
17604 2390
955 15024
-9054 -9916
7837 -8873
-3492 -2345
16058 4050
-1036 13779
6305 590
6070 12259
4905 -2602
-16607 -1391
22481 25062
-5465 6839
-2067 -4643
-21169 3955
-7307 23552
-26724 -11627
-12174 15344
-14843 13135
9707 8414
-598 -4653
-15612 -1103
-3488 1249
-16788 4829
-19784 11095
380 9127
2290 11091
-20576 -8748
5444 -14054
2496 -7433
16704 11723
-2738 4300
-32310 -8649
-11699 -26780
4961 -9415
-14773 -6310
4054 4871
-239 -11173
14046 -188
7664 2251
5801 4369
-4106 -8894
12583 -13690
3912 30
1874 -1735
-745 -3360
-793 8545
-3955 -15531
4374 -7950
20684 7658
19382 24575
-12957 2251
-8645 -9529
4896 -5579
17740 8629
-9260 25271
13590 -7361
317 28768
-3669 -16475
16617 14082
-16371 29481
-303 921
-500 -682
-7928 7899
-23678 25810
-17416 19491
-1194 -15958
-36144 5483
-16765 -77
-32197 1472
-5000 -7112
17000 -2014
-6974 4737
-21925 -41198
-1457 -32435
-27314 -7574
-8402 12450
7368 6920
-4163 -6042
3220 -3093
1766 -263
16344 -17473
18666 -20253
15590 -15284
-17793 -2908
19038 1544
13666 14220
17560 -4489
11128 4364
4493 -11157
9323 20193
18879 16406
-12784 17973
53783 6680
696 8004
13339 1351
-14616 2020
-2793 -15106
-5966 -12600
-21994 26024
-6746 8554
-22889 17169
7836 1650
-39379 13216
7020 11901
-20954 -22252
-3625 3095
5845 4653
-20847 -10271
-10000 -3666
3766 -558
-15348 -18041
-35620 14819
-22344 12297
6390 -20495
14672 -3627
-8434 154
-12371 3593
-12833 -5204
470 -4266
-12355 7829
-16546 -7943
-30479 -23024
-31230 3599
-13518 2889
-6711 9376
-12550 1939
1874 -146
-7001 6765
9938 -13417
-27594 -26201
11072 -14921
2179 -26081
-26493 5618
8518 -7949
-24091 -14713
8373 2646
-3842 3771
-10373 1468
-2362 -4054
17933 12960
-3133 18480
-5558 31420
-23484 2179
3378 -25221
9799 4579
-15098 -11153
8599 -9033
6600 -5579
7710 -14871
-295 -16515
-21585 5531
5641 -12641
-24144 27463
16021 -30747
-19347 8116
-18288 435
-17944 -18988
10891 -8045
-35800 -9984
-39 -22004
-35259 9585
-16068 26729
-1896 9181
-1517 -2245
-5213 -6792
19023 -7419
-6553 -9758
-1282 4435
-10887 1584
-15427 -1465
-10131 7299
1151 -31250
-15401 -8652
-47127 30793
7881 11428
1239 19037
32932 3562
-13589 6330
-22325 -6049
-16396 6860
-35025 20988
-20645 -3310
-16492 16701
-4416 -15793
-4000 10687
-40556 12210
-19126 -7499
-48380 -9064
-28364 -4596
-32696 6105
-38652 -7140
-17427 -16905
-3744 8921
-21445 -40870
-10644 -15049
-7214 -10928
2551 -7652
17496 -30068
-10220 -16852
-8457 -44555
-16763 -34523
5539 -283
44821 -15709
5476 -43286
16854 12118
32116 -50807
21364 -16592
11541 5843
7246 -18144
-751 -10600
-11032 509
-3047 -9531
14876 28036
13986 6361
13879 12795
15468 17821
15979 22655
-4649 6358
11400 11335
3457 -7256
3864 -6443
-7656 -36999
-26695 -1537
4820 9849
15380 -21156
2764 -11425
-18634 15114
-18737 -11102
-25449 22100
-23944 8348
35438 -17126
3674 8916
-5989 -6718
-4577 -17862
23140 16766
-10017 -19383
-14701 2752
-18084 8676
21376 1745
-36184 -16281
-11951 6899
-12893 1967
-20318 -2357
-11665 -151
2495 -4754
-30295 -18980
26993 -32905
-34092 -20514
13634 11179
-25213 -6857
8175 1119
256 -17636
-17915 -11702
17977 -38337
7261 -7500
12015 -7924
1990 2018
-10779 -27154
-36329 -8668
13695 -22160
-14574 -22253
-22755 -27211
4713 10491
-13985 -19010
6733 -25790
9575 4690
18296 -2924
12225 10725
4300 5579
-8624 16127
15714 -8833
9497 5269
-3425 -6281
859 -30850
5777 12270
-14069 -413
-591 -15446
-9357 -2107
4544 -3456
8964 -29172
-13858 -13869
22344 -19580
-5026 -35834
-1245 -9190
-5870 945
-8683 2346
9127 14875
-6451 262
9811 -668
5492 4209
2629 -1058
12509 1488
14574 2943
-27741 5385
7870 8243
5928 -1636
8866 -1924
3917 -18943
-4680 16778
15843 -9994
-23092 -4512
8271 -16140
-11480 3630
28072 4344
8474 14120
9358 -2975
-2697 -14325
-24297 -783
4424 179
-10830 4045
-30534 -12979
416 15221
-12733 503
6420 -1893
-18304 20508
29076 -4069
-2322 -20155
-1838 30570
-9155 -7353
-11395 24456
4228 2953
-21652 -18577
7475 8906
4239 -1672
-23593 21865
674 25404
3383 -2261
-24785 2497
-45 29800
-21102 8734
-17956 -9455
5872 38107
1180 23381
-32990 -8725
-45214 -19753
-37025 -11402
4427 -22178
-14113 -8092
-18301 32323
3309 -6530
-11210 -15405
-34051 -26380
-48830 -39915
-27507 -31283
8152 -29360
-18265 -26572
-17207 -29859
-29541 -17045
1141 16791
-5695 -9937
19496 -2212
39927 -3223
5341 -11448
14288 17179
30474 -19857
-6883 -11074
29516 -20304
3995 6382
6115 -8083
18099 -23113
-9903 -11383
2885 -19932
-261 -7556
557 -4621
-3003 -3076
-11514 25465
30931 -15056
26213 -1014
-36556 29551
712 4297
-5090 8669
-12796 16934
-525 8395
-13023 -5680
-7212 -6498
3773 -8697
-8520 -2956
-4477 -21858
-6304 1764
3714 -24414
21353 2887
29678 -24019
974 -21208
-2990 -19577
-28928 359
1807 -3236
704 -12783
3964 -31406
721 37184
32185 13375
11413 3401
17013 -28823
-12913 -48344
26992 -14817
2505 -4761
-19937 3597
-17936 -4824
-10359 -24203
11244 12067
11091 -15060
5049 -10292
-3027 -13656
-16423 -19974
28487 -20062
1037 -22613
7114 -23081
-1026 -9483
15798 -6058
269 -31080
-2898 -16726
-4119 9953
-6964 -3112
10466 -16875
21428 6034
10534 -27676
-3097 -3043
-4041 5682
1235 6329
24339 25073
15044 2294
11760 1513
7326 -5666
28013 1644
3270 5654
5479 -18079
-17210 22092
1767 3884
25794 14367
-11790 12708
-758 30838
8265 26369
4402 -4812
-5030 -564
-29759 17386
6835 -8789
2178 -11736
10913 3684
-19829 -2252
2058 16975
10114 -4511
-5014 1665
-14645 9502
-728 -25832
-21276 1168
-4410 -15338
-11608 -16005
7534 -2999
5329 9787
8748 -17181
7158 -12599
-23991 -20686
-34421 9423
25696 -23879
-3103 -11753
18070 10357
27909 3987
25049 22486
10020 -19091
2513 10490
13476 -18907
-14452 20072
-12785 11599
11297 -2510
-4438 10921
-22513 16391
3090 -10864
9435 1312
-13892 18693
-13485 15837
-17969 2339
21874 -1903
-2273 214
7622 13269
6187 6659
-6083 13569
17721 -7851
-14451 5781
-17584 331
21113 9783
6944 -12478
-29181 11033
-3982 -7583
-33340 -19885
-21799 -21987
-14671 17017
9942 1637
-633 -34666
-853 -12789
-15611 -12420
-1203 4904
6398 -7932
21790 -5755
27721 -3501
19826 -7602
-9648 -2571
-20827 -31668
14647 -1051
-33833 23403
-2360 -7173
-20457 -6493
5569 -18330
16219 -12776
6841 1421
-18262 -7798
-6984 -11254
19734 -11967
4950 -29302
-9463 12391
16733 -13197
-5063 16180
-2881 1616
-16021 -14592
-14575 -23352
15629 746
-8695 -8490
18524 -4091
-5271 -13170
1866 -23382
-6363 -5921
-7485 -34070
-19157 -5110
12446 -4145
-15844 -36725
8738 -34627
1874 -14164
34725 -7730
3980 -46549
32162 10493
-4391 -47682
7935 -17789
-14653 -1380
-347 -4190
16024 -2986
-3886 -365
7487 -4337
19981 -21670
15572 -18696
-9306 -14949
31837 4995
-20522 420
-297 -4215
-25068 -23295
-1197 -15480
31553 9228
-2010 14766
565 -462
31678 -703
-11686 -34295
6316 -7679
-14316 -4598
-10264 -1974
2216 -24024
16759 -3130
3681 14182
9134 -2701
4428 -4129
4595 4864
216 1721
28733 -1254
2061 17956
