1986 -2298
912 -1202
1835 -2312
1277 -1099
1916 -2441
1499 -577
1679 -1999
1250 -748
1475 -2349
1410 -909
1752 -2121
1584 -606
1607 -2290
2107 -776
2012 -2719
1860 -634
2226 -2340
1789 -796
1610 -1842
1892 -546
1833 -2278
1602 -174
2175 -2505
1245 -340
1869 -2420
1677 -554
1799 -2424
1436 -81
1754 -2281
1161 -592
1503 -2406
1487 -995
1696 -1907
1647 -746
1860 -1628
1488 -483
1757 -1807
1126 -621
1540 -1781
738 -729
1393 -2004
1175 -571
1702 -1908
1497 -429
1672 -1770
1421 -654
1943 -1484
1416 -631
1648 -1627
1485 -809
1779 -2363
2265 -1139
2243 -2406
2189 -418
2230 -1624
1519 -715
1667 -1578
1956 -659
1972 -1747
1529 -137
1865 -1419
1479 120
1853 -1714
1679 181
2067 -1971
1526 68
1893 -1780
1644 8
2033 -2062
1992 373
2104 -2169
1657 107
2169 -2491
1788 -143
2087 -1841
1688 344
1735 -1811
1795 70
1575 -1872
2014 -378
1717 -1619
1758 -722
1610 -1350
1618 -238
1815 -1532
1472 165
1596 -1407
1670 -58
1678 -1761
1799 78
1969 -1831
1673 155
1892 -2163
1559 -97
2071 -1880
1329 -324
1915 -1857
1798 -516
1920 -1891
1919 -116
2056 -1962
1606 -332
2227 -1796
1691 -174
2219 -1824
1184 -153
2067 -1542
1298 -334
2152 -1568
1304 61
1990 -1247
1492 458
1869 -1541
1644 898
2381 -1302
1693 1005
2061 -1112
1694 747
1980 -1561
1933 414
1961 -1884
2020 283
1913 -1836
1978 584
2064 -1495
1395 846
2182 -1516
1248 451
-1366 544
769 -70
-1262 367
550 387
-1074 267
-188 182
-1109 220
29 -39
-1212 110
178 242
-956 -28
-24 -14
-1123 557
30 25
-1366 238
-78 -64
-675 218
334 -129
-874 298
471 97
-998 192
427 71
-1237 -355
341 204
-876 -547
-123 37
-1114 -122
86 -40
-728 -413
-38 -149
-638 -87
158 -836
-862 -67
387 -503
-1049 272
172 -473
-1509 -144
380 -315
-1011 -625
132 67
-752 -141
-19 -49
-1094 -11
-103 -109
-1197 -284
-170 15
-811 -168
132 47
-954 -146
369 -392
-448 -444
410 -522
-714 60
-130 -308
-1175 -284
-76 -344
-1177 -259
277 -43
-1309 -138
195 -297
-1436 -110
620 -431
-1194 -368
411 -67
-1191 129
-224 -165
-1310 -298
-59 -492
-750 -334
298 -171
-1145 -358
223 -45
-1069 -558
322 389
-1155 -521
84 583
-1011 -688
-97 439
-726 -816
47 103
-798 -507
308 271
-1287 -498
94 77
-1054 -439
68 313
-1058 -334
-240 634
-1355 -457
39 548
-1163 -496
476 228
-1022 -114
609 -14
-1198 -462
332 112
-1281 -860
83 224
-988 -1068
278 341
-591 -773
32 642
-655 -1066
17 544
-615 -1328
406 655
-359 -1571
350 312
93 -1467
203 26
-426 -1280
39 108
-975 -1497
-298 158
-882 -1770
-235 -168
-420 -1556
-165 161
-512 -1312
-451 154
-160 -1229
-395 235
-538 -1269
-318 256
-271 -1233
-134 620
-511 -951
-451 566
-238 212
38 86
-139 18
170 -53
136 -132
-35 203
233 -66
-53 -73
438 -180
326 -12
521 -172
138 83
542 -163
47 -29
61 -209
184 -145
-47 -332
132 -100
-226 171
350 -63
-532 83
308 -186
-73 -331
111 -190
437 27
-183 -152
73 -83
150 -356
-34 -162
330 -459
-124 43
18 -456
74 213
57 -151
-48 43
129 -169
3 -10
456 -26
-126 -220
28 129
260 -363
24 -56
59 381
-185 -89
-29 17
-217 -189
310 -175
-146 -242
118 -28
-350 -85
-195 283
-530 -163
-132 24
-31 -167
223 -37
48 1
6 -349
-9 271
-197 -340
67 458
-117 -230
324 326
82 -34
284 -58
-25 12
288 63
-116 -72
10 332
40 -87
-309 -129
-464 276
151 22
-529 124
239 202
-312 133
705 138
133 35
193 467
131 280
121 -132
-21 -125
255 -173
-66 112
169 -365
-232 261
446 -94
-72 81
6 310
96 -160
-233 -85
12 136
415 20
128 337
359 53
339 476
195 -223
38 575
67 -396
-481 -19
-58 -336
275 -129
271 49
-135 524
-328 320
-25 196
-207 -112
220 707
-133 70
-435 121
-165 -133
344 -411
-389 147
290 21
-487 88
285 -16
-87 -40
99 272
284 163
329 26
320 355
-26 -212
204 309
-76 -648
-181 36
-110 -144
-129 87
3 -277
-133 85
-110 277
-357 -68
34 232
-169 -124
-151 225
-268 -168
-551 204
-176 -495
-372 184
-50 4
85 471
-246 -49
-76 592
-30 297
-209 317
-79 143
-49 251
-72 23
-207 97
-301 -107
-209 94
200 68
-327 181
100 304
-51 -38
151 -444
-183 -14
417 -238
-212 -30
87 11
-281 42
53 31
-111 -91
-460 142
1 116
-221 -5
-238 -170
-69 161
-274 -312
134 -277
-498 176
220 -42
-360 316
138 48
-282 324
172 137
-263 117
79 107
-108 242
267 -100
236 95
766 79
258 74
397 -104
-153 -223
111 -402
-25 -385
-248 27
93 -35
-268 -341
-189 -200
98 -494
-33 -290
139 -193
-238 -104
-118 -54
-165 183
-113 -375
-119 359
-40 -24
98 284
23 66
17 -2
307 410
231 -310
235 187
295 -182
415 -426
310 -490
44 -436
458 -434
-323 -173
210 -415
-406 249
215 -388
-455 230
-47 -151
-326 196
53 102
-356 50
-27 312
24 -122
-224 195
189 85
162 146
135 -168
700 165
88 -80
475 -27
-18 -320
115 -417
266 -115
202 -352
-136 -21
275 -149
-94 -20
196 -27
-195 94
408 -121
20 -308
252 281
25 120
71 -60
-250 67
585 -82
235 38
205 207
77 -198
-60 -26
-241 -413
169 189
-391 -548
281 318
-247 -450
253 361
-252 -336
268 226
-457 -30
4964 80
-360 451
5147 -786
-2506 472
4485 448
-1822 250
5131 -1111
-225 -1161
6136 774
-2173 403
4809 -191
-1215 546
6008 755
-2184 333
5247 887
-1741 -1046
3382 -270
-2185 735
4733 -812
-1912 -804
4892 1838
-2335 -1807
5161 229
-434 -380
3608 -505
-1752 -515
4534 1222
-1789 -1676
5007 -1096
-33 693
4114 161
-1248 -432
3810 -302
-2406 -66
4890 11
-993 -365
5823 18
-1347 -1677
5300 -589
-1228 155
6380 985
-1943 1062
4317 -320
-1492 41
4280 487
-1495 -878
4346 104
-1840 -217
6042 -492
-934 431
5392 1084
-2569 892
3877 885
-3325 -2094
3636 -788
-1344 32
6346 139
-3941 25
4543 385
-2209 -1565
4947 -505
-2763 -221
5616 408
-1346 13
5123 185
-1590 -1706
4511 -35
-2749 541
5519 2199
-1095 -436
5511 -134
-618 -1582
3935 2049
-2249 408
3621 -273
-1374 -1671
4379 452
-768 244
5719 8
201 49
3801 417
-1472 -1243
5665 576
-3066 5
5102 691
-721 -858
4855 70
-2015 -1029
5400 1807
-2690 -730
5228 473
-1502 -1170
5384 1163
-1343 -837
4117 633
-371 -1358
5669 1232
-2007 58
4960 68
-1279 -1476
4503 1466
-1396 -1137
4954 225
-2370 -1288
4401 913
-169 -1842
4553 186
-2312 -929
4890 909
-1178 -1098
4811 -328
-2479 -1295
5427 1484
-2100 -1170
3733 585
-973 -1816
5036 -863
-802 -1512
5525 1163
-269 -1124
5737 853
-597 -2023
4589 1189
-2017 -1771
4553 1765
-131 -2268
5930 563
-705 -1299
1812 251
-1445 118
1900 1081
-1057 -2462
1835 840
-187 -797
1781 347
-707 650
1731 1421
-379 -931
770 1730
732 -119
499 -518
-786 -634
2434 1870
40 200
1185 842
-639 -5
1376 27
-814 -548
1383 705
-460 -619
3103 1609
-534 -1729
377 1607
1324 -702
1379 964
-701 -39
1023 2740
1018 -545
430 79
501 295
218 2093
-1796 -149
918 1030
-165 573
2413 1829
-1337 -745
1229 3485
-574 -686
230 1348
827 -785
923 1538
-59 -1029
2095 2179
-41 538
-257 2358
239 394
1669 1766
1053 494
-83 2370
-56 -21
221 886
-400 -907
765 2369
-33 644
225 1483
-503 -28
-74 2136
386 -7
1071 1668
-1043 476
74 3172
-409 -843
-439 1093
504 -827
1136 3146
129 1147
-835 1496
-1070 -434
134 1114
-936 -277
-1130 2232
-1168 -524
-400 1432
571 -823
-701 2013
721 -1366
-414 2548
850 189
-1522 459
-121 -617
-820 1522
415 88
-905 1268
-1086 -626
-448 1223
-56 30
-838 702
556 553
-1704 1384
468 532
-1084 237
-284 -280
226 851
-488 -582
-219 1104
113 131
-1105 2946
-62 385
-976 1923
236 -888
85 1881
71 428
-475 1463
339 -450
-205 2503
1341 -424
-1152 1612
511 -828
-1036 -148
587 -332
-391 1286
1316 -856
204 2237
573 654
-1403 1939
287 -812
-130 1758
1202 144
-1353 2045
287 -180
452 682
211 272
-2631 1321
-544 -561
746 816
1105 -134
350 -206
-103 -24
585 -92
538 186
-918 728
22 -1032
177 101
1163 1441
-350 732
197 -539
-264 316
-211 -858
-483 -259
828 122
1143 -610
-234 -351
-74 301
-148 -19
-135 -835
-467 729
947 -426
510 -360
203 1116
-148 -766
-1027 45
570 371
806 78
-149 616
-752 -283
-130 -107
-49 712
-442 -415
150 -219
-1556 588
559 -615
699 320
-231 -87
-1899 -804
533 169
275 -458
-1452 401
-230 -472
-815 -1377
-151 -621
1513 1456
-85 189
55 -424
-124 -81
-987 -533
-263 -468
263 -813
153 962
662 540
-1225 1037
91 274
-611 -429
1019 -247
-1135 -297
-655 -305
-483 785
2 1473
-53 -117
400 -19
597 97
-842 391
-1216 -415
737 155
5 -827
-451 -99
1735 7
126 -673
-1337 233
443 674
879 465
499 -293
-928 -670
-200 694
-278 -1626
475 -479
1339 1011
134 314
224 -1017
-494 -833
197 1066
184 716
-333 -219
946 703
3 -1510
214 209
1391 1083
-895 -750
-523 -127
-193 162
866 -426
175 -788
1102 -806
-235 -1579
489 177
1767 -135
599 -88
-1907 809
-1745 -143
-27 -1380
1708 -1615
-494 811
-50 421
-93 -1209
890 -494
2557 -664
645 -710
-808 1812
-351 -1267
481 -587
566 455
-1040 -113
-428 343
177 -176
-1408 94
-282 197
6 46
898 -768
-130 -708
-605 958
459 -549
-575 -9
-442 -648
63 1237
748 598
-199 657
-828 -236
-650 633
784 268
-152 -753
275 -1031
658 -509
-119 1577
-459 1412
-259 -1507
-674 442
-486 404
-93 -515
-801 -487
-34 82
179 -20
-134 -221
-134 -517
529 -752
648 204
-568 -123
-1054 1304
100 -95
807 -579
51 439
499 1086
465 -372
-1284 -242
-766 498
181 -567
73 -126
145 -381
-1063 -38
755 -1334
-709 -316
-352 1183
900 -75
1002 -186
-1184 -88
-257 1220
-623 -193
-552 10
-135 345
-249 453
323 -559
-53 -55
-13 350
-34 138
-85 83
-99 937
15 559
-195 527
243 -1277
1577 -467
-74 -587
-515 -538
-155 670
-59 -503
-1133 -895
1662 1226
697 -31
-242 69
-518 240
-976 584
-102 -29
596 -639
-1099 -19
-248 540
-3 -252
-733 438
-280 -398
90 924
1036 -112
-581 -113
-178 732
1173 38
-318 318
1083 -358
486 540
-386 -1343
-905 -318
-701 -116
-599 119
-427 -598
-921 -653
130 -486
-671 -340
264 -399
-1352 136
528 -72
607 -961
-435 996
476 -635
-171 -219
81 880
173 128
429 70
-501 -631
1132 -1231
456 606
1204 441
-945 -520
102 430
62 -504
92 267
-1220 -310
207 -245
-178 -405
-361 651
453 586
-71 -1500
-1191 -1043
765 896
102 1070
-99 154
-204 145
292 -1432
619 -95
331 484
-33 -716
1 171
-43 267
38 456
-64 275
610 -116
-347 297
-301 505
-905 -441
-196 -2748
2121 725
-679 -923
7609 -889
-1064 -1980
3848 -3447
-199 -169
1106 2321
-1215 -3195
5102 -664
98 -1992
3111 -3800
-1148 -2464
1746 -1400
-1666 -3057
2753 1834
779 -1810
4069 -1841
-147 -1911
3097 -120
-1019 -4477
5123 1127
-1539 -194
2629 -1546
2021 -657
2752 -391
182 -2833
3367 1305
-415 251
1676 -2243
1698 -1861
3046 1094
2139 -1887
4531 927
-2281 -2548
2907 -1434
-1199 -1271
3359 3500
1298 -357
4348 507
-190 -4359
4661 -1232
657 -2342
3690 -498
46 -3087
4130 1731
622 -2488
4060 866
-782 -2297
3659 -672
-1690 -2632
2849 -590
719 -1466
4853 3531
887 212
1612 -30
-605 -3186
5223 895
35 -3370
3457 3852
633 -1624
5671 -576
-691 -4175
2212 -1104
-1991 -1169
2924 3056
984 -1513
5635 -373
-1508 -5039
879 797
-1325 135
2370 3070
108 -3866
3557 -502
600 -738
3413 3848
1455 -887
2003 112
-372 -316
-197 1309
2122 -2698
2508 5072
-1460 -2960
5917 1426
13 -2866
2955 862
602 -2124
3071 1195
3 -3333
3628 1073
-265 -1366
1679 2791
-493 -1893
4273 3224
814 -1297
2292 3220
-60 -2591
3829 2148
950 -831
1992 3183
999 -3773
3013 3159
-1230 -1604
5020 4331
-229 -1847
1903 3575
1626 -2221
5565 3351
-1558 -2823
3461 2272
559 -1425
4794 1046
-537 -3646
3259 289
1949 -4327
2521 2723
-1123 -512
3318 2638
-2155 -3489
1460 2854
-923 -411
1451 3207
968 -2214
2343 2713
2006 -3708
1893 3390
-986 -1992
3068 1867
-264 1192
803 -1001
833 719
-1649 2023
1009 -455
-671 713
-21 1314
661 -319
521 -1328
827 1596
2242 -461
-1520 -826
2384 2389
1287 576
1052 -1086
-498 -465
243 -911
-282 128
630 560
-873 -534
-390 450
-1325 566
-1288 785
358 2657
1846 432
-3183 303
-26 1541
1498 165
-93 -1905
-1878 724
-23 2970
-1820 1038
399 -358
1465 142
339 1914
-587 112
-385 2095
1293 2197
706 -1233
860 599
709 1097
-704 545
631 2021
-376 1503
-1070 397
-57 -1184
2265 -748
56 -1154
-978 465
-3173 483
111 -720
-280 689
-1138 1505
2803 1654
1708 302
-493 -702
553 549
974 -846
1628 -154
-613 -1
-586 1296
-55 -198
481 -2408
-539 1683
1514 1999
796 1870
-58 -2021
1014 -1519
876 393
1431 -197
-162 1334
501 1122
1183 -335
2182 455
946 2224
115 -396
884 720
1007 595
-1016 -487
-1599 -1255
1227 2733
-422 -26
1461 232
-571 -988
532 1527
1884 235
-266 -686
978 -995
1669 1549
348 -1418
1642 259
-1241 -2227
544 1313
-996 1545
-1579 835
445 1586
-890 1862
176 -596
98 -873
103 -738
-372 448
1316 686
-894 859
1440 -2004
21 1234
-658 -254
-801 749
-2755 175
-927 248
743 2419
-1111 3783
-497 21
-375 2393
-622 1773
-999 1656
-109 -1703
630 1447
361 2227
-1064 1852
425 -1108
1745 -275
1246 -450
-1533 1747
914 -1490
4188 921
781 -1
-2594 1185
478 -981
953 -895
4 191
-2053 -856
-1509 -82
1215 -741
1236 1140
-1135 746
-1085 -2572
-310 -750
34 -322
-1372 -51
-302 519
-558 2207
-2750 -659
-2141 1849
3 258
1432 -73
-1522 -296
1483 268
-433 -267
-95 301
-1153 1722
-612 -1703
350 1654
262 677
3 -629
-1300 -517
465 -119
993 925
-1861 1333
1639 -648
-702 2536
523 -1443
2650 -808
-697 683
-2182 -253
560 -1198
1381 304
-716 -321
-1386 141
844 329
324 -649
600 3473
-486 1374
-2424 -2797
537 -110
-256 673
-108 615
1497 498
558 1298
-273 1074
993 -1926
-775 -535
1716 -1984
-671 -970
101 1616
-2029 786
1689 -8
1017 1602
-295 -2969
396 -1312
-470 506
-1954 346
-1755 -155
2418 -277
2636 -1102
-633 18
-666 1381
653 323
-1141 932
1286 1107
2940 -1237
1623 -1018
-1726 -2379
670 -190
-829 51
-633 -846
322 1396
-1055 -596
-3200 -1271
609 -988
736 2562
714 966
-812 -1871
-502 -2098
210 713
375 -388
286 1406
504 -1459
-1061 -1354
1460 697
1523 542
305 -1772
-1742 58
-1558 -1339
-1983 2237
854 410
258 546
-2273 -1057
-375 -593
1590 -2093
3230 -634
-591 1053
-2101 1845
873 -1826
2212 -534
149 241
159 126
-3050 341
401 623
220 -1704
2588 202
-501 843
-974 -1318
906 53
957 -660
-899 -616
36 -128
-903 -634
-1577 -783
-2680 1441
-99 321
1060 939
224 749
1736 321
155 1284
-867 -1113
-1990 -1351
-944 -549
1888 67
1458 -770
-1337 -612
627 2594
-746 2391
-325 886
1446 -1821
1028 -3613
-324 1979
0 71
544 -1579
39 -806
495 -326
-28 321
-992 -135
460 -72
42 1467
-913 1812
-855 1130
707 226
1571 -2891
124 411
-1555 431
-1404 239
-716 -788
-1102 1119
1586 1800
1186 -1134
321 1076
-83 -396
-295 71
883 -202
810 1656
-18 772
744 -2941
-2680 147
-1565 411
1446 1390
-132 -1973
1291 798
108 1513
751 -1219
1167 -156
-1057 588
-528 108
747 -390
-582 -317
249 -695
166 261
142 -1459
-1150 -168
-2418 518
-2632 965
16 1069
1327 927
-933 -814
461 2155
1814 1366
-1466 -1073
-3017 -64
-289 1183
862 227
1472 204
-32 -257
-605 1113
2311 -1247
-818 -420
-1068 -1723
976 573
-277 -419
168 -470
-2264 -17
626 -92
-539 -1302
-863 -399
-96 14
-3159 460
-874 -283
801 2392
-425 -309
1516 -917
-529 -782
1590 364
126 1955
1616 214
75 -645
321 -1338
2514 -806
-807 274
-1484 1074
233 -1244
1508 80
-526 146
-781 -3529
-610 16
-1969 -1000
-181 713
-2074 1780
-1090 -115
-1315 -536
1047 138
844 -524
-786 -632
-457 -1047
1645 -378
676 44
76 596
640 -1652
-1490 -44
421 2218
928 747
-81 -2174
-108 -1142
143 -304
-400 -64
-301 460
-1070 -65
418 -1108
1695 1961
-119 -881
730 878
267 -806
518 1064
-1304 -1193
1248 -234
-289 -1650
2932 286
3502 1251
3848 -4778
2615 -1591
-2286 -2397
4016 -1570
1728 3393
631 -1197
4728 -3188
495 517
1161 -1585
559 1108
2890 4505
2030 -520
7802 -20
4609 -238
4213 -3581
1555 -1208
3776 -832
808 407
4265 440
2710 1658
1691 278
4832 -3663
3026 1083
576 -2531
4678 455
1973 -465
2925 -637
2037 -3351
4875 1921
-1155 330
3110 -2294
-990 1507
2203 -2890
4274 1406
3195 2811
517 -486
3025 -3109
-2765 -1495
335 -1845
-1394 3364
1611 1746
1480 826
4232 1610
2136 2937
3245 -646
1741 2152
3503 -1576
1309 1812
3242 1261
3067 655
7109 -485
2597 -926
4872 -2824
1490 -1474
6577 -218
114 3174
4242 -2294
2104 2204
2419 -2390
-124 2399
1472 2159
1724 4857
4846 3537
5534 -111
4317 -1339
1034 -473
442 1201
3020 2234
6087 1343
2295 -4136
3110 -253
1301 -58
3645 2856
2684 -699
2994 -794
-1439 -493
4165 2477
313 -991
6220 -523
-995 943
5009 -4885
2072 3004
188 -482
176 2164
3176 3221
1001 3169
4132 1046
1495 1404
4752 2702
1554 -5
6533 -1255
1257 -139
-1026 -2200
1682 -436
2292 821
504 1219
2636 -941
218 -390
4751 -656
1457 3165
2684 -910
4100 -46
1192 -2039
2237 -193
3560 -910
-822 2465
-139 -1160
4410 1316
1987 795
-218 1431
825 2327
2859 3348
2403 6639
1743 4777
2769 3946
3040 587
3075 3063
4626 3494
3899 -225
1216 -2548
4165 1679
504 665
4904 2461
-1336 2701
2883 2222
2468 2072
1438 3195
298 -532
-119 1792
-119 159
3407 994
-467 1163
-639 582
1655 -839
95 -314
362 1046
-1483 -1176
-482 -633
-69 1608
-729 -1466
-2530 196
-1550 630
1200 295
885 2421
-431 -1382
820 2208
1239 2038
2586 261
1768 81
67 -2679
-917 -1266
-1774 -2220
1472 -323
-252 -1447
-2387 -408
1323 2888
2092 -194
2292 -1796
2715 -2583
656 -338
507 -1090
-364 -788
1476 -2612
-774 -2567
-679 -4506
-787 453
-959 -290
-15 -496
-549 262
-524 -1178
-159 -3449
223 165
-853 413
-801 1000
-1008 1057
506 169
3920 -3458
1344 1466
-534 -2272
3582 187
-4870 -2440
-2701 -1303
1590 -29
-589 -710
-827 281
-2528 70
299 -1038
-533 -1728
1430 -1811
-872 3112
844 -2780
-1435 -1774
-2239 -3186
-1694 2263
-3245 -1038
608 1773
-397 863
-157 340
1076 -3033
968 1187
-1169 -818
-863 -1685
-150 -34
652 -711
-4433 -219
2247 -1117
569 1086
-839 -1468
1222 1021
-2066 1602
1641 -225
209 -406
-543 -1574
121 2799
-2126 439
-2919 -199
-2350 978
-515 2020
2407 3024
-951 3005
3647 -3268
2325 2091
951 -4026
839 -2305
-640 591
776 610
1583 12
1757 -224
-2296 -1946
2325 -1710
-728 2593
290 -2757
1696 -164
-344 -1348
3412 498
3085 -426
-885 -4121
2282 -3606
604 -1547
-1008 -3722
-919 -3491
-2339 -2645
-156 1484
-1272 -727
-1229 -3086
912 -1452
-2098 -149
-2223 1238
-2576 -515
1235 -40
-665 2100
-4196 -116
1884 -229
1354 -401
-1597 558
-1905 2057
-477 -200
2929 2011
2384 679
-683 226
-2209 -72
1526 -227
-154 706
1156 -1172
-2356 365
2382 -746
-921 2145
1335 -3144
2478 1134
1498 -2069
-734 1270
-3344 -1084
2339 2000
-3887 498
472 596
-1802 1461
1047 -120
461 1671
-899 -1315
1968 -461
-2705 717
2006 -436
-830 512
-840 -1881
3306 -1741
-3159 -1252
773 -4242
-1322 3512
-2993 2558
472 -593
3447 -393
-902 2450
-97 786
362 -1160
1554 -79
-135 -814
-1812 840
-23 -3179
-814 -1727
1868 2213
-1539 702
-325 -729
521 -1535
-1985 518
-1354 -2501
-156 -98
-2892 532
600 -864
-1148 865
639 -327
527 -2316
1583 -1851
-2085 367
-2385 -4549
1936 3957
-2640 362
926 -930
2163 -961
2137 -1402
-3473 -329
-3727 2747
495 -107
851 -1174
-435 -1676
-1009 -2400
-3162 -1681
-3500 1173
-3644 1473
895 3515
-1644 -278
4046 546
1312 254
-849 319
1850 1221
3961 1315
-1718 1017
-806 -3737
-102 -1213
783 -173
-930 2038
300 -2443
-2303 -641
-1174 -267
-777 205
-1392 -95
-2337 -454
-1615 -1033
-532 3406
2385 1073
2664 2820
1236 -3865
-1215 1394
-1752 -3084
759 672
25 289
-608 1559
-2104 1002
1055 514
1250 -1078
-926 2327
-4717 489
-1145 2273
-507 727
1490 1068
-1101 -929
-519 -226
-3414 40
1378 270
730 963
123 -412
117 197
965 348
3895 -349
2483 1132
2441 735
3906 -1781
-104 -133
-188 -3409
-1008 -714
-1740 -1883
958 -1440
1104 -1214
2489 1187
3171 329
-782 977
383 -371
714 902
-933 -3059
964 -2775
-670 -215
-2685 624
-1419 4153
9 -82
918 -1107
-620 3167
-300 4011
-417 1501
770 245
857 2627
170 2746
27 -921
504 -61
-705 -965
1009 868
-593 3062
382 33
952 1182
2766 -250
606 624
217 -1414
163 -2698
-350 2338
-687 57
372 2018
742 366
975 1176
-3708 -217
566 221
84 3639
2488 -41
964 -340
-1495 -1930
383 410
-3715 74
504 -936
-1219 4126
-1172 -716
1147 1913
1302 399
-882 1294
1267 1129
-5 1639
951 -1996
280 3064
1889 -694
5401 954
2282 -1267
-1329 -1270
-1618 -1150
1032 1513
-2892 -3718
-709 -934
-510 639
3944 1032
490 -2713
-1544 -1909
-1727 -991
-344 -102
1246 -881
-3166 1571
1538 -765
1026 3622
-2237 -2879
-137 3332
-1461 218
3290 643
-439 567
1291 394
205 1411
1274 -969
4357 -1620
1920 -1617
-1207 -3186
2261 -1575
-2236 1918
1285 151
-2732 -398
1559 -2086
-1803 396
1327 724
-1028 2562
-2854 697
-316 -1788
1390 872
1115 583
-3550 262
2657 -708
1818 3847
1307 -1403
1763 2218
1740 -1293
1796 -1658
1416 -2255
-1268 -1752
-955 438
-1995 -1329
2481 586
185 619
-1410 313
-1684 -311
649 -745
13 601
1905 -2672
308 -1550
-360 -67
674 1293
433 -421
314 -1515
3070 -797
-330 -235
1297 -439
-1554 205
-2871 -3761
-199 -411
-1136 -1296
-858 40
545 -3054
1474 1010
-593 -1174
1824 2378
-2411 -1057
