2407 1002
-1180 508
-1618 -248
-369 35
56 -77
108 -289
-4 182
19 -57
-90 -91
-108 -90
39 -127
-114 98
-31 0
6 -2
-6 -7
5 1
15 115
107 -66
26 69
1 -3
-6 -43
6 7
-9 1
-29 12
-5 32
-55 -20
-133 49
-48 38
12 -41
-44 -2
-35 33
-10 -3
5 -27
-30 -5
8 43
-9 40
25 -21
37 -5
0 -16
65 54
-17 -14
-1 20
-49 -30
-36 8
-99 -60
36 18
-47 -33
39 -31
-2 25
35 -99
-43 -9
70 -21
11 -16
-10 1
-54 -48
-18 -45
32 -5
3 -38
34 49
-6 -12
-52 -11
-6 -50
35 51
-40 -56
-61 -67
119 -36
-25 33
25 12
-32 16
-41 -28
11 -4
6 -12
26 -25
39 25
-25 -63
10 16
-52 29
66 -13
-3 -18
69 31
37 20
27 -21
-117 25
-19 16
30 2
26 -20
-14 64
2 -17
0 -55
55 -49
20 -5
61 78
-1 -50
-1 -33
15 20
-15 28
6 -28
-63 -71
-18 -61
24 15
9 30
38 30
43 1
-1 17
-56 -72
-28 53
-15 32
-44 15
7 20
25 -8
-11 62
32 -5
2 48
29 51
-24 24
35 -7
-67 10
2 -31
-4 3
-4 18
18 0
-19 3
-33 -10
24 14
47 23
8 79
1 38
12 16
-6 -7
-5 31
-40 -31
-36 46
-53 18
-36 29
-11 -1
6 19
86 50
24 -9
-25 -28
-11 -26
38 15
37 -38
25 2
-21 -3
19 12
41 19
-11 19
-74 -44
-72 75
6 57
-46 -14
-21 -23
-87 22
16 19
18 -14
6 -55
0 15
-24 -63
9 16
-13 -12
-9 -10
30 -11
4 -13
13 49
-8 32
-19 2
-42 6
-27 -11
25 53
-60 6
3 17
12 -9
31 22
22 29
19 21
-46 -58
72 19
27 8
84 23
8 40
-32 19
35 9
-31 25
-6 -4
26 38
10 18
-3 19
-25 -43
19 8
6 64
-16 18
11 -25
41 -53
-27 -6
-10 41
-37 -10
24 -18
-39 14
-4 -16
-35 -17
-15 15
-64 35
15 -21
-18 -17
-18 -11
-12 26
-47 29
-58 -34
24 -5
-30 -2
27 0
-4 16
-19 -2
23 -24
32 32
15 -17
-37 -6
1 39
-7 -12
-35 16
27 10
-9 -15
-20 17
-10 -25
-8 8
7 34
-21 24
15 15
3 6
-30 3
-32 -2
29 -20
-1 -3
-20 -11
-23 -10
-13 -9
2 -29
7 14
-7 22
-23 -17
-16 6
20 9
4 16
-22 3
-21 -7
5 -49
-3 -32
-1 3
-1 -20
-16 -22
-13 -4
9 -17
-14 37
19 16
5 5
12 -4
7 9
-5 -29
-10 -14
-6 -3
-9 4
0 7
8 15
37 15
19 4
10 2
-7 0
0 7
-2 -2
-10 -18
-27 -18
-14 23
-15 0
7 11
-12 -23
13 6
-8 0
-9 -6
-4 -2
-11 1
-1 16
2 3
8 -2
14 12
21 -13
-4 -4
-5 -2
-7 -2
4 13
8 5
1 9
1 2
7 -5
6 -2
-1 7
6 3
2 -2
1 -1
-1 0
4 0
-1 3
-2 -7
1 -1
1 1
3 -2
0 0
0 0
2 0
-2 0
0 0
0 0
0 0
0 0
0 0
1 0
1 -2
1 1
0 0
1 0
1 0
3 2
-2 -1
3 -3
1 -2
2 2
5 0
-2 3
-4 1
0 -1
0 6
5 0
-3 -2
12 3
5 -1
5 -1
6 10
6 -3
-11 0
-3 -11
-4 -5
-14 13
12 15
-10 -2
2 2
8 -2
2 9
-1 8
11 8
-4 18
13 -8
4 -1
-10 -8
0 1
-14 -6
2 -11
-13 28
13 4
-14 0
-14 -5
2 -1
2 13
-25 -10
3 -4
2 -8
-16 -2
21 2
-14 8
9 9
12 -18
0 -6
-13 -15
43 10
-40 -17
-8 -12
-19 11
-43 -7
16 14
7 -16
8 6
14 17
1 6
25 -23
26 9
3 -3
-42 2
1 -13
-23 -13
-16 -27
-16 -28
9 5
-57 -21
29 -16
35 30
-8 10
-64 4
-28 -22
-23 33
-4 -5
12 -17
-10 50
-52 -23
47 10
29 -5
15 -53
26 -1
-15 -6
-22 -40
47 7
-39 21
-40 -29
64 -15
43 13
-40 -14
-2 22
17 -23
-31 -22
29 -41
75 30
9 -29
-18 12
28 34
37 -29
64 39
-6 27
53 -17
39 24
-31 -31
-28 -7
-23 15
-27 -12
52 -11
16 71
14 82
32 -16
-2 -15
-34 -7
-43 -26
-45 -17
-1 32
52 -43
-18 3
-29 -69
-37 -34
-11 15
-10 -37
10 40
29 -18
75 48
-4 78
-7 -51
-20 50
-13 -14
-15 -13
2 27
47 -7
-20 -89
-30 -86
-60 -12
41 -2
-1 26
-14 -19
-13 17
10 -27
72 11
46 -51
-27 -44
-49 11
-10 -10
33 2
26 -31
14 -62
29 36
18 -19
-63 -8
-8 81
41 -1
16 14
-8 -11
8 -3
-74 58
-28 -56
-86 -2
85 -23
99 -101
10 -82
-34 -48
-66 7
34 -9
21 -105
-11 -45
25 39
-14 31
-21 70
-3 -23
-106 -68
-4 0
9 -44
-17 11
64 31
-7 40
61 4
-79 8
57 -92
81 -27
-84 -34
-32 78
89 -113
-36 -29
-74 -20
-85 66
98 -71
-48 39
-698 803
255 -2382
1104 377
6 -180
76 -38
142 -34
-107 103
105 -110
125 55
35 -86
94 -131
233 -205
89 -23
33 -17
-46 -66
-12 -32
45 -214
-43 115
-22 -109
20 -15
34 103
-30 -66
43 -18
60 -34
-31 -105
205 -3
111 -62
96 -32
-15 91
137 3
119 -85
54 7
-10 15
100 7
-14 -107
42 -84
-61 52
-114 11
16 19
-225 -109
-25 50
-10 -7
110 77
59 11
214 155
-117 -90
137 45
-86 38
-58 -13
-35 198
122 30
-149 2
-5 16
44 -16
130 96
16 116
-107 15
-46 52
44 -101
41 40
88 43
-26 100
-84 -158
102 127
123 100
-243 81
34 -149
-31 89
108 -22
118 41
-44 35
-55 -1
-127 30
-73 -41
87 141
-59 -14
158 -76
-135 67
89 22
-164 -22
-93 -48
-105 21
266 -17
89 -100
-23 -73
-51 55
-5 -204
-5 -21
4 145
-110 135
-14 -6
-193 -206
-7 92
-27 112
-76 -132
41 -68
30 60
84 168
26 127
-20 -80
22 -111
-106 -127
-83 -72
49 -41
129 187
104 -166
4 -85
113 -42
16 -36
-50 -11
55 -139
-90 1
27 -95
-102 -103
70 -87
-77 23
247 -87
-29 107
-18 -1
10 -65
-85 24
75 38
31 58
-80 -57
-151 -77
-65 -223
-34 -114
-23 -84
12 12
-5 -106
68 113
136 -137
181 -20
119 -81
14 -7
-9 -66
-238 -140
-80 47
50 58
30 77
-95 -62
-93 138
-8 43
62 -26
-58 -56
-145 -48
45 -8
227 151
207 -261
-27 -134
144 12
63 77
274 -82
-60 -85
-85 15
-23 159
-4 -72
59 194
-25 -62
43 10
7 15
-64 30
4 27
-67 -168
78 -122
27 6
162 24
84 13
-48 -124
192 -45
-1 -77
-26 46
-128 -63
-82 -92
-70 -56
166 216
-254 -77
-99 -27
-298 -151
-33 -153
55 -40
-107 -46
96 -127
32 -23
-69 -137
-40 -107
-8 -33
76 182
-104 -41
-38 -248
76 -80
-34 103
-147 197
54 52
80 -144
118 17
-110 80
184 -96
-40 87
179 62
32 -43
197 -117
-60 125
89 81
95 45
49 -87
195 -89
287 214
-119 31
143 -27
-115 6
-10 -65
87 -16
-136 97
-166 -129
-63 68
166 22
-21 -221
17 42
135 -85
-127 -59
22 77
101 -45
22 134
28 -1
-22 -168
116 -111
-85 -47
-22 -17
164 -13
184 3
-157 75
-41 15
88 44
156 41
71 73
-26 142
-49 -80
62 -128
118 83
84 -17
-151 -82
-35 -105
144 -19
132 28
-43 311
-19 166
-16 -33
-12 132
77 134
68 38
-56 130
100 -241
-129 -111
-27 -43
-67 15
-47 -75
49 185
90 125
36 28
54 -7
-5 -38
-61 -138
-299 -105
-143 -37
-70 -4
66 10
-10 -43
26 12
80 173
240 160
132 -216
130 -17
-61 -121
130 224
-127 -62
79 -22
97 57
42 36
109 -5
27 -199
-18 -38
-85 27
-177 -153
-255 178
47 46
76 30
86 27
-58 -177
-124 -64
-13 -135
-14 -35
-131 94
-115 45
8 -149
-113 -71
-34 49
-18 22
19 2
-93 -1
38 -90
71 203
-45 49
-54 -48
-113 98
18 -19
-24 20
-141 -30
123 -16
39 -51
57 -12
14 45
-47 -78
-163 86
283 74
118 -242
115 49
2 -9
41 7
35 -14
123 70
-71 -25
110 -100
35 -75
42 65
133 -2
-39 59
-88 15
-4 -26
-3 115
91 1
-40 -19
187 30
83 -26
74 -14
76 136
89 -41
-134 -5
-41 -127
-54 -66
-148 135
122 166
-102 -21
14 16
76 -30
18 83
3 67
82 71
-28 145
101 -61
42 -11
-88 -58
15 11
-100 -37
30 -61
-95 187
100 53
-51 5
-78 -22
9 -2
19 100
-140 -54
9 -33
6 -63
-93 -11
141 30
-59 39
46 16
51 -84
-21 -32
-46 -68
200 17
-155 -77
-36 -58
-88 37
-167 -58
63 42
67 -45
27 34
73 18
11 62
98 -120
105 35
26 15
-160 -28
53 -27
-94 -46
-26 -61
-35 -73
17 47
-125 -45
66 -32
88 65
-23 62
-199 11
-24 -58
-28 81
-18 -18
65 -78
-70 133
-94 -63
127 7
30 14
71 -111
42 -3
28 -4
-45 -108
107 -10
-35 66
-83 -48
124 -3
116 21
-63 -55
-54 12
31 5
-90 1
127 -48
80 58
16 -45
-46 53
-7 80
61 -38
106 21
7 6
136 36
14 44
-31 -44
-19 -88
22 47
-27 -23
63 -60
42 33
26 116
-29 -68
74 14
-125 -92
-70 -6
-128 -43
29 -37
35 -25
13 -12
-81 -61
-16 -69
-30 -62
-16 -31
-51 24
7 -42
104 29
40 120
-65 14
-80 127
-132 17
47 12
21 -87
-46 11
2 -78
52 -6
-94 27
56 -38
-73 20
-39 79
-13 -18
47 43
171 7
66 15
-15 -52
-87 -53
-23 -2
14 -69
77 17
9 -25
88 12
-6 18
11 -2
64 -42
102 67
44 -2
-100 17
-39 19
-27 -7
52 -61
4 -33
127 -8
38 48
-32 -27
17 -41
-54 -3
-47 100
-4 -47
31 -98
128 -32
112 -27
12 -85
23 37
-59 -1
-27 -12
-69 -18
-151 136
-10 136
47 -46
66 74
14 -105
-25 72
40 46
139 -72
-44 26
-4 -59
14 -47
37 47
-75 -5
44 17
-29 84
-696 -527
621 1920
-425 -6
-33 -114
99 114
267 -129
-1 99
153 -48
42 78
132 274
-159 138
-183 123
126 94
-60 -14
67 -18
-36 132
-121 58
-81 -23
66 32
-96 14
-92 23
-7 152
-10 66
-8 52
111 46
-215 25
-36 43
-98 -103
-24 2
-6 11
-37 9
-47 -27
22 124
-43 71
50 102
-16 68
12 -70
91 -12
-42 56
214 21
103 -45
-26 -15
-72 -102
-57 -43
-53 -7
126 104
-77 114
16 19
139 7
-31 -74
-68 -48
99 30
-74 30
-4 7
-72 -30
18 -113
102 45
104 88
-184 -11
-72 -13
7 -49
122 -6
24 125
-18 -56
-14 -8
77 -90
-56 232
-60 -159
-74 21
-61 -11
47 -55
146 60
257 40
-13 -49
-97 -150
140 -37
-152 67
-38 -114
-271 -4
82 -109
59 -15
88 88
-95 -69
-102 190
-45 210
-34 1
86 196
120 148
-43 -132
12 -115
-33 108
157 176
54 102
62 -169
168 193
-60 60
-84 -44
85 -86
-46 3
-46 125
-136 152
-17 154
5 113
-48 17
-72 -99
-81 189
-3 66
-26 36
-103 -35
-28 128
-119 35
90 3
-58 0
87 16
-94 120
34 -2
-282 174
52 -151
79 -30
4 174
90 -105
-110 -106
48 -38
38 41
186 12
175 171
34 174
50 132
43 54
1 59
24 -107
-209 102
-257 28
-116 93
30 1
-18 153
135 138
95 -45
17 57
-26 -7
78 117
82 -165
-147 -109
-38 103
57 128
126 -6
-90 -88
-236 -209
-206 308
32 30
-90 125
-81 -65
-231 104
51 182
163 39
53 -179
10 106
-31 -164
7 97
-53 51
60 32
-37 -22
-66 0
143 203
-234 117
45 -34
-170 -94
-58 44
-27 12
-127 112
-4 152
12 -67
155 5
21 109
43 8
-217 -232
217 80
146 52
280 336
18 184
122 -28
67 111
-11 192
-122 129
-28 122
103 224
72 -113
17 -264
201 69
53 277
-126 104
42 -136
72 -218
25 -96
-216 46
-37 35
170 -163
-248 214
194 -202
-278 -5
72 -16
-61 79
39 -265
-151 -145
-178 -77
-28 43
-168 -26
-495 -497
201 -67
-209 135
147 -56
144 37
-129 108
268 -72
258 141
68 -44
-222 2
126 412
15 -17
-59 117
167 91
34 -113
-145 -80
115 -240
33 -135
-25 197
-179 121
105 -58
31 -54
-259 16
-266 -20
203 71
216 9
-55 -17
-357 -59
-95 -218
107 -94
121 83
-196 162
-114 -56
-53 -84
388 241
94 207
-230 19
-175 19
112 -491
203 -66
90 157
108 -237
38 -148
-17 -132
64 -258
-181 281
188 159
-6 120
-30 31
39 168
-134 -114
-223 -351
-22 -69
37 -138
32 -47
68 330
443 74
116 118
14 -55
-157 -78
64 -65
-70 40
-40 -339
-263 -171
-223 365
-151 119
59 346
-343 -315
186 131
-71 189
-177 -35
-84 -165
-37 -15
-202 471
26 60
31 -36
279 218
237 -386
-35 -13
-117 -96
36 -75
61 156
132 -46
12 217
-1 49
243 -225
312 -77
122 235
178 157
-43 -104
103 -128
80 15
94 80
-118 331
-143 -219
159 -206
87 199
243 -273
10 83
66 14
342 34
-140 -82
79 68
-29 -105
-139 -15
-9 286
321 -276
-662 -80
-218 376
-135 -116
-90 56
-21 -107
-132 50
-261 36
-214 183
-12 103
68 84
8 -41
-260 -102
272 -40
108 -186
9 107
60 -229
-112 -4
287 143
-187 -219
-14 -62
-68 84
-253 -200
35 52
186 -5
26 256
51 -17
251 -349
-220 -159
127 -5
-77 -23
-68 -111
-46 -169
114 -144
-240 -56
92 -234
-193 162
-2 -39
28 123
106 37
151 109
57 185
91 -289
-14 131
378 63
191 106
-22 50
-5 -5
233 98
-44 22
-36 -20
96 0
-51 49
136 -103
-81 -200
-158 189
-58 0
172 127
-317 -194
418 148
82 79
114 -138
340 -58
-139 -171
106 188
-74 12
-32 -323
-3 37
-125 60
-173 -16
21 127
248 -58
147 133
127 101
190 282
145 206
-80 61
515 188
-234 151
-266 -230
58 40
296 35
298 177
264 -249
-19 76
-36 -1
-60 -257
382 119
-291 -92
-220 78
-17 322
-236 28
207 41
104 206
-173 -55
302 -73
209 168
-340 190
-96 -44
203 14
-101 -151
-129 179
64 191
11 266
-440 -190
-14 132
56 -34
-201 -67
-129 127
-282 -233
10 -152
-248 180
-249 -99
185 174
148 -110
235 -35
129 27
-253 -1
14 -332
-49 -342
-235 32
140 110
87 -90
155 139
50 7
34 -167
-303 209
82 -2
100 317
145 135
39 -186
-8 159
-153 -259
-145 71
-258 -93
32 -218
-34 222
63 -95
-43 191
120 56
-5 -139
-261 55
29 319
140 341
178 120
-17 -125
-1 -43
-9 110
50 -61
-1 151
-119 -88
-113 177
45 99
81 -28
61 20
-117 -68
-18 218
-55 175
-38 -131
-50 98
144 14
14 -277
-21 53
63 37
-87 41
-48 -26
177 -242
182 103
282 -106
-211 89
-185 264
-105 212
78 203
150 -82
-106 179
-105 346
33 68
-48 -105
22 -48
89 -172
-9 19
218 220
-36 -178
55 7
-100 82
-219 -100
70 -236
-67 13
270 -141
-119 250
-175 135
87 19
46 -288
-227 277
78 85
271 -25
166 -183
-120 83
48 -97
1290 -1979
-1041 2293
521 940
-409 -155
-26 228
47 451
-21 -200
-71 112
-164 -136
-322 -478
-2 -183
-228 272
-209 18
-69 -24
260 207
44 -64
14 327
250 -135
7 243
14 -33
64 -257
114 19
-131 -45
-6 -40
-157 146
-134 -3
-214 48
-37 150
62 -158
-369 -6
-237 19
-82 30
-36 -251
-159 -145
-79 70
-144 63
83 45
104 23
49 -114
230 154
-92 -54
72 54
-81 137
-25 34
-357 -372
-29 71
-171 -268
141 -22
-103 -45
108 -272
-124 7
106 -29
102 -54
-211 16
-40 -39
-21 -26
108 -51
-83 -191
131 169
46 -119
-142 -11
-131 -163
188 97
-238 -163
-225 -125
264 -28
80 -95
161 -68
-118 -81
-107 -21
-16 -30
-134 -36
-121 -109
118 188
-24 14
-178 85
-72 13
360 50
205 13
201 214
102 191
66 -166
-318 110
-82 -149
41 -209
226 -163
-94 118
-294 -79
108 16
128 -63
25 -200
157 56
-114 -334
-25 47
-117 29
51 -20
25 17
-205 -148
93 -228
-8 -28
223 -74
325 33
112 33
-128 74
-160 -199
-114 -53
105 91
-164 -8
149 21
186 -242
117 155
-79 5
-33 122
41 188
86 -85
91 -109
-37 -207
58 68
-60 44
-11 -260
25 143
56 147
-27 -101
60 47
-103 206
-180 108
76 -197
-88 -23
-64 -168
95 144
-118 -110
171 47
168 -105
-64 -74
-40 110
-24 -259
223 -32
-46 -77
-159 -249
21 -165
6 -114
-14 20
248 54
-116 -110
8 -185
117 159
141 92
94 122
100 -105
-20 121
-129 -235
94 -64
-118 -1
64 -248
-152 -22
-167 156
2 -73
-21 -43
-30 -94
24 -4
-188 -50
161 -23
133 -32
-191 -133
311 109
-66 51
-84 64
-52 -28
99 64
-183 -105
-16 -149
-9 -5
-27 142
249 -137
157 118
208 -6
179 82
-144 -49
17 -269
69 -75
-257 110
74 -137
-178 16
247 -158
240 33
-204 -205
-67 336
-238 141
-166 11
36 -61
118 -16
-86 110
261 119
17 -41
262 321
-113 -85
-144 241
41 -136
-244 328
121 -189
-220 128
-117 17
83 246
147 183
192 155
-54 -47
-94 199
453 564
-177 69
139 -152
-63 122
-321 94
127 -132
-214 -44
-138 -150
-62 -66
219 -67
-322 -345
-6 39
-84 12
-153 0
-64 89
100 195
-374 255
-153 176
85 11
90 -28
55 241
20 160
248 -34
20 247
-55 -371
-250 -85
49 106
427 237
44 334
-205 -79
-239 92
312 9
53 -33
-95 238
-492 -331
-134 -280
60 5
46 -66
-32 508
-288 -76
10 -374
-75 322
-190 91
-6 224
-56 120
252 -75
-201 -183
112 -292
168 -5
11 -127
20 -91
172 534
71 145
-257 167
-43 201
-45 -523
-217 -29
73 -213
186 53
236 86
-131 247
-18 -165
-17 350
150 28
289 -422
190 -30
15 -410
466 289
-100 -173
7 -169
92 31
124 330
27 -75
280 -587
-89 -138
7 21
-114 45
20 348
61 -117
-2 28
-8 84
191 136
26 317
-30 -223
24 -153
-85 274
-438 70
-234 -296
-224 -88
64 22
-174 218
-243 5
35 -207
200 -383
276 116
-290 324
-39 -334
-301 335
21 92
-76 -113
-440 -6
73 225
-143 9
27 148
228 1
20 -368
-335 358
876 66
398 -386
11 -2
376 18
22 -61
343 -162
142 -78
385 -364
-347 79
-118 -59
106 -72
203 172
-347 -55
110 287
-119 -100
-128 438
98 -29
-439 -279
158 207
-98 37
-68 -191
239 150
-94 -111
0 23
96 -405
-40 69
-333 386
180 85
-288 36
369 263
-90 199
29 27
-218 91
264 -27
-115 191
118 -128
-118 86
162 -149
-205 35
-268 -96
-207 -434
175 215
49 -312
-520 -22
-253 -165
102 -75
-94 -160
-399 -226
106 224
254 293
-122 -33
-239 -241
-387 33
87 527
76 -145
234 -150
-123 -140
322 308
-585 -49
30 -16
-52 123
-593 172
200 212
-207 -329
54 -10
-22 368
-89 -429
238 104
12 131
-120 -89
-230 457
-335 -217
90 -51
-252 -289
-210 -352
202 -192
-730 -258
334 -201
348 401
-100 -132
-481 185
-596 -61
-279 155
-32 102
-265 54
161 337
-628 -170
168 153
521 -237
-150 -453
135 -20
-512 -38
-180 -98
433 283
-559 76
-322 -337
516 -222
256 192
-387 34
230 311
3 -456
-71 -344
-123 -444
840 153
85 -222
-62 -152
477 191
324 -307
451 543
-251 341
-62 -445
426 88
-174 -140
-268 285
-253 -16
-190 -95
366 195
84 775
76 495
450 156
-311 -328
223 287
-190 -255
-12 -21
-168 577
371 -309
-220 149
31 -424
-412 -140
-16 285
-43 -273
190 196
212 14
340 362
-308 298
218 -554
158 51
394 -131
-252 -202
-92 538
569 -123
-240 -502
-477 -715
-244 -194
207 65
293 104
-34 -526
-80 162
-196 -320
106 -97
131 -413
-253 -89
-40 336
121 -51
142 190
49 -211
109 -405
-33 204
92 -56
-506 -64
-228 697
49 -237
122 217
221 -30
178 -13
-460 308
-240 -237
-463 53
155 -162
589 -662
-36 -420
-277 -144
-281 109
303 -251
140 -397
-114 40
-193 345
-399 255
-90 590
-121 -232
-484 -434
-6 95
416 -223
293 -258
284 -194
-90 143
283 -171
-534 283
314 -606
211 -225
-735 -28
-19 479
531 -557
-298 -47
-473 -253
-275 341
288 -352
-198 -33
