4875 -6817
11370 -7579
9261 -9062
10149 -5480
9681 -6660
11000 -6844
11887 -3681
10937 907
14261 572
9567 -1135
15518 -2363
8096 806
9916 -1
12362 239
11461 4183
10573 5673
8411 7860
7473 2483
4641 10797
3798 7327
-34 9396
4393 4294
144 4891
3451 8674
114 1286
4375 -3011
-848 2119
1526 7885
3794 4508
2902 4967
2557 6458
4236 4688
1416 3825
6168 1477
2942 -1151
2181 5278
10268 4621
9618 10706
11259 6942
5156 9968
3090 7126
3745 12762
4666 13366
2112 14423
-1720 8284
-2827 12930
-4109 11869
-4231 7790
-5983 10176
-9818 6391
-14046 11091
-9760 10496
-11860 6865
-5526 2542
-13259 -490
-7853 3084
-8246 -6666
-8153 -401
-5237 112
-6920 -3066
-5147 271
-3064 -1752
-4097 -2074
-3326 -439
-2955 5112
-4314 414
-5485 -2343
-10797 -709
-10395 2182
-11224 3855
-7415 -582
-8462 961
-14128 -265
-13985 -3250
-15492 -4038
-9756 -7921
-7575 -6033
-7333 -7788
-6881 -8888
-7089 -8309
-5893 -13536
-5806 -15975
-4608 -10845
191 -14965
-2043 -8879
-761 -13067
-1833 -11334
3802 -13906
5205 -13604
4342 -8051
1725 -8610
4585 -7211
5649 -7959
7001 -3793
6730 -6656
8409 -11699
9847 -9418
7546 -5846
4145 -5792
7947 -6306
11481 -3092
8945 -3643
8202 702
7558 -83
3967 3765
3180 2307
314 2435
2286 379
-9 816
3182 9
-3768 523
-4477 1198
-969 -1131
-3905 -1049
-847 -4962
-658 -9159
455 -7303
4883 -6190
3196 -12509
7259 -9396
9550 -5852
9322 -6907
11848 -1260
9688 -1257
11267 603
10618 4770
9890 6854
10442 6227
10549 8095
7481 13378
2572 8247
3225 12046
377 14916
-3540 9392
-5122 10872
-4276 7730
-9444 5230
-11370 6668
-8516 -568
-11127 453
-12181 927
-4978 -1106
-9792 -1885
-8477 -5500
-4700 -9605
-6426 -11700
-4695 -7569
-3996 -7755
2865 -8207
-1792 -6545
-1059 -4934
-260 -8669
-1460 -9413
3202 -4973
5512 -6648
5284 -11549
5998 -5390
4777 -7535
4515 -9372
4756 -6857
5057 -8158
-1647 -5965
3888 -3009
5210 -5553
6116 -7155
7523 -8345
5350 -4831
2706 -2432
7817 -2014
2104 -2615
8473 -2443
7309 -1681
5768 -3448
6193 -3238
2701 -118
3523 -1237
-1398 -2760
5716 -2779
2611 -705
4205 -396
4665 358
1768 529
5854 -2161
1079 -805
5368 -1604
1690 1185
2914 715
3414 -1941
50 526
2958 -1423
3767 -3764
644 -6611
2592 -2649
2783 2105
-1902 1357
-5716 2016
-1423 -1140
-3072 -263
153 -7962
-2945 -3961
-923 -3662
-781 -1891
1456 -5382
2835 -6560
624 -5013
1243 -10234
3946 -7807
4506 -7714
4034 -5970
1229 -6953
3609 -5043
3840 -935
2835 -311
5479 -2395
8613 1839
7740 -1446
4391 3078
5811 222
4015 2954
5494 3667
3570 5574
2752 4332
782 4935
53 6934
-550 2155
-1299 2396
-2422 1024
-7692 2300
-4831 -606
-8058 1237
-1506 175
-5493 -4583
-11705 -9214
-5420 -5360
-6402 -8355
-6162 -7970
-5138 -12382
-4996 -13947
-6050 -14553
-2963 -12038
-766 -19780
-554 -15230
3083 -14221
4236 -13839
4212 -19164
6877 -15132
8996 -13326
8924 -13373
13677 -14003
13810 -13817
15753 -8948
19531 -7636
13073 -9228
13810 -6437
16225 -1549
15515 -283
15553 2101
13648 785
11633 4300
12179 3898
10349 6216
8248 3276
7951 3005
8775 8347
1927 3666
5296 5624
1318 4308
599 2782
-3625 -3476
435 2892
337 2067
-1880 2143
4478 -6591
265 -3227
3473 -3793
1154 -5025
3302 -1756
9226 -256
4278 -4215
3544 -2724
10290 -1993
4043 -2597
5181 -6045
8691 -2524
3154 -3149
4986 -5760
4512 -2907
5570 -6192
7751 -7570
1863 -6768
6087 -2058
5584 -4147
7074 -6206
1042 -6481
7083 -3861
9181 -2087
9946 -2668
7677 -381
7321 -3752
7504 1395
10151 -424
11399 -3836
12707 5203
13453 2598
9908 -2089
12077 -960
11627 -1366
13789 2740
13363 3318
10936 6444
12883 7382
12031 4994
6158 7118
9103 6435
5614 2894
6155 3457
5586 6352
6933 6832
5414 4163
2449 5092
2793 7770
6586 8290
89 2419
2545 4303
3543 5964
2078 4387
8595 -1540
4522 -783
5629 888
7050 -1013
7318 1732
9589 2254
9441 5657
9010 513
4097 6608
4571 1256
2990 9348
2532 8130
6507 6977
2585 2543
4415 8796
8277 9381
1964 2692
6272 4239
84 597
3972 -1443
3175 2052
3489 2288
4069 -1001
2764 4500
4616 2416
2138 94
3014 -3050
1870 -2128
2950 -2244
4267 -1637
5725 -2822
6278 -3540
7652 -1344
8371 1003
11999 -595
11124 2370
15563 6853
10205 9711
8513 4126
9751 8073
5873 5907
3018 7084
10324 12617
9811 12866
5619 13734
2887 10615
4677 11985
2379 13864
3987 9120
2385 11416
-568 9343
2932 9240
84 5858
3120 3924
390 5310
823 7121
5528 7801
5990 6609
7083 7677
3961 11848
3722 12659
-437 11272
-643 11332
288 11352
368 14256
-2268 12572
-4973 14450
-8096 12607
-10777 14359
-8212 9941
-10850 8885
-8935 11163
-13651 8067
-12085 10586
-14341 1554
-7483 1051
-12642 2362
-12313 5234
-6969 1712
-5770 -431
-3629 -1007
-1214 -2194
1049 -929
-6442 -1948
-4631 -1564
-3184 582
-1185 -1780
-5449 -1010
227 1317
403 1616
260 2567
1240 1180
-3245 1246
-2859 6469
-2545 4084
-3983 4788
-1356 -1577
-5147 539
-1048 1311
-2349 -1779
658 1565
-3466 -767
-215 2140
-6097 460
-2115 -189
-2913 -2239
-6279 -1
-3405 -2725
-3822 -12
-3268 -6693
-1588 -1671
2594 -3444
-134 -1434
732 -1393
-4575 992
-258 -1316
-460 -2959
323 -5752
832 -4250
-1230 -329
-1070 -2820
-1038 -2364
3438 -6505
-1091 1615
2942 2359
2860 -34
4495 1918
4494 3085
-281 1792
-299 7867
-2862 6370
-3210 4689
-7262 3681
-3690 7527
-6049 3179
-5441 4278
-7159 4244
-10908 734
-13258 -3797
-7594 -7361
-5685 -5613
-1635 -5801
-2643 -5287
-4443 -7509
-4207 -5571
-3887 -6821
-2221 -4151
-2118 -9275
-1012 -5502
3460 -5578
1847 -2552
597 -4557
-1938 -7046
2675 -967
109 -8607
-2678 -7234
-713 -560
-2246 363
-4055 -3088
-5509 -339
-2452 -6477
-3468 -4781
-3650 -5600
-2499 -4995
67 -4151
-5930 -4964
-2714 -4151
-4584 -4792
-286 -6544
1282 -8056
-1932 -6473
-2099 -3794
-2201 -6863
5312 -14052
4507 -6284
2506 -8166
-4132 -6253
2411 -8143
3216 -10949
3730 -3601
4063 -7711
2111 -8314
7725 -7148
661 -5012
6199 -9838
5835 -8407
6712 -1675
2251 -9223
2505 14044
2286 9766
4214 13394
9540 5848
4101 7875
-10412 5855
3967 2300
-5781 11504
-18688 -4547
2186 -6352
-6054 -2261
-6809 503
-3370 -7056
369 -3079
-728 1998
3854 2363
23 1955
-2425 6117
-531 -2570
-694 -3355
4902 1253
2372 -6319
-4792 2146
-10451 10203
3473 10492
8690 5790
2158 6956
3218 -1424
-2444 5203
-542 15820
-1834 5949
-11837 6959
7638 19868
5056 14503
-13427 6626
-20113 -1020
-11242 12967
-14150 7393
-4310 10082
-7782 1599
-12253 -123
-11426 10590
-5648 -2022
-6973 8558
-7584 8455
-7182 4783
-18749 6358
-9928 4795
-2027 -574
-3698 -4406
-14881 -1366
-6504 -3678
-4996 8845
-682 -4953
-13527 8833
-8194 2584
-499 3577
-9357 -2104
-8464 6548
-15057 7011
-15373 6577
-14813 5247
-5278 2707
-561 -955
-13648 5521
7002 4546
-11 1127
-8820 -9242
-9713 5219
-12908 -1054
-6737 6072
-8004 -804
-3438 -521
2984 7668
-15632 1570
-9859 6495
-8791 -3236
-17960 302
-9872 4143
-4564 10890
-10701 -807
-10827 7230
-15661 1462
-23919 3517
-13392 5125
-18499 -4075
-20466 1210
-12853 -5522
-12739 -10491
-11177 -17297
-19843 -12128
-16248 -20914
-20458 -18955
-24454 -7735
-16571 -8513
-9867 -21510
-1702 -20332
-2566 -11673
293 -19237
-2425 -6752
-7651 -9124
341 -11281
5123 -20136
3260 -16117
5146 -9045
9421 -9113
5563 -5317
-286 -6930
7348 -9428
13219 -6154
786 -544
7377 -3149
5667 3663
9693 8770
5442 2488
-5127 5094
14303 -3977
11951 -281
12796 2336
356 8630
12236 7666
884 6867
906 5646
10709 6961
2364 5973
1629 4228
-10966 5543
-11529 1989
-12699 17154
-8328 7540
-8906 4562
-6057 8507
-13577 8897
-15710 3075
508 -5383
-8073 -3250
-4470 4936
-2637 2912
-10077 -560
-13727 7705
-6200 -11708
-7213 590
-11214 51
-11013 5758
-5387 -3244
-5948 -3694
-3390 8911
-14307 -15114
-11929 -2884
-6575 -8884
-4689 1551
-1360 -1373
-6849 1076
-17835 7571
-7369 5128
-13383 5440
-11406 6713
1554 2353
-29354 -1398
-3909 2596
-22656 -7961
-17485 -4242
-9687 -7286
-16768 -6738
-8036 3067
-1484 -23168
-15138 -13478
-14849 -10643
-6156 -11411
-13447 -15231
4137 -7036
-10050 -2755
-1894 -3025
-6266 -9612
337 -12386
-13160 -2176
10461 -3436
5976 -3972
-662 -13951
8556 -543
-6433 -5216
3735 -4131
-6231 5124
-4232 -13495
-2935 -4199
-7058 -4647
-10844 -3714
-3541 -6598
-12702 -7153
4163 -4905
3504 -2223
1163 -8417
1755 -3672
6681 -5861
-10899 -4632
-3891 -1069
-12830 -8073
-3959 6737
-1795 1739
4665 -10079
-249 -6639
-8370 1182
-8794 3092
-9641 9116
-6337 4570
-8826 396
-649 -1542
-3604 -5682
-3867 -2172
155 -8261
1666 -12523
-2346 -10927
-11356 -14643
1879 -9872
1813 -12095
-13817 -13993
-9189 -23696
1414 -19745
-3104 -4588
8354 -14960
6038 -6887
11422 -17269
8885 -5982
11436 -7964
10632 -2827
21109 -13082
4774 5102
10095 2584
-2609 -3832
2408 3715
9187 -141
-5482 -16240
-3229 4570
11497 6096
7745 -2120
9342 -5857
17202 -6308
11719 -5913
13921 1707
16383 4399
11814 13831
9148 53
18539 11132
14878 -2978
13853 -631
11834 -557
8800 6102
8601 8107
-1639 -3002
1578 8673
16704 14920
4902 14014
-11149 19712
1103 6480
-6584 825
-1929 2805
-273 3622
-5250 12518
302 -2250
1736 16546
-1373 5477
-9546 -6887
6677 -7163
5931 -5239
-2274 -2683
-7087 -3442
-2895 4865
1693 3456
503 4703
13477 -13824
-4710 3419
-979 -5883
6036 -3419
6217 -4993
5837 802
2316 849
16888 2110
16297 7023
5521 16947
15164 6586
9688 14835
1229 -3200
11727 -998
-481 14263
7162 10280
-3915 9149
-1022 8669
16418 6560
9134 19531
6870 2318
586 17534
752 11477
-791 24060
9771 12940
5848 16585
5302 14527
4166 20680
7327 12508
9744 13782
771 23153
-2770 6611
-14697 16627
3149 21961
-3401 14680
-13059 18594
-7920 15913
-13045 17963
-8964 15006
-13001 19458
-15628 21562
-17018 9303
-8903 17610
-21218 9174
-16839 1808
-12987 4026
-18343 7597
-15951 -1944
-9821 -4134
-1400 -4471
-13529 293
-6620 4549
460 852
-6335 -5777
9490 -4758
-5109 -6437
128 2608
5023 3187
-670 1467
-7903 -2577
-3024 11099
-12622 5527
-336 13837
-4956 822
-7005 14037
-5164 11404
11119 4126
-9507 17605
-3406 13307
-3625 9899
-2930 2528
-1573 10807
-15362 14086
-6337 20243
-13523 19174
-11033 5533
71 10637
-8328 9347
-6411 19723
-5782 14290
-18788 7442
-9260 5323
-9264 -3645
-9944 4460
-26428 1172
-12072 9298
-13894 2854
-14156 6931
-15677 -938
-16684 3422
-20819 6251
-5017 -3863
-11568 13656
-15765 16860
-12859 -2433
-8464 9618
-6138 937
-9779 8659
-14661 12480
-8357 -7932
-13709 4239
-8162 8325
-14375 3121
-20166 8293
-16277 -4162
-17185 -5794
-12609 2181
-14041 2357
-20351 1976
-19366 -7480
-10352 -12575
-15004 -9031
-19642 -3677
-9126 623
-14525 -9503
-6813 -12800
-8836 -15036
-7106 -12478
-13827 2763
-15795 -14377
-9612 -3235
-7776 -8551
2075 -155
-3032 -8220
2412 5894
-2600 4319
-8728 -5563
-7895 6488
-7241 21
-10480 -6509
-6215 5450
-13266 608
732 102
-7751 13510
-6983 -3938
-10794 -7976
-6544 -6732
-7974 2568
-11639 -200
-5962 11791
-17659 -4428
-6067 8466
-238 -9728
-4735 3724
-2032 6817
-15722 32
-15264 13333
-2964 -1515
-6677 -827
-108 -4410
-15527 -4903
-17288 -2398
-4017 -573
-10156 -7528
-9596 2560
137 965
-11033 5040
-7957 11033
-10324 2467
3533 5840
-11166 7668
-11945 -1214
-11370 2151
-14366 4782
-3723 9101
-10206 -454
2384 6543
-16955 2815
-16310 5274
-7141 -9272
-20523 7112
-23206 5228
-19738 -4699
-11870 -5620
-18028 -8596
-8988 7700
-17027 -6759
-12790 -3225
-5685 -10253
-8479 -16810
-6503 4531
-11539 -10834
-13243 -10979
-17160 -11965
-9701 -3763
-4305 -8777
-2086 1373
-18813 -7008
-5345 -7229
-8560 -8142
-16030 -3173
-6188 -5679
-4676 -6289
-2407 12548
-12263 5497
-12187 6515
-22922 1033
-11719 -7913
-8384 -3416
-11586 -13471
-19151 -9609
-18415 -18821
-12192 -18553
-13617 -12186
-7144 -13133
-8458 -20249
-3647 -19664
-8513 -14417
2384 -14896
230 -4457
4999 391
6086 -5250
2769 -8961
-1582 5565
-2104 -9534
1356 9585
-7728 576
4744 -5223
-6587 6237
-9813 -2931
-9426 5699
-11016 -8037
-9639 -6500
-15273 -3163
-21968 -17482
-11375 -8487
-11031 -25364
-9357 -22656
81 -1579
-6218 -22033
2847 -17732
2634 -16149
-6174 -16145
3356 -11663
11568 -23498
16219 -12011
12766 -9637
2565 -4291
8178 -7655
6605 553
15547 8718
5599 -8986
460 14936
12749 -12967
8654 -9315
1437 1604
-9708 10545
1296 -2699
17563 1985
-21739 -1391
13588 -6815
10001 22064
-3477 16552
7835 8879
562 11965
-1408 15728
-4985 6639
4061 5998
-4178 9174
-569 -6670
3778 -4946
8209 3306
-5401 14937
-192 6095
-9580 528
21447 6408
13235 2562
4157 240
-65 -8099
265 3341
1140 16499
1151 15989
2108 -11769
1156 22028
6541 13214
-7838 -1357
-17501 -5183
-5973 11527
-5184 14836
-5436 4472
21184 6292
4618 1903
-15775 2976
-7402 4272
-6454 -9576
-5689 39168
-18127 -13396
-6091 -5149
-20128 -5293
-6460 -18044
-4632 -9316
-8515 -14280
-13133 -5034
21261 -17380
-15710 -3688
-483 -17360
-10950 1406
15368 -5101
3794 -5197
-8029 -16855
12881 -473
-6606 -18680
4856 -2338
4486 -24473
14061 -8244
-342 -23907
-3273 11414
10925 -7039
-11113 -6029
-9682 -4505
1302 8696
2424 4352
-6283 -652
1148 -12720
6668 -1644
-1636 -4270
-19760 -9307
-1581 -12735
-3666 -20967
376 -10654
7467 -8643
2443 3214
-16826 -12308
2528 -14873
-11022 -3652
12417 -23872
5345 -12780
-2733 -19245
-69 5367
8479 -3369
1976 -8907
9988 -2519
-5802 10666
4805 7444
-4709 -5734
15157 -8680
29624 -10226
10752 -8277
10695 3027
18763 6564
11239 -6536
-2471 10160
5706 -1130
14248 -18853
4341 -5322
2133 10358
9525 -1269
13769 -5323
-372 91
3123 304
1641 15385
3268 -2395
-2318 -10175
7343 -6439
-2651 -9286
11579 -12296
-8264 -21342
6426 -9039
15487 -10111
-1421 7253
-11379 1586
-12931 6417
1648 -3696
-20401 819
-871 -5424
15654 -3459
-20144 -7251
-5212 2789
-1330 -1972
12328 2643
23169 853
33947 -10299
15267 -7610
12532 -675
4793 3884
12481 -7530
6398 23446
3754 19780
10921 12744
-11882 8631
-6634 13526
21905 9041
1001 -12872
10965 21229
-1359 4714
-5491 22352
6783 11954
-8576 15128
-2141 24043
-19757 -231
17132 35601
8036 1008
-9592 20329
-1713 -7057
-7007 -596
-12409 7535
-750 -527
-2548 -4588
8449 3434
-15092 10875
-29859 10054
24430 11534
-8891 2406
6944 6880
-1520 4770
-18769 17409
-13002 25310
-8451 -6066
-20118 31334
-15811 6957
3927 7737
-18376 3910
-1515 5830
-33042 1845
-11359 -8377
-20374 -22486
2221 9823
-1431 2736
14940 -6366
-24321 -9085
-20717 -9883
-2244 -6730
-16780 -10463
1567 5002
-14443 9028
-4998 -3993
-6072 19931
-10916 -282
-12074 -201
-10054 -12674
-14142 -4363
5195 2008
-12861 -7396
-1574 -2726
-5205 -1670
-872 -7325
2689 -11579
12427 -8944
14055 -25525
239 10156
8806 -28041
2117 -15581
-11299 -8961
-666 -1946
3821 -4538
14908 -4626
3101 -11039
-2454 5148
2951 4715
-5720 -2615
-4289 1962
-10002 -15915
2992 -14527
-7268 -11777
8023 -13384
8355 -4938
-15433 3077
2826 -7402
24023 6575
15333 16416
-7277 -5199
18029 -19590
-3049 1887
2021 -6095
2513 -362
65 -7535
-4340 -2926
10801 0
2126 4108
14939 312
3847 -11433
495 6889
14997 -10862
2560 13056
16404 20860
15334 -16172
-4394 -16882
121 -9341
-7095 9891
-16777 6581
-1444 -1399
-5714 13721
-3702 -16911
-9889 -42534
5149 -14196
-7945 -2331
-10942 -3504
-7130 -14036
3748 -3272
11492 -11239
17808 -3064
25928 9742
9093 -8876
-1342 -2411
25875 5698
24090 -17740
13594 7624
17875 12560
11546 21292
1551 6535
-5738 -6029
21449 8090
3712 -15305
1456 4339
18521 14669
-17378 20579
-4352 12651
1785 16674
16898 19848
9604 14931
-6428 -6165
1056 -9480
-16584 27312
4874 12054
10770 14396
-10876 14620
4725 22181
5722 -329
-6833 -10278
-14358 7090
-8148 6914
754 -11257
-4853 -6648
-9758 -1524
-2326 25267
-13603 14425
2536 -2018
-3065 -4046
14093 1769
8581 15036
-5236 18049
-11027 -15065
3306 25296
1950 -1725
29261 7360
16391 -28867
-7437 -10401
-6124 -4340
10588 -8082
3980 -8471
-8455 -5164
-22870 3160
2666 -4512
-4920 -1455
12340 3056
-13427 -3879
-6868 830
26400 4836
20037 3893
11318 12779
-116 1019
-1516 -6367
2997 -2503
20091 13639
-6003 -13877
13222 7167
2684 10557
3167 5005
4242 1895
12829 18021
14068 21182
-11412 12385
5223 -4334
2145 11837
-16497 7611
-3326 11069
-15322 11916
-8116 13896
-7883 11084
-16517 18572
-8269 23825
-5729 12400
-2984 -3280
-2433 6290
-10900 1342
-3545 15943
-802 10911
-5236 -11444
-33385 7154
-3381 -15013
-4566 -2773
-12251 -8276
-26390 2951
-21080 6304
-6533 -18195
-1951 -25636
-11477 -9715
-4210 605
-18402 -11103
-7769 -4498
-10751 -36743
-13100 -16804
11726 -3660
-5675 -1315
4850 12539
6247 -17150
38609 -5574
5210 -14768
24360 -1008
20606 -8061
14661 -387
22595 7223
30495 -5164
-2745 -4202
10314 -20943
28811 -4365
13462 19690
14179 6842
7367 7087
2380 -2312
6956 -10378
2738 13723
20068 7158
-960 -7
17098 13929
15369 2298
-10151 16250
8754 25149
-12429 13584
-1377 8345
-2841 11121
5976 18988
-3000 7787
8660 7196
13589 21689
-6382 4707
12709 22519
-15367 13791
7273 23166
5242 16885
12627 -7540
5911 12418
6730 6944
-3917 5632
-3150 -5572
13171 17072
-1993 -10818
913 -3774
1591 10941
18706 -3590
5174 -417
31468 23945
221 6731
24008 6645
-6073 1978
10708 -11082
-1134 13055
-949 31622
-10599 30185
-12173 20570
8687 34242
-8028 14071
2955 20227
-9727 1300
948 30581
-8248 2901
-16779 3400
-4510 9770
-6894 -3801
-17338 22510
-6285 19129
-13864 13921
-3006 258
-16996 31513
-22689 3683
-4475 18874
-4754 14889
-22971 9604
4006 17641
-14232 1002
1965 16304
-41209 5882
-12408 3012
-10316 4264
-10017 8580
-18442 -1619
-36257 -171
-26903 1568
-48952 -13465
-10286 -868
-6388 -6535
-14854 4418
-2512 -1967
4819 -6327
-11918 -740
-6395 -2268
4625 5512
-14585 -25166
1486 -8241
-10268 -3228
-13485 -14554
-10966 11227
-5711 -24727
-6407 6356
-5363 -263
8389 6692
-2996 -24195
-11286 -7087
-5084 -21141
24812 -7112
880 -12956
-4847 -4277
5606 -5386
-5855 -10895
-44 -6866
-8591 -23367
-2791 -6647
1996 -24009
17794 -12998
6717 11859
-4229 562
-1446 16952
16619 7020
7426 5934
14322 21531
14464 308
-7788 12648
9176 4093
-2295 14616
19524 14800
-7556 10622
6641 5839
-9038 700
-19350 -1278
-5342 4614
-2694 -4589
-6557 3559
-12904 -3883
11741 1478
-13198 18647
-1098 -2569
-4965 4965
-5848 -7370
-1933 -927
-2310 -7430
1858 -12609
6551 3429
-328 -3912
3574 11710
3916 7535
-5556 -18850
-4810 2197
-10422 -8125
3435 -90
11342 -6832
-498 -3719
-2706 169
-7839 -4234
-3179 -7396
13854 -17724
14441 -13766
7438 -2727
-191 -28503
9653 20038
23217 -13019
6114 13297
11251 20671
2175 -8449
25478 -13644
6581 9837
-2207 12258
50902 29045
-15856 18617
26743 -14672
-6203 574
-8115 6291
-1110 -7449
-7053 -14357
-8446 6862
-12095 -10340
-8948 -20358
-7390 14405
-5190 12232
-23965 13820
5245 -17673
-17069 -7641
7383 16178
-33676 -18265
2567 -7845
-10104 -7120
-17077 14595
-963 -5560
-3789 -12847
13946 -11743
6112 19903
7218 -23289
3126 -13145
-9103 -11357
3424 14816
14146 -9983
20949 2037
10472 1560
-37841 64
-20447 -9216
29219 8765
11664 9498
16190 18417
-14134 -47747
15994 19013
-14716 7668
14077 8790
4051 30721
-16977 8794
-15211 25292
6524 5775
-33460 23372
24924 9594
-10832 23810
1030 7935
-20804 -10637
-17539 7362
-53 22835
-36279 -612
-4647 29375
-2976 -5240
-11772 24892
-21494 8605
-5416 35575
-11888 -11264
-24180 -6542
-16106 -9810
-5898 -330
-19023 -9943
-11693 -26729
11055 7996
-16998 2562
-15325 -10805
-20794 -7279
2963 9723
13765 7537
13011 18875
-3215 3103
-10066 -9474
-7982 -37632
26920 -9681
-151 1106
14858 -28279
-6275 31025
16342 5121
3408 18375
11763 -8025
1848 -12034
-112 5948
-22276 3217
4507 -28656
3285 -19425
17386 18881
-763 14593
-23408 -6702
8109 -6817
-7849 -748
-27507 -11140
-30272 -7772
6086 -8328
-4566 -19067
8875 24956
1756 1970
-2090 4136
1343 10876
-12255 14730
-5823 17222
-7825 5228
8303 -15310
-17247 23501
-17693 18413
-6221 21962
-11241 35161
-18544 10194
7796 10259
-9045 2627
-18987 16132
-18100 -855
-4550 -9068
5416 -5540
-5004 -7258
18815 -10340
-5366 -5882
-15452 1071
14586 6633
4159 -2598
7013 -1678
8425 -5298
-14583 18011
-35557 11022
-2160 18080
-13350 30516
-7107 7703
-15633 26233
-15582 -23675
-23662 -16665
-22472 19043
3529 -15786
135 -8257
-40111 1557
7071 29054
-28180 -5117
-11180 -1884
11141 -34225
-18614 -21199
-10777 -14660
-3405 -41808
25801 -10987
-26440 -42167
-7358 -8666
18507 -12583
-2909 8040
11280 7747
37827 -13829
12084 -14049
12593 12275
-10038 -6679
26966 -28914
33458 -10027
-7798 -6555
-6103 3894
10008 13490
6999 9340
20171 -18233
22567 -30871
-6820 7851
-472 -9027
30450 -4686
-16759 -1011
15200 3149
-678 5918
22670 -12745
8745 5144
8364 32285
-2951 -12869
-31339 -118
-28187 6800
-5775 3303
-3569 6365
-20724 14965
-663 8766
-14010 -11692
6559 -24264
-9278 -1578
-16984 -25755
-308 -3669
2581 -17153
-657 10808
4534 -7340
-15403 -34085
-23553 -21570
-28381 -24042
-6926 -17396
-13916 -11787
-40182 -9904
-11781 -17418
-24763 14935
-2509 -54843
-21606 -7102
2405 -23138
6540 12417
-659 -23354
12826 -27954
-8193 -14547
-10826 -19427
3865 -31642
4345 -30338
8975 -16430
-733 -26628
21353 385
-14093 -677
8193 20579
-17990 6069
11841 899
16377 -21858
-2349 2808
-8731 -20726
-7819 -17523
20062 6564
-23917 13512
4249 -9909
-9606 -11720
-7376 -13353
7976 -13991
14844 -7484
-3057 -25746
-19021 4544
3214 -27117
2555 2667
25379 -18235
-9039 2597
-187 -52841
-1975 -28792
9037 -720
19066 4677
11396 18096
20660 -16025
19281 -27835
6100 -432
11088 -42293
7651 2035
19389 41018
-5725 21771
13699 -20579
23717 26949
14361 26292
-14254 3772
-407 4788
-28637 -14450
-10952 -6336
13563 2489
12657 -8326
-25340 -11880
1416 13948
-7630 -6018
-423 746
-2765 -13153
19820 8053
28813 7983
-30603 14747
-426 13254
27717 -6943
1313 4940
17408 -8578
13730 12322
25 -3098
-10634 -8509
-12640 -24602
2657 31383
-8645 28353
-1411 8124
-3274 -8870
-21833 4371
4793 -4645
-40794 -16365
-31207 5307
5352 30465
-11746 1272
-26686 -10805
-7357 19330
-22394 9870
-723 -9571
-337 -39790
-1533 -24274
-4528 -6849
-19670 2929
-28797 -9051
-21490 -22526
-28719 -40520
5078 524
-25122 -42495
-4872 -21455
-62618 -23434
-30786 16218
-8223 6742
-41 -9709
-18168 -1379
-13309 -27433
601 -3129
31639 -18370
-4181 -21380
19503 9004
12030 -23579
19756 -12869
23420 -27560
-14251 -9768
-12878 -4781
5467 -22018
7237 2913
19192 16984
23693 -1668
-8023 -5368
17974 19307
-3792 -3124
11816 -7101
-4176 16172
10036 9181
-8647 -14093
-34677 -10686
82 -2055
-9702 41126
-25322 -3472
-7922 4548
-6108 11234
-24553 -2591
6291 -3149
-8695 -18080
1192 -14374
-11016 -27198
-5336 -12458
-10382 3187
-1694 -12399
-5896 -21750
-25303 -20945
-14810 -39464
-14374 13011
10533 -14358
3124 4989
-6878 -18255
4626 -12030
38707 -8150
20852 -28457
12920 6650
-8254 4969
10628 -22527
1241 -20602
11384 -10387
830 -28296
-7975 21762
22761 -6189
-6272 -23376
6443 -24535
-11600 -39266
-4624 -1635
-31574 -17260
12955 -13903
-5361 -27666
-14683 -15510
21469 -8137
282 -19828
-485 -16930
27342 10332
16937 19756
6636 -17701
23673 -29741
4595 -14982
10666 2609
31486 8792
33203 25963
17209 16957
-9241 -1120
13309 16932
-16155 -4755
-1884 2937
32578 -752
-3885 -10487
34262 3108
7940 3522
21474 -10642
-4371 -7352
2560 13487
328 14656
-10620 -23890
7777 -2610
-20641 -21615
22519 -7044
-8560 1742
-7474 -6954
-21713 4395
3743 8889
-8140 -7783
2073 1178
-7837 10233
-32104 -13561
-923 10290
-4817 -16560
1375 7610
-25905 3923
-8412 10904
-46515 -21462
3909 -917
-20230 728
6443 22120
-6367 15313
9284 4373
21564 -19078
28274 -26783
30121 -15121
-7700 -31304
16534 -8712
-2586 -15208
15226 10020
-29844 -21418
11178 5334
8854 1885
6802 -2462
14652 13523
9834 -15560
-3705 -5029
-7828 3327
12018 34964
36762 -37936
27044 14580
8763 -519
-6927 -126
14794 16304
-18916 -12127
6476 18397
-26387 -8256
19846 1576
-12521 2730
-21575 26051
-25525 -1314
-16140 9968
11794 -5575
10749 -4369
30705 11802
-3683 6175
-15562 -5099
-18328 10164
-17770 -28594
-18684 -15477
637 -16122
-13588 -6295
-18984 -5988
-2197 10234
-18968 -5241
7891 -26762
8200 8886
11810 -19487
-2518 15706
9343 -19594
5123 -4693
-5609 -16079
-15962 25174
2264 5031
11413 -5423
-19311 -1672
-5649 7991
2691 -4841
5952 4259
10077 -857
-7517 13914
-700 -3485
4559 -24070
302 22316
-918 5328
-9398 -11962
-6819 -14053
-5427 -19143
-25921 -19262
-14401 292
-16881 -44305
-13526 -8975
19412 -27228
-7640 -8100
166 -28840
-26392 -28983
18881 -6976
-7125 -24601
-5440 -24998
33875 6873
-1281 -3480
7938 -6300
14128 4883
14729 -9032
-17622 -6374
5798 -20095
6463 -4896
13064 3893
3882 -2051
-5616 8455
3135 17617
-10995 18755
-1236 -689
-9078 -5551
-10200 -9790
-3540 -13748
10076 -3902
12918 -204
24023 -1625
-3557 -9803
12146 -4880
18015 -13089
10592 10637
16504 1575
5965 4717
8066 16365
-3708 18999
16177 -20661
10270 34560
