973 -2849
87 -567
1232 -3313
105 -660
1521 -3632
265 -398
1357 -3763
74 -570
1187 -3449
310 -156
1087 -3226
34 147
1409 -3271
-66 -76
1178 -3081
-123 -183
869 -3218
189 -78
585 -3017
633 99
829 -3444
817 88
1222 -3212
674 187
1237 -3348
506 -283
1534 -3170
973 -499
1529 -3020
719 -292
1463 -2803
465 -567
1318 -3080
560 -205
1229 -3400
282 -201
1740 -3207
667 -383
1881 -2427
798 338
1744 -2692
201 395
2051 -2911
254 -271
1956 -2711
747 -205
1497 -2755
585 286
1692 -2584
440 -42
1752 -2539
621 -156
1981 -2814
548 -105
2060 -2444
533 -132
2002 -2803
505 86
2104 -3095
234 269
2096 -3095
417 121
2428 -2586
693 201
2244 -2660
366 -32
1883 -2936
-154 -281
2118 -2906
57 -70
2078 -2552
33 375
1669 -2635
228 243
1505 -2728
81 223
1995 -2502
477 105
1875 -2401
453 639
2239 -2430
268 254
2295 -1978
808 -143
2386 -2229
792 -85
2388 -2026
588 168
2175 -2187
681 444
2238 -2374
736 502
2288 -2745
432 85
2585 -2739
249 -220
2440 -2746
134 -271
2365 -2584
303 -221
2560 -2295
403 99
2487 -1858
-69 35
2024 -2246
108 -461
2254 -2377
605 -383
2307 -2446
368 -110
2432 -2374
395 264
2676 -2307
127 540
2810 -2148
457 -16
2458 -2439
658 -119
2565 -2483
578 -375
2260 -1822
449 77
2050 -1948
352 105
2397 -1955
427 47
2434 -1851
485 -132
-840 273
-92 -509
-782 346
-411 -332
-1057 -39
-220 -346
-1002 -202
-203 -144
-905 -2
-179 -326
-1140 -64
-291 153
-1200 27
-740 185
-1351 163
-482 -171
-879 -88
-23 -81
-921 49
-88 66
-1330 -423
-108 -385
-1449 -101
-50 -256
-1616 -2
-329 -105
-1489 -486
-165 -165
-1162 -490
-388 -296
-1074 -278
-397 -449
-727 -222
-477 -218
-1065 -392
-486 -332
-1129 -775
-235 -452
-950 -924
103 -120
-884 -702
-231 347
-968 -685
-88 330
-1046 -655
125 53
-1188 -28
319 -239
-1334 53
364 84
-617 -377
89 2
-358 -482
13 -310
-500 -598
56 -202
-568 -688
260 -179
-755 -617
492 -43
-663 -575
427 -212
-360 -643
495 -110
-125 -664
434 -149
-321 -510
331 -20
-339 -552
-43 -208
-325 -578
18 -8
-576 -761
-360 -102
-551 -1059
-448 -527
-420 -1158
-237 -172
-639 -718
67 126
-832 -671
447 89
-379 -615
355 -244
-323 -773
515 99
-237 -974
-40 262
-85 -1216
80 -365
-191 -1084
565 -50
-472 -1098
142 -71
-164 -1402
267 -334
17 -1627
194 66
191 -1218
418 -117
-435 -799
252 -211
-695 -1655
-112 -434
-392 -1481
14 -206
-120 -787
-96 12
74 -547
210 -109
232 -745
479 27
344 -976
181 -3
419 -855
-93 297
328 -1054
-430 102
783 -1176
118 -298
400 -892
-181 -48
226 -1244
-471 123
547 -980
-151 320
389 -923
345 600
165 166
-8 97
83 594
66 168
108 336
-445 -148
97 130
-238 -443
-23 -16
-144 -138
-86 91
-374 -243
-646 337
-252 -491
-483 603
30 44
-55 722
-133 233
91 378
4 -86
95 185
155 -80
-72 458
-100 197
6 306
19 72
84 340
154 269
-16 282
170 -48
-195 399
404 -469
99 314
294 -642
530 201
139 -311
674 176
150 -144
441 237
130 242
484 -263
126 96
350 -129
344 -35
-149 10
442 -196
-233 -112
538 -125
36 -22
570 -320
-266 137
204 -304
106 -207
140 -315
-272 -132
400 -169
-897 -607
242 91
-665 -276
21 19
-315 -103
-21 -95
-165 151
248 -2
-474 6
424 141
114 188
393 98
140 106
110 26
250 -28
409 142
-241 334
480 -79
-301 120
517 73
-21 -71
420 41
-13 -367
598 312
-207 -23
251 101
-674 -64
612 155
-221 -290
286 344
-147 -35
238 -90
-343 167
238 -37
-174 218
-250 11
149 -352
47 32
170 -591
563 534
-288 -422
504 906
-679 -367
235 527
-362 -305
420 102
-387 239
117 283
-137 -337
-179 262
4 -113
-38 411
-484 -172
78 439
-29 -220
-15 254
46 71
-84 -66
-378 11
136 278
-314 127
68 634
-379 396
210 929
-14 372
-3 460
406 353
426 0
454 168
379 221
143 225
235 203
-208 145
-14 15
-363 21
-64 479
-136 -15
-82 695
-88 35
23 823
-303 -21
192 279
-297 -73
-135 -112
-532 134
-378 -180
-404 -172
-265 -18
-138 -155
-221 32
60 127
-140 390
-246 192
39 589
-142 -222
279 96
148 6
435 -67
389 -22
116 -139
244 182
-22 -248
305 -182
-123 -485
240 -518
50 -534
133 -1018
-239 -256
623 -489
-503 -63
-152 16
-119 84
-503 -819
-233 118
69 -481
-253 -490
21 215
184 -524
-278 -5
200 112
-263 -195
-335 84
-133 -410
-229 90
373 -333
-632 -111
-36 41
-85 81
-57 -66
-381 488
190 9
-176 62
283 183
17 -11
79 248
98 129
303 62
-301 83
334 -30
-537 -226
624 245
-439 -273
158 384
-54 61
404 -536
47 104
422 -319
13 -219
-234 -483
-364 -337
497 140
-212 -240
246 523
-129 5
343 -269
-98 -178
380 -56
-118 -149
358 131
-160 -99
269 124
-397 89
-33 -250
-487 168
47 -273
-498 62
-5 187
-378 97
-390 108
-223 8
-302 305
88 141
-563 434
-151 120
-208 333
-328 207
77 461
-658 -309
32 361
-226 -412
298 -45
-283 -72
485 374
-245 -166
-227 695
-201 -25
-350 -3
-237 366
356 51
-403 277
171 505
-450 348
-391 452
-641 199
-225 477
-95 70
-279 214
-26 497
11 -380
-527 349
619 -1016
2448 -296
817 -308
2171 961
446 -463
1071 -197
-149 -1039
2169 284
-603 -780
229 -398
494 -606
2098 202
-273 -980
2690 -591
409 -1987
1994 469
259 -924
2319 1870
627 -1770
1635 1524
1163 999
1735 957
222 -1187
2378 -232
202 481
3126 1202
135 -541
1518 1040
-104 -562
1923 -396
469 -757
2254 1110
1652 -993
1151 99
984 -1035
2646 1000
-1380 567
1847 1114
331 -1303
624 -525
1287 7
3195 192
242 -147
2745 1368
-182 -1884
1010 1595
677 -1437
1935 274
-562 -856
1912 1402
1320 -820
1706 1839
466 -465
1595 1449
-596 -1193
1534 1655
1566 -204
1229 947
430 -1513
1430 715
-475 411
1724 2107
-220 -392
1356 996
497 -980
2365 908
855 -1602
2015 531
-318 168
-243 1910
956 -1596
2119 866
882 -1881
620 1094
1250 47
2292 1185
-197 -44
330 2829
1020 -738
733 1389
-800 161
1854 2615
335 -1088
1260 2812
352 -207
1012 1287
28 -1643
159 1293
1228 -439
240 2081
1332 -528
870 1182
1142 481
1300 1270
-64 -92
1507 1352
363 -772
1052 1523
-68 -740
439 2056
203 568
721 1131
798 -1975
1539 893
1656 -814
1152 2574
662 -211
715 2593
818 76
479 1235
-475 -779
-237 1863
304 344
2032 847
380 -1266
859 2898
780 -806
1209 1855
-156 -356
195 1911
233 -2314
-702 1331
1148 10
1057 2694
556 -879
574 1509
96 -503
202 3079
-969 1686
-538 178
-375 828
477 -573
315 877
-520 893
-1002 1688
738 -440
-465 1278
340 -215
47 703
-216 -804
-1075 1140
1140 -260
268 1065
523 306
-669 1529
380 98
-280 254
380 -1077
193 537
476 186
-1071 -91
-253 -933
635 1277
672 -44
1266 362
779 540
-1658 1001
1410 -286
161 1854
-303 1245
-1115 359
1197 70
490 546
854 436
-199 880
865 1383
-833 1303
-277 -44
-891 442
0 -540
-1190 1035
5 1307
-925 437
1125 343
-2191 -356
-33 884
-81 1617
-277 758
-394 1393
1158 161
-1105 255
248 483
-688 603
103 741
-1013 647
55 1077
-886 469
-952 -124
-1184 1384
232 -183
-883 1243
-765 -713
-1683 674
357 479
-1019 -82
-41 -1492
-646 560
179 -601
-344 -38
-230 -686
-352 21
1290 -620
-330 649
828 536
-82 290
-740 431
-1595 -673
477 1196
-474 634
100 -284
-641 -14
586 -216
-453 321
-1487 -224
-735 -250
1457 -914
-610 496
829 385
-858 -720
-1106 115
-902 -132
1368 -790
-532 1167
-989 473
-978 -457
-186 429
-3488 -199
7 566
175 -1403
359 -671
160 302
-305 287
-2061 384
-912 486
-2108 367
225 26
-720 -693
-273 1234
-813 158
-239 559
-553 309
-51 -765
-1495 -297
-702 -708
-192 -35
1525 95
-797 -567
-689 321
-745 -1988
-60 -615
-545 -387
-708 8
-1824 -949
61 1613
-1164 -866
8 28
-1769 371
250 515
-95 -200
-200 -597
729 170
1340 -814
12 184
-1010 916
260 164
-349 -169
-490 -192
510 -555
-83 -954
-218 852
-1180 810
-1229 -453
680 824
-1 -252
688 -550
117 56
-706 480
-839 -201
392 -269
-601 -927
-273 1002
-99 -158
169 -87
-576 -1584
-637 -253
468 394
-507 -419
437 431
-273 1206
-1204 -428
-346 1013
-1178 -231
-1384 170
-391 449
-423 -245
-1192 -1160
150 814
595 941
-1103 -1667
545 -850
-372 -596
-498 216
836 88
120 -354
-1260 -44
-197 -771
368 -434
392 -823
-748 493
-532 -33
331 -1557
-439 -246
142 -90
-319 -1848
-986 675
8 -290
542 1448
578 -347
-795 -530
-1011 132
327 786
419 450
-1080 556
215 -1259
985 -184
-30 -165
-484 -889
-121 693
-133 -1485
797 -46
376 18
-1013 -533
354 -588
868 1196
-203 -157
-787 -1179
-1114 -1527
407 602
1081 -11
-449 -490
288 1183
590 -839
201 -161
634 901
155 -158
-32 -705
416 120
453 2
1647 445
-325 1740
-644 -1214
-490 556
-516 -296
56 -164
509 -211
1570 -53
-1006 869
535 289
-37 -546
911 -356
419 1150
849 485
-725 -1508
192 480
477 -9
737 353
-492 731
1188 168
-530 -1153
732 1177
-43 -412
-729 421
-1024 -277
108 452
-178 -718
-409 -417
-969 248
2068 591
501 -38
-277 676
435 -682
-445 10
-185 -878
5 -550
-1090 -1232
-1113 1084
13 789
-158 -604
667 -622
-1056 -671
-1277 -45
1019 -620
312 -493
1310 -463
-602 -1290
248 -868
81 -189
-195 431
635 546
237 984
-966 -276
297 96
-754 422
-764 -476
699 -1138
465 66
-758 665
1081 -213
-393 118
-898 -610
-606 -147
1096 218
-583 -864
227 -93
27 863
279 1052
771 -855
213 227
-474 552
-495 -769
-2003 425
-356 883
554 -2088
-570 969
447 647
753 -502
-837 -276
956 1401
-383 -1096
-876 956
1163 -605
-1507 -672
49 -928
883 -587
698 1206
-880 -800
-19 172
1786 368
-416 -1501
-2041 569
282 691
1155 214
256 -512
632 637
-870 -642
387 455
1126 82
-199 27
-246 279
793 -1268
508 54
801 59
-495 -893
760 498
1478 -720
-372 658
1041 1633
487 289
-365 -1224
406 -581
679 840
2 -560
-1878 925
-723 1144
1600 -679
235 -143
758 220
-32 416
-808 -557
-198 -177
-346 704
-576 -494
385 -870
-219 -793
443 -106
-439 -246
-352 675
261 -73
-606 -211
-966 -338
731 17
-329 1119
-513 -258
-749 -381
1072 785
501 -241
39 1311
-133 -297
212 745
1055 731
725 -59
-1017 1018
15 1114
127 940
-1242 -386
168 608
-163 -1131
-833 -133
1485 1535
-274 -353
-993 867
859 6
-887 -208
-730 -635
237 -1090
1185 766
-1199 151
-56 783
1983 226
-492 -847
-484 375
1050 -641
-1714 -478
-8 1906
-3821 -188
-28 -844
-4542 361
1298 1662
-2603 2262
224 1176
-479 1624
2348 1557
-2431 -921
471 695
-1963 -51
44 2407
-2950 1246
747 988
-1423 258
-1096 -681
-1337 2079
335 -1017
-3084 -2580
-327 943
-3069 1242
-243 2790
-2053 -1139
-1016 -160
-3191 -69
-877 469
-2001 205
-506 4799
-1806 -169
45 1052
-3091 718
282 3549
-3134 -55
-278 1573
-459 -2420
173 1530
-4715 520
1408 1874
-3783 -1971
-2522 556
-2617 -2628
-1210 1114
-2205 758
1075 980
-2112 232
-1416 -157
-798 -1612
-1469 808
-5497 -463
-1765 1379
-3286 -1805
231 1737
-1438 -2095
-409 820
-4853 -1787
-58 1646
-4493 1768
329 1183
-1787 -1340
-1884 -382
-3492 -1173
-849 2294
-2435 -475
-1462 2270
-3251 1861
493 2250
-1206 -1901
2821 -410
-3951 295
-1546 1781
-2610 1827
2209 -26
-2399 -2729
-4070 893
-1361 -2024
1187 -1527
-4037 -294
-670 -205
116 -1550
-395 -82
-3794 -1342
-1695 -293
-2821 -1829
93 2590
-1127 160
397 763
-3834 -1882
-321 -1062
-4262 -399
-3095 828
-2746 -1966
-918 2894
-1634 -1699
-1423 2074
-2423 113
-1024 2527
-1563 1505
62 1611
-992 -3492
-1190 2432
-2027 -142
733 2364
-2389 -1267
-1118 1064
-1820 -1833
-2426 1451
-2815 -2514
655 3323
-367 -13
729 -169
-2477 -2635
-3061 1730
-2853 -923
-1903 -937
-3211 -92
-2884 1606
62 -820
-465 1023
-1226 707
256 2188
-1869 -3873
-1600 -506
-2366 -1527
-1412 1384
-1439 -1312
-1361 429
991 -2169
181 1055
-1612 -207
-630 2735
-1391 1587
1617 -1066
1826 -475
-415 1945
-776 -96
47 1441
-1025 904
1024 176
2011 107
-321 -776
463 -1868
1404 465
-534 -846
-484 -743
-463 436
53 146
269 1403
-2095 35
1858 2054
5 3275
737 -1220
-115 693
-2225 -157
-274 -1040
1132 265
-2895 1227
-1868 -2013
3332 -40
667 -228
0 425
-1618 -145
-8 664
284 -255
34 -1460
84 -533
0 -484
99 -83
-66 -60
820 -1109
-479 -4118
437 559
-2609 583
2857 -547
-859 -10
-728 -3822
395 -896
-1129 -1684
-1330 89
238 -508
797 326
-1871 -445
281 -545
170 235
-88 -1781
1103 -229
1820 45
1011 -2229
-1586 63
-402 -1705
115 2262
161 -1271
-987 -481
330 1524
479 1485
168 -1617
467 443
-1653 589
110 606
-82 315
-288 1010
-342 261
-774 1
-1117 193
2837 1017
2311 -331
-699 -3366
1079 -1546
76 6
-588 -1216
-1639 411
-107 -1582
2374 -150
215 -197
-1515 541
-1165 -390
-886 -286
782 566
1760 -1694
995 -480
-3580 835
-607 -2331
965 175
200 1935
489 -1155
4012 -432
-702 -815
-1837 2159
-1197 1425
162 470
1772 -5
2550 77
772 -411
3003 -2538
303 1082
-388 80
631 -1362
-120 -1919
-929 -800
-685 -60
276 1835
1026 -512
2504 -186
222 -320
-1553 -1467
-863 281
402 523
975 372
-108 855
272 -309
1902 1226
959 -415
1432 -3008
-25 427
-389 -1185
2511 -1225
-532 -2146
-150 35
342 -732
-1352 -667
-1829 649
515 203
1351 -1610
267 605
604 1489
1268 -91
441 909
2005 983
615 -1505
1881 -1656
1628 -129
-359 -1595
-314 -1320
-2257 526
-767 -693
588 -146
631 233
-1674 107
2623 629
529 -1624
-349 -1290
-410 -429
-260 920
931 -805
-2961 -1172
686 803
-2623 -87
-1152 -2751
952 1305
-2110 -1428
-75 1175
1025 113
-225 -1536
-1346 897
1361 1903
-2319 -438
-1235 -2576
1151 2780
-1032 638
163 616
371 -1087
-2572 -161
-1259 -1496
1515 481
-1461 1480
-829 -565
-1193 476
225 -345
1675 -596
-1013 2950
-402 -939
1171 2449
23 2636
3205 -337
941 -982
-2149 -2287
-1025 -140
1783 1159
1935 -14
445 -1231
-133 -2479
1363 -1158
-1056 1448
-1412 45
1051 -7
603 293
-432 -2521
353 196
-2007 433
-125 -2199
1080 512
-1261 160
-1705 -2675
-491 -47
470 731
1321 3330
-629 -1262
-1184 675
912 1696
-588 -818
-1381 -44
1322 1109
-1127 -921
1110 -1151
953 2108
855 -1349
-47 717
-3800 -1868
683 -1763
573 2861
-449 -924
116 596
718 -1504
462 1253
-2031 -843
2531 -648
-981 1148
1103 -977
-21 965
-1228 -1303
1145 -1205
1475 3431
1833 -845
-37 -47
-453 -443
529 -2324
-916 1060
-315 1728
571 -1337
168 -414
1636 372
2780 -232
1116 -1211
527 -1497
1007 -537
802 -1775
-3331 -875
-2749 -250
89 -263
-1328 -20
53 -224
-209 310
-309 1418
1004 940
361 -1295
332 -1306
1114 383
-1308 451
2723 -923
1150 -2059
-1397 -1281
-274 609
-3180 -820
1239 2456
-724 1814
116 -1793
380 167
-1228 -822
108 -1015
1562 1169
1104 728
-289 -2120
2821 -587
-1329 348
-1162 -1738
1033 -1288
-2664 -621
-400 -1615
131 1437
-1168 -658
-2760 1503
-258 -262
661 -70
-1817 -1363
-198 471
-1668 2530
686 1838
453 588
1073 1749
869 -379
1454 -1591
-747 2406
1280 -942
1458 892
-164 1676
1500 1000
-736 -1533
703 -492
1418 -44
-769 -1245
2862 945
60 1589
-540 218
-144 -1477
1622 1812
-681 -231
-2320 -444
2379 1197
3394 -937
-981 -1784
-693 697
284 -442
582 -1377
870 -428
-639 -193
-2372 -1536
2410 -1355
1106 -396
-297 2299
453 323
-415 989
881 979
1057 1078
-2004 -359
505 -2737
-1635 -1622
-699 -201
655 3142
-402 825
836 167
79 1496
3077 -1421
957 -1278
-1171 625
-779 1131
-959 -313
-27 -233
766 1380
827 150
104 -1733
1161 778
-429 2262
576 1039
-62 984
2138 -111
969 8
-330 -637
1229 1072
1625 238
767 1193
51 -1683
991 968
682 1876
-942 -15
-298 484
1292 -942
529 -1114
1132 -677
-1039 366
14 -829
1142 1305
-870 -1434
1147 201
364 -1017
845 -248
-279 966
2417 1107
-1959 -978
1002 -330
561 -1551
-671 -1529
773 -872
1840 972
1079 1432
-498 -887
2604 -886
750 -1695
-4155 -411
1853 7
476 849
-512 -1426
-348 2426
-2216 -2900
3388 1097
-1705 -75
6160 -915
-1851 -2179
2996 -2352
-1749 -1212
-1049 -2685
-1346 -1404
612 3287
-2301 -1621
2594 2042
-2412 -858
1635 -474
-2045 -2154
-1954 570
-410 -1458
-1210 -387
-1297 163
561 1219
917 -145
419 -455
70 -3016
716 1941
-353 -1091
2774 448
1915 -721
-421 462
582 -6879
-562 1886
-1641 -1578
-187 -280
86 -4855
1061 2324
-722 -2143
-5 2061
-1115 -3165
4002 288
163 -394
644 2932
2434 167
1963 4250
678 -2410
1127 1507
-780 -4487
181 1813
1264 1027
-669 3494
2253 -2465
4502 2024
2051 -5380
2864 1753
-991 -3786
-39 5023
1218 -2446
2630 1392
1083 -3501
3496 -2468
-1338 -2045
-548 1373
1850 -332
4056 2504
1620 -1917
2091 898
2559 -3077
1566 -2755
-1878 -4849
-1977 1786
-3883 750
1796 2358
2660 -1456
-236 -1733
-1444 314
-2957 3071
5226 -1527
-985 2431
-92 -213
2771 923
3238 774
-3091 1899
-27 -3335
4716 4297
3640 -1423
2492 3765
694 -4552
62 1422
2139 -1745
2336 2303
2731 225
2794 -303
6993 -1497
1254 2149
1486 -5032
2460 862
736 -4010
1646 504
225 -2928
2532 -2887
1319 -1715
-204 2720
3520 -1567
-320 2089
-1591 -2466
371 1812
3380 -3433
-818 1339
3660 -5274
2536 2354
-1029 -5159
-194 20
296 842
2588 2207
2752 -1637
2736 1614
3129 813
3021 535
5095 -1558
-1528 443
2109 -1743
-228 162
1326 -3175
-1681 5769
1895 -611
940 3802
2239 -2104
850 2074
3057 -3274
-1372 2530
-445 -2745
2376 1653
894 -3593
1779 -2035
-2537 811
-3010 -1099
-943 -3038
645 -704
-919 -2167
-190 -1603
-1688 965
-2739 -297
-1528 1998
-2700 2492
-3933 -730
-876 363
660 1585
541 415
-1168 1328
-3281 -2116
2098 -102
-3915 -3165
192 -3279
-4940 1743
-1705 -291
-290 1851
-412 1453
-2529 -1408
2248 -2732
125 2174
-6514 -2098
489 3337
-1522 -1015
1391 -148
-2438 -3394
-2801 -1173
-2489 -23
-154 192
-1306 1820
-344 634
87 1389
-1772 -445
539 6032
-1065 -888
2553 -484
-4681 1481
1377 -1445
-1356 6194
-112 1931
1305 1580
1865 196
-1105 1391
-2054 -1040
2773 -678
17 -282
1125 -608
320 2112
-949 102
911 602
-541 1309
2713 817
1544 -17
859 -2118
1164 850
2396 1666
-1640 -2882
1249 239
-1642 1970
-848 78
1177 -1360
731 832
-577 -324
-1400 -818
-861 -2669
-1143 -1833
-264 -1675
-3992 -2213
-3845 1114
148 5067
-2247 1080
787 2519
-251 1652
3341 -204
-204 2176
-1183 -179
-612 285
434 1648
1901 -825
154 -497
-1576 -1353
-758 3026
-1930 -763
3920 -759
910 573
-586 -435
138 -4468
265 583
-3236 -616
1670 1015
1279 -3583
2729 -1877
-2572 -3826
-2294 -2236
-3495 -3030
484 -354
-3184 4182
-2013 -1536
893 209
-208 873
1177 2042
3520 -1283
1297 -3781
-552 -2536
498 -494
-5002 1593
-658 -1132
172 2875
1682 -1508
82 -972
-1041 1190
-344 176
-515 -487
-2348 -956
980 -536
-3634 2781
2389 -767
-113 2447
-1448 1176
388 2256
147 902
-359 1875
-64 1134
811 185
-1696 -940
-1731 1299
-224 -1937
974 663
-1058 -948
321 -387
-5167 -812
-567 673
-2751 1672
-1453 821
-603 3300
-21 4058
2507 -628
1675 2316
-1041 439
268 272
2310 1231
-3566 1083
-826 624
1099 3988
643 2098
2240 2055
227 2512
3400 2275
-809 -1108
4367 -1323
1735 3067
-302 -1361
5502 1063
1005 -1159
876 -1092
-25 2577
2957 -2448
-1368 -710
5859 -1526
845 3114
-331 -3251
-158 742
-420 -1096
674 1012
1702 -630
1649 2150
-746 -1026
1909 -2716
1343 2162
-30 -350
1025 -513
-2307 276
1666 -3068
1033 2119
-902 -4702
594 -405
-5043 -1941
-889 3110
2206 1577
2039 -1312
-1495 -2379
-1509 -368
-1407 1392
629 3194
609 1286
2107 -1376
1587 810
-2378 -402
-226 -337
1843 3065
19 1331
3487 -1981
-297 3664
-220 -1089
835 76
644 1533
1141 42
712 583
-1337 -3824
459 830
-759 -1077
-240 -2704
560 169
2728 372
-1876 -2437
1220 -1335
-2125 1480
-1509 -2562
-1762 2234
-632 -2422
5138 2069
-341 -1158
20 -4222
2341 401
315 -12
-1673 1572
-1688 -1583
1050 1677
-2389 -1356
1187 -2651
-2773 2289
-478 -2402
1162 1974
-3520 687
-374 -3622
-2630 283
-1244 585
1136 484
17 3818
1205 -2233
1051 -621
-1678 -229
-11 2118
-1510 -722
-2336 2031
-641 2371
528 4472
999 2386
-23 2185
4088 -94
3636 2618
461 -913
2338 1997
2063 1424
1631 738
1647 -1116
41 -1779
589 527
-1611 1127
-1740 485
-374 -1196
-3097 3973
-472 3782
-482 4949
77 563
3898 2782
-1669 -2199
1630 -2846
-508 3735
-1085 -1000
55 791
-794 723
-701 -1988
-3405 -1730
1326 4366
-4588 3702
2643 1232
1295 3691
-1241 323
4146 2632
1378 2529
-304 -913
3438 1284
3899 -2004
564 1187
-1908 -1096
3722 1390
-693 -2804
3020 -3168
-2186 -3689
-337 -3167
688 -1677
3150 -58
-1680 -450
66 -2486
-1589 -241
-4544 -3283
-86 -2885
-1776 -798
-985 258
-380 3094
505 -2411
-1082 2652
-2907 -689
-301 -1687
-233 176
-1419 980
-1959 -2020
1634 -614
328 682
-4313 -438
-1757 1128
495 2662
-1060 -2326
170 2244
-1665 1078
-550 661
562 -655
1443 2262
-3780 1777
-1918 872
-1535 -2702
-434 193
-820 -1195
281 606
-4028 -3426
1776 1501
-698 3835
3860 -178
334 -294
39 -5535
8 -461
-2808 -1497
-278 -1796
-1815 843
-1677 -1003
50 605
-58 -1006
2318 734
-473 -219
1757 -1867
-1364 883
1122 2580
-1810 -32
1467 -1839
-773 704
1250 -1055
-2995 2177
-1003 -2458
1057 1399
-2063 -2059
-1591 1780
-3438 -1558
1004 1833
-1711 -45
737 -1512
-1146 234
-1116 156
-1472 1650
-1318 2125
-796 1081
-649 -1468
653 1335
-1054 -4452
2066 -1235
-3507 -1800
794 1393
-1543 -256
78 66
-2798 -2637
73 -748
-1391 1407
-273 590
-1220 2162
1370 2377
-2316 -537
-2680 -220
-1901 1137
-2227 1642
-1613 1930
4293 1118
-2846 2591
-296 -2382
-1703 3755
