1706 -2071
1331 -983
-1029 517
133 -159
25 -32
-27 -79
-83 183
-23 -49
-25 -38
59 2
-187 -114
81 132
10 3
7 -13
-13 7
10 -4
-46 16
149 -15
-10 -34
31 17
-14 18
-9 7
6 16
-19 -15
-94 18
-92 -59
72 -18
16 58
-34 -13
10 21
-12 -17
25 -39
-19 -41
-59 69
-23 72
-2 -46
-19 -41
14 -52
27 -52
21 57
89 -33
-37 -35
-13 -60
26 27
-4 25
-41 -29
-6 40
-1 -34
-40 19
-26 46
-24 -26
57 76
-40 -8
56 22
-30 -12
-30 -13
61 3
28 50
-2 72
94 -17
-76 61
52 -20
14 5
-6 42
11 7
2 -44
30 44
7 -45
-4 29
26 26
-19 8
-29 51
34 -8
30 5
9 41
8 -20
-16 54
-25 3
18 4
25 11
-14 -44
-37 31
-33 -35
13 85
-56 -34
21 17
14 -8
-30 -3
-1 15
-52 26
-60 24
3 -38
10 -63
-14 55
19 12
-48 39
18 7
-33 -32
-22 37
60 46
31 1
-10 -12
0 8
48 -23
-112 -17
-31 -88
22 -76
7 -13
14 17
11 67
-1 -52
-2 22
-5 49
-45 5
22 -6
51 14
-35 50
-38 -79
23 -15
10 -18
-4 -5
18 0
51 42
38 -8
8 9
19 -38
40 -23
-37 -9
-11 -6
-16 -109
24 23
30 21
34 -25
35 8
-26 -18
-9 -24
31 -15
-16 -6
-74 -26
4 -5
-48 -32
2 11
1 -19
18 22
-16 -76
-58 -17
-48 -9
14 7
6 28
1 -30
9 10
36 -14
17 18
-20 11
-19 51
5 2
-31 -18
13 -18
-2 47
12 -13
-14 -26
40 7
-4 9
-2 28
25 42
-25 -2
-41 -2
25 -10
-29 53
9 -41
-21 0
-3 -78
42 79
1 3
-49 23
-36 -12
3 37
-11 15
65 66
-8 10
-25 4
-9 -15
2 -21
2 20
-16 21
-26 -56
-13 -38
28 -27
-52 -36
-27 38
0 1
-29 -17
46 25
-49 29
-2 32
23 8
8 -29
-12 -43
12 -14
6 11
-12 -42
50 -16
-8 17
-4 -30
16 -3
41 5
22 3
17 -50
28 -29
-3 30
6 -10
-55 -24
3 40
-35 45
26 21
6 -34
16 4
-20 21
-20 -24
-12 16
-39 49
7 16
-9 -25
-33 52
30 -2
3 -14
-19 -18
-6 13
-9 -26
-10 18
-14 25
-31 20
3 -16
-4 15
-66 25
-19 -12
-23 -30
-1 -24
-21 6
-3 16
14 12
33 9
3 17
-3 -9
-5 -15
-1 14
8 -5
3 -15
-13 -1
2 15
-22 -21
-19 -10
37 -5
3 19
-1 -3
0 17
-13 -34
8 -5
21 -10
15 -12
-7 -16
2 11
6 -1
15 3
18 2
-10 -13
-1 -10
4 3
19 -15
-26 8
-8 -8
12 -2
-4 -18
-8 0
-3 -13
3 -8
2 -2
6 -2
-6 6
8 1
-6 3
-4 -4
8 -4
2 -1
-2 6
10 2
-2 -5
7 10
-14 0
-3 -1
4 -6
2 -4
-5 2
2 0
2 -3
5 1
8 1
-2 0
1 -4
-2 -5
0 -2
-6 -4
2 -2
1 -1
2 0
-5 5
0 2
-1 0
0 -2
2 0
0 0
0 0
0 0
0 0
0 0
0 0
-1 -1
-1 0
0 -2
-1 1
0 -1
-1 0
0 1
-3 3
1 4
-4 7
-3 2
-8 1
-2 4
11 11
3 -4
3 3
0 -9
-1 -6
-2 -4
7 6
-6 -8
3 -5
-9 -2
-2 -5
-8 7
10 5
12 -5
-11 -2
-19 -9
16 -17
-13 -11
-1 -5
17 1
-8 14
4 0
9 5
5 1
-7 -15
-25 3
-5 19
17 15
38 21
-30 -2
-10 11
9 31
-12 19
-6 -8
19 13
-15 -6
-3 -1
-4 9
5 40
18 -36
10 -55
20 -9
-18 6
-8 14
0 2
8 9
17 6
-1 -22
-11 3
10 8
-7 -7
17 16
-21 -9
-29 17
-46 -6
-16 -18
-32 -16
-32 -1
36 -12
-39 12
1 36
-8 21
-1 -24
-2 -7
29 -1
1 -28
-6 30
0 1
23 15
14 -49
-31 5
8 -5
-51 -8
6 8
16 31
-12 -9
-3 -11
-4 21
-17 -11
23 6
1 -7
10 -28
25 -47
-68 47
13 -8
8 20
26 14
7 7
22 17
-4 -22
-31 37
30 -33
-34 26
17 33
-29 57
63 20
-32 -21
-10 -2
-12 -35
8 -29
-20 7
30 -34
81 -7
50 -40
61 -24
15 14
-1 -42
26 -61
-36 -44
39 9
-43 35
0 14
29 29
-27 48
64 70
-22 -5
46 -28
48 51
-21 -6
8 53
37 -14
18 37
-56 -7
-49 -14
-42 31
9 14
26 69
10 -23
-40 5
-17 -23
-39 -19
-9 -10
48 -36
-66 -82
-89 31
50 48
-92 109
12 3
5 -35
-14 32
3 -21
108 50
42 -79
-43 -69
-65 -93
14 -113
57 -67
41 12
15 44
-67 -19
-65 -37
24 -43
-70 -33
69 4
-16 -63
35 71
-11 21
-49 -2
-44 1
-20 60
-4 -79
8 73
61 -7
86 30
-110 90
-10 29
-37 -91
115 -14
52 87
-39 85
-14 98
-6 96
68 -26
-11 -22
-66 -1
78 -35
-37 53
15 -18
75 -21
-11 -39
42 1
-32 93
3 -82
4929 -90
-1744 174
1486 940
-337 -142
-10 -13
-69 163
-39 158
29 -74
4 42
-20 -183
27 -340
-122 -155
-32 -4
60 -101
-84 46
-50 4
139 21
-110 -91
66 101
-56 15
48 -84
33 1
-31 -83
23 5
142 -58
166 174
-110 28
47 -123
25 -4
-16 -66
52 78
-44 62
62 -10
108 -145
56 -80
4 163
61 125
-52 108
-97 151
-42 -141
-246 -21
143 33
56 72
-16 -37
-10 -27
98 58
-24 -138
-30 47
61 43
6 -42
61 58
-72 -151
88 36
-111 -66
99 -66
97 50
-119 22
-90 -85
-51 -156
-310 48
99 -99
-144 58
-72 -34
36 -106
-35 -78
4 101
-61 -162
-10 89
8 -83
-83 -87
25 -12
21 -153
-141 81
-121 63
-52 -107
-4 76
76 -145
57 -51
-94 51
-106 -39
-23 43
64 -22
27 62
-37 -173
153 108
-23 -4
-23 -1
-3 -17
32 -35
94 -73
68 -100
-17 117
-10 164
4 -165
-73 -19
122 -146
-76 -38
40 44
75 -132
-153 -125
-112 -39
-15 33
-5 -15
-72 77
280 37
110 214
-20 175
-26 -23
-75 -38
-33 -224
17 228
-18 -88
66 -138
84 11
-80 67
-138 -35
102 -64
54 209
-16 31
-8 37
25 13
-35 -17
-105 -152
-99 58
-13 -94
-112 136
-109 56
71 -35
72 51
52 324
-56 -1
-47 -117
-58 152
-112 -83
89 49
11 39
-122 37
91 -38
221 68
-11 -16
159 97
-7 -63
13 117
0 -125
55 248
146 65
193 -41
-60 -52
12 -126
30 49
-28 1
-125 28
-56 -73
86 -32
88 -131
-64 11
64 45
-97 41
48 -186
-32 73
48 49
-90 -84
59 -46
-30 -4
-56 -154
123 37
213 44
-78 40
93 -154
-40 125
77 -39
41 263
-157 -312
-6 -15
189 -86
128 55
-20 -120
22 -52
-248 -207
-41 -41
64 -34
96 70
31 55
-11 -91
100 -77
70 247
62 139
-95 94
200 88
131 -187
-1 3
81 45
-192 -113
179 -131
5 -158
-116 -37
-15 144
55 183
-41 55
-28 -9
56 188
-207 47
76 -75
5 163
-98 5
-216 -42
-33 -60
-81 203
-85 155
12 -135
-65 34
239 99
-1 -176
171 -228
-103 -97
-1 185
-74 14
103 -86
104 111
51 -70
153 -235
-46 -103
39 106
174 -254
-157 37
18 102
77 109
35 -73
21 145
51 -90
74 -150
181 -123
-43 98
-19 -106
351 -114
94 48
117 146
23 138
149 -20
12 -85
-93 -75
-174 -26
-25 -113
13 65
13 74
3 -70
-90 45
-10 98
74 -16
6 -101
153 179
120 75
-257 18
-30 -135
18 53
11 -125
81 236
-60 37
-130 77
-126 111
52 112
4 -56
-55 -5
-130 -15
-132 -15
76 108
21 94
-55 -45
-167 121
218 -80
67 88
-89 30
52 162
81 5
38 135
-50 69
-39 37
-70 19
71 -77
-88 -21
64 -31
48 49
-108 48
-41 11
27 -77
-146 -22
43 68
-99 -151
203 -2
41 4
-70 90
-33 64
86 -24
-30 -9
-24 66
-104 -12
-178 -16
45 5
-11 97
48 124
-9 64
177 110
-55 67
-26 42
-63 4
212 -230
-11 -80
56 2
34 149
-167 39
11 38
-30 74
5 135
94 192
-51 41
-11 -36
-64 -65
-83 1
-1 -90
-22 68
7 -39
-53 9
-5 48
-85 95
16 94
-102 180
-66 42
-173 17
-29 77
192 211
56 -68
59 48
-10 -130
-5 -99
-19 -58
86 77
-79 -87
24 -64
-106 -13
-15 -55
-82 71
92 72
115 -45
-105 -14
-168 -82
115 -141
-113 -91
-6 -26
145 -10
-42 116
19 5
76 30
34 16
-52 -71
-190 30
-40 121
128 83
216 127
-181 -19
-66 56
50 165
-67 125
-42 -40
85 64
-89 -24
10 -15
-6 51
46 191
78 -189
33 -225
85 -36
-40 46
-9 55
-13 20
-12 27
50 16
37 -58
-22 55
53 9
-38 -16
75 54
-65 -18
-116 64
-175 -30
-22 -87
-127 -14
-97 -12
119 -43
-125 9
-28 85
-37 36
15 -92
-41 -8
92 -43
-6 -71
-33 72
53 -18
64 5
7 -111
-65 -15
0 14
-104 5
24 21
67 37
-15 -35
-35 11
-22 30
-31 -7
85 -32
19 -2
-50 -65
16 -140
-131 106
15 -21
-26 6
76 -26
-53 -1
20 -18
-25 25
-24 -10
46 -77
-73 36
10 42
-92 88
87 34
8 -45
-4 16
1 4
-14 -49
-54 -61
60 31
89 -29
64 -72
46 37
91 0
4 -162
0 -27
-55 -101
16 -6
-37 71
8 -97
5 87
2 56
58 29
62 5
19 -14
66 46
-54 -2
-34 -23
82 0
12 78
-52 -26
-11 -38
-6 62
-41 -2
15 107
46 6
-36 87
-73 66
-22 -46
-121 -81
27 77
-61 -32
-144 26
3 -24
-51 88
24 -97
9 -22
-22 -74
-1 17
89 13
129 -44
-17 -1
-46 -84
-25 -47
-4 -109
-8 -20
3 104
-98 23
-6 -45
48 7
-9 70
-14 85
11 -17
-29 0
-47 -19
-59 33
11 -36
59 48
-3 -76
-36 52
31 74
-70 -29
-31 -6
16 -34
40 36
-30 -19
17 122
-7 -140
-40 7
63 -49
216 -86
58 34
-140 -38
43 -24
66 -107
65 -46
-82 -117
19 45
72 -2
-61 -34
-43 -25
-296 -2114
3643 -567
790 135
-63 116
-91 110
-69 30
263 140
109 79
-16 -20
-123 73
147 253
89 79
-17 -58
6 65
53 -19
-32 90
-63 -66
-49 163
-75 -161
23 -24
-9 82
9 -118
36 37
48 111
-10 58
-49 -81
-9 42
-118 66
123 67
1 25
-28 -125
-53 50
8 118
11 41
-36 -14
-27 -180
-26 -120
89 41
58 -69
19 47
186 150
-103 97
-73 -5
-70 -40
7 26
30 52
51 139
80 57
18 -114
-26 -63
-54 -44
-28 26
-97 -47
-11 -23
-41 204
-118 -25
79 -41
73 -14
175 93
329 -56
93 -48
64 -126
113 19
-103 6
35 99
33 -143
14 224
-45 18
-57 25
33 76
79 -49
73 168
135 -125
80 -204
49 126
-60 -46
-120 53
14 103
119 -110
162 -20
114 115
49 -82
39 11
62 91
-82 -92
-56 -100
8 20
181 24
-73 43
28 64
95 163
34 -78
-44 -130
102 151
156 13
-76 149
120 86
86 -20
-12 158
63 91
127 159
89 -11
47 39
-34 -69
-107 31
-126 -143
-8 -77
4 68
192 -14
37 317
-15 -289
7 136
-148 69
-36 -68
92 -113
57 8
-76 -66
61 -68
-92 -30
-37 31
-32 -35
-33 46
-2 221
130 -111
16 266
235 -112
127 -15
26 195
-115 -99
-122 -268
21 -116
-56 234
-19 -272
95 158
-80 -61
3 11
184 -106
-182 145
-231 -31
-3 78
-137 -80
3 112
-64 -176
-150 223
-81 -232
-57 -124
-293 151
84 129
-109 205
-142 90
15 -86
153 -12
38 80
-125 43
-124 66
174 -2
-11 -15
205 13
-163 247
-83 -144
-17 47
38 221
-144 112
94 -229
18 212
-239 -89
-381 -162
121 -86
-95 91
101 -70
-141 181
-114 -207
170 414
11 70
-234 97
-82 -86
22 107
-32 65
309 144
245 25
49 84
-277 -77
-134 9
24 130
-224 68
-30 -363
-112 -134
72 -82
-213 31
-189 279
-10 -22
-18 -8
253 169
-176 214
-15 272
185 81
-27 -252
-80 -227
4 -7
52 -85
-57 -294
280 13
-208 133
60 -325
216 23
396 133
-173 214
74 -209
-37 -301
3 159
205 3
-284 -96
-54 229
-269 388
62 128
-103 -322
55 -157
-165 49
-206 -115
-33 97
-91 310
115 222
-41 -46
-247 298
233 -180
-121 -222
-22 -210
-66 117
42 -244
-63 77
-87 317
-330 186
189 -169
172 224
-421 71
-85 32
-136 -101
-94 -183
-320 -59
-11 79
157 145
131 -65
40 207
11 -137
60 -22
13 13
358 -120
-27 -143
-73 157
-116 147
-265 -479
-153 -147
426 63
108 228
-98 -251
-75 216
-36 -282
56 -69
53 -138
294 -288
-107 -129
-128 -129
89 78
248 -54
74 19
-89 -188
-115 -211
242 180
261 -110
-224 195
-77 -229
-39 -79
-162 -178
-165 -9
-126 -238
230 -34
236 -149
160 17
-165 275
82 98
-22 -29
-36 -164
292 -114
240 30
-101 92
341 22
-177 -44
204 284
-309 100
-34 193
174 -133
22 -69
-216 -49
-11 101
-111 -85
294 -16
351 -91
-77 -32
-19 -246
-215 -221
84 -33
-382 -177
113 -45
112 -27
-92 103
-399 358
17 108
-142 67
-59 -147
334 -212
51 96
-115 24
-25 -238
-211 -253
-58 -114
76 17
46 48
107 0
-14 198
226 -186
-101 102
176 146
183 -20
158 -103
-23 -329
114 -361
110 5
223 33
201 -143
-601 -391
-173 60
-38 -162
-91 270
65 73
65 89
-153 -130
113 289
-183 161
142 188
98 38
173 -110
-290 87
-212 94
202 31
409 115
-475 354
173 175
12 236
-201 -133
230 -140
-159 15
-64 -82
-94 33
62 434
167 6
55 -220
-69 -239
-529 -248
365 -57
85 -181
-101 -417
140 -56
34 114
-231 -154
91 86
110 -47
122 -20
74 -386
-183 259
-145 656
-201 127
341 30
207 -165
-64 8
-226 -115
-234 -60
187 297
162 120
-20 -127
42 79
-102 -143
177 59
173 -137
256 39
251 38
161 242
160 -10
-195 49
260 -186
-104 -337
38 -194
54 86
-93 74
-165 -64
-78 211
-51 -176
152 -115
-121 -164
-159 338
228 -71
-124 105
329 77
30 -43
-56 -281
91 -14
-50 168
-6 -139
45 56
-53 -124
26 29
-204 172
-150 193
339 -184
-116 21
-109 -147
-41 -204
-111 15
-83 -229
18 201
186 -294
-108 107
162 -64
-93 -201
38 -267
-304 -128
257 86
55 34
65 201
-50 160
15 -165
-98 207
-368 -33
-145 130
-261 162
3 -26
21 98
-110 306
104 123
-230 11
189 -71
45 -242
-92 5
135 -108
-275 -357
148 71
-177 202
-64 -188
86 17
-26 -258
-103 72
-85 -9
168 13
191 16
174 -49
-97 11
-117 -238
-20 122
70 55
-19 141
63 16
-56 -7
-153 211
145 326
261 -113
-126 -205
303 -350
-143 6
-89 189
115 -99
22 109
-254 -170
-5 193
143 190
222 178
-177 232
-189 224
-60 -91
6 -124
141 -39
213 9
33 61
133 170
-256 70
93 178
-75 -176
24 -183
103 -51
157 -76
89 -60
86 222
56 -135
-159 11
-329 -74
309 -321
84 -131
61 227
-237 -19
-152 -234
126 -203
-27 -253
65 -265
-206 3
-18 -33
115 -14
-110 34
152 -223
67 -45
-297 166
128 98
-122 4
138 -194
18 181
1637 494
3039 -1382
-165 5
-486 -57
-63 126
0 309
215 -133
196 303
-47 -60
101 29
-149 -182
38 163
118 119
-18 154
159 -101
169 2
-200 128
351 -18
42 -8
42 111
-144 95
-72 51
-21 182
14 -112
-225 34
-208 -108
250 -33
106 92
-163 -13
-10 73
-162 32
237 -145
-158 -60
-233 218
-88 139
5 -25
-128 -28
-44 -248
154 -209
25 200
218 -199
-96 -216
-31 -99
114 13
-1 -47
-279 -217
32 52
-36 -206
-85 1
88 107
0 -62
113 196
63 8
230 229
-172 -108
39 -82
-7 -53
102 197
-172 205
46 8
-301 242
191 157
-45 82
155 249
16 18
-64 52
103 -27
73 -168
145 141
132 114
-198 125
-142 19
153 28
100 212
0 3
152 -122
76 197
-221 -90
2 -7
-35 175
-132 -212
-203 175
-50 -183
-34 102
-178 -35
59 71
26 -34
-285 28
30 -10
-246 19
-233 -118
-32 -97
186 -56
-177 -9
-169 -12
-91 66
-22 -50
-231 2
-190 14
212 120
10 -200
-125 -70
-73 -111
118 -19
-335 -150
-30 -119
29 -155
87 115
-202 66
-25 -135
-13 -37
32 -66
91 79
-35 113
20 55
140 52
-62 172
-165 -291
150 79
56 -87
-28 73
113 -79
183 -149
-142 68
-82 -311
-148 -156
-93 -53
-184 -238
47 21
177 -168
0 105
145 -150
85 142
113 -76
-94 44
38 -24
-94 231
129 -215
56 -49
88 -95
-76 -82
-23 -85
134 -37
312 -50
52 -66
-144 131
168 -115
8 -152
150 -112
204 -290
50 85
-78 16
55 0
70 -80
54 123
-137 -51
-77 -3
-109 -80
154 -117
341 104
-89 -110
-30 -181
63 -177
-54 328
62 -184
189 88
196 168
-163 170
39 38
-129 -72
176 -281
187 -171
8 -164
-88 -146
101 -14
-148 70
52 -8
113 -10
-128 111
-389 102
-250 -37
304 -78
130 -62
-10 -110
180 5
32 151
93 -51
19 -3
40 -169
-1 -65
71 56
-33 -51
-72 -82
-3 -167
47 -159
-86 -181
4 222
16 20
119 -225
-75 60
-33 256
-247 -100
229 -180
-208 360
-194 -43
-342 -185
318 -221
169 127
270 336
-92 -16
-271 -89
140 -2
115 -216
233 -362
45 -105
187 248
141 280
169 116
287 -19
-72 -114
-9 -191
-142 -218
4 -188
76 -65
-168 325
56 94
-49 137
26 -64
10 191
65 93
-17 -507
371 66
-291 161
-214 -185
94 51
13 -213
161 -68
116 75
275 232
117 4
-43 -173
73 63
37 -181
-4 82
-148 -67
-55 44
-530 153
-23 118
12 -284
192 -74
163 531
63 103
-483 -128
-260 -233
200 379
70 -220
-118 107
159 49
22 51
-357 380
199 90
288 384
31 -137
-234 131
106 -117
25 114
51 206
-543 -156
-220 -124
29 -296
108 356
224 -73
104 122
160 -103
215 75
-337 -110
-318 66
-205 -56
137 -346
-90 -66
-39 -11
-98 379
-273 267
-333 48
0 -11
-550 37
155 1
-289 -173
320 -105
-142 -309
-302 114
125 3
202 187
32 -169
382 86
-367 116
-355 26
-59 -61
0 272
215 289
-86 -35
390 179
-109 -97
-64 -71
228 -230
484 -118
-68 -127
74 -282
-182 182
-359 330
-59 -62
429 -317
140 336
118 212
161 65
-115 -74
-18 -207
19 113
3 -241
-170 259
280 -121
-162 -296
-375 -93
-108 -58
41 401
74 420
-188 13
-315 -136
-280 276
779 362
173 15
25 370
200 -332
-7 -179
-110 -45
171 174
-79 -363
220 -66
14 -225
-184 -26
-252 201
247 -319
240 5
-141 -250
-628 -59
650 -552
-211 -93
-41 -444
293 246
-436 62
183 92
-69 169
110 -109
93 -682
8 -182
109 299
-78 417
777 319
-296 -121
4 253
281 344
66 111
80 -99
529 131
-79 -80
-395 30
-2 242
-154 456
337 -196
320 -709
298 -62
-488 -183
-192 116
62 -212
521 157
269 146
-349 -392
-232 -341
-3 244
162 -153
5 160
-375 -296
-135 100
-336 123
-298 -4
-176 -374
-555 52
342 -114
-266 256
193 451
54 401
-102 -43
177 -102
128 365
-20 -247
-74 419
-270 2
175 376
255 -439
-291 221
123 -170
-583 -227
92 37
-144 344
-149 -96
131 -250
13 274
-274 -264
-46 309
-111 -147
450 -137
406 -43
-468 347
39 33
325 257
93 293
391 240
346 217
113 -553
-423 615
211 -124
-89 340
157 248
15 364
469 60
-430 -110
-132 -7
-126 -530
222 -133
-58 343
179 -597
677 32
494 -200
573 -485
-279 190
12 294
386 -659
-200 -47
255 244
-368 90
24 471
311 -61
-306 290
400 579
-518 -55
455 -86
346 368
106 -114
288 519
128 -144
35 127
-260 34
-339 38
-311 100
265 202
190 242
-95 -221
-283 -194
65 -308
-240 -2
204 169
322 -533
-323 -531
-202 213
428 486
-512 494
-70 316
-47 -157
84 466
11 -167
570 304
-63 -433
-275 -437
-245 -457
90 -673
346 -146
271 137
98 -119
-252 -292
-312 -107
26 -262
-512 -379
441 -180
-85 -403
312 447
179 135
-168 -67
-200 103
-306 303
110 -340
221 311
243 -174
593 220
-561 397
-145 230
-397 -588
669 -56
254 122
-120 621
11 575
-276 567
-63 33
-208 -230
-136 -1
411 -184
-231 463
-85 39
614 117
-89 -369
63 3
39 566
195 -322
