-326 -1560
-187 -248
-899 400
-5 -9
-90 -74
-118 -245
18 82
-6 3
34 100
-79 170
12 -158
24 34
0 0
6 23
0 -2
68 -7
54 72
55 2
-12 -35
67 -47
8 19
6 -11
-31 -12
36 17
1 30
27 0
24 96
-90 -15
-5 -1
-3 -22
-18 -25
-35 65
13 -33
-14 94
-25 50
67 -50
-4 31
-35 5
-13 59
-16 -33
47 32
20 56
24 -12
44 -29
23 31
-18 18
-43 -41
-5 -38
61 68
71 18
-47 -18
101 -6
-72 4
-2 15
-16 -9
36 41
-4 11
-26 0
9 -17
5 20
40 -8
-13 -16
-1 29
29 93
-23 -12
4 19
22 63
-26 -7
6 -41
-6 -28
26 -18
-10 -22
77 31
-3 9
-76 -49
-15 -13
-21 -36
14 -35
68 -11
76 38
-6 13
-9 67
-2 -41
-9 -26
-26 67
3 11
-17 64
-27 -17
-86 50
-18 14
8 6
-47 4
46 -28
-23 27
10 -9
24 25
11 -8
7 -7
-38 -13
-27 5
-8 12
70 20
-39 21
-19 -29
6 -9
-23 41
-15 51
-4 -22
-34 -46
-95 37
-19 -1
2 34
84 -24
67 11
8 16
16 29
59 14
-20 -16
16 23
-62 8
-32 -57
38 17
-3 -23
-7 -1
-22 -40
74 -4
-21 33
46 -44
49 -36
11 20
-1 -10
-13 50
-9 -15
-31 19
-31 20
46 24
-29 -50
-17 56
2 23
84 -20
-37 -10
-25 11
46 11
-12 37
-19 -23
16 23
4 -70
20 -35
2 -15
-35 -30
-3 10
-66 -60
-38 78
-6 51
-32 -18
-9 -23
-42 7
-14 -5
18 0
7 42
-52 -32
0 9
-21 -77
-49 54
-31 33
-30 13
36 -37
13 -15
10 -7
-57 -56
17 28
-55 -7
10 -25
-21 27
-44 -2
27 22
-6 -46
35 10
-14 -22
11 10
-38 1
1 13
9 25
-17 -25
-27 6
20 -41
42 -30
66 -54
-41 57
-10 3
-18 -7
-13 8
12 -6
-16 -18
-44 -31
32 54
22 -31
-41 -23
-1 7
47 39
-4 10
12 42
-10 19
-9 -18
30 34
-42 16
-10 24
-14 -15
0 -52
27 -10
12 -56
13 -8
-58 -18
18 6
17 -34
-2 -23
10 13
-12 10
-23 16
21 -46
-22 -29
4 -2
-3 50
-5 -27
-11 28
-4 30
-23 12
1 36
-7 33
-9 -31
13 2
9 7
25 -16
-5 -8
17 -3
5 -36
16 -7
-25 5
-3 26
-26 -16
-5 20
-2 -6
20 -19
-16 30
-1 -14
9 -17
-9 9
7 10
9 -17
12 -20
-13 -14
-19 -2
4 -11
11 29
11 -3
12 1
-24 0
-20 3
1 -1
-11 5
15 3
-6 12
0 -17
18 21
10 5
1 1
0 -10
2 -21
2 -10
-8 -7
2 -11
19 -7
6 -6
17 -13
7 0
0 -20
-6 -5
-7 5
-5 -18
13 -8
0 -10
-3 -3
11 -14
3 -3
12 -7
-4 -3
-5 4
2 -8
-5 2
12 -2
-6 -2
-2 5
6 7
-7 -3
3 3
2 1
-1 2
-8 -5
-4 -1
-4 3
-2 0
-1 5
-1 -4
-1 -2
0 -1
0 -1
1 0
-1 -2
1 -2
1 -1
0 0
0 0
0 0
0 0
-1 1
1 0
2 1
0 2
1 1
1 -2
1 -4
2 -2
-3 -3
-2 -3
-1 -3
5 0
-4 -1
-6 6
6 3
-3 -6
2 -2
1 -4
0 -5
-2 0
7 0
3 4
-4 4
8 -6
-8 -2
-1 15
8 14
-8 6
-11 -14
-4 8
-6 -6
-5 -1
7 6
-17 -11
-1 12
0 -4
-5 -2
17 2
-1 11
0 -8
0 -1
-5 -10
-17 -5
-16 9
17 -27
-8 6
-6 9
1 -5
-4 21
-9 11
0 13
33 4
-21 -10
5 9
-11 -18
33 -3
-13 6
-24 -27
-33 3
29 3
-20 12
0 -1
-21 -54
-13 15
26 -33
21 -23
-7 21
30 -25
23 -8
25 -12
8 -35
-42 5
9 30
4 -2
-36 8
7 -28
8 -23
-45 4
6 47
-51 -38
37 15
-6 -13
8 -31
9 17
54 10
1 -58
-3 23
-7 27
-21 -2
16 -2
11 -4
12 6
-3 15
17 2
49 -3
35 -2
4 -39
34 -57
30 3
29 9
-29 -44
-15 -16
-7 40
-21 -31
-4 11
5 -12
6 -14
-29 -38
6 11
0 -16
14 -2
44 -1
8 -10
-4 51
82 77
-26 -11
-7 2
104 -22
-25 -27
37 11
-55 36
14 1
40 25
-45 21
34 1
86 18
-23 -28
56 12
23 23
26 -28
-57 -52
26 23
14 38
-5 -10
-31 -1
-36 52
44 -18
22 28
-26 59
-56 -7
85 -67
-10 49
86 -75
24 -50
-47 -7
-3 -32
-16 11
36 18
6 87
81 50
-5 57
26 41
-72 47
72 -69
26 -7
48 -14
-35 -30
22 -50
8 31
2 44
-53 171
30 -23
34 23
-20 64
-55 -59
68 -39
-112 59
80 56
-8 56
-90 6
-57 -3
101 24
0 -22
-55 68
-22 36
25 63
39 -39
-110 -25
59 -21
55 -31
-96 62
48 17
-21 -124
1 -5
-33 -64
23 6
-44 -46
44 83
-113 45
-15 -82
-23 104
85 -89
-14 15
120 87
125 -68
-40 16
16 -63
-12 20
-1351 1443
-63 70
150 483
-30 61
-77 -400
81 -8
-8 -49
-21 -15
-80 10
-86 -206
-5 2
-88 -62
44 -25
39 145
8 57
-99 -37
-28 -136
-44 6
5 47
-186 87
11 -29
-2 47
103 66
-52 -31
2 12
-41 -59
-7 -110
176 -15
28 40
42 88
115 75
130 -155
-24 90
-16 -153
48 -113
-153 124
30 -46
71 -14
65 -159
125 46
-93 -29
8 -134
6 56
-46 76
-71 -104
52 -38
70 59
-22 92
-87 -155
-154 -120
47 52
-263 26
186 0
-37 -81
-6 104
-65 -127
-17 -6
60 39
-23 32
-28 -50
-113 1
10 52
11 -67
-65 -250
56 5
10 20
-47 -149
-31 14
26 91
-17 68
-83 66
7 43
-256 -124
59 -48
179 93
-5 65
26 115
-61 79
-127 40
-228 -72
-8 42
51 -161
51 93
35 63
68 -107
17 -37
93 -104
26 33
218 -99
13 -72
-22 -20
171 -51
-72 45
86 -92
31 25
-104 -120
-30 56
-18 11
148 0
112 20
57 -35
-182 -83
66 -44
9 57
13 16
51 -98
56 -117
100 70
158 118
274 -76
77 -8
-5 -171
-221 31
-218 -64
1 8
-26 -102
-175 -36
15 31
-76 -58
156 -38
23 174
-137 -8
-2 100
48 78
90 74
-178 -25
-30 -103
-110 115
-136 141
-8 -3
9 -71
31 -144
39 24
79 -58
67 -49
-136 -106
86 171
49 -99
-47 -109
-245 61
178 63
50 -65
-174 -14
34 -95
44 65
-56 -108
-34 192
-47 105
49 57
75 197
11 24
225 257
112 -248
-14 -167
34 75
24 94
100 -5
38 41
-64 -1
-17 -152
149 95
-22 -48
28 244
150 -184
108 -96
99 -109
-120 114
-41 49
-83 42
162 167
-62 -61
153 49
-54 160
69 -69
187 29
-111 -26
-2 203
-147 -25
61 52
-63 -44
179 -12
-12 -42
-97 -84
59 93
63 -26
-34 159
-179 60
-206 217
151 -211
52 -5
130 31
48 -15
-59 40
107 68
211 150
-109 -198
-53 169
147 73
-12 -19
-143 -104
3 -58
-41 -187
45 -91
33 61
-136 -172
190 -93
27 -93
39 59
65 221
-124 76
-59 249
-34 29
253 109
-102 -15
-91 135
15 82
4 -58
41 -35
99 -85
-124 223
124 148
-22 13
30 -208
39 148
70 -152
8 -161
148 -94
-32 -164
69 -159
92 171
-49 2
-24 -4
-134 104
-10 41
-116 20
-64 205
-80 67
128 -36
1 -125
165 108
61 -137
54 42
-105 105
99 -183
1 93
-40 73
68 -43
-33 -67
-50 109
-60 118
103 102
147 46
-12 66
-67 -197
-67 23
-90 13
191 24
146 -25
17 7
59 -28
-104 -38
41 -103
-4 143
-151 -190
-90 -29
-8 -15
10 81
-22 188
-25 83
60 75
-11 102
-159 68
-48 44
-179 130
-76 -2
4 195
53 49
80 -39
51 197
-132 94
16 105
45 33
-129 182
-48 43
-153 78
36 37
72 -75
-22 128
60 -26
-173 31
92 23
31 -86
-124 -119
137 46
-65 -73
-46 -34
28 -42
196 105
99 42
102 -71
56 2
44 -144
32 133
29 66
12 58
23 31
-27 14
51 135
-47 139
-88 143
86 66
-24 5
-136 -40
-78 63
-131 74
99 -34
180 75
5 117
62 58
39 -93
47 -170
84 -89
-75 -76
-52 -82
-28 -82
112 1
-82 -26
-128 137
108 48
-51 -97
40 -32
7 -60
5 -85
-35 -2
97 -1
39 68
-57 47
87 -68
-99 -30
-13 160
86 141
-61 69
-101 -132
-42 80
-47 -43
-54 -2
34 58
-147 -93
-13 87
-22 -35
-35 -8
129 21
-30 74
9 -52
1 -20
-16 -58
-81 -6
-86 32
88 -160
-69 51
-52 77
-12 -48
-44 114
-37 65
-24 91
145 44
-96 -24
-4 56
-11 -79
126 1
-33 2
-89 -119
-157 57
143 6
-87 49
-30 -18
-98 -158
-52 34
83 -103
77 -59
-59 92
150 -91
45 -33
80 1
24 -119
-148 3
-15 104
-13 -26
-125 22
3 -48
17 -56
-105 86
6 97
-134 -48
61 23
-45 -19
2 -105
6 78
104 41
20 -141
-9 59
-33 85
-69 16
41 -38
-9 20
-6 -24
-37 25
37 -65
24 9
38 -5
42 -81
-1 -88
23 15
68 6
-79 -10
-9 -46
-11 82
-86 -108
-61 51
35 -31
8 -21
-45 -23
20 -48
11 9
-18 -11
1 0
-45 -3
23 70
128 144
-25 -79
-89 14
94 -83
71 -40
70 -34
-53 25
-36 23
9 4
-45 39
48 61
61 79
-9 -79
78 -56
-2 -75
14 -40
-4 93
8 -40
29 78
57 -48
-78 -44
1 7
90 42
41 50
-48 -22
-89 -16
138 -48
28 74
-3 -82
22 -50
-17 84
113 -44
6 -59
117 11
-25 24
71 8
-94 15
-45 -16
18 -58
62 -159
-65 -68
-63 -70
53 -31
11 -21
-5 28
69 60
-46 69
-22 7
-23 134
-15 19
-13 22
6 47
-125 -54
87 89
-16 87
43 69
25 33
43 22
-65 -36
-47 -70
-8 51
84 141
13 -4
-47 -32
36 32
-36 54
-15 -37
-5 66
4 -49
107 -6
47 27
-38 -29
72 75
-66 -6
-7 -125
-85 -89
-28 46
-29 -121
-39 -34
58 -103
68 -42
-157 -22
36 -51
-80 -105
888 -1979
63 970
742 -397
217 -101
-89 -198
81 172
-22 -74
120 13
-142 129
-42 -42
-65 49
107 41
30 0
15 77
-65 66
-115 169
-86 17
73 158
43 -35
121 -31
-148 -132
-132 6
-10 -73
-61 -94
-4 -108
37 79
-68 -65
31 51
-96 -58
-145 -83
-188 0
-119 62
-14 -70
86 66
-7 31
115 -174
-85 -50
-6 27
-104 84
-159 38
-25 -30
-22 79
-66 -82
-58 -60
77 97
5 -35
24 37
61 7
11 35
151 141
50 -55
181 -17
-84 -14
171 126
168 -163
-30 161
29 -21
-14 -96
-19 -63
105 -2
66 59
25 -90
18 25
-22 172
-49 -36
-15 -88
25 102
147 5
-68 22
66 -15
144 -51
41 -16
260 191
-103 85
-81 -1
99 -81
69 -106
79 -75
-34 -48
169 4
23 -189
-149 46
-147 -47
-30 -77
-85 -31
-1 105
-125 -55
49 -4
-145 -28
12 143
-27 70
-262 81
-93 48
-71 135
-136 -76
154 209
41 -91
60 55
-202 0
-141 -13
-102 41
171 93
33 18
58 -22
-73 -6
47 43
-48 42
-205 -93
-248 -99
-254 28
-89 32
22 286
154 76
147 104
-70 -78
-51 142
173 39
108 -28
130 -32
-76 65
54 -136
194 -123
45 -193
-58 -183
-129 12
39 125
181 142
-11 -63
91 -190
-42 -148
-32 282
-53 87
-86 -37
-85 21
33 69
170 156
-27 -182
-6 -23
164 176
250 -9
-291 -136
47 130
202 0
-83 63
29 -64
41 118
106 -103
51 -59
-137 -81
23 -341
17 -192
-222 -352
-93 231
83 157
102 -127
-56 -145
-22 -11
31 -100
28 8
23 232
-113 -76
9 68
104 -189
-122 217
-98 46
-96 218
99 -80
51 15
238 -95
-106 -92
75 -57
-49 -101
50 -411
-22 7
-281 -78
131 -78
49 -313
146 -47
-76 -20
140 89
-272 -16
115 52
220 79
-51 -87
-5 67
-30 -210
261 102
59 -240
-163 224
-63 -76
-330 -47
-35 -22
120 -65
-270 -100
-352 -226
117 204
-12 -340
-109 -12
35 8
26 -45
39 131
45 213
-67 146
-50 -39
176 267
-227 156
-21 118
-9 -16
-294 -223
163 -189
70 -311
-35 -53
-237 -227
164 -40
146 -68
-25 -50
-204 99
26 54
-105 188
237 -308
-189 -167
41 -29
-71 114
-71 -223
-104 210
-13 277
-341 271
151 154
-195 207
-290 -262
19 -20
-73 -158
175 -197
153 -13
254 -91
217 -298
67 -211
-95 114
67 62
-271 -192
-224 230
-300 -94
75 -108
-147 261
19 -135
-9 33
-168 -5
-19 126
26 -169
-32 -112
-275 -202
-310 -237
-67 -16
68 239
60 -40
152 -143
-400 -168
-230 55
-138 -5
74 -13
99 176
-17 180
30 -223
279 409
155 -43
20 51
-91 -113
103 -331
73 -86
-3 -183
-42 -195
103 -152
-2 10
380 -234
141 51
-30 -257
31 -54
-215 -82
-45 -302
5 -161
-160 -98
-127 -65
122 -385
124 -88
184 -14
223 -90
-193 268
27 -310
20 14
142 20
-184 6
39 207
362 211
-231 2
87 300
52 133
-108 -55
-394 -101
-247 -166
-225 30
-86 43
-112 173
-61 -22
-47 -205
-115 -213
-5 54
-27 -30
25 -367
7 -197
-26 -352
-187 -94
-32 -34
125 -74
59 -93
56 -239
-126 116
-286 -162
-63 -231
74 -121
-27 372
-78 44
-273 46
248 232
108 120
64 10
-34 239
133 -2
162 -96
-207 -95
197 385
-83 -47
-72 129
42 -70
-25 28
-87 63
-127 79
-26 -94
-317 189
160 -103
-38 -286
-112 -296
282 -35
197 284
62 -70
213 184
-15 7
-319 -58
229 127
6 -204
-157 -3
70 96
-164 17
-191 -158
89 94
-18 -73
140 157
334 223
233 -238
-248 305
-23 3
-25 38
-97 -61
-66 -227
118 -88
-109 -8
-426 87
233 221
-152 -11
302 133
-441 112
218 -179
245 217
232 205
-143 -74
151 -112
-99 -79
95 626
54 -211
-236 335
-138 266
-49 -111
-78 134
-336 30
-171 198
-81 251
242 -75
-207 -163
-72 -1
225 -45
-109 292
-115 208
362 193
-35 -369
338 390
-346 -106
-43 73
-84 106
-119 2
-395 -9
-40 304
-14 -94
1 -152
85 48
-75 -83
-99 66
-182 -112
-103 -118
-105 -164
-388 40
-230 34
24 222
-286 320
-209 -21
-107 -96
126 363
110 49
40 -194
8 48
-141 -30
43 58
-36 59
141 272
10 -109
1 137
-116 40
-280 19
-156 5
49 -275
-307 -325
179 -42
-141 12
-543 -15
277 82
-123 -161
225 -209
-176 -10
-185 -90
237 -52
-55 96
-348 2
35 84
-279 -141
-83 -186
-124 99
341 370
-72 -169
16 -113
92 9
84 -63
149 -183
-72 131
-2 -112
117 -250
193 -26
-170 255
45 -96
-348 259
-95 54
208 63
153 45
64 -88
-77 -22
4 -349
-271 -194
-32 -270
-86 -86
212 -198
-239 123
-70 -24
-192 22
155 44
-112 214
-75 -117
37 -42
186 -500
34 109
-165 65
81 -349
167 194
-294 149
325 -215
-195 -59
85 -28
306 74
106 -73
-287 -102
-79 25
161 -140
99 33
-12 -141
-129 80
151 85
-115 96
-200 135
225 -57
-134 -62
100 317
5 59
144 100
-133 -172
97 95
-28 -213
247 -87
3 150
139 -394
-251 216
4 -33
-252 -228
-294 176
58 -186
-17 24
13 106
-144 -1760
1956 348
-614 677
-166 98
225 -44
143 195
-104 -122
3 -11
-56 79
113 303
160 -119
6 123
-82 -18
-112 -321
19 -136
341 -165
222 251
56 -176
-138 -105
270 -175
140 217
53 -33
-173 -123
108 258
8 189
32 -58
46 281
-404 -13
140 -74
164 -101
-29 -199
-164 232
131 -65
-55 168
-37 161
76 -21
69 140
1 -19
16 225
-33 -149
198 115
-12 151
19 67
73 -77
-16 79
-137 143
-113 -98
-31 -291
114 259
22 32
-136 -56
261 -58
-263 -8
-274 -25
-247 -79
186 19
20 9
-29 144
102 59
-72 147
147 -150
16 71
-88 41
212 239
5 75
52 88
-11 61
-109 5
-9 -207
-48 -67
-131 -66
-119 -44
80 -115
58 -21
-212 -96
-143 17
-129 -19
-23 35
182 -18
176 99
-54 162
103 329
166 -61
-11 31
40 181
-91 -162
-56 210
-46 -25
-170 219
13 -138
119 -68
81 32
273 -118
-111 -47
91 126
-34 -137
-5 73
-68 -154
10 54
5 -21
1 -29
-37 43
-150 -20
-46 -132
156 5
-217 120
-65 146
23 -7
84 -82
-64 19
-12 -39
-58 -111
119 -201
240 -12
50 34
185 -84
30 -54
-218 66
-46 220
-164 -8
-96 -128
-8 246
-138 164
-41 54
20 -89
280 -138
-147 -97
192 -42
47 58
101 262
48 -311
43 135
99 87
93 144
-169 -84
-97 -78
-164 13
-121 136
-237 -118
-39 -211
148 116
-169 -72
44 34
147 16
-146 -13
69 94
-153 -167
-42 -112
101 60
-169 24
-70 346
-111 62
-28 15
-102 50
-148 103
97 76
-44 -45
-154 84
83 -36
-15 -236
-28 -49
167 -9
-274 -124
-46 -102
15 79
1 -76
43 -83
-67 -268
-311 103
-36 -111
-19 259
-152 22
94 514
-124 62
160 48
-59 103
-39 225
118 183
-97 67
-127 -109
69 149
-320 -84
-101 -55
-11 -79
-16 -114
99 111
-169 -282
304 8
39 -32
-94 308
317 15
11 -58
-146 -63
321 107
235 109
-143 -126
-24 330
-42 -110
32 15
109 167
-59 -151
-33 102
58 -107
90 6
-57 -133
9 -69
92 -137
45 -211
359 -76
-92 167
59 122
82 191
-92 217
-22 92
-84 -133
-44 49
385 -180
-156 -215
63 -325
-153 224
41 -84
-77 74
-14 218
-28 101
-112 -11
143 -267
442 -429
-219 -56
133 -293
264 177
-73 -87
188 345
-67 167
-229 -161
-256 258
-215 214
-28 301
-17 -241
-132 79
142 82
281 32
553 70
48 57
81 -105
-39 2
-58 -92
258 8
47 -105
4 134
260 63
446 151
277 349
34 -129
-79 8
-2 -15
9 330
547 209
248 -103
85 1
-373 51
-70 -296
-49 -168
-28 35
-263 -314
-5 208
32 -123
127 107
-164 386
-195 -41
-117 136
172 243
107 262
178 -50
-453 158
-132 -117
83 224
-63 -94
305 282
-6 175
326 122
286 53
172 131
-170 365
-169 135
-210 -46
-444 136
213 -280
40 458
-227 193
77 26
163 145
28 -173
-625 -273
204 -173
31 -495
36 -174
207 189
259 121
313 185
254 199
122 -43
69 -62
112 -176
-74 323
153 205
-3 -132
-7 108
-85 304
238 177
152 440
271 261
156 4
34 49
-103 107
-89 358
129 -209
395 87
87 225
-63 139
-158 -443
213 249
479 -69
-384 -218
-26 -34
-97 25
-212 -239
-34 -85
-62 82
132 -53
-194 -505
96 135
1 30
-91 179
-42 92
104 -132
148 -371
99 204
472 -296
88 335
367 535
303 386
-438 -10
-216 -188
244 -13
-251 -131
78 -248
473 5
-46 -188
-46 473
323 66
-80 -280
248 93
151 502
-14 -113
0 261
-303 -157
-569 -207
-280 487
295 -375
261 -244
31 -250
206 146
249 258
-183 63
271 -28
475 -151
-263 -282
313 -41
-405 -461
412 -126
-351 252
-434 -284
-166 -265
26 17
-181 12
260 7
-116 -945
-210 332
424 -512
305 -416
267 36
-110 -307
272 -66
286 -469
-3 -263
-238 173
387 295
290 190
-127 125
164 -474
-43 -235
-484 -413
218 729
-460 -703
545 317
126 -365
246 -180
50 -67
602 -15
-289 -558
-71 224
-21 -35
-38 -192
84 186
370 -235
115 203
80 128
120 395
828 -162
487 84
-166 -196
679 -573
382 -89
158 61
-13 -674
-195 -89
-21 205
84 52
97 -149
-32 -22
38 -119
-244 -302
40 441
-69 -182
288 72
634 43
208 -161
-52 294
559 341
-172 179
139 15
797 20
-607 -204
156 160
-522 268
272 -112
395 285
-241 189
199 -208
721 -95
-287 65
106 321
236 563
212 -127
-465 -780
303 342
92 29
-303 126
-54 29
-374 463
181 -325
155 122
-68 585
-180 -34
354 -391
-222 258
838 -304
98 -296
-264 -325
-299 -84
-168 214
-66 104
221 611
363 435
331 333
328 339
-557 486
305 -44
479 213
501 59
-394 -161
137 -293
44 96
-69 152
-226 945
313 -298
244 -243
-90 279
-417 -499
294 -352
-300 529
227 213
11 164
-629 -131
-477 -246
444 121
158 -98
-212 669
-33 69
-40 7
133 -77
-580 -7
240 -77
266 -356
-496 488
183 -42
-101 -549
-309 22
-235 -439
265 29
-483 -398
310 405
-499 569
17 -275
-2 361
608 -129
-55 169
543 658
532 -192
228 -23
47 -179
176 304
