1308 -921
1687 -914
-2983 43
-3233 -16
1752 -2121
1799 -2424
1794 851
2003 1183
1668 -376
1703 131
1717 -485
1565 -715
1087 -3226
1534 -3170
-62 -1136
-233 -1426
813 1929
289 2137
-1083 3
-1292 15
1584 -606
1436 -81
-1316 746
-840 252
1766 819
1246 730
-1276 -2276
-542 -1394
34 147
973 -499
-390 -233
-332 -132
2697 195
2059 995
1952 -1905
1557 -1004
-956 -28
-1114 -122
-1154 -1106
-1565 -842
348 92
473 206
-20 127
-603 -77
-1140 -64
-1489 -486
-903 25
-895 381
1062 586
915 523
556 -483
428 -501
-24 -14
86 -40
-685 -367
-537 -37
290 35
471 24
-416 802
93 381
-291 153
-165 -165
-70 527
49 -182
-274 89
121 -17
-294 -272
136 -191
521 -172
73 -83
340 -143
317 -108
-434 -135
-606 -235
287 -188
641 182
-86 91
84 340
160 -175
282 -87
-157 121
156 -72
-147 -173
234 -143
138 83
150 -356
-138 -111
107 -70
-105 -180
-380 -538
-193 -145
-28 -245
-374 -243
154 269
93 -548
-518 -262
234 -66
37 27
-118 406
-144 -322
85 471
-183 -14
-55 466
-194 -328
264 14
134 -293
-233 -141
17 82
-297 -73
389 -22
-341 298
228 36
57 190
97 142
194 4
-323 -168
-246 -49
417 -238
-143 249
178 215
115 -25
-290 -110
-42 -191
349 160
-135 -112
116 -139
-110 -242
70 -110
1609 -501
1502 -352
-2571 459
-3148 -46
1702 -1908
1972 -1747
2670 1218
2323 1169
1652 529
983 351
591 -577
1133 -522
2051 -2911
2104 -3095
187 -1353
349 -2018
-515 1651
-211 1346
-1126 3
-498 -92
1497 -429
1529 -137
-1435 -240
-1181 -382
1556 914
1884 1339
-256 -1738
182 -1863
254 -271
234 269
-206 -1030
279 -305
1765 1459
1576 2217
1759 -501
1486 88
-1094 -11
-1309 -138
-1576 -1660
-613 -1013
-208 345
149 300
-720 131
-310 -59
-968 -685
-755 -617
-1144 -313
-738 -535
603 689
257 819
263 441
861 -196
-103 -109
195 -297
-300 -621
-24 -87
373 8
-139 72
-619 497
-84 191
-88 330
492 -43
-1 -440
292 -53
-588 149
-252 278
-642 342
407 128
59 381
-197 -340
-483 27
565 49
71 -373
526 -101
319 260
-57 504
350 -129
-665 -276
449 -629
127 -425
178 -105
-229 667
-220 -206
-194 11
-185 -89
67 458
195 406
178 120
-69 -146
308 -472
-439 406
178 330
344 -35
21 19
728 6
107 -59
262 -96
-478 -108
-352 -363
200 -128
-360 316
93 -35
-208 -484
25 -231
403 -231
586 -332
291 198
416 61
69 -481
190 9
-193 -474
-279 -45
171 -399
-523 -150
544 -288
-117 -199
138 48
-268 -341
35 -126
-372 83
291 138
-25 -108
-142 11
-451 -57
-253 -490
-176 62
-147 148
-5 485
1217 -315
1624 -449
-2526 40
-2682 550
2087 -1841
1969 -1831
2063 1679
1968 1310
1659 196
1275 178
1454 -483
1522 -747
1505 -2728
2238 -2374
310 -1759
319 -1721
-97 1499
-456 1773
-698 -83
-926 -192
1688 344
1673 155
-1485 -85
-1531 -538
1318 1614
786 2110
230 -1902
290 -1695
81 223
736 502
396 -509
-43 135
771 1479
-175 1680
1958 -110
2160 189
-1155 -521
-1163 -496
-1052 -1487
-295 -1549
-312 190
-602 -194
-139 -490
-16 -351
-551 -1059
-191 -1084
-773 -810
-300 -887
-89 1255
239 677
469 126
169 26
84 583
476 228
115 -274
-136 -170
244 405
-263 126
-420 154
-143 -45
-448 -527
565 -50
-103 -153
188 -203
45 213
234 -22
-286 52
-10 -43
-312 133
12 136
364 91
-112 389
280 379
-37 -172
247 128
-200 149
-301 120
-174 218
-172 -407
396 111
204 265
161 243
-21 -321
89 43
705 138
415 20
36 534
91 774
-25 -32
301 -108
-90 59
144 -111
517 73
-250 11
88 638
188 425
10 -177
-501 -2
231 -106
349 -149
231 -310
-27 312
-383 -245
428 -156
174 -350
-53 579
-576 -167
487 233
422 -319
-33 -250
-84 -430
48 -573
-435 -395
137 225
-7 593
318 117
235 187
24 -122
-197 204
-279 163
-494 -55
116 -133
194 -318
447 -97
13 -219
-487 168
208 -394
745 -1
1639 -518
1698 -788
-2928 347
-2841 427
2067 -1542
1913 -1836
2264 1582
2133 1803
1655 512
2102 555
2164 -722
1481 -373
2254 -2377
2050 -1948
669 -992
850 -1534
-622 1333
-651 1267
-823 -837
-577 -356
1298 -334
1978 584
-1233 -789
-1244 -1243
718 2450
418 2070
688 -1399
1057 -1751
605 -383
352 105
255 -45
-44 -244
387 1521
-291 2390
2066 807
1293 949
-359 -1571
-538 -1269
439 -1414
225 -1070
-538 246
-190 241
-205 -150
-225 120
-120 -787
226 -1244
-61 -1002
531 -847
-395 545
-283 949
-385 829
280 618
350 312
-318 256
415 -648
333 -415
-152 197
-181 -351
-274 445
-383 -382
-96 12
-471 123
-774 272
87 109
138 -210
638 -384
236 263
-68 -177
220 707
-76 -648
-103 57
136 -147
-196 211
103 -266
-386 -18
-335 -71
4 -113
406 353
-143 -54
84 62
214 -117
-376 -10
84 46
387 413
-133 70
-181 36
-15 264
-39 231
-391 -107
111 -240
445 140
168 -170
-38 411
426 0
191 361
27 306
-460 -215
-349 34
481 324
276 292
196 -27
281 318
35 -501
149 179
332 212
27 149
191 -698
-399 -391
32 361
-225 477
-63 321
-311 219
244 -395
-245 -98
-80 388
11 133
-195 94
-247 -450
141 339
-541 263
-386 350
-202 296
177 276
118 -161
-226 -412
-95 70
-45 -304
-225 155
-2957 748
-3465 -498
-2870 -2164
-3034 -1464
4809 -191
4534 1222
-933 2100
-135 923
4001 -150
2834 -319
982 -373
1679 -2330
494 -606
135 -541
-1358 1701
-2682 1647
-1914 -461
-1795 -211
2980 -1746
3537 -1046
-1215 546
-1789 -1676
1479 -2402
428 -2567
-1615 -210
-402 1514
1327 1206
-143 767
2098 202
1518 1040
973 -222
-1101 -345
-200 935
-728 622
178 -598
2836 199
770 1730
1379 964
1244 1065
1251 1393
1035 955
657 2192
-929 -270
687 336
47 703
1266 362
1225 -326
-1324 950
-1329 -407
371 -671
228 2317
-16 1343
732 -119
-701 -39
515 -1333
865 -284
774 -401
-29 814
-96 -1119
-239 -208
-216 -804
779 540
200 -707
625 635
1091 -316
204 -1496
143 651
-437 -229
-264 316
806 78
-693 948
528 406
-519 1582
715 439
956 -172
482 595
-490 -192
169 -87
582 143
264 -1076
357 -125
579 560
-335 -749
-577 101
-211 -858
-149 616
227 -269
225 -465
-1103 -1217
662 62
185 -377
-660 851
510 -555
-576 -1584
-477 -372
359 1018
1048 -445
213 618
-837 -985
950 738
-674 442
465 -372
-246 -423
1038 -49
-674 -1012
316 1538
1195 1165
708 1295
-602 -1290
-606 -147
841 -125
157 -43
-1133 252
191 1150
-168 -192
-1151 1481
-486 404
-1284 -242
408 188
-129 431
293 928
-8 925
-435 266
-1068 292
248 -868
1096 218
-626 828
426 -566
-5358 -900
-4095 386
-2564 -3640
-2737 -1274
4317 -320
4543 385
-978 1463
-2365 1860
3746 -226
4526 295
3622 -1280
2221 372
242 -147
430 -1513
-2444 258
-1678 172
-65 243
139 531
4116 -250
3730 115
-1492 41
-2209 -1565
1429 -1286
1396 -1750
-2369 492
-2785 870
-98 1787
-285 1839
2745 1368
1430 715
321 387
602 172
1175 -2074
173 -1016
2396 -677
3286 -275
923 1538
-74 2136
748 167
-419 -621
991 1514
-3 2274
631 627
655 -8
-1190 1035
-886 469
793 2050
-571 1612
-1702 -1437
375 -1560
-916 1468
509 447
-59 -1029
386 -7
181 390
-253 -714
117 -983
-105 -1324
1864 -371
1350 539
5 1307
-952 -124
704 277
-1047 -593
747 -280
78 -288
1013 319
-316 -664
-815 -1377
-655 -305
-140 -438
-1150 -261
-1378 547
-180 1031
-301 -346
503 1025
-1103 -1667
-986 675
215 771
374 669
703 100
-198 294
-80 516
1603 -787
-151 -621
-483 785
-319 1244
-553 523
-395 -31
51 -211
-67 1454
-480 -889
545 -850
8 -290
-615 719
-459 276
-209 108
972 -242
488 491
-996 -761
-135 345
-1133 -895
-828 997
-1269 -274
542 -697
-625 211
-35 -762
400 1178
-837 -276
256 -512
-441 121
417 -251
930 527
271 -1
844 304
1113 751
-249 453
1662 1226
565 238
447 -205
-635 -405
-957 -479
115 587
1178 -750
956 1401
632 637
-379 -186
454 -722
-3936 1314
-3745 -204
-3275 -2039
-1073 -3033
3621 -273
5228 473
-1826 1067
-496 1683
4184 -556
3683 -663
2730 -1124
2743 -899
1250 47
1332 -528
-1609 691
-576 327
-1927 85
-341 -1082
3693 347
3818 972
-1374 -1671
-1502 -1170
2571 -971
2371 -2177
-1996 158
8 -76
-371 1370
246 -146
2292 1185
870 1182
-1074 813
-377 394
589 732
885 51
1783 1431
1216 2232
-400 1432
-1704 1384
860 1089
518 1671
-242 2801
770 4237
178 1201
-2145 -227
-330 649
-858 -720
-823 622
239 -281
1457 -1395
-436 -687
-1067 633
-348 1156
571 -823
468 532
198 -733
-770 8
736 -407
789 183
215 -450
76 465
828 536
-1106 115
-195 -122
762 334
-57 274
-42 -764
-274 -325
245 232
499 -293
-895 -750
-456 -455
1079 104
-636 -1755
908 196
-7 124
302 -618
376 18
416 120
504 -74
-712 -580
-862 831
-117 -228
-1436 879
-829 625
-928 -670
-523 -127
333 -434
-600 -649
721 -66
-952 -549
-1762 -196
308 422
-1013 -533
453 2
517 -603
-1216 311
868 573
727 -4
1361 -630
-156 -380
-178 732
607 -961
1206 -768
442 -929
637 475
-729 -954
1063 965
-79 585
-365 -1224
443 -106
496 -707
87 419
45 -96
-283 472
823 -938
-503 -349
1173 38
-435 996
-1058 789
-1370 -428
-91 172
-19 371
670 -640
-111 -9
406 -581
-439 -246
25 389
-703 -907
-3609 -426
-3737 824
-2750 -2791
-1184 -4445
4553 186
4589 1189
17 -177
-300 -55
2668 952
2711 1483
1908 657
2182 490
662 -211
1148 10
-1903 -513
-2549 232
-342 1278
-574 662
3064 1495
2211 676
-2312 -929
-2017 -1771
2210 -1745
3492 -1466
-2560 -1048
-968 639
-40 1448
264 -87
715 2593
1057 2694
315 -155
-366 -434
146 1220
524 -384
1050 1205
1448 636
-205 2503
452 682
-651 429
116 -170
-2198 2653
-2718 1832
-925 -70
-295 -420
-2108 367
-545 -387
-98 97
100 -490
-31 -87
705 -674
-1606 479
-1534 308
1341 -424
211 272
-695 1333
-952 1435
711 353
110 376
34 -1248
-172 1097
225 26
-708 8
1108 -463
725 -1031
612 130
-1936 192
-1046 -837
-209 1094
-93 -1209
-605 958
716 -535
-590 -692
-135 -1021
680 -282
463 -150
760 -662
-725 -1508
501 -38
-191 383
-452 220
143 293
23 442
87 237
-707 -122
890 -494
459 -549
-1035 -15
-1135 11
931 842
276 -776
-276 -1522
1225 563
192 480
-277 676
-904 -402
110 -395
933 385
111 -1599
360 38
443 -149
207 -245
38 456
1110 -641
110 620
-621 467
1498 253
669 1067
340 -346
725 -59
-1199 151
-232 -281
-648 -63
-645 349
-844 -222
-1447 302
-737 -570
-178 -405
-64 275
89 -1193
1924 -70
-361 -203
-317 -769
283 40
-706 -842
-1017 1018
-56 783
-205 138
-32 331
-613 698
-683 3421
-1386 774
74 -1698
98 -1992
182 -2833
163 -1877
-1120 -865
3550 2643
5885 3078
706 -4268
1415 3103
-2431 -921
-3191 -69
565 -3678
3259 -3144
1991 -668
3351 -1564
-2392 -798
-1649 -2308
3111 -3800
3367 1305
-1123 85
-15 2303
-281 1266
-279 -1643
-794 1205
985 -1912
471 695
-877 469
-944 1418
1539 519
-212 -1204
2392 -1977
1074 2264
-1279 -397
2242 -461
-26 1541
-1996 1566
-1089 -748
226 -661
603 -13
928 135
-62 -889
-1025 904
-2225 -157
-1480 1487
2716 -1574
689 -251
-2238 573
-804 -2893
1053 772
-1520 -826
1498 165
1835 1077
-1126 -239
-2323 482
-1046 -1863
537 563
-915 -353
1024 176
-274 -1040
-1000 -181
-1962 -1554
-1930 -666
161 1319
119 596
981 195
-1372 -51
-1300 -517
717 -1570
-497 -339
352 -1584
-22 896
-1548 921
-971 -2369
1268 -91
-410 -429
-238 -1298
-859 1234
822 -438
-408 -1476
635 1036
980 -419
-302 519
465 -119
816 92
-73 1415
461 2928
-332 40
660 1815
411 -128
441 909
-260 920
-700 1647
-784 -2135
-57 207
-268 125
155 289
-740 -330
0 71
-1102 1119
1254 -955
-795 587
-810 1648
-1447 -3302
-1157 -595
-880 -1750
1239 2456
-1168 -658
-1723 825
-2118 -787
1574 -2730
-979 -1456
384 755
3104 -1938
544 -1579
1586 1800
-703 -998
640 -1348
-178 -2139
87 -1262
-395 435
217 -656
-724 1814
-2760 1503
1135 -1205
-1805 1002
1827 1589
1206 1499
-2764 2590
188 -1908
657 -2342
35 -3370
-1496 -2088
1841 -796
3936 3831
3608 2361
-184 369
1415 -918
-2617 -2628
-4493 1768
3254 -910
782 -927
1193 -1123
499 617
-1854 -4127
-1076 -3932
3690 -498
3457 3852
-834 -102
-1580 1719
2373 -132
659 -921
982 -1468
-1440 -1376
-1210 1114
329 1183
-1493 1494
-2340 1148
-995 1447
2088 -1215
-1553 2611
-2495 104
631 2021
1628 -154
677 2251
611 1134
1112 1137
1414 -817
-153 -2409
-512 -2586
820 -1109
1103 -229
-165 -2975
670 -1428
1345 2533
-976 1381
1299 -2444
-1783 1914
-376 1503
-613 -1
-283 -373
1980 1383
-575 1140
1070 1743
-1223 660
-2393 -483
-479 -4118
1820 45
-482 691
1311 853
-123 677
636 853
-189 -481
370 1674
600 3473
1017 1602
845 1
299 646
1078 -825
-190 -1690
712 -126
-317 -1234
1151 2780
3205 -337
-738 -1169
-597 330
-235 595
1629 185
1070 -1920
-3519 1515
-486 1374
-295 -2969
-30 -2830
58 242
945 -771
-368 971
793 -3472
231 -459
-1032 638
941 -982
-794 -1328
756 1477
859 952
-1436 960
942 -696
2015 -115
751 -1219
1814 1366
2380 159
1295 154
-1355 1505
938 711
-582 1238
-2132 -1730
1500 1000
284 -442
1200 1660
640 475
-2304 143
956 -46
-2151 -209
-801 -140
1167 -156
-1466 -1073
-76 741
276 781
1036 249
1434 1261
-151 -824
949 1565
-736 -1533
582 -1377
1063 916
-63 1457
-763 -2335
-286 1285
-1596 -743
-3853 172
600 -738
-265 -1366
747 -2671
-1020 -1691
3012 5555
5254 4701
309 1320
1268 2360
-2399 -2729
-4262 -399
1572 -417
0 821
2137 523
112 1423
-524 -4165
-862 -4573
3413 3848
1679 2791
-2076 473
-83 3361
2310 -817
-1535 -552
-52 155
88 1065
-4070 893
-3095 828
657 -315
500 -1153
479 -272
1939 329
-1633 177
-699 -2671
946 2224
1642 259
-324 523
-986 -207
1510 -1749
-2095 -1889
1448 -2284
5292 1438
-342 261
782 566
551 -690
-2191 441
-2700 393
-563 1725
93 528
-604 -467
115 -396
-1241 -2227
357 1472
1623 25
-1512 624
-1013 -560
494 512
-266 50
-774 1
1760 -1694
1562 940
-2099 -1098
782 505
515 1505
713 -1227
-828 222
670 -190
1460 697
172 -79
-860 -2338
-1854 426
-2735 496
-801 153
200 2218
-125 -2199
855 -1349
1174 1665
801 1979
1279 -2081
456 293
3199 -386
2025 348
-829 51
1523 542
-334 1508
-464 386
-471 -653
1166 838
1786 -1533
-70 -1180
1080 512
-47 717
-1253 -526
740 -1182
-3644 -56
-1338 -105
-856 841
532 1335
-539 -1302
-1484 1074
-1320 836
-1957 1007
-537 -573
1842 -624
-429 -837
-2447 -2391
655 3142
-62 984
-243 2448
0 1543
966 758
361 -2467
-1280 543
28 31
-863 -399
233 -1244
757 -1018
2554 -877
2791 -745
663 -419
-1257 772
-590 1106
-402 825
2138 -111
-418 985
-934 1248
-1562 1958
-1209 1291
-1188 -1218
-3678 903
1626 -2221
968 -2214
-3745 1188
-2440 -1519
6132 3186
3026 2277
-1009 -233
682 -244
-1820 -1833
-1869 -3873
2401 -186
3363 925
272 -3101
1869 -1554
-1 -3204
670 -3006
5565 3351
2343 2713
-366 1317
-1166 3459
2706 -603
-1330 -1542
-464 -2460
-1504 605
-2426 1451
-1600 -506
-1603 -26
-1325 1068
1553 -1198
766 1225
-2301 195
-727 1077
-801 749
-1533 1747
1356 -692
-667 864
3612 -823
1840 -624
1528 195
928 1479
3003 -2538
272 -309
-1255 -167
-2645 1484
647 -623
-1393 461
634 -880
1020 -485
-2755 175
914 -1490
1043 -914
1806 -1431
-1158 -761
200 -63
416 917
1122 -809
303 1082
1902 1226
-1858 -206
-1736 932
-735 207
1200 1101
612 412
-583 -1051
149 241
1060 939
-1270 463
-1052 1910
306 712
-867 1393
361 11
-660 1579
1475 3431
-2749 -250
1163 1355
64 469
-737 195
95 -553
350 800
-296 969
159 126
224 749
624 -646
157 -1425
-358 254
793 2265
26 1513
-2439 -308
1833 -845
89 -263
-962 -1117
-344 -238
-946 -133
-74 811
-337 590
-1111 1215
676 44
267 -806
-994 2376
-185 -1658
375 -1172
-3588 744
-634 -1256
1106 583
14 -829
2604 -886
354 -1463
2568 -57
-196 -930
2122 296
2137 -854
1489 -88
76 596
518 1064
-234 -255
-2948 409
779 -632
255 1235
-1103 -1451
692 1617
1142 1305
750 -1695
438 537
-200 54
-2656 -3742
-2976 -6184
416 -792
-830 3118
559 1108
1973 -465
84 -3212
155 -774
3981 1168
-58 2546
1252 6413
-1187 -2560
612 3287
2774 448
280 -400
-2695 -875
-345 4439
-5636 4823
-915 -620
-854 452
2890 4505
2925 -637
-370 6481
-206 1818
2101 -390
-594 2434
1128 -3353
438 3677
-2301 -1621
1915 -721
2884 953
284 2327
4047 -788
-982 1983
1879 -3888
803 -1757
-482 -633
-252 -1447
3896 -2325
567 756
986 210
2004 -2861
-838 -3096
-1332 -1461
-190 -1603
-290 1851
1297 -1615
-3935 3667
1015 2411
3422 1802
1227 3867
-2141 -2398
-69 1608
-2387 -408
-5460 -952
-233 890
2298 -580
2072 1214
-2126 1026
3580 704
-1688 965
-412 1453
1337 1846
2108 152
496 1988
-662 239
-980 -3003
-1548 -716
2382 -746
2006 -436
886 2299
-550 274
-187 -268
-973 -1495
1021 -1112
1715 3597
-1058 -948
643 2098
186 535
2771 -991
-423 891
-1177 2494
-41 -2485
1235 -872
-921 2145
-830 512
-468 -302
596 -1422
412 -3871
-497 -1212
-2183 -2219
-514 -1545
321 -387
2240 2055
499 -1442
361 2252
-1050 754
1078 -336
1100 1102
454 -849
918 -1107
217 -1414
-1737 3219
-317 -524
3441 -2447
2068 3055
-380 -603
506 703
-1669 -2199
3438 1284
890 424
3997 2158
-977 3106
154 1990
2141 -867
-2683 1795
-620 3167
163 -2698
-250 2052
-114 2391
1126 3313
-895 837
1383 -1476
2100 957
1630 -2846
3899 -2004
-1933 314
2481 -1169
-2317 -1959
-3702 -4930
2053 -118
-2751 2615
1480 826
2104 2204
3510 239
747 -2200
1197 1842
1354 4097
-1465 1809
-1191 1390
1963 4250
3496 -2468
-1466 -1935
1791 -561
-3605 3031
-987 -244
-1427 2901
-1444 2187
4232 1610
2419 -2390
-457 3672
-328 1849
-2108 324
1819 1477
1399 572
3436 -753
678 -2410
-1338 -2045
2445 -1715
3023 1243
542 1143
-8 5286
3384 -3839
3470 252
-524 -1178
-2528 70
-2167 -3488
-519 122
-473 -3404
7 -1136
-581 128
-122 2649
-1772 -445
-949 102
-1176 4006
-757 1565
180 -2205
-306 1295
-1443 2829
1314 -3686
-159 -3449
299 -1038
855 -1461
-2207 -862
1303 -1927
-1472 -2610
-2080 -989
3570 -1275
539 6032
911 602
132 -1926
-583 -248
-2325 -9
-1513 -1027
-899 624
886 -2234
-23 -3179
-2385 -4549
-4774 1501
1409 340
778 1156
961 2130
-939 714
59 255
-331 -3251
-5043 -1941
1785 559
938 -1953
-249 -604
-2400 299
-1072 1275
3783 -2608
-814 -1727
1936 3957
848 4478
1024 -949
-1330 1035
-316 -2189
-1144 3795
180 1333
-158 742
-889 3110
1912 1387
-1758 -2775
22 -1091
-1731 -1533
-2033 537
-1947 861
-1219 4126
-709 -934
-3887 -3533
383 -252
-319 -1770
-62 -3437
1280 159
3094 2140
-1776 -798
170 2244
-50 -2399
-1298 -741
2222 -2231
-1917 261
3170 -164
-344 635
-1172 -716
-510 639
452 -1628
-1408 -582
-1304 -59
-1517 -1536
-83 1201
-3431 -1304
-985 258
-1665 1078
-1212 -903
-1193 -826
-1661 59
-3025 -3047
1769 2561
1537 1975
2684 -699
1554 -5
2081 329
2542 -2240
2332 -928
-1538 2910
-1347 -866
-2579 -1741
-2957 3071
2794 -303
-952 -3085
982 -3165
-1901 529
-2901 471
-1106 3240
-635 2863
2994 -794
6533 -1255
-858 3214
-4989 -524
-3405 1919
788 2126
2749 -25
334 126
5226 -1527
6993 -1497
300 1797
223 4008
-619 -1582
-3702 -357
3475 -993
2196 3539
-863 -1685
-515 2020
-818 -1156
-206 -231
-1189 1484
2186 191
-1549 2164
-4324 -4119
-861 -2669
-1576 -1353
-8 1825
3324 684
1021 777
-74 -1326
-86 -1713
660 -2674
-150 -34
2407 3024
489 -3882
146 102
2089 -1866
-724 611
364 863
-298 947
-1143 -1833
-758 3026
-2664 -1230
1602 -197
-384 173
141 -1454
-1387 1003
1883 -1325
-1644 -278
-2337 -454
-587 843
-359 4372
2460 1931
3577 -1070
2564 -1166
311 -2773
-297 3664
-1762 2234
-1942 -3612
300 -298
-593 2633
-759 -1651
-1636 -1662
-126 1159
4046 546
-1615 -1033
-578 -1856
2357 760
-665 870
-133 -1024
-786 2439
307 2916
-220 -1089
-632 -2422
1123 1639
-225 395
3525 242
68 -208
700 -970
1585 -1431
1291 394
1390 872
1203 -764
3093 -900
1145 346
-1414 2200
-1148 1622
4946 3910
39 -5535
1250 -1055
146 -3771
-1026 -3671
-1841 -1809
1065 3131
493 3251
-39 1254
205 1411
1115 583
-1485 -247
-3515 2636
-4012 40
-1946 275
1375 297
1120 -3276
8 -461
-2995 2177
342 -2968
3158 -789
454 -3939
482 -4561
-179 4317
1076 3740
-822 2465
504 665
7170 -3795
5030 572
-2256 2330
3390 5651
3402 -188
-427 -1356
-818 1339
-1681 5769
765 -647
-1142 -4598
-768 3045
-4578 2523
-2276 -146
-1646 874
-139 -1160
4904 2461
-2438 1518
-5178 -3520
-2626 3160
2914 1079
1242 3414
2007 1794
3660 -5274
1895 -611
1035 3727
548 683
-916 1787
-285 354
5652 259
128 750
-344 -1348
1235 -40
-3641 2687
-730 641
-3409 804
89 1521
766 160
2068 -1949
-3184 4182
-515 -487
2012 1019
3563 -1428
-1995 993
1934 -12
-1441 148
-1637 -801
3412 498
-665 2100
-672 -1294
-1433 -46
1662 1261
-335 -508
699 2038
-1266 571
-2013 -1536
-2348 -956
-70 2243
1672 250
-414 578
632 -3667
-375 332
1970 -338
-1145 2273
-188 -3409
-178 615
1730 -3803
-717 304
1299 -2485
-1355 -443
-727 -1709
-374 -3622
3636 2618
-1364 -2067
899 -1088
1079 -1305
-746 79
-917 343
1860 191
-507 727
-1008 -714
-414 67
1273 1717
-1642 -1387
-512 -3269
705 -917
2027 -584
-2630 283
461 -913
3041 2264
1168 779
-1201 -1022
-456 371
532 1161
609 -1136
-1684 -311
-858 40
898 -4660
-160 1406
-61 1134
4053 -293
-529 -1519
-2388 -2036
653 1335
-2227 1642
-318 3901
-2863 1663
369 328
-2137 -290
-2310 1457
-1813 1123
649 -745
545 -3054
234 1633
2888 -1366
-1116 3421
-818 396
1634 3784
-1368 -1147
-1054 -4452
-1613 1930
-673 -2286
-1151 -1140
