5349 -10477
8705 -9757
8929 -7281
10421 -5270
12185 -3542
8407 -628
6292 -3621
14104 -2026
11187 491
12381 -2509
13390 1613
13869 -776
13915 -664
9384 1814
13806 1612
13110 5303
8665 7031
10936 7064
4960 8661
7042 8149
4645 7784
1466 6567
-1516 5871
472 3458
4571 1446
3398 1091
3853 3339
3391 8389
6354 3630
1968 730
542 3402
4178 4561
6471 1221
8340 -609
6403 4098
3443 5359
6889 7317
8480 5518
9118 7105
3229 11643
1939 11272
4481 18181
906 15200
-1386 11968
634 12208
-3769 14637
-8791 14300
-6201 11058
-6996 15152
-7250 10474
-12848 8505
-8336 9680
-9453 4734
-8043 -227
-14663 -757
-9842 6205
-8694 -706
-8882 -115
-6800 1774
-7103 -1435
-8531 1398
-6582 1093
571 155
-5992 -4743
-3989 2170
870 5218
-4640 544
-5684 3950
-8318 426
-8815 618
-9284 1512
-7885 -1586
-8679 -1542
-12440 -1839
-9340 -4632
-10475 -5990
-9379 -6362
-10912 -8094
-4917 -8084
-6240 -11115
-4553 -12822
-4166 -9199
-3271 -13120
-1527 -12445
-3449 -12840
-955 -13819
849 -11323
-916 -10613
3140 -10987
6399 -10854
3073 -5217
2835 -6312
5294 -8733
2315 -10408
2714 -7153
5176 -6071
9348 -6446
6993 -6315
9732 -4633
6629 -2255
7154 -299
7414 -2871
6626 2981
5470 2092
4691 -492
6087 2077
486 3069
1807 214
-259 3655
610 2400
-1261 -652
-3687 -3379
-2674 -4184
-3732 -4465
-3643 -5397
-2855 -9503
-3146 -5338
912 -8877
3989 -10390
6422 -8693
8269 -8190
10647 -2584
11983 -5533
10179 -493
9344 -134
10800 783
11513 5445
12479 6675
11775 9131
5595 7445
5465 11447
21 10326
-2356 9031
-2322 9637
-4221 9634
-6186 11788
-6880 10286
-11888 6904
-11356 2726
-9463 -988
-11706 -1804
-10380 -3301
-10754 -4572
-10242 -6578
-10831 -8298
-5880 -5811
153 -8404
430 -9720
-2990 -7011
589 -8658
-1009 -9755
1885 -7643
-1874 -7572
1540 -7058
5659 -5972
1942 -7949
-1271 -6046
3588 -6702
-1123 -10100
4290 -8755
3216 -13427
-442 -5966
1372 -2849
5182 -6310
6657 -6515
8180 -6826
7306 -4837
3932 -5978
2679 -4377
1900 -1897
6748 -2638
8972 -1189
5691 775
9076 1318
2208 720
2682 2154
3718 -3147
4731 -763
8077 -883
2265 -1809
3810 -1694
1321 -1651
2814 4932
790 870
-119 61
2852 813
212 4308
4118 -1778
10 -824
-3376 -2786
-4390 -3494
4415 -4543
2232 1854
2177 3220
-2633 1884
-6793 5024
-6265 -2366
-3509 -257
803 -1115
-2723 -3516
-1997 -1915
1821 -5505
-420 -4654
-1024 -6370
2782 -7841
4171 -7054
1214 -5682
1268 -2830
2690 -4960
6739 -4816
5793 -5132
6679 -8301
6686 -6180
10378 -5786
8991 -931
8826 1483
5393 1445
6359 4405
6805 954
5151 3377
2334 2228
6671 3709
2722 4344
-1373 5238
-2602 6356
-5598 4104
-1994 2065
-809 3391
-3174 3343
-4047 -1857
-3863 -148
-8730 -1198
-8590 -4972
-4028 -3978
-5987 -4808
-4997 -5375
-6315 -10077
-4868 -10755
-8409 -13737
38 -12085
-1375 -14033
-880 -13538
2736 -13700
4398 -14932
-191 -15288
1963 -16055
6838 -15873
11690 -17218
12210 -12454
14016 -9353
13442 -12690
15366 -7985
13659 -6186
18151 -5079
16405 -3824
11542 -1365
17389 211
12271 2857
14389 5531
11583 2248
8625 7136
8657 6884
4220 6969
6240 8422
8215 6679
3454 5023
95 1764
506 2441
-631 165
-1008 297
3175 -1035
4190 -1059
3966 -2405
3415 -3217
583 -3657
1540 -6119
6206 -6566
5865 971
6992 3863
3500 -623
3700 -1449
5080 -3054
5040 -1674
2001 -4266
1738 -3321
1170 -829
3084 -2079
969 -4608
3522 -7207
8644 -4600
5607 -3130
6600 -6453
5358 -8376
7855 -7361
6360 -6912
7951 -6374
10636 3
11960 -2501
9022 -1383
7608 -4783
9585 -1830
7022 -2327
10742 -115
6913 1128
13894 -427
8892 -489
8569 -342
12140 2473
10798 1026
11424 3755
12586 8687
11860 5700
7660 5156
7353 5732
7444 5218
8221 7851
9050 3658
5494 850
7598 6731
7697 8750
3735 5824
5314 2110
6572 632
3024 3308
5074 2234
829 -800
5050 4294
1479 2000
6442 -1036
9269 2471
8302 4032
6843 3266
6927 4588
7844 1431
5399 784
7195 3621
5547 4442
4351 13349
3421 8074
3387 3985
4930 1943
5668 4639
3508 2899
-1512 5309
3617 -2682
728 4032
1478 -1772
5193 270
3982 1581
1202 4281
5639 2987
6697 -1967
5724 -462
2074 -847
7190 450
2879 -1100
7461 1557
5801 54
9940 -2287
9952 1960
12317 748
13356 1247
8262 1533
7555 7075
8164 8846
10150 5758
9167 10532
10085 9816
6167 10892
3886 12641
3431 10418
7258 12516
6474 11252
6423 12223
-1929 11719
5291 10642
1063 10961
-1421 8316
3268 6272
4285 4405
3359 6870
1054 8558
2005 5863
7540 11450
5675 9123
4593 9195
4681 12011
2451 15384
2310 10647
1318 10187
-19 13198
-1046 12676
-2762 11687
-5216 11023
-3432 11373
-8130 9441
-7652 12025
-10479 10580
-13571 7164
-12497 7244
-11785 875
-10898 3987
-12436 904
-12864 -3021
-6243 647
-7049 -1746
-4878 -377
-2763 -4751
-4233 -4228
-6103 -2130
-5110 1035
-4609 -2457
-3187 -1579
-1796 -2560
-270 -442
-1219 -1738
424 -1299
-319 6951
-2258 1217
-2477 -84
-760 1154
-2058 1314
-6528 343
-4736 3217
-3300 -1574
-7003 -1874
-1331 -1348
-5081 -1182
-6953 -1062
-4960 1200
-1982 1429
-4134 -3292
-7535 36
-3942 1281
-3333 865
-1737 -3752
-3919 -3755
-1518 -2858
1166 -438
-6068 -5316
-5722 -4597
-2573 -887
-28 -4092
-3595 362
-3763 -4826
1761 -1135
-58 -1631
687 -8853
2066 1012
3291 -3784
-211 3176
3841 -50
4569 4706
3259 5911
-1721 -1391
-4519 5122
795 6382
-819 7539
-6227 5865
-7677 3030
-6420 2477
-11888 3879
-10688 1863
-9019 3495
-10394 -199
-10736 -20
-12858 -6645
-5319 -5695
-6792 -4480
-3434 -9017
-3521 -12743
-500 -7220
-3432 -4144
-2573 -7690
39 -5327
-224 -5646
2651 -4219
-2047 -4703
469 -1691
-1835 -1149
2802 -4015
-3165 -3301
-828 -282
-1687 -716
-6753 555
-6681 -3202
-1024 -5694
-2020 -2898
-566 -2136
-708 -6682
-4332 -3984
-5535 -6669
-3727 -9499
-3018 -6502
-1322 -9056
-4933 -6378
-423 -6930
40 -11917
1149 -8930
2250 -10304
2619 -10889
3055 -6086
3719 -5367
2944 -8725
-574 -8650
2973 -7928
3354 -5503
8928 -7501
7009 -5033
5069 -7113
2931 -6367
3644 -6689
19174 8320
15056 -735
12275 6389
-6048 673
9501 3935
9854 -43
13008 -4777
-3252 5276
2379 3034
4904 8777
-12239 -836
-7113 2864
-1984 2897
-4450 -1095
-6184 -7214
-1996 -3414
-686 961
-3113 7441
5166 -3984
-2311 878
4613 -6829
12084 4740
5603 4165
-5571 -1943
8748 10183
7981 -1124
10229 1134
-3310 1609
6426 6722
4756 9580
3667 7682
8617 6335
1659 6891
1166 18135
-8357 20019
1461 19436
-3056 17491
-8046 17639
-12987 11386
-5006 5800
-714 6379
-7055 4329
-7477 -5030
2564 4184
-6693 5790
-9517 2417
-6876 8781
-12231 1466
-3584 -14021
-20795 -4131
-5799 -1299
-6604 -395
-4509 -4946
-7073 8460
-2849 -2618
-1814 -2820
-7958 2960
1174 4314
-7905 4261
8918 1845
-354 -7049
-5412 10684
-16390 -5306
-476 6478
-6695 5645
-13912 4526
-6468 8208
-1529 4132
-1112 -6478
-6937 1048
-10350 649
-20243 7346
-1160 1964
-8906 -5528
-10071 2169
-8216 11648
-2025 2932
-5478 2082
-272 -13626
-21134 2634
-20083 4544
-364 -2202
-12760 6422
-16773 1579
-18766 -6994
-21372 1144
-20783 9
-23364 2319
-15481 -3157
-22476 240
-8861 -10595
-21338 -4589
-21288 -13794
-5365 -16444
-9293 -17599
-8770 -14600
-9331 -11522
-11348 -26150
-7438 -22966
5455 -19606
1160 -14298
2189 -18101
3175 -16381
1620 -15774
3363 -24038
-833 -16035
15202 -22047
11021 -6265
11257 -10044
10088 355
5495 -2744
1921 -14105
4207 -2051
11550 2299
10338 -3321
18939 6368
13424 8340
11041 6732
15116 6279
6581 7472
19520 13069
7446 671
-10468 20428
839 5831
13545 8202
7732 10445
247 172
-13691 13930
-13569 11333
-12234 13567
5126 10516
-1539 15388
-1922 8694
-6014 623
-14481 2174
-11944 2198
-11681 4811
-6207 -2249
70 100
138 3544
-15541 -368
-8617 8289
-2992 -4020
-6639 400
-10223 -7555
-267 -3803
-19837 -3059
-14602 8
-11529 1534
-15925 -4252
-9090 475
-8813 -7370
-6725 2756
-1449 6545
-4571 -5632
-182 5235
1451 4132
-3459 7364
-6146 4802
3335 6522
-16036 13537
1847 3635
-6866 -5039
-18928 -2449
-14482 -3807
-9446 899
-21374 -5709
-18308 -856
-7634 -11947
-3923 -6848
-19350 -10677
-3659 -7885
-5166 -12559
-14501 -16252
890 -19002
-5828 -9869
253 -2451
-4231 -7888
-15560 -6214
9677 -11264
3448 -13876
9859 -4558
-4121 -11170
7148 -8775
-1390 -10411
2448 -8946
-883 -15240
-4198 -1383
-3870 -10858
3455 -9678
10853 -5657
3533 -2883
-2210 -6147
-4914 -7543
-3426 -5991
-2428 2250
5121 3843
500 1125
-6377 -4854
-9528 -3859
-2271 -12902
-4343 -3000
-1821 5027
-7360 254
-5996 -5909
-5657 -4310
-6402 -3100
-17245 -9876
-7483 2436
-6205 -860
-20353 -11571
-21630 -7858
-6794 -12068
-3392 -3933
-7006 -20601
-10109 -5043
6803 -13457
1773 -18418
-14400 -20930
-4819 -14061
3206 -10258
-8114 -18269
-2660 -6701
16686 -9555
12072 -18643
22247 -12617
3682 -7744
9612 -1025
-1830 -6807
10814 2164
3429 -7184
9301 3435
-5673 5225
-4830 -4095
2492 -3516
4001 -5899
2123 4439
5323 -7228
15360 -2314
7726 -2102
11102 -8133
13431 -1792
11561 3374
9696 7567
4678 -1104
11975 6314
40 2903
7663 3535
11972 5327
11501 -6443
9597 15065
6705 1877
13410 2073
-3404 13713
3221 679
-2658 16631
-6266 2954
202 -4529
-8289 10619
-3542 1697
4349 -2187
-8678 -1071
-7182 -1197
-3096 -3932
-1660 -1186
-529 7664
3730 -2571
-6090 -162
8170 2466
-1299 4236
5327 -3610
-12736 2502
13387 -2396
15808 -5695
3696 -1991
3765 -1387
954 6134
3596 -12393
18094 -6212
9768 -5603
16053 3293
25826 -1763
19483 8983
14011 17247
13450 14859
7797 2610
12198 517
11532 14559
16891 19207
3502 11311
8796 16627
4786 17743
4935 15682
5219 19805
-1951 9518
-744 27996
-8427 5040
2653 15961
4882 19045
4272 17848
8523 12699
-2225 13296
-4741 18820
3559 22596
-5413 14025
-4110 26950
2810 19748
-3724 21753
-9200 20890
-13081 14935
-12790 15681
-12177 16570
-13711 8428
-10151 14309
-14449 3480
-25100 7440
-18497 14756
-14133 9024
-19789 7486
-11648 -2321
-11581 10249
-7570 4378
-21268 -4278
-12971 872
-18868 -5308
-3987 -338
-5750 -3717
-5505 2086
-754 2017
-1983 -2135
-3310 -2289
1314 8509
-5254 6590
-1011 -3043
-12 -42
-1530 8454
-9347 4037
-2554 1996
30 5040
-2439 8365
-4325 13078
-9996 17654
-4208 13675
-7250 7060
-11330 17099
-161 1981
-4809 15192
-2541 6834
-4074 11111
-9712 8567
-10821 13976
-13755 11317
-8519 -1314
-12481 3784
-15498 15420
-4195 8483
-14220 11000
-16834 9038
-20474 14403
-12778 1837
-18879 8054
-5576 4043
-18269 -2110
-7190 1770
-1425 881
-13819 3091
-21327 4390
-17915 8103
-13541 -87
-13752 1201
-15965 370
-10946 -2209
-14585 -656
-17985 3544
-3018 8846
-17469 7096
-13958 4855
-18813 1374
-19487 1201
-19437 4320
-18488 -3580
-13557 -11081
-11936 -2866
-13165 662
-6959 -9111
-11100 -3703
-10372 6032
-6863 -13210
-6996 3074
-7610 5527
-9921 668
-5200 -5986
-15060 -880
-15707 -4123
-7113 -10761
16315 54
-16142 -8682
2119 5221
-3073 -632
-13439 -6018
-4733 538
-51 383
-7882 -8096
541 3207
-9013 2565
-10714 3356
-6327 3494
-6986 189
341 2534
-4656 11780
-7978 1496
-4229 7537
1175 -5419
-11397 -3159
-16120 -5927
-6482 -4196
-10662 18285
-11207 -2321
-8096 4845
-9488 -878
-18273 -2298
-12003 6394
-4864 -2127
4921 -516
-18208 4745
-9984 4367
-1470 1486
-2580 5476
988 6273
4636 -544
-4018 1167
-2325 7608
-1138 2763
-9685 10088
-16022 4463
-16224 8005
-14442 1884
-8012 6669
-9469 -3000
-12077 4197
-8823 15813
-16037 7214
-16014 13704
-16949 -8232
-15524 5461
-24665 -3860
-26104 -10230
-20193 -5482
-14438 -7395
-6200 -11025
894 -13599
-4448 -13754
-21425 -14381
-14176 -8639
-15491 -4666
-5736 -26713
-9107 -7119
-6176 -10796
33 -13220
-8024 61
-2029 -3033
-5580 -3002
-1574 -6078
-6349 -2993
-6015 1010
-6389 3148
-6388 -1409
-10391 -4177
-7141 -21294
-10610 -9267
-20297 4426
-20259 -13672
-19318 -11749
-15256 -9625
-10165 -27078
-8031 -16783
-14512 -25511
-5088 -13620
5193 -18555
2968 -10353
-1819 -12945
11714 -10217
-4582 -12210
-888 -5767
-145 -5307
6898 -3477
5845 7975
-247 -5697
-2961 2436
-1570 7365
-16168 334
-5187 5969
-6566 828
-8330 -1802
-6255 -4473
-8639 -19947
-21311 -24245
-9592 -10800
-12107 -20200
-10319 -21515
-7053 -8581
1365 -16985
-9214 -15425
-1671 -7850
5862 -19800
8084 -10591
2695 -9981
5694 -14903
15464 -6991
4197 -13813
8153 727
7670 -11939
-3800 -10921
-7555 5426
-3299 -1366
26773 2452
-849 -1938
10658 -1839
7093 12422
4336 -6276
-6548 6436
-16264 1318
9665 8189
65 7444
-18410 2788
10762 4224
1488 27009
-4238 1946
3218 -5471
920 -18816
-7815 -4268
-5534 2720
-1383 13832
-10001 11369
-8211 -11632
5891 6603
-18577 -10471
-18867 14004
-10243 8373
12143 1015
-11176 3065
-1176 8550
2241 7632
-9161 9981
-15458 17162
-20556 -5960
7046 -4104
-5307 -332
-9434 -13875
-7954 -10777
-4673 3293
7194 -6238
-5317 9163
-15362 -17329
1392 13699
-31405 12055
-5819 569
-1874 -5824
-1013 -10346
-4317 -10053
-17516 5855
1868 -388
6753 -10511
-20722 -8582
-14422 1396
-10414 -12121
8766 3388
-2239 -12387
8376 -9097
-14471 -15012
3018 -5199
-18739 -1641
-4433 2353
10246 -26734
-1696 6250
-10421 2673
-6684 -14019
-6197 -12688
-2765 -10435
-13751 -2450
-18801 12257
-5825 -5001
-904 -4571
15149 -8822
-12780 47
2823 10693
-11462 -2256
-6819 -27873
-2911 -6598
3282 -14717
-17279 10473
11221 -5096
15706 -1360
-15492 -6094
6447 -9610
13857 -13125
8603 2244
10015 -169
3391 -9621
26995 -9248
-1141 -11862
8055 -11392
-8025 -65
8122 -17425
4883 2548
2181 4907
5499 -4209
6073 2002
-2382 -1402
4799 2855
1901 1026
-602 1669
12098 -3852
-3706 7692
190 -4103
13153 -11985
1798 11809
5676 -2460
541 8370
1986 -9015
10387 4435
-8876 -14647
8565 889
18509 26184
1837 -1134
6311 -6068
-671 9841
-15291 -11785
2513 -11164
-9208 -17140
-7730 -6677
3387 -14527
-26769 -13141
1173 -8931
10044 -27681
3329 -14235
-15531 -5717
197 -3630
-1282 3691
25896 -5559
18933 -18510
29282 -22413
-9151 -14984
15876 -4881
18082 5045
3225 11606
13174 12929
13714 2390
22463 9336
14520 19066
230 12266
-5678 13791
21926 23836
13631 7495
9912 19797
3215 5162
12502 26497
-7348 12196
11535 16328
-2858 15259
-3910 4004
11238 14705
8493 10662
3422 18893
3060 11262
-13334 -4371
-11352 12112
-8389 5444
-609 12235
-7442 -2690
5876 2927
-16627 -4065
8334 -1097
-14077 9361
-16063 11833
4485 786
4138 14987
-24935 -143
-1420 14501
2099 -662
-6666 17217
-12731 -11462
2170 1421
-16208 -6645
-8554 -6103
-4214 4963
-17430 20050
-4727 2131
-9535 -15055
-5645 -16024
8552 -6625
-25789 11781
-3590 2719
-15446 -7579
5118 -15987
-11185 -8594
5575 6316
-8618 10520
-12457 -1371
-10595 -3062
2381 2791
-1466 2654
-23364 -10420
-7920 2771
7060 720
-5181 2082
-3466 -2924
9171 -23023
3177 -30334
-11016 -13513
1811 -1035
13136 -13612
9330 -7502
10033 2467
12859 -12034
20014 -2208
9297 3697
-6928 4323
12336 3683
22287 11831
-452 -15507
1167 -12035
16129 -5025
28040 -1233
556 5003
-4249 -10201
1305 16178
-4003 -7391
-16295 2662
9075 -12428
15281 10769
15389 -7915
-47 -6168
19929 -5963
21859 -20289
-10856 -8862
47 3071
-6761 -652
20505 2252
2480 -14684
21563 -10304
-4050 -8312
10396 10050
4134 -3740
28123 -10401
13837 -819
8855 2369
-6452 7802
19782 -7604
12412 7852
-11379 -11488
-2759 -2695
2548 12093
-9099 -2490
2907 -3404
4609 -9245
18401 -1382
20183 -13316
18837 -12033
-952 4347
9324 -19017
6025 1255
4406 -18485
14772 -608
2850 7259
14388 -12494
13651 19882
38108 -5494
22352 12957
23607 25766
10059 -8584
10331 12100
-595 10414
12106 2827
23077 5336
13726 13250
3337 5389
2586 -3614
14886 25238
13057 5929
-5206 5253
4728 -11399
-9487 12501
10315 11047
-25742 18649
-26783 16001
-4324 7906
8611 4968
-4425 5046
6719 12048
-21976 -7590
6316 10959
-5518 7482
-22777 12525
-20411 -1549
-234 -9453
-8683 -12263
2783 -632
-11797 2955
-2092 576
-12946 -14111
8011 -1423
-2919 -7600
12720 1677
3174 1554
-13181 -4580
6297 6540
-15 -22382
14844 8413
-12197 -3341
-3802 1330
-5129 12002
-4821 640
11650 10378
7019 531
2764 -12077
7216 -510
13058 -21020
-2558 3545
-5149 2099
13315 -8409
10819 7633
761 -10075
-4624 -2253
-2936 16196
1788 -6644
7186 14345
14627 -3576
13200 -9717
10601 9240
17101 -857
6881 14250
9988 2099
5187 11258
14243 33335
-5661 13738
3793 15479
5731 8707
-3914 3873
4469 200
-12537 8099
-14107 19731
1749 11536
-18463 6609
-12109 -257
-14172 21883
-6220 22241
-10406 5144
5835 6118
-8699 -2779
-12611 3801
-7907 -5009
-23278 5603
-3438 -10902
-3168 -4310
-535 -294
-8691 2758
-16620 -9339
-15570 -18170
-15175 -2329
-15533 -9513
3755 -25687
-11994 -21964
132 -18330
-11133 102
1836 -13971
-6332 -29701
-3544 -25207
4512 -37440
23646 -16822
14065 -21959
17832 -11268
17331 -5747
4046 1273
23807 13915
20295 -3172
8023 12442
19816 139
19696 8498
29379 -346
15099 18096
28613 15799
12905 11680
496 17981
4160 15314
1217 4512
-8485 2529
11259 7540
899 -2739
5050 8198
2431 5625
1649 7466
642 -1708
4256 14330
7433 18495
-6488 -18290
-4777 18358
1426 10873
915 -12542
-404 9713
-8058 -6925
51 1682
-3984 -10943
-1980 10112
23884 8559
16920 8724
639 9131
-36288 14583
29036 13341
1369 -10335
8483 10220
14833 13268
6990 6612
9410 369
11786 25233
5043 24121
1989 5130
9102 1914
4726 9868
-3920 29484
-12588 24253
418 -6261
3685 13050
-3874 6427
-26552 30608
413 25712
12797 20413
-4283 34048
-9014 -3726
-10718 1950
-4341 11714
-3266 28334
1414 18275
2485 -2313
-9956 17626
-16898 -1354
2917 11066
9562 6465
-28135 18640
-8948 -419
-9559 14217
-21518 11756
-22799 10658
-19363 20861
-25672 12887
-18783 -6579
-14134 -4801
-23896 1398
-14115 4537
-16848 -3740
-11806 -5247
-4749 1791
-6828 -24022
-10787 -19316
-12113 -22381
404 5596
6450 -14031
7507 -11137
12874 690
-7368 9964
-2856 -11828
-18601 -5904
-12608 -10572
-18911 20047
8595 2594
-5378 -6829
4191 7701
8370 24926
-9737 -14586
2132 -15597
-6384 2382
1366 -14735
-2475 -11753
2720 -9898
-5531 5240
-5502 -8866
5702 -11842
4128 -36178
14974 -5413
-8420 1370
9352 19937
-1019 6029
16463 8925
-2341 15635
4134 -2986
9321 6998
-685 19383
-3558 4150
807 21603
4350 9570
-11474 2368
-3606 -7865
-13744 18681
-18789 8575
6067 171
10938 -6002
2248 -8128
-8257 -866
-25891 -13564
-14483 -908
3381 -9890
910 -8315
25229 2109
-4195 -290
-3099 12617
-15220 -9170
-12105 -3364
4261 12840
14951 30440
-8746 9994
-1186 10635
-10035 17473
1018 -14596
178 -9233
-7205 -20745
6558 -18046
2984 -1193
-711 -24176
4243 -20355
4000 -3759
934 -11072
6487 2101
9061 -17260
20869 1977
4135 1009
22427 -5730
-318 -7563
-3191 10656
8661 15574
-18362 19947
-20738 -6974
19922 24500
7376 10940
28157 -7861
6003 8468
4811 11577
24430 14128
-20487 15503
-4969 -19817
-3397 17043
-13236 16316
-6 25868
-10941 6724
14200 6335
-1942 -14482
-9507 -8914
-14615 18028
-10258 -594
18325 2782
22051 -25986
4306 -14912
-17182 7025
15881 -3719
-4970 -19065
2364 -8601
9004 -13731
29257 -10917
42701 4445
-3020 8359
-2285 -9584
11538 21172
1557 19997
7775 -12839
-21374 28004
-9638 -4977
23301 63689
-14015 5025
27554 -10177
9005 4838
-11753 19623
-38615 24366
-13623 22172
1665 15620
881 9336
-28411 22352
14406 21237
12470 -6491
10120 8040
-36489 -5841
-10376 27765
-28273 2629
8333 28854
-16688 -2435
-5144 795
-1054 8344
-34955 40682
13237 8820
-6533 -14990
10538 26589
10936 28889
-10009 5550
761 -2117
8094 -24678
-4172 -3867
-10065 9593
-26525 -12346
-694 -17055
-16398 -19557
14066 -12432
-1571 19529
-8171 334
-29325 13236
14092 -6614
-12045 -17331
-21844 -20549
11675 8971
-6821 665
-3286 4338
8055 -5306
-6255 -19603
2863 -3513
-19813 4918
11528 5163
-4987 8528
6601 6361
-4878 10677
5699 -6899
-14262 -11413
-1955 -2564
-11254 -6634
22984 -12423
14109 3034
16320 9584
6200 543
-15286 5366
8407 -11011
10002 8678
-22508 21019
14714 5481
14138 15526
-314 -2345
-7210 9954
-24948 17806
11148 28727
-24051 -4396
-26581 -24494
-9450 -6545
-33097 -4346
-1223 -10887
-1462 2556
-16329 15913
6840 11483
543 6301
-6396 14365
7878 8079
-11071 16944
-10681 25914
-5994 18442
5848 -3861
-1672 -13112
5530 -4747
-16822 3067
-11498 21756
-29082 21935
13977 25922
-27951 8648
-28893 -4218
-2550 -5963
-14571 10847
-17779 19765
-36524 -4149
-42604 -7846
-7386 -2016
-1496 -17110
-28347 -20000
-36518 -21783
-31698 -13915
-9445 2482
-31798 -28445
-11129 -14566
-12089 -18232
10739 -24353
2940 -11450
-14298 -24488
-15565 -22022
5411 -17717
-10114 -24044
13344 -4152
33793 -7661
-861 -11715
-4827 -11138
13532 -11650
-24105 2686
9644 3822
-7447 -18161
-1124 -12991
15114 -4546
-16377 23225
-6353 -15207
23219 5143
-2496 -2110
-11858 -2436
-13764 -23809
-14307 28682
4209 10945
12785 15872
-35 7987
-5153 3336
3335 -30189
-10961 6932
8751 8975
-4612 35111
-11675 16890
10000 -12232
-20647 -3360
-4381 -5444
-11749 22281
-13942 9633
-50929 -10205
-25379 -22166
-7436 19168
270 -2671
-21673 -6692
-30571 -13202
-16441 -727
-17933 -24038
-38271 -20374
-16478 -15465
-30827 -9594
-31592 15766
-34941 4833
-5454 -10759
747 -32211
-21142 -2442
-21455 13108
-17426 -26225
-9038 -15560
-15869 -25931
-6460 -21692
16133 -29400
-9841 -15062
-26549 -28743
-9654 4599
573 -4987
-3396 -8276
-12297 -17015
-3955 -32830
20335 -2518
11650 -27677
32258 -14312
14163 -13890
-21719 17802
-1218 -13473
-9117 10058
-5997 -9271
-7657 3694
-27686 7990
524 -8174
334 -8397
-4220 -16426
-8500 -14731
10864 13305
-11161 20340
12520 -5635
1063 -20021
4340 -9540
-21486 -20067
14596 -1738
-1733 -10564
19250 -18095
-22914 -4936
-15219 -11087
9522 7762
15947 2229
-9103 -22970
21678 -9555
-8708 -18740
1966 -5604
-16829 5261
-38300 18005
-18013 21980
12783 -29404
-9501 25420
-2399 6430
8250 1145
-647 2468
3495 -4678
9056 17433
-12839 -26466
-39439 1897
-12455 -1755
-21563 -22250
14268 19333
-543 -13364
-3011 5674
11142 7671
-7522 19380
4536 10876
4528 20456
8864 18551
-33666 -22796
3912 17197
2961 11331
-5653 28813
15870 20020
6307 -4074
15628 -13136
19743 4544
-4504 1774
-22265 8192
822 -14545
-20437 16303
6591 40485
-19019 11355
-25425 2708
-4877 -123
-251 6147
-31377 8299
-14791 -328
-25158 7808
-4851 -291
-23445 -12562
-10789 5220
-10399 -6189
-13305 -4470
-34653 -25796
-14684 -27690
14048 -15827
-11062 -22982
-4591 3609
-13694 -8958
17891 -24071
9452 -30617
10838 -42335
1398 -16592
-27131 -37540
7569 -20355
-16442 7438
10724 -15237
-11333 4893
2664 -8797
27149 -22631
-513 10312
7128 493
23028 21563
15270 9068
27088 -11914
4292 14110
-3502 -36
12418 24608
-8841 9011
-13300 -4691
3213 12715
-2460 10645
-25726 12961
-12654 -10339
-22337 -34972
13741 3729
-8378 -11724
-28740 -8243
-10083 11605
-18739 11304
-682 -3299
3207 -4949
-12220 -13192
11890 -10424
-2335 -1626
-2706 -21451
-17466 -40056
-17499 -21594
-19884 -11671
-9164 21319
3512 -9182
-9037 -2211
22803 -36686
17861 2066
-11606 -9965
-265 -12488
11810 -32025
2319 1164
5833 -6147
2385 -22194
9164 -6086
-23200 13443
18149 -1052
-1206 -8263
24474 -24034
-7516 -12107
29631 -2863
6754 6735
13636 18863
-15597 1371
12377 4263
2598 2781
5256 -18910
22784 -15030
-20461 -33936
-22499 -6911
471 -20195
7093 -11339
26089 1793
3523 3638
5827 -11527
-13756 -9006
8734 95
24301 -522
26661 1815
31874 14306
-284 -4756
-6475 -1180
14791 25200
8827 155
15983 9460
19221 -1829
25462 21882
-17186 10843
-18561 -12820
16475 35602
11022 -9458
4670 -11515
2377 25508
1125 15560
6051 7874
-7186 -7287
-1137 22703
-819 -3977
-24585 -23521
-19018 -7419
6234 -3969
37884 -24409
-24253 -17086
-9773 14818
-13062 -12399
-16961 -253
-9847 -11672
-12997 -249
-16646 -19719
-15019 -28680
18230 8192
-6333 3701
-5949 14517
23493 -31561
4307 -14952
-8611 20622
-15065 3573
-1866 4776
29592 -23088
232 -12757
-2712 2414
-5853 -33944
22103 -5022
3282 24046
-3969 -12987
2667 -29241
-8082 -1111
-2081 10307
4306 -5484
12794 15939
-3266 675
-32863 11737
15963 -8321
-14809 15893
-27406 1685
-9571 -1524
5461 -5444
-13788 -22680
-4792 -1032
-11486 16387
-5712 11173
9475 2473
-19732 -6357
-9780 647
-10781 7256
-24922 -17154
-23917 10468
-2462 27026
1684 9653
-26593 -17614
-36430 1474
-14559 11942
-21717 -4936
-3584 -42122
-1073 11072
13528 -3941
-9347 4744
8314 -32462
-15255 2745
10322 1565
-19823 -36583
-43878 -18248
4984 10516
-10246 11164
-3712 -11126
-6122 9890
-2293 -6202
-26723 4168
-17472 -15519
14918 5182
-13021 -1282
-7711 50652
-30963 2775
13837 -15982
-22777 -28677
-702 -4764
-21352 -41661
24816 -23457
-5458 1724
4443 -10762
8416 -16390
9393 -17314
21778 -34437
368 -30304
22654 -7884
6165 8426
34460 -32529
19415 -7205
-14070 14743
-23066 17788
-3888 15947
6350 1375
41946 5673
24814 15960
-10928 10211
-4043 7442
-26598 1715
-389 -8456
-10575 -37731
14981 2892
2067 -4480
-21019 -8347
-21998 -37396
-956 -23156
3572 -20711
28543 -31997
7959 -14974
5179 1887
29841 13966
3306 8908
-2209 2139
2183 18307
9528 23650
-557 -4403
9351 7998
15054 -2322
9511 18087
-8065 6295
