3455 -8072
8273 -10786
10013 -3754
13986 -4201
9919 -3412
9806 -8530
12118 -2885
11455 774
14491 -1557
10743 -344
6019 -1583
9209 313
8094 2465
11311 -1053
11316 3662
10725 3800
8473 9123
9038 6036
5921 9451
4371 9630
4937 8662
1921 6889
2686 6184
890 6722
1197 2253
3245 3541
959 1387
2713 4768
3045 4353
-492 2439
312 4729
7019 4794
2338 1174
1927 2973
7001 1561
8065 4698
7855 6809
7032 13381
9469 7958
6481 10598
3073 9701
2862 11230
2195 10019
529 12589
-1089 11448
-1845 13983
-2909 12602
-4912 9351
-4785 12341
-9680 8113
-13133 7625
-9292 4430
-13480 7135
-9115 1740
-10687 2562
-8487 873
-8368 -1787
-7155 -3714
-3413 -2755
-8183 2709
-2168 -272
-2542 889
-5314 -902
-3837 3150
-1374 2249
-3406 417
-3860 1199
-6733 -2000
-6741 2464
-11328 2158
-7772 -1555
-8334 1178
-12748 1258
-14724 -2437
-14441 -4874
-6371 -12872
-7393 -8222
-4427 -7312
-8667 -10377
-9688 -6837
-4617 -13496
-1807 -14765
-5009 -13615
1791 -12135
-3982 -11326
2075 -12023
-682 -11840
1917 -11801
6653 -11269
3673 -8008
4244 -7713
1854 -10395
4251 -6075
5791 -7328
3829 -6836
6299 -6200
8630 -6999
4288 -3149
3005 -5946
10062 -4679
9685 -1434
7555 -1081
8323 4962
5989 2027
1923 2038
1644 1177
2082 1865
259 2373
3133 2886
1785 4279
-2588 1045
-4392 1283
-691 1092
-2361 -4509
-612 -3322
4016 -7743
2220 -5849
3059 -5778
2833 -13382
6226 -9084
8911 -7673
11682 -6841
14154 -6283
9338 -1174
14059 -291
12608 2464
11184 4305
11496 3264
7516 7395
6559 12816
3640 10273
437 11440
-3301 15752
-3391 11353
-5778 8513
-6733 8990
-12484 4892
-12308 6978
-7736 -378
-12385 -2126
-10222 1359
-7148 -614
-6946 -6445
-7669 -4892
-6623 -6716
-6540 -8301
-4546 -9444
-3150 -10218
2041 -8921
-4789 -5089
-3702 -1086
-265 -10968
-1954 -6489
1490 -6345
3739 -9789
3191 -5970
5668 -2844
3143 -7747
4913 -5807
7230 -8646
305 -5636
2718 -7733
1110 -2616
3457 -6312
3305 -4215
4456 -7624
8018 -2092
3397 -7552
3753 -2076
4539 -2092
6457 -3961
4173 -2264
6361 -3731
7480 188
6619 2501
1538 15
1483 -889
3826 66
3889 -2441
3062 -1705
4864 2776
3798 205
4203 -357
-2161 -1250
4767 -1830
-900 140
2285 857
-772 749
-1270 2122
1745 -1642
1025 -1593
1916 -5541
997 -2592
931 595
-1470 -224
-4611 977
-7438 3
-1727 554
-2304 -6102
-774 -3986
-485 -4771
823 -4207
1276 -6789
3084 -5443
4768 -4449
1603 -6818
4382 -8055
3172 -6471
3179 -6520
2268 -10942
5352 -6656
4627 -3609
5522 -3497
8213 -3768
9386 -899
6805 -1320
1953 2916
2835 -40
292 2881
1942 341
4549 2376
3486 3151
2980 5111
-3165 4670
-4293 1580
-518 6003
-708 1406
-5617 -1506
-3308 2428
-6223 2332
-6254 843
-5938 -4661
-9562 -8140
-12200 -6487
-4161 -4282
-4478 -8277
-3598 -9443
-4774 -14910
-6674 -14625
-1666 -13027
491 -18846
607 -13598
4793 -12360
5376 -16135
4944 -18119
6548 -16247
9936 -15331
8023 -14220
14522 -14452
16187 -13008
14114 -9789
17767 -7703
17326 -11110
15803 -3574
15084 1085
14833 -2623
15339 1318
13593 -766
12673 4780
10840 6507
10915 7380
13328 3774
9100 6329
4201 8476
773 390
4283 3741
111 5083
-1312 3960
-694 -1261
2849 2137
1437 3846
-2620 -1880
2081 -2209
36 -2831
6305 -7245
1394 -6479
661 -1693
7960 -1146
3782 -3304
5160 -3369
8234 1781
4950 -3497
6949 -2726
311 397
3087 -4301
2683 -1625
1717 -4548
3359 21
4954 -4734
3008 -8321
7846 -3294
2274 -7122
5702 -3944
3870 -5030
10618 -1258
9614 -4615
10661 -2321
10738 -3369
10776 -3592
5179 -1196
10911 -4696
9892 -1227
9061 5335
10646 5363
11590 -1741
10800 -582
10321 2615
11891 3010
11053 3875
9416 7335
11930 8992
10894 5661
7843 5714
8885 5746
6209 4687
1936 4838
10207 4153
7149 7662
4135 3034
271 2016
6334 6855
5908 7423
1608 1645
6871 3242
4931 4272
2064 2856
3604 -1595
7384 -2086
6498 -130
6253 -67
3722 4328
7692 4540
7512 6205
10475 280
2111 8768
6681 4463
3898 12196
2465 6370
6150 7848
2456 3577
2469 4469
4458 6764
904 2399
3917 6986
86 3795
3863 212
2454 1170
7442 87
3965 1062
3861 3871
3402 242
1694 2560
1425 -3524
804 -1667
3413 -4315
3761 560
7254 -3312
3536 -4447
7827 482
5744 -676
11059 -1561
11965 5388
13224 4426
11822 10080
11404 6007
7109 4990
8713 5977
7868 4810
8866 10485
7651 11616
5563 10958
2516 10493
6543 9550
4027 10639
3544 10623
1688 11307
-2016 9762
2534 8961
652 6526
3200 6266
390 5814
3755 6060
7598 6895
4404 10724
9338 9403
3211 13624
2646 11933
-2559 11486
-433 13216
-83 11055
-1248 12571
-267 13680
-5328 14366
-5872 10782
-11787 10965
-7135 10415
-9029 12980
-11312 9798
-11735 8997
-10566 7607
-11818 5380
-2159 3728
-12138 1403
-10731 1775
-7359 3926
-7964 -2024
-6374 -1324
-3732 -5100
-2293 -3212
-7369 184
-3571 -3331
-7594 -434
1225 -2651
-5750 -3277
1350 -299
3695 2846
-545 5252
3236 3414
-1725 1457
-1784 5524
-2442 1406
-2709 2474
-2981 -692
-6635 713
-5680 896
-1898 1692
87 -3192
-4770 -294
167 1724
-4758 4247
-2306 146
-1056 154
-5934 2166
-6330 -2466
-3662 178
-1418 -4780
-2353 -3203
1545 -4674
-1366 -1320
-3896 1005
-5689 -1888
-402 363
-1367 -2753
-1580 -2756
1521 -4542
-668 -3333
3782 -3718
1110 -2439
2931 -5444
2251 1933
966 -1812
5025 1445
700 3173
1043 4148
1184 4580
1676 8542
-587 5709
-597 3482
-7189 4505
-6441 3345
-5839 2584
-6852 5090
-8732 4103
-9105 -60
-7830 -3013
-7942 -4574
-5186 -4063
-1078 -4853
1033 -4054
-2713 -8051
-5121 -6585
-5901 -8469
-3491 -4415
-2769 -9225
1366 -2937
2491 -4907
1414 -1853
-2756 -3084
-2122 -2079
2197 -1491
202 -6177
-1325 -5592
386 -101
-1971 3429
-2347 -811
-5996 -1532
-1205 -5708
-5643 -4778
-4348 -8247
-2249 -2700
-2860 -3772
-6879 -6071
-4023 -7649
-2155 -7699
-2234 -6343
-1628 -8111
1580 -8872
-4096 -7424
-3510 -9797
5769 -9514
-375 -6293
2267 -8835
-665 -10404
1593 -5372
574 -8549
3379 -7460
9989 -8119
4232 -8079
7005 -3364
-1399 -4671
6957 -8355
6246 -6705
12905 5213
12608 7672
1080 -5514
1218 14482
6376 6941
6555 3739
-4735 -1389
5888 14067
-5706 2563
1485 644
8586 -6990
-5096 6523
-11811 -2954
5810 5137
-3834 -1023
2725 78
-68 1219
-9105 1352
8106 3124
-131 -1216
4882 6597
-1242 802
-2641 5891
5377 1589
7285 9864
-5985 -3948
213 6913
12154 15803
231 3716
6793 6698
8426 15327
-818 3521
2111 23115
-3896 7887
-14699 12251
-13711 16069
-9445 2994
-7546 8749
-912 -1554
-941 10571
-11687 5150
-9142 7912
545 3380
3174 112
-20779 10066
-8772 -164
-8866 5101
-16931 1269
-14933 -175
-7230 816
1142 2031
-81 9236
3087 -6907
384 -9018
-10409 191
1819 1697
-15146 -2269
1574 8401
-2813 4112
-14883 -11842
-9983 5361
-14444 1411
-2483 27
-2401 -6021
-1236 1039
-7668 -2152
-15563 -1162
-9374 10725
-12292 10178
-817 15584
-1481 6791
-12132 2522
-8497 -841
-7336 4945
-11463 9270
-4815 7176
-2266 7964
-8980 4457
-7468 3030
-14298 4809
-15138 10295
-20010 3794
-9780 8836
-23642 1374
139 -12926
-27827 8870
-18933 -1085
-23989 -8872
-20320 -10562
-10910 -13553
-18399 -4335
-8220 -6404
-10880 -21401
-9949 -15286
-2036 -19663
-7113 -15597
-13143 -17949
-5668 -27764
839 -16713
-10321 -12045
-3141 -20194
1640 -22285
-6024 -18898
-1448 -18256
10844 -14935
11307 -7065
11847 -1528
8398 -15232
3451 957
-9082 -7316
3628 4337
7703 -4248
7054 -4515
15468 62
9277 -5123
-8433 -5148
743 2213
20610 -3152
7747 3759
3575 4471
6454 11145
329 17564
2464 16660
-443 12373
-4190 18375
5475 7276
-1989 16505
-2778 21688
-294 4886
1283 6811
-3631 3017
-5457 1421
1344 -3223
-13443 4071
-1520 1904
-2714 3137
-7038 -7612
-10566 -8164
-11938 -1461
-856 1287
-12079 5894
-4180 -8542
-3458 9859
-5828 -1363
-18771 -6914
-5648 -5689
-7268 1119
-8896 7096
3087 -11411
-2282 -1634
-2914 -10121
-1532 5827
-8045 -6201
-2545 -5314
542 2209
-12019 -7069
-9010 -11031
4337 -528
-13462 7737
-12885 6645
-4514 -288
-17970 10424
-13715 -4252
-8130 1121
-19504 -11435
-11995 1829
-15402 -10109
-17529 5232
-10989 -13747
-10407 5022
-11006 -15408
-1202 -15897
-15309 -10546
-10114 -12038
-17389 -10062
-873 -16440
-12624 -8117
6098 -16035
3888 -9602
3339 -6209
-9398 -14536
1500 -6785
-2887 -8562
7559 -1204
-539 -215
4493 590
-5522 -6362
-1077 -14005
-3011 -3842
-7563 -3694
-1433 -2489
-11759 5107
4340 -3750
-285 -910
-5213 563
-2872 4104
-2128 -12254
-90 -7125
-4506 -286
662 -2755
654 1224
-6800 2598
-5439 4231
-7363 -430
-8186 4998
-10707 -1068
-4142 4729
-15414 -2118
-6978 -10486
124 7148
-11628 -5665
-5844 -6519
-3362 -463
-6108 -6563
-1803 -6588
-6454 -9819
-660 -15351
2996 -4986
9729 -15554
3838 -23472
16542 -10694
-490 -14968
8664 -14540
17595 -14821
12310 -13772
-3149 -10294
5532 -4067
11715 1475
438 1346
7807 -3720
9436 -5878
9266 -3987
-787 3132
15071 -4367
-2862 -6074
3841 -8019
-4894 -11212
2817 -432
795 -4565
5789 -865
6445 -586
639 -3577
-2793 -9550
10982 2896
3401 223
6016 -1957
4975 3685
10649 3131
17005 6093
3149 8853
9683 6070
7384 3249
-5876 13839
-2635 8088
3784 4528
-449 21116
327 7493
4398 15308
-3282 5934
-2342 -5996
484 -915
-8469 -1229
-14625 -1141
6080 -7089
-697 4707
-807 -7486
-488 -5215
5837 -30
-11946 13678
-172 -1536
-1257 -10747
6084 3886
3875 -13433
12234 -1235
6261 8597
12647 1083
23234 -7725
19360 -1245
12862 526
12731 7930
15010 -6587
13429 8530
2061 5554
9385 -3715
6789 10389
5443 4235
22140 12758
8186 6843
10605 12856
4507 17760
2938 15578
10207 21248
5008 7283
2118 19362
3025 16431
2596 13456
-4488 15769
2500 20865
-2439 20623
11777 16528
-3885 19613
-7047 10230
379 4962
990 18343
-1398 14170
-7551 22121
-6046 13648
-330 15016
-6478 25780
-15130 13526
-16084 14032
-12057 7717
-11889 17229
-11155 -1403
-21065 8138
-17113 888
-17665 15096
-22370 316
-11321 9074
-1697 -2347
-18486 7917
3936 -4102
-9719 4570
-16458 -131
-7144 4816
3603 -7542
3543 -5791
-2564 11084
-3490 1893
-1989 7609
-2886 -1851
2964 -5098
1736 8032
-4986 9961
165 5960
-9530 16008
-7953 3485
2094 10916
8055 12584
-9184 10900
1445 13844
-4950 6520
-7499 13483
-5414 958
-1896 3232
-6839 16026
-10450 12171
-13655 15945
-13433 7341
-6265 8737
-5064 7373
-13342 10622
-14413 8423
-18594 10095
-13412 6166
-17912 9639
-17614 6608
-5663 10817
-9055 2052
-6242 6272
-7417 5552
-17743 2551
-15469 -13107
-4567 -2544
-12623 7383
-10846 5135
-20909 10468
-26212 16818
-9241 412
-5001 -11855
-17156 8301
-3886 8835
-15246 9403
-4072 10812
-16954 -4717
-18685 1813
-9637 1957
-14969 -1063
-18897 -7597
-28787 -5931
-18260 -4772
-20221 -2420
-13743 101
-11731 -3017
-21238 -3188
-9641 -4919
-12059 -4373
-3855 -10923
-15740 -8471
2605 -4165
-7120 282
-10154 -3715
-13187 -2986
-1306 -2565
14698 7092
-7279 -4828
-14258 -1782
542 674
-3190 1935
2196 2595
-13590 6214
-14532 4266
865 6008
-3515 5056
-6570 -8787
2748 -547
-4650 883
-4847 2332
-1245 -1851
-7401 3250
-5998 3633
1000 5127
-9915 4542
-1602 4948
-6172 -1161
-21884 -871
-9258 -1842
-5933 -5003
-15604 2507
-6542 3550
-5015 -378
-2738 -1612
-10579 -2379
-5107 -13387
-1087 -13907
-11254 223
4387 -3045
-456 5496
-2585 528
-8390 3478
-11031 -4726
-12192 -187
-12101 -2434
-6648 -2287
-3438 1125
-20227 -1465
-13850 8056
-14411 -8596
-1309 -38
-6313 -3341
-9603 3618
-8599 3520
-8293 1577
-26179 -1708
-23911 4626
-8553 7809
-21448 -1033
-14672 -2675
-26974 -8802
-25391 -8172
-869 -2643
-11732 -12826
-14844 -17656
-8064 -16029
-21524 -5130
-8154 -12251
-10978 3796
-10108 -13
2209 732
5753 560
-13688 1233
-6710 -8629
-8406 -8250
-10753 937
-16152 7443
-16812 -5417
-16261 -8714
-13692 -8607
-20511 -3505
-17179 -5059
-14310 -6996
-4559 -14560
-10804 -14868
-11295 -9842
-11142 -19441
-4777 -16819
-2130 -19835
-620 -19395
-2146 -13079
2238 -11851
1183 -9430
358 -4657
-2175 -10055
-6658 -13962
-3838 -3624
7664 1620
5271 2663
10780 6123
918 8706
-7416 -4357
-11082 -10090
-2527 494
-2909 -2331
-3903 4413
-3337 -9617
-7936 -9793
-13754 1326
-760 -6958
-3483 -10734
-15956 -30683
4165 -28528
-1529 -20854
8394 650
2303 -20228
3552 -20609
9118 -12561
-1731 -2949
2993 3964
9951 -13789
13991 -5020
2412 2456
11446 -12999
11474 -8228
-9541 -1037
16827 -1840
6346 -8195
10719 -4459
-4353 16649
7363 8365
2455 -17175
-6107 6005
-6063 18588
-6004 15650
11922 -10204
18871 -1092
-4248 12946
3992 -225
-12109 11815
10342 -1811
21168 2048
-10441 -7925
13050 1707
-18630 -18110
8013 581
5665 -2576
2200 -7235
5105 -14180
7201 17779
12963 16951
-9688 -17232
4582 6460
7684 14113
-2630 -3955
-16276 13722
-2974 -3852
10645 6124
16350 4360
4344 -4113
-3282 9584
-2240 -12905
-24295 34934
-27241 -5024
-2607 6610
-1124 974
-27904 15323
-20825 11670
10885 -6779
-19130 8283
-5734 -3406
-4890 961
-16716 -8379
-1951 -3709
-3068 -15396
-11892 -31375
-18041 -2547
-9316 7879
7862 -2182
-18107 -8186
8205 4488
-25079 -4648
-6901 -14156
15134 4487
5885 -2119
7667 413
-19275 -519
-12224 -8124
-13817 -9922
2808 -7445
148 1057
15618 -17106
12254 -25423
-6366 -32501
-12210 -7020
2940 -8065
302 714
8212 -17014
374 -16553
-18257 4019
-11117 -13241
-9143 -12751
-7574 -4348
8271 -8640
14535 -13055
16061 1161
5098 -18552
12390 -10191
-16759 13316
10601 -8477
12630 8505
15004 9228
11049 9653
1136 -836
-1011 -24008
-7035 -9460
-10811 10084
-7633 -7343
1545 7228
1604 -10663
4384 2236
16438 7126
10615 -715
12462 -3452
6194 9341
9816 9403
11999 -13152
7953 -4520
-462 9492
14621 -975
-1670 -6100
4707 17892
2878 -11962
26094 7183
-1771 -9235
10277 -3165
-4825 -5488
-14418 -3043
-1841 -5013
1706 16124
4416 -5195
-21102 795
7454 5942
-7792 -1842
5207 -8116
-688 -16009
3920 -7265
11314 -9703
6567 -35114
4176 -10956
9178 -12609
5339 -16913
-1297 5577
-2380 -4746
8652 15733
16845 14988
11042 12722
22064 10940
-6497 23927
4509 15639
17787 24671
9824 17874
4994 13312
6958 22042
9440 -9270
-2456 22556
-16659 -9006
-8365 12160
26439 27419
4225 16776
7663 11805
6606 11181
-19337 31062
-6035 3539
-3148 7683
-9702 11720
4517 14037
-10926 7355
-11753 12803
-1526 30768
-878 12893
-11668 12528
1402 -1480
-3490 9073
-16515 20802
1100 -1571
-7405 1608
-22800 3688
12404 14227
-1721 1663
-6043 300
1729 -323
-4212 5620
-3326 -11495
-14866 14748
-21690 14994
3451 2471
-8165 -5022
-2650 212
-8016 6854
-2322 -3634
-10130 5983
-19498 -993
-1398 6835
-1521 -627
705 -1786
-2412 5369
3002 2228
-11503 -2241
-6593 -11040
-6871 1752
-9420 10469
-3434 -13048
5029 -12666
-10567 -16508
7172 -11631
-9226 -6443
-3257 -19307
19429 -16031
9886 -25034
9621 -3929
-7758 -16903
12180 -16961
-867 -18645
-589 -10249
2602 -18974
15833 -4134
7027 -10987
9655 -17271
5538 10485
-5483 -1488
20609 4493
7214 13090
-9103 155
3942 2161
7868 -13471
1327 -17075
-4978 -11639
-6662 -7343
10319 -6321
19040 7117
419 -5950
-10030 -5304
-5418 17602
-23296 -6302
15313 -4797
8628 -3002
-10855 -4576
8020 13283
28762 -7857
10036 -9569
-732 1801
18391 -14129
-4400 -4433
-3 7214
897 6869
23396 -2656
1569 3396
11307 -9605
18343 8658
20471 11414
14369 6569
28091 4411
5042 -10979
-1707 4590
32534 -1325
15059 21042
-7085 932
14632 18890
13147 6353
376 -9829
12946 -5918
-7523 -18565
5265 -11589
6766 2121
2783 -2679
32201 6249
26176 -5646
1993 10735
25272 -13638
2490 -1574
9063 5501
10967 -342
6998 20387
-4741 -277
1715 16371
20805 12299
-11411 17395
14026 23356
6160 18176
11887 15135
7510 -509
26431 4330
737 1129
2448 15475
1480 1195
-15293 17224
-4973 4649
-8403 2978
-12154 7681
-11161 7829
-27656 29
-2147 10180
-11112 -6524
-13554 17123
-17203 -2483
4672 976
5223 3028
-4441 -2116
9350 -568
-13632 -160
5894 -2525
4050 -2920
13376 -398
4914 -1331
10830 -16305
4166 7305
7001 -18546
2943 -18416
481 -1423
11138 -1964
-8003 -6712
10228 -10323
5927 -4706
8162 5365
11561 9159
7887 843
-2943 -18301
-75 5830
11077 -2587
13720 -13
591 475
15073 -4157
23292 4631
15520 -866
2768 20556
12620 -2721
1842 18134
10434 3846
8596 16440
-3727 -7011
17288 12204
345 777
8461 30873
10245 2508
-21512 8067
7026 9017
-158 3790
-11504 -6477
-13128 9901
-13724 15458
-7874 -2245
1605 13365
3105 10911
-376 11984
-12352 18217
-13676 3523
-11201 5105
10568 -11369
-4540 -8428
-1496 1610
-10558 -3205
-28248 -10984
-5727 7703
-21342 -4155
-11638 -6817
-5333 -2899
-22808 7170
-8184 -3770
-11765 -11540
1539 -15032
-6479 -15540
-1153 -19929
-11989 -9984
-8668 361
-6426 -18032
13195 -11093
20953 -18596
8987 -2100
11368 -17916
15008 -3251
14204 -17488
11839 -9310
12375 -2752
13075 7599
29460 -9122
7574 21380
2443 8198
14522 2719
19306 5970
26559 4583
25117 4487
7139 12784
-6385 27953
6167 -3202
441 -2315
3539 4801
-9135 8903
-7269 26417
14375 950
10193 7050
2429 17773
-8567 24361
12194 18388
13696 7469
9654 10803
-9108 -985
3830 4680
13117 -2291
5058 -4622
4998 3613
-365 19004
21312 9414
-13978 9300
2517 -1095
2599 1537
13908 3903
5989 14719
-13653 -9777
-793 19391
20569 732
-1372 2878
9028 9303
-9094 7518
16471 -13024
-1791 -14085
-3999 -2458
1229 5746
6193 20687
-8357 10600
4602 13169
-7375 22067
-10740 38838
11946 14678
-1054 15892
-19966 2762
-7725 9927
1505 2974
-2216 8939
2752 11077
-6581 218
-25657 15485
12146 12542
-14301 6955
-14089 11720
-27340 9691
-3596 19259
-5169 28606
-12738 29931
-1038 7374
-24160 30835
-7499 18716
-19703 24964
329 8013
-9180 28311
-14226 14979
-26609 23095
-28566 20959
-33972 2189
-1447 11398
-11793 -7846
-10673 18703
-30829 14433
-11882 367
-10672 -13731
-33400 -18865
-15282 -915
4112 -5521
-327 -20132
-11965 -25719
-12052 271
-9720 -17658
14894 13309
9153 -10907
-14271 -14183
-15682 7878
13945 5749
-10684 7259
3158 -5669
-17103 -5745
4314 -20106
-4352 -10792
-16804 -14487
-14477 -22493
1278 -12257
3487 -1830
-1300 -9390
5665 -19552
9883 -5149
8811 2837
-1844 -1193
-11942 3763
7126 -10347
14546 9273
14129 1033
-7878 17000
-14916 -3190
9151 -8765
750 -2018
6170 9538
-5335 6610
12234 19343
838 5682
-2045 -6893
-5155 5335
7359 1543
3655 6788
2846 6783
671 1659
-17231 -21538
-11971 7147
-17200 -4465
-5300 -9635
-9444 7713
-1784 15026
-4446 1133
-19605 -173
-18073 -9536
-9853 2016
-12710 2794
-4134 -13263
-5233 -14727
-7648 -4174
2050 17599
-5625 11169
186 7465
-12167 -26011
-518 -10570
6483 3696
-520 -16219
8742 -20740
18788 -21446
-1308 1006
16316 -5738
21018 -9161
9973 7132
-7087 1371
22286 1293
-2156 23820
15081 2648
-8189 12959
11817 -26292
5484 6339
1866 44090
31060 -4031
8826 -8219
-5122 1388
-23003 37380
-17726 19577
-17452 -13279
-20046 23868
8761 -896
-27378 7844
-39438 -5241
-3678 22198
-13185 8149
22561 23837
-26924 12216
-20613 165
-15735 17524
-11047 13698
-6065 -21982
-16641 -31525
1348 9146
710 -10381
-9134 -11589
-1020 8638
39244 -2611
10357 -9537
-10587 2138
-16049 -5927
3860 9073
4923 6206
-6300 44604
27724 -34463
30933 18142
-547 -5162
-1605 3241
18611 -16422
-3135 -13314
-7881 5452
6835 1718
-6911 16611
2997 -3443
19300 28953
-18838 1543
-23844 21216
-2426 35273
555 7734
-2723 -8454
-15570 -7595
8801 17310
-2827 -8892
29546 -6153
876 5380
-30120 17696
-18946 2444
-10832 1168
11253 -6660
3201 23679
2553 19233
-20016 18786
-1463 2781
-36329 172
-37648 23693
-16463 23457
1273 -10931
-4122 7441
-25198 -13463
-35848 8633
-14358 -1711
24523 -27051
1735 -7348
13894 1685
2506 -11551
-16278 -466
-19345 -9949
-5003 -28871
-12552 -3682
-2113 664
16091 -18532
24515 -9306
-8522 -11798
-1578 -15092
-4976 -15993
-4662 -4296
8670 23499
-9471 -12182
15120 -4059
25322 9805
-8944 -15574
-161 10844
11879 -5679
-15068 8434
-22359 -1358
3415 768
7854 2567
-20797 -8614
4056 19801
5656 17814
-7696 -2746
-21960 -1976
10078 1600
-2960 -4251
-12494 18029
-10982 7496
4690 6610
-32716 14093
8626 23128
12042 15449
-5 14613
14679 -17432
-1934 6164
15268 4744
-16682 -13394
5665 7399
-11224 4769
-2295 3914
-7619 -16522
-25361 -8124
18969 30801
-10147 8439
-7241 -14866
-1472 -5101
15566 -7228
12493 15324
1154 -9536
-27000 -3797
-25471 7871
-32659 11046
-5447 -18316
-30583 2835
-48147 -21746
-23695 8633
-9165 -1221
-29656 -25852
-6814 26761
-3858 -21000
9450 13618
5859 -11234
-47381 -29189
-27287 -9685
-27120 -19881
-13563 -31862
10224 -44265
-8396 -835
-3681 5456
16587 -23685
-14316 -20882
20417 -10906
17829 -36388
5756 -34805
11577 7391
10913 -10188
-9606 -13770
13723 -24513
9714 -29615
13534 4417
13126 14334
29552 -5039
-26657 7341
-12425 504
2097 18293
-3679 -8579
-19201 -1894
-10800 9761
14049 -22771
7702 -7997
-3674 -13365
9400 6484
1098 -3023
-12903 -2982
-5321 4041
-13060 -8641
2989 5610
-18979 -14473
-3 4880
-23469 -11097
1025 6417
-45072 -26149
2223 -3587
-31369 10282
-11263 -2807
-13943 -17551
-13086 13381
-15300 -2214
-9369 -7632
-9481 -26306
-21306 -21086
-12366 -5135
-35700 -17464
-38149 12299
-35207 -14584
3392 2710
-31037 -4982
-2793 10062
-6990 -18878
14887 18694
-22452 -27455
-4294 1386
4013 2073
2935 -32180
4614 -31289
-8658 -32470
-7764 -31298
3817 -46169
6557 -30986
125 -3780
10251 -4390
8881 4790
19320 -3009
-16576 -6757
-38789 -29204
6491 -17093
-67 8918
-2195 -38765
29201 -8303
-22134 -694
-19107 5091
914 7107
-16248 -33533
-20124 9180
6761 -2268
3159 -14988
-3711 -10753
12280 -904
5210 -6336
14204 -18759
-19257 -19320
-4237 -17668
6827 1591
-11159 -15828
-6411 -12970
-1840 -32969
-32144 -14023
16310 6480
3812 -19480
-33232 -6975
11932 -36060
19935 -7786
-7655 -42686
-7114 -6983
14246 7507
-13478 4803
17396 10975
18593 10313
3917 -5888
20515 9531
-9825 -25064
-13940 15570
13099 -8354
-7434 5287
16337 16721
-7180 -10507
466 542
-8025 -4436
16007 16475
28713 -2036
3948 -15839
31976 1010
-6306 -17520
-7559 8234
-11706 15311
-18011 18241
-21553 -16129
-2077 27628
-3275 19308
-12466 12009
12672 9199
-16797 7529
6031 -5778
-4368 14746
-35353 19705
30159 17263
-21894 4029
-15135 20343
3473 -731
1628 6582
-7858 676
-35454 8144
-27783 3436
-31797 14179
-12387 -4169
-33900 7646
-25225 549
-39029 -11082
-11259 -12397
-32469 4460
-20677 -12381
-15809 19366
-20115 14451
-13307 -5422
-11041 -22925
3955 -11629
-10839 -13870
-18422 -14746
355 -31434
5261 -25806
-10189 -259
9702 14429
2765 -22171
-5019 -22749
-11276 -2324
4677 -9
-11501 -723
-20722 9695
916 10952
8320 -26584
-9541 12816
-3110 -12048
-5546 13408
-12242 -9036
14059 11128
-6042 10928
-3188 -3102
-35934 -25331
-21357 11949
28556 19822
-26511 -723
3161 10112
15464 24055
-4949 10585
-10503 -19019
-3864 6839
-10821 -6555
-18204 -13550
-19584 -5907
-6929 -9288
937 -9492
3534 -21748
-56981 18089
4599 -6946
-555 1533
-12404 -4
17446 2519
-1036 -27158
9879 -13263
8985 -10220
-6941 -24802
23746 -14035
-18671 -6276
12134 -11319
-2521 9875
3526 -16301
-7158 241
718 -18066
8635 -29992
11965 -8686
-13122 -9834
-26296 568
463 -32430
6297 -10842
11671 -33807
-4358 -11530
-9139 2958
-1030 -24864
4177 -33662
-10869 4335
25373 -29143
15843 -8925
20873 -15663
-5661 -14883
7169 -9758
7917 -22601
23734 -16629
41391 -15442
29693 17148
6383 15381
19782 356
11785 -10956
23950 -22632
-6535 13062
-8894 617
866 -20658
26902 -8196
14882 -5352
-18525 4051
-11033 4844
26483 20359
-6512 8893
-1824 16040
-12127 27118
-8920 -2706
-7180 -10819
-32895 3439
7181 -10330
-4241 4236
7901 9493
-13824 -2478
-11988 -18910
-18393 148
21784 -35320
-18077 5636
-9921 -2434
-13975 -6316
4246 -7606
-22343 24943
17242 34434
4818 1839
11751 8122
13962 -7879
15546 5187
-3174 5483
8875 -16450
12594 -39986
-25638 -3134
8211 -1752
1984 7966
19399 -3089
-31549 9389
-564 10392
15868 12130
-679 30835
39083 3963
-17234 -5946
11753 3106
-2253 3678
24078 -193
4430 -3252
-2290 -5905
2193 -5000
-1390 5579
8548 -23764
-10400 -16984
16922 -13899
-32089 25747
-16923 -16689
206 -5236
13664 -8260
8275 -20342
7323 21014
-17448 -10130
-6056 -2531
-15735 -18206
8560 -19364
-16195 -6445
-17923 22666
15099 16099
-14853 -19067
-16412 -9066
-1164 16837
-4294 12033
20159 -22674
3030 7201
-13346 -39128
-3062 12963
-6542 -6530
19857 -21347
-35597 1532
3032 -16860
-8357 -1912
15779 7390
-2903 1094
9914 -24258
7683 -12307
10793 12066
-4027 -11727
65 8456
-10304 2410
-9605 13757
-9328 -17068
-12210 -11441
10970 1282
29349 -9066
6914 14001
-24069 -19095
-24335 -4428
-2617 -24671
29292 8689
-8710 7959
12439 894
-10429 -28256
7058 -12347
-34421 -30800
-5032 -19916
3679 3198
12475 -16258
-9216 -6002
-1425 -2721
3001 -714
15489 4078
9203 26712
21897 -20179
-4069 -9267
-11259 -3026
14046 -7012
13668 -21339
-3924 -14716
7279 -5294
12339 -1075
-43 -11158
5084 -7256
15676 610
-9415 10893
-4949 -5146
15659 -31199
3356 -16457
7983 -27047
9699 -1821
557 10978
-11377 -15623
6946 19784
20771 12393
-2447 2617
19802 -8531
-10300 8012
-7603 -1098
-12794 5457
