1518 -349
1997 -571
-2901 259
-2936 303
1475 -2349
1869 -2420
1502 1141
2475 1246
1702 -237
1763 -496
1235 -980
1798 -1004
1187 -3449
1237 -3348
-364 -1403
-526 -1795
518 1413
75 1545
-895 -359
-1099 109
1410 -909
1677 -554
-1217 1087
-955 349
2090 713
1199 1148
-1127 -2012
-595 -1913
310 -156
506 -283
-217 -263
-451 -464
2762 538
1882 794
1694 -1921
2080 -705
-1212 110
-876 -547
-1424 -779
-1533 -1154
665 -24
345 120
145 -331
-915 -55
-905 -2
-1616 -2
-448 245
-1327 214
838 312
997 760
252 -430
571 -228
178 242
-123 37
-406 -284
-221 65
516 167
-41 159
35 261
-90 350
-179 -326
-329 -105
-82 432
159 315
124 223
188 -270
-205 -172
-59 -374
438 -180
437 27
48 -35
148 32
-635 -431
-195 -287
620 396
264 330
-23 -16
6 306
-82 -352
100 -95
-30 411
455 -103
133 -184
560 -128
326 -12
-183 -152
-67 -279
466 -8
-141 -428
-137 -74
86 -229
-102 -160
-144 -138
19 72
346 -544
-130 -158
345 -38
-176 -143
351 -40
104 35
-372 184
-51 -38
-94 3
75 -9
68 -246
-295 225
-479 226
-399 325
-303 -21
148 6
-117 232
55 55
-203 473
-226 376
-67 36
-355 -120
-50 4
151 -444
-43 158
34 204
178 269
-334 102
-242 -265
20 -224
192 279
435 -67
-190 -182
319 -6
1489 -479
1860 -431
-2489 186
-2961 20
1393 -2004
1667 -1578
2394 1509
1984 1339
1996 431
1402 511
996 -633
914 -332
1744 -2692
2002 -2803
260 -1711
419 -1738
-86 1728
-197 1505
-1118 18
-555 -533
1175 -571
1956 -659
-1464 -47
-1060 -165
1825 1048
1796 1077
-115 -1593
-148 -1427
201 395
505 86
-33 -697
172 -448
2178 1670
1013 1847
1860 -382
1794 -105
-752 -141
-1177 -259
-1301 -1591
-583 -1266
-12 610
-89 512
-639 -208
-845 -62
-884 -702
-568 -688
-1143 -114
-1012 -280
487 104
372 668
311 178
1130 108
-19 -49
277 -43
-323 -719
-60 -117
352 -187
-139 -18
-54 541
-418 287
-231 347
260 -179
31 -114
209 -369
-307 273
-147 34
-223 153
365 -21
260 -363
6 -349
-68 3
222 75
-183 -236
45 157
100 -209
-147 -10
484 -263
-897 -607
-10 -388
131 -246
200 11
-194 489
-278 -450
63 123
24 -56
-9 271
259 537
288 330
224 -366
149 -231
-634 407
278 114
126 96
242 91
491 -129
-85 -180
415 -162
-23 316
-380 -87
230 -302
-498 176
-25 -385
-571 -416
-217 -221
416 -159
345 -391
70 116
219 341
-503 -819
-57 -66
-105 -247
-108 -249
240 69
-362 58
728 -7
-253 385
220 -42
-248 27
117 183
-394 117
263 53
157 -224
-498 194
5 219
-233 118
-381 488
-174 43
170 170
1140 -331
1578 -398
-2851 191
-2558 379
2169 -2491
1678 -1761
2320 1422
1988 1181
1929 225
1520 395
1840 -528
1535 -1191
1669 -2635
2175 -2187
662 -1665
356 -1436
-231 1019
-377 1509
-1050 22
-1134 267
1788 -143
1799 78
-1594 384
-1397 -875
1563 1383
1261 2204
-47 -1377
327 -1784
228 243
681 444
300 -474
-82 303
800 1912
275 1797
1523 -124
1679 183
-1069 -558
-1355 -457
-909 -1403
-311 -1456
-452 276
-389 179
-290 -457
65 -709
-576 -761
-85 -1216
-609 -923
-158 -1045
379 905
-351 601
400 18
442 406
322 389
39 548
21 -456
-292 -218
443 666
-413 328
-72 79
-112 73
-360 -102
80 -365
-20 -93
422 -75
-113 283
550 -165
-273 144
-161 268
-529 124
96 -160
257 -265
90 303
450 -41
127 20
275 171
42 280
-241 334
-343 167
-154 -66
298 -269
-191 -12
-31 -15
-81 -312
170 -257
239 202
-233 -85
57 47
208 455
186 -232
271 -178
-146 -270
-357 195
480 -79
238 -37
372 431
-49 92
-91 388
-277 196
512 81
153 246
17 -2
53 102
244 -23
331 -174
-86 -245
155 -99
-401 200
16 248
404 -536
269 124
385 -485
69 -342
-232 -245
-199 67
124 287
294 -51
307 410
-356 50
-146 35
-350 -311
7 266
-142 181
474 233
128 -82
47 104
-397 89
85 -363
562 81
1461 -441
1373 -184
-2894 268
-2454 185
2219 -1824
1961 -1884
2618 1673
2345 1714
1547 632
1636 623
1516 -502
1078 -353
2024 -2246
2260 -1822
673 -1089
842 -1547
-916 1453
-684 1453
-1317 -934
-473 -1118
1184 -153
2020 283
-1472 -1009
-905 -998
1259 1748
597 2496
536 -1127
1242 -1352
108 -461
449 77
92 -78
47 -307
-68 1727
136 2578
2085 485
1808 911
-615 -1328
-160 -1229
583 -1779
761 -1480
-739 -24
-370 -240
-70 -501
-204 -125
-392 -1481
400 -892
-158 -1008
491 -829
-748 867
-261 643
-403 609
268 375
406 655
-395 235
113 -582
286 -604
-290 282
-3 -529
-108 145
-678 -54
14 -206
-181 -48
-140 15
148 207
302 271
25 -429
264 -249
52 159
-25 196
-26 -212
31 76
69 -205
28 184
498 11
-380 73
355 482
-137 -337
-14 372
56 -308
-365 223
-125 44
-330 195
58 -33
287 -39
-207 -112
204 309
-299 117
-234 120
-229 199
294 -214
360 -152
214 -123
-179 262
-3 460
10 54
217 15
13 25
-206 -339
446 160
227 141
275 -149
169 189
403 -482
-66 44
-151 195
593 556
-150 -309
151 -194
77 461
-391 452
-103 26
-254 227
-33 -338
-315 -108
-267 -53
257 -89
-94 -20
-391 -548
255 74
120 281
-220 -150
286 272
198 181
153 -91
-658 -309
-641 199
-39 -571
-331 -181
-3530 -624
-3588 -564
-1489 -3100
-2131 -3803
6136 774
3608 -505
569 -598
-1624 325
3175 -743
2667 -14
2100 -292
2275 -7
-603 -780
202 481
-1578 2517
-1292 1893
-168 984
-610 612
2295 -1323
4048 -1399
-2173 403
-1752 -515
680 -2308
1578 -2114
-1661 595
-812 733
589 1305
-660 846
229 -398
3126 1202
-762 -528
-621 -223
-499 16
-533 -212
2565 -572
1111 -1826
1731 1421
377 1607
1069 575
71 1291
1619 1076
-90 2022
63 117
897 1350
-465 1278
635 1277
-292 -9
618 346
-1437 -59
-1014 -674
-91 163
-221 -586
-379 -931
1324 -702
1477 -528
-198 -857
-1079 -629
360 425
-1126 -595
407 709
340 -215
672 -44
-240 -399
-15 -1499
-450 -324
-123 685
161 -145
612 485
-350 732
-1027 45
5 -843
200 -23
-354 852
-825 -676
839 -644
-168 378
260 164
-273 1002
-113 147
-103 493
1276 -686
-631 -697
-448 -856
-584 -1171
197 -539
570 371
104 -104
-459 -100
46 901
564 -757
115 460
-352 599
-349 -169
-99 -158
121 308
-455 -2291
813 38
-160 369
-1213 -133
-448 -58
-459 1412
51 439
-817 1312
372 -283
-320 494
901 -587
733 416
7 850
312 -493
-393 118
-1578 -181
-797 -131
2247 -1290
597 -1016
89 847
239 -1516
-259 -1507
499 1086
-209 -865
-456 -503
-644 -982
-811 -295
304 117
-1284 838
1310 -463
-898 -610
-31 -344
-255 -120
-3091 -194
-5066 -630
-3100 -1553
-1823 -2993
6380 985
6346 139
-1187 94
-172 -358
2705 -954
3693 -1197
2363 -962
2308 -1643
1287 7
1566 -204
-2191 1918
-789 -257
-734 75
-891 1358
3926 -210
3044 585
-1943 1062
-3941 25
2186 -3183
1569 -2381
-1087 -258
-2629 430
-730 1019
668 1643
3195 192
1229 947
-96 -447
-811 1394
-86 -21
1194 1332
2177 660
1578 511
230 1348
225 1483
1548 1359
253 2088
1124 1677
1069 2729
-257 155
1934 654
-891 442
-1013 647
-117 -398
-462 151
-315 400
-149 -400
-635 43
-816 378
827 -785
-503 -28
-164 798
14 321
-70 636
185 580
-404 349
-360 1829
0 -540
55 1077
623 169
-77 1005
598 -997
34 175
-2115 -1057
-620 1622
-1452 401
1019 -247
231 -1187
272 1282
1359 -36
808 873
-138 548
-925 1077
150 814
142 -90
885 -5
984 -583
155 232
-804 271
373 -1059
-6 -118
-230 -472
-1135 -297
-393 -1203
174 -1023
-48 -155
1038 332
-916 -210
-1473 -96
595 941
-319 -1848
-720 74
541 582
-76 377
374 -422
1315 -716
740 -677
-623 -193
-155 670
1589 131
832 225
424 372
234 537
1051 664
-368 268
447 647
282 691
537 324
-615 -86
2 -291
495 -1681
-244 138
1157 -547
-552 10
-59 -503
248 918
-120 -2
-411 1068
-612 -385
400 -452
670 279
753 -502
1155 214
-31 876
-557 1204
-5238 -1323
-4720 -92
-1352 -2893
-3398 -1543
3935 2049
5400 1807
-1338 -786
-1783 127
4128 1206
5038 29
2127 -929
1288 875
882 -1881
1228 -439
-1964 38
-1424 1334
-1571 1299
-1163 1330
3825 780
4671 805
-2249 408
-2690 -730
1301 -1938
1772 -1057
-1261 -463
-2592 -905
884 897
-527 2041
620 1094
240 2081
572 -44
163 -625
859 -402
797 -336
2823 2431
1936 1784
-1130 2232
-838 702
-329 1590
-677 469
402 1436
-1832 702
585 458
1537 436
-352 21
-610 496
-888 -244
-1448 37
-1313 -197
743 242
-869 320
-464 -682
-1168 -524
556 553
144 1049
1936 -586
-354 -378
1287 -325
-816 -435
-740 -179
1290 -620
829 385
774 -244
-1048 -681
124 -392
-499 -276
954 -593
727 163
443 674
214 209
-430 1141
-378 -422
-336 307
-819 279
13 664
-402 666
-133 -1485
155 -158
1258 -533
157 1126
342 1
511 1256
1596 46
-476 -249
879 465
1391 1083
-262 571
-1544 122
-267 -82
307 3
-516 -424
1117 246
797 -46
-32 -705
-1025 142
-572 541
78 -205
-509 237
-254 -164
705 104
1036 -112
-1352 136
-436 -698
-16 388
77 637
-763 140
-393 -1387
-731 652
1041 1633
385 -870
-596 58
190 158
34 -776
541 205
-1051 -179
-397 446
-581 -113
528 -72
-558 -353
832 105
1229 -1582
1002 443
841 -441
579 1321
487 289
-219 -793
581 427
-541 959
-4700 993
-3346 -301
-1735 -2135
-3541 -2222
4401 913
5737 853
-1598 1282
-1505 168
4771 387
3785 16
2388 358
2845 318
1656 -814
233 -2314
-2138 1128
-1889 592
-1391 347
-103 111
4282 2319
1756 2188
-169 -1842
-597 -2023
1513 -204
2877 -516
-2916 -648
-2079 -1034
612 510
507 503
1152 2574
-702 1331
212 236
-751 -717
264 582
-649 -53
-270 1925
967 1592
-475 1463
-1353 2045
-279 557
-1468 557
-1647 1742
-3208 1743
-145 517
-490 1044
-2061 384
-745 -1988
-950 -118
-945 -259
880 -873
-1046 443
-164 -265
-865 -271
339 -450
287 -180
1423 -125
-712 77
-112 -589
383 -109
-735 -416
723 125
-912 486
-60 -615
-1896 -576
-579 -21
-45 -237
1106 806
-709 527
-29 -1170
-494 811
898 -768
255 176
-210 564
-392 -911
-1466 -251
18 773
-66 -1430
419 1150
-969 248
-668 993
785 888
926 616
457 -38
252 256
-1205 1865
-50 421
-130 -708
823 486
168 -109
-538 -1441
745 -221
85 127
-1122 161
849 485
2068 591
-709 953
-638 -204
-756 -417
-403 -197
-580 75
234 848
92 267
1 171
-169 670
-757 10
1469 461
-935 -879
1240 537
521 -1935
212 745
237 -1090
-536 -712
-31 -1217
1442 -174
250 -286
-145 -182
-54 371
-1220 -310
-43 267
-737 459
-1672 -560
-1065 -358
-997 -1776
-1181 1016
765 213
1055 731
1185 766
-239 800
-958 -217
-316 1081
-2153 1853
-4471 1598
-3177 2581
-1215 -3195
2021 -657
-1960 168
241 -1773
5202 3507
5801 4488
1945 -318
-1019 509
-479 1624
-2053 -1139
1822 -2212
1923 -2825
901 -2504
1341 -2019
-595 -2338
-3430 -1851
5102 -664
2752 -391
902 177
-1160 1840
104 -627
288 -585
-485 -641
926 191
2348 1557
-1016 -160
1566 1685
0 2492
375 -650
2616 -548
-3035 935
-1420 2107
521 -1328
1846 432
-1840 147
2069 -391
-1293 986
2576 -1421
-699 380
-1043 -2359
-776 -96
737 -1220
320 489
-726 -1422
1707 -563
1058 179
1837 2385
1334 3197
827 1596
-3183 303
-1422 271
-88 443
-708 393
423 -770
662 852
-374 -1032
47 1441
-115 693
307 -755
-613 868
222 -1519
390 797
1046 1332
-33 900
-310 -750
262 677
257 1206
-513 748
2468 -365
1763 2464
-2093 1015
1239 -2066
267 605
529 -1624
119 544
-157 -2529
-1963 -1380
-640 2490
-726 820
-934 1473
34 -322
3 -629
1733 -256
-4 -521
-250 -1064
-2163 1422
-240 442
-303 -699
604 1489
-349 -1290
-1503 1330
2104 3242
-184 663
957 765
110 -72
104 153
1028 -3613
-1404 239
1448 -308
358 1273
1162 -894
-1498 0
1550 -1356
1078 -1364
-274 609
-400 -1615
1044 -1323
527 -231
-2972 234
762 1557
-95 -1183
1141 2433
-324 1979
-716 -788
474 1467
677 -336
84 1469
963 -619
893 622
1647 -1294
-3180 -820
131 1437
620 960
-546 1174
-2160 953
345 1688
-2420 -2460
-3427 2293
-190 -4359
-605 -3186
-96 -353
-997 928
4931 3691
4828 4287
560 927
1468 1015
-3783 -1971
-4853 -1787
834 -2709
445 -43
541 348
1945 -835
-1233 -5193
-9 -3309
4661 -1232
5223 895
-847 2904
-1054 2925
-1528 1336
37 -890
429 201
-3283 -2165
-2522 556
-58 1646
924 1194
478 -1236
1674 -1195
2094 -2427
-1155 110
1214 293
709 1097
553 549
-669 -645
-389 -3026
-116 -1121
-2011 -2116
1111 -676
-693 -2345
99 -83
170 235
2205 1413
1076 1293
-69 -465
398 198
126 499
-1140 1426
-704 545
974 -846
881 -488
162 -594
-132 -1
716 -1201
594 -1300
977 -2383
-66 -60
-88 -1781
-450 -448
-233 -585
-752 1247
481 99
3400 1431
-118 -2967
844 329
-2029 786
781 804
-1742 -2361
-415 553
-908 -1813
684 362
2302 -1300
-2319 -438
1171 2449
-1021 -212
-2556 1467
84 1094
413 -211
1228 1329
834 -2084
324 -649
1689 -8
-19 1576
-9 1559
-416 1761
-1756 -713
1887 -293
1347 -750
-1235 -2576
23 2636
-488 -950
-408 -62
613 719
-906 995
-324 1205
-1643 1669
1291 798
-933 -814
-2014 737
-1416 -729
-996 -884
-1313 397
-1913 -1205
5 -503
1458 892
-981 -1784
-2013 295
2702 1096
162 782
-36 2102
-639 -96
-1338 1181
108 1513
461 2155
-649 -1236
1669 195
-946 -1114
-903 1153
-310 511
-988 197
-164 1676
-693 697
-1152 -2035
-976 -1317
3797 1481
1866 1025
-4200 68
-983 -3006
108 -3866
3 -3333
-595 2005
1907 2231
3062 2617
3195 3959
-530 -300
2317 -292
-2610 1827
-3834 -1882
156 977
788 -2922
2249 -1134
2191 -2551
-622 -4603
-2113 -5451
3557 -502
3628 1073
1073 1810
108 2870
-660 2170
1201 249
-1859 -2171
1648 -3263
2209 -26
-321 -1062
-2784 2624
-1146 798
114 458
934 1880
-1739 -1426
279 220
1183 -335
1669 1549
1672 -1056
651 -261
-362 1799
3202 2274
377 -286
-3195 383
-82 315
-1165 -390
471 829
1658 347
2676 -330
-782 -1046
867 1444
-1325 1449
2182 455
348 -1418
-359 -1805
-1259 1071
-971 -1181
-1612 219
976 611
1136 1492
-288 1010
-886 -286
-1492 835
349 839
-1206 1477
1024 2045
-466 65
-480 -1855
1623 -1018
504 -1459
-5 -1148
2459 681
606 -1163
74 -469
222 -239
290 -1471
353 196
1110 -1151
-1448 1470
-177 -86
1 535
-516 -1206
-2647 1417
712 2261
-1726 -2379
-1061 -1354
530 -23
1022 -998
565 26
-752 -430
-128 1104
-703 -1364
-2007 433
953 2108
3254 307
-318 -1137
473 -654
521 -299
-414 752
-1109 -2121
-2264 -17
2514 -806
-150 -98
401 -1098
1144 -845
1420 -42
1600 2580
576 -2490
-1635 -1622
-429 2262
163 624
-671 -220
-132 1258
137 44
1799 260
-601 -243
626 -92
-807 274
-1341 1573
-1032 1085
-1639 1934
-1231 -858
-2267 -1324
-1562 -2171
-699 -201
576 1039
-726 547
-202 -3681
951 -1163
-2018 545
-3637 -1275
-889 -1271
-229 -1847
-923 -411
-387 -2245
246 -508
1064 5166
2728 5229
896 -656
858 -1183
-2389 -1267
-1226 707
1770 -3786
733 -863
2979 -2290
-173 1336
29 -3688
1578 -4273
1903 3575
1451 3207
1178 763
-2804 2074
826 979
-840 459
-1464 -745
-1618 -741
-1118 1064
256 2188
21 -756
-625 852
2702 145
1795 -809
966 -793
-1662 -150
21 1234
1745 -275
-550 1523
497 -79
1832 468
3160 272
1256 -676
2150 -1728
2550 77
975 372
1058 -171
286 1
-552 316
1015 -1948
-1292 -1384
-1322 627
-658 -254
1246 -450
-2193 909
1046 1298
693 649
-1083 2589
2303 193
512 129
772 -411
-108 855
2851 1787
883 -382
-1028 254
-2337 234
1322 -706
114 1667
873 -1826
-2680 1441
-1442 214
-88 -909
229 550
1322 55
-829 -1825
-1885 1321
-1228 -1303
802 -1775
977 -74
815 -793
-457 -231
-444 -1259
761 169
557 -2161
2212 -534
-99 321
-1278 -1693
-1061 -485
182 839
-751 2558
1116 -674
2372 64
1145 -1205
-3331 -875
1321 -1186
416 1102
-452 1287
431 -83
1125 -47
-234 -686
-457 -1047
-119 -881
210 -74
2051 544
-1279 -678
-84 797
-730 -1302
-588 2661
1132 -677
1079 1432
1191 981
628 1306
-2467 1055
-413 863
287 1094
-1213 1059
1645 -378
730 878
1418 -1288
3141 448
2337 1715
1017 2021
1280 -2007
-2180 -133
-1039 366
-498 -887
1644 402
905 403
-3534 -1642
1375 -3089
3942 374
3063 382
495 517
576 -2531
1294 -1108
1093 1109
2070 2051
565 -1440
-3009 -854
1918 -2214
-1049 -2685
716 1941
-1869 -2206
-3846 -2653
-1919 5219
-3090 4745
-2968 1712
232 1185
1161 -1585
4678 455
-2541 5436
-316 2339
1686 1161
-218 1667
1810 64
221 -321
-1346 -1404
-353 -1091
-55 -20
3564 -1714
2729 -19
-2123 450
5602 -1903
4924 -960
362 1046
-1774 -2220
2811 240
-3287 -1095
2870 -2572
-114 1125
767 -3062
2007 255
645 -704
-4940 1743
1446 -1312
-197 2939
-665 2451
593 1752
-5112 -1797
-1795 -3186
-1483 -1176
1472 -323
-740 -860
-595 -121
3060 1517
-568 861
164 -2274
871 1761
-919 -2167
-1705 -291
-276 2355
2168 1350
-649 1692
-589 -2237
-837 -3425
-374 -2275
1156 -1172
1968 -461
-556 -426
783 -723
-5958 -438
-3419 -2647
2100 -604
-1846 3342
-224 -1937
-826 624
-8 -1929
1383 3783
775 4289
1099 -3688
868 -1752
3107 -797
-2356 365
-2705 717
-2563 1105
1758 1004
-286 -761
3848 -404
-753 -1646
130 -777
974 663
1099 3988
2522 -3266
-2547 -1816
-326 -1690
-2443 -79
1393 -88
1863 -424
-1419 4153
2766 -250
-1317 -1863
-2065 -1723
-235 600
120 450
-4260 1427
-2080 958
77 563
1378 2529
-1266 2805
444 -393
977 1297
-2643 -178
2138 2091
-1751 -1591
9 -82
606 624
-1140 -639
-802 2071
594 -321
-1621 607
-2994 -962
-1784 1568
3898 2782
-304 -913
-493 -1738
1835 -1286
564 -953
323 -1726
2135 3870
2256 -1904
-1394 3364
114 3174
1014 295
1697 -2979
1570 2071
-345 2650
-401 -268
-1511 1070
644 2932
2630 1392
2159 -1859
506 -2840
-1408 295
-3259 1546
-2261 4213
-3307 272
1611 1746
4242 -2294
-2191 2815
-1241 1326
5197 -493
2791 1174
2074 931
5014 943
2434 167
1083 -3501
240 968
-524 1829
-179 1997
-3323 3474
3449 -22
-484 -860
-15 -496
-589 -710
-691 -79
2144 3775
2815 1658
3520 3271
-2405 -360
-2195 1365
-344 634
1125 -608
-4918 -295
-1337 -1459
-705 1556
-1002 541
-2304 -510
3647 -2574
-549 262
-827 281
-1006 -576
763 294
1418 -1742
-1981 104
41 1648
241 1931
87 1389
320 2112
-1220 509
860 -771
-900 104
-900 -563
-3187 -693
2609 1385
-135 -814
1583 -1851
-2574 -718
2541 2767
-1021 -681
-359 2972
-171 -1009
-3424 -56
5859 -1526
-902 -4702
888 625
3507 -585
-178 -1058
2 1169
-782 -1195
-200 1864
-1812 840
-2085 367
951 -113
-1104 -270
551 -3854
2466 1543
-2668 2237
1561 628
845 3114
594 -405
663 2038
-1565 -1376
2074 -316
404 -2171
-315 -1050
3434 -1944
-3715 74
1032 1513
439 -2219
801 632
1091 -67
2590 -1054
1435 3631
816 405
-4544 -3283
495 2662
2686 -2357
-3062 -1581
138 -1483
-1466 863
1822 872
367 76
504 -936
-2892 -3718
1445 993
-3021 593
1982 977
1998 -857
-1440 286
-230 -927
-86 -2885
-1060 -2326
2441 3404
3000 1139
-5808 -739
-5705 -2231
2924 2366
588 6224
1301 -58
1495 1404
1560 -4101
-503 -6490
3163 2601
-676 3183
3805 1947
-2068 -1147
-236 -1733
2336 2303
3932 -4386
1869 155
-2896 1307
-3581 3127
-1932 3051
35 4375
3645 2856
4752 2702
-5821 2002
-4998 -1526
1362 -2495
-147 1622
2417 3760
-1584 3510
-1444 314
2731 225
3634 -1127
48 2818
1293 489
-1196 -1556
3028 1326
-219 -1524
968 1187
-2919 -199
-3061 1674
-2021 2835
1534 -2070
-1658 -2256
130 -1521
5933 -2006
-577 -324
1901 -825
869 -245
-2395 57
-4083 644
-1448 1977
-1585 -2732
2402 -2441
-1169 -818
-2350 978
2383 1285
-2142 -1681
3042 2678
-221 -686
-861 1014
-863 -2721
-1400 -818
154 -497
824 -966
796 -1440
576 371
943 -2688
-718 1781
59 4340
-3644 1473
-777 205
220 -897
-3450 -11
-848 550
1484 2106
316 -667
1426 1259
19 1331
-2125 1480
2160 -1305
137 -262
-1176 -917
558 -734
4186 -2539
-991 -1307
895 3515
-1392 -95
-1272 1604
594 2596
-1951 -524
1531 -130
1881 -2742
-1167 3456
3487 -1981
-1509 -2562
-4810 -894
504 702
-3013 1898
-3473 -716
1875 -102
1881 5681
3290 643
-2854 697
1635 420
863 3228
-2846 -255
-1177 -56
-3993 -1218
-163 4568
3860 -178
1467 -1839
1966 -1230
-217 -490
-98 -1917
-504 -913
-1002 1113
1325 -495
-439 567
-316 -1788
1387 -1055
717 -3075
2533 -480
286 326
2550 2545
3818 1301
334 -294
-773 704
423 -860
2377 3657
-2689 150
755 -1665
1998 3336
1497 3199
2237 -193
1216 -2548
3957 -293
1821 -949
3465 428
1896 1722
-624 325
-1290 2333
371 1812
-228 162
1535 3606
2782 -1608
-4173 4033
-1402 -514
-3963 -2322
-1733 1228
3560 -910
4165 1679
-6431 707
-195 -1761
1121 -635
3555 691
1845 1851
2380 2798
3380 -3433
1326 -3175
-2092 2873
660 2451
-3865 1197
592 4075
2552 1707
2883 2127
290 -2757
-2223 1238
-130 -1853
-213 907
-21 298
-1481 422
-277 939
-1563 2295
-3495 -3030
-1041 1190
-2063 1796
-822 -48
-1434 748
-543 3119
-840 1703
2419 -2523
1696 -164
-2576 -515
2487 -640
89 -3871
-1230 -94
714 -5887
-2171 467
-2053 -206
484 -354
-344 176
-2848 -2519
950 1422
2055 766
3170 -2337
-1891 -316
933 734
-926 2327
3906 -1781
1035 -1010
102 959
887 783
137 251
3124 944
4265 -186
1162 1974
-23 2185
-782 -1724
-2863 2790
-1126 -1186
286 628
-513 158
-568 2735
-4717 489
-104 -133
-554 451
1705 627
363 -139
1994 -4162
-564 746
-1928 346
-3520 687
4088 -94
-1465 -841
-496 -1809
1776 -2893
-143 -275
-324 -719
-1284 -69
185 619
-199 -411
-537 -2566
-3120 -984
-756 510
838 875
-883 -61
1294 -3455
-796 1081
-2680 -220
-1546 448
-2320 222
1427 -1989
500 -799
-1405 -1996
2466 -2443
-1410 313
-1136 -1296
-1192 1431
-3323 -1014
-2819 -2263
-166 -834
-134 372
3056 -1519
-649 -1468
-1901 1137
-1605 -3003
-642 530
