1557 -402
1460 -59
-2682 465
-2808 159
1835 -2312
1610 -1842
2182 691
2050 1493
1828 -260
2123 -76
734 -898
1791 -134
1232 -3313
585 -3017
-163 -1093
-13 -1325
672 1208
587 1507
-1074 117
-1369 542
1277 -1099
1892 -546
-1387 180
-1198 570
2218 934
1547 896
-1299 -1420
-952 -1782
105 -660
633 99
-198 274
-263 -610
2097 717
2304 1052
1618 -1786
1503 -1061
-1262 367
-874 298
-1714 -543
-1409 -716
549 106
206 217
-364 276
-169 389
-782 346
-921 49
-766 503
-972 -117
709 -31
765 389
216 -812
584 -205
550 387
471 97
-556 69
-341 -38
1140 -2
526 173
-303 -7
-329 440
-411 -332
-88 66
119 -63
272 286
553 23
118 -11
-35 -249
-162 -56
-139 18
-226 171
-297 -412
-69 78
203 -253
254 87
-15 186
478 193
83 594
91 378
272 -296
-82 -196
141 -94
615 217
-350 -453
-599 321
170 -53
350 -63
-114 -235
58 121
264 66
-126 -378
23 286
-191 -139
66 168
4 -86
99 -437
29 -99
443 31
-17 318
-357 141
-566 120
34 232
-207 97
-184 -383
-34 43
103 147
-215 -330
16 25
-317 294
-363 21
60 127
-462 -1
168 144
-408 -345
-36 152
230 89
-90 81
-169 -124
-301 -107
567 -49
136 -471
-331 63
-220 439
18 -350
80 41
-64 479
-140 390
118 -31
-284 112
1499 -611
958 -291
-2894 680
-2902 566
1860 -1628
1779 -2363
2815 758
2700 1348
2067 625
1444 985
1477 -525
1011 -690
1229 -3400
1752 -2539
-298 -1427
219 -1712
193 1424
-544 1699
-928 -354
-789 -189
1488 -483
2265 -1139
-1217 293
-1160 -64
1931 901
1562 1206
-707 -1862
-162 -1556
282 -201
621 -156
-213 -646
267 -428
1712 1373
1486 2183
2059 -537
2017 -166
-1049 272
-448 -444
-925 -794
-1616 -1161
-377 775
126 278
-288 -19
-325 -294
-1065 -392
-617 -377
-251 79
-852 -300
1190 319
319 975
325 226
230 -56
172 -473
410 -522
-306 -496
-420 -497
567 245
475 59
-148 765
-424 187
-486 -332
89 2
-300 -380
324 -385
-167 116
286 254
80 -48
-312 266
-48 43
-195 283
-133 -250
-201 51
-291 517
106 -50
539 123
390 -146
530 201
-266 137
-40 -182
139 230
-4 -254
-329 -127
345 338
450 -225
129 -169
-530 -163
421 -111
257 80
-465 -405
305 -137
-686 -157
149 139
139 -311
204 -304
180 4
466 -484
1 349
-238 -67
-50 229
-283 168
1 116
236 95
-123 318
-374 -493
132 -30
499 -389
-185 227
27 -23
133 -1018
-133 -410
-51 -22
163 -95
-207 -233
168 -179
-201 286
-82 295
-221 -5
766 79
-571 -34
273 -23
-299 555
-226 -351
386 -162
-279 22
-239 -256
-229 90
-656 -67
196 66
1251 -531
1744 -370
-2551 425
-2888 -216
1893 -1780
1610 -1350
2264 1966
2392 1469
1909 534
1800 412
975 -705
2068 -900
1883 -2936
2295 -1978
340 -1330
-134 -1723
-98 1043
-732 1728
-887 212
-939 -173
1644 8
1618 -238
-847 -21
-1314 38
1733 1769
1775 1771
-146 -1253
256 -1705
-154 -281
808 -143
-103 -16
0 57
678 1991
807 1726
1927 -221
2252 248
-1310 -298
-1287 -498
-982 -1529
-662 -1832
-177 364
-179 434
-405 -571
427 -292
-321 -510
-379 -615
-876 -415
-914 -928
381 868
224 580
1139 80
753 334
-59 -492
94 77
239 -361
106 -124
467 734
183 318
-748 245
-434 -310
331 -20
355 -244
372 -4
-84 -64
-64 0
-315 171
-187 -125
-239 92
-116 -72
-66 112
360 414
-60 173
-10 186
-321 33
-43 54
11 250
114 188
-674 -64
6 -594
-537 -72
321 -113
92 435
114 -340
-19 -22
10 332
169 -365
314 270
-68 692
334 56
439 0
85 -291
336 118
393 98
612 155
-11 -15
162 534
-158 -139
-529 -83
145 -537
-9 -609
-165 183
210 -415
-329 -104
261 63
30 132
130 -16
280 -318
225 -28
334 -30
343 -269
99 -236
3 206
-298 -168
102 -58
187 -277
231 -66
-113 -375
-406 249
333 310
177 143
-559 85
36 3
97 -2
-120 11
-537 -226
-98 -178
-36 223
37 68
1698 -604
1439 -579
-2835 -389
-2307 286
1920 -1891
2381 -1302
2011 1342
1932 1937
2163 75
1162 274
1437 -528
1444 -595
2365 -2584
2810 -2148
820 -1949
661 -1526
-481 1038
-599 1309
-270 -623
-785 -843
1919 -116
1693 1005
-1314 -755
-1197 -624
1378 2214
332 2109
-48 -1411
823 -1830
303 -221
457 -16
-23 27
-268 -167
-68 1353
77 1877
1470 530
1623 1044
-988 -1068
-882 -1770
294 -1468
492 -1430
-554 -283
-218 121
108 -593
44 -122
191 -1218
419 -855
-234 -1376
400 -711
-772 530
-199 802
356 591
453 773
278 341
-235 -168
-85 -364
185 -535
-119 149
-209 -388
-39 414
-571 -284
418 -117
-93 297
321 -61
-21 -403
-37 -285
256 -31
-69 -65
-527 -158
-481 -19
285 -16
-45 23
267 166
-88 -243
-140 613
-125 265
-447 347
-679 -367
-378 11
64 -132
61 -72
-48 -409
42 229
167 187
22 -119
-58 -336
-87 -40
-473 709
-357 602
479 60
214 128
-133 6
239 103
235 527
136 278
274 477
-291 430
8 80
69 -218
324 391
535 240
475 -27
585 -82
279 -469
217 -471
-164 272
16 348
-71 -27
-82 544
-302 305
-350 -3
-439 -155
-1 -441
391 -221
-318 -38
-199 275
67 385
-18 -320
235 38
-351 368
-235 -205
-35 -327
-88 501
-382 -410
-24 -72
88 141
-237 366
111 433
199 55
-4746 -197
-4612 707
-3367 -2969
-2755 -3201
5147 -786
4733 -812
-30 222
-172 -412
2420 -1841
2925 -781
3467 -1319
2125 -1453
817 -308
627 -1770
-2833 1109
-2855 1009
-1263 825
-1455 -783
5097 -1800
4380 -206
-2506 472
-1912 -804
422 -1415
112 -3110
-1571 1239
-829 1611
1406 1238
1408 1422
2171 961
1635 1524
718 -1118
-1845 318
24 -559
613 -970
908 -766
2316 -508
1900 1081
1376 27
1295 237
886 317
1196 1429
266 2068
554 615
633 -1959
-375 828
-280 254
135 346
-41 33
-1794 -1085
-817 231
-155 2196
-1634 529
-1057 -2462
-814 -548
93 -43
-2109 -132
-779 -899
357 755
316 750
1391 116
477 -573
380 -1077
-886 -600
672 -528
63 -414
759 38
-328 1191
48 -1015
585 -92
-135 -835
1656 1018
-395 449
817 1723
709 577
1452 665
-276 -398
-95 -200
688 -550
326 514
77 -1310
-679 -832
-525 -421
-775 -690
1439 -1345
538 186
-467 729
-326 -1397
386 405
-195 156
-373 291
62 72
104 658
-200 -597
117 56
-602 378
-678 -417
-617 -1268
611 77
-825 1183
-579 86
-650 633
529 -752
140 547
350 -507
-671 -870
-443 -238
276 55
1577 92
13 789
-754 422
408 -256
879 -569
521 -531
-157 -92
-1159 -346
-670 215
784 268
648 204
-365 -99
808 602
657 -776
-392 -625
-449 2039
-685 -1181
-158 -604
-764 -476
877 -1430
374 363
-5113 461
-3810 557
-3449 -1916
-2337 -2042
4890 11
5392 1084
-726 2303
-1965 1419
2283 -587
5023 -1274
1333 -1254
3390 -10
984 -1035
1320 -820
-1170 1960
-968 1165
-1426 416
-916 -433
3505 -554
3908 322
-993 -365
-2569 892
997 -2302
964 -2264
-1536 138
-593 629
1235 2265
-334 227
2646 1000
1706 1839
-1648 642
-735 -160
653 -772
393 -635
1186 -547
2526 -496
918 1030
-83 2370
-820 69
147 1919
2015 1689
-325 2211
388 -42
-157 74
490 546
-394 1393
-1265 841
-268 667
-321 -582
-370 -1432
505 430
-135 842
-165 573
-56 -21
82 230
-386 276
-418 -1391
73 -1191
-1151 -88
799 -533
854 436
1158 161
-439 1227
-800 471
-1790 -37
-1486 -754
25 -1228
-455 796
559 -615
263 -813
1007 -362
110 -50
586 -825
215 -525
756 95
-342 639
-346 1013
368 -434
-262 343
533 -878
-186 1013
-20 538
120 -1646
-945 136
699 320
153 962
-384 1370
1111 -96
-809 389
-399 828
623 355
-377 -843
-1178 -231
392 -823
-709 -877
-1221 -236
418 -79
-591 -110
260 -435
-467 -1060
-709 -316
15 559
-187 -1178
250 792
-1072 25
-529 817
-1030 713
577 203
-474 552
698 1206
440 -275
-840 -340
53 1051
-1782 677
1986 -84
-330 384
-352 1183
-195 527
860 453
445 -635
-267 -103
242 249
-18 -1014
-170 484
-495 -769
-880 -800
-188 661
-1247 208
-3170 -1383
-5273 137
-2995 -1983
-2886 -2035
4511 -35
5665 576
-905 208
-672 1438
3758 -1388
3410 426
3732 221
1844 87
855 -1602
335 -1088
-2937 -88
-1565 287
-714 1508
-776 -90
2399 -1294
2841 445
-2749 541
-3066 5
1069 -2247
1946 -2205
-2689 -178
-2794 139
588 652
718 890
2015 531
1260 2812
85 -233
-660 -387
225 416
644 518
1842 1868
1269 1935
1136 3146
-820 1522
-586 1972
920 1665
-766 2243
108 941
1255 642
-348 248
-1019 -82
-641 -14
-1272 9
364 1162
-1338 -94
-324 -978
-685 397
-344 200
129 1147
415 88
-841 508
135 -944
-859 -1259
149 -445
920 -410
-1082 31
-41 -1492
586 -216
-1397 507
-547 972
-495 -587
1379 297
-240 -539
1185 30
737 155
-494 -833
-686 -546
-349 -44
-1124 -751
263 -301
820 1242
275 -406
-1080 556
1081 -11
-130 -71
767 1275
-493 218
808 -826
-1268 1042
436 -482
5 -827
197 1066
-83 505
-870 -1171
79 393
-24 -1056
474 -104
1022 -217
215 -1259
-449 -490
742 345
375 -145
67 -46
-1122 239
132 906
-536 276
-1099 -19
-599 119
-384 -1169
-507 -1130
1474 -44
365 633
1123 386
-712 -666
508 54
758 220
317 1020
462 -1090
947 -489
-276 608
499 1000
-255 1350
-248 540
-427 -598
-1076 138
-491 -252
1491 902
684 713
335 -93
191 977
801 59
-32 416
-397 -2055
-839 -439
-4178 -21
-4481 -1008
-2939 -1786
-2581 -3476
4960 68
3733 585
-1557 398
-17 672
2863 1399
4728 187
2544 -427
2770 22
-68 -740
380 -1266
-3804 870
-1816 -931
-1500 427
-1181 -421
3179 1181
2154 2460
-1279 -1476
-973 -1816
2084 -1434
2532 -2551
-2084 413
-2356 -1800
-771 832
-177 1969
439 2056
859 2898
-1711 620
684 233
17 1069
-722 -708
1987 2099
1340 2210
-1105 2946
204 2237
-700 1076
-790 171
-894 1768
-2816 1741
-2 -9
530 911
-3488 -199
-1495 -297
-73 804
-591 95
-321 -1687
300 -1021
-953 50
-637 1002
-62 385
573 654
-451 925
1120 -404
-244 45
-470 2071
103 -463
-188 623
7 566
-702 -708
-1720 -552
1180 1284
-1797 -1442
-719 -100
448 369
96 -141
1767 -135
-1040 -113
52 695
876 673
1257 794
49 -1619
-489 -879
-77 -805
509 -211
-43 -412
120 -520
629 -134
961 1817
-706 -362
1085 -992
-67 207
599 -88
-428 343
939 -959
596 -977
55 882
528 -337
96 157
-369 -342
1570 -53
-729 421
-354 -395
134 -151
-29 1162
-319 -948
216 607
-200 409
1132 -1231
-99 154
634 -375
358 566
380 204
-561 -586
803 -350
338 -416
-513 -258
1485 1535
391 400
-956 -194
-1065 -500
692 1067
253 -496
-182 27
456 606
-204 145
674 -143
54 -56
500 854
-1207 -594
1165 316
-704 -191
-749 -381
-274 -353
470 -1362
71 -52
626 1704
1363 -1628
-1109 806
-1733 1711
-679 -923
-147 -1911
189 363
-347 738
6121 3854
4310 3603
79 -491
-256 -1003
-3821 -188
-1337 2079
3051 -1363
2000 -2277
2628 -197
1451 1153
-4043 -2119
-1750 -4675
7609 -889
3097 -120
-382 1446
2054 4065
-352 -2558
-29 -2648
-1826 -1271
-1946 -646
-28 -844
335 -1017
-262 2578
2989 -238
1106 43
532 810
900 1404
-1137 -703
833 719
630 560
543 399
-969 1449
4 -1763
2014 -787
-1204 -1338
-1599 613
-1612 -207
-463 436
753 483
1272 392
1503 2615
1887 -322
1586 -2114
2746 719
-1649 2023
-873 -534
-584 -842
1994 -307
-1375 1474
-907 -1187
640 -1142
-2390 -767
-630 2735
53 146
1081 834
-1317 651
-2199 2712
-1670 540
629 -419
-254 1553
-2053 -856
1483 268
-1423 -820
1501 -1239
-899 -1832
-3258 -562
-1227 -2315
1 -1257
-150 35
-2257 526
-368 -1017
1300 -108
812 1001
-314 -67
1962 883
-1176 -54
-1509 -82
-433 -267
467 1203
-897 -604
-1197 111
255 -1087
156 76
-1191 -1778
342 -732
-767 -693
-54 357
952 -376
1532 2100
-1061 -466
1542 -2242
2312 -390
1458 -770
-913 1812
-1238 468
-877 1010
1050 1976
587 813
949 508
-1951 -2524
332 -1306
-289 -2120
1742 721
-1820 647
219 2910
1340 517
585 986
1227 175
-1337 -612
-855 1130
-204 340
-1197 1224
712 1453
1125 190
1110 -2983
3 1756
1114 383
2821 -587
-963 2803
1536 -694
2794 -664
-322 542
-108 -1048
-3812 -1258
-2281 -2548
-1690 -2632
-1817 -1896
-94 -1660
5891 4303
1955 5383
1687 1073
-1489 -922
-3134 -55
-5497 -463
-735 -3735
1283 -1542
3030 -45
2318 -688
-1559 -1637
-1051 -4469
2907 -1434
2849 -590
548 2350
-267 1520
486 1516
-162 252
-1067 -3380
-1007 1225
-278 1573
-1765 1379
2238 275
260 3361
126 -200
1275 -67
-424 688
-1558 1058
339 1914
111 -720
1673 1463
1953 -1798
-765 -525
2287 404
-2364 -1416
1954 -341
-1618 -145
-1129 -1684
859 -474
764 455
-1155 2186
998 1151
-973 948
1048 50
-587 112
-280 689
133 1025
1747 305
-285 1332
-183 1856
1951 -1531
559 1096
-8 664
-1330 89
2444 -781
-166 -972
3596 -1288
1996 1714
-1891 2755
352 -2329
-697 683
-273 1074
-129 2081
573 -381
180 -932
-1954 326
-2372 -1116
-388 -272
-2110 -1428
-829 -565
1746 -1324
-739 247
-63 -1829
-74 -579
-825 834
688 -744
-2182 -253
993 -1926
750 -918
-1288 746
1093 173
304 -925
-387 -914
663 -539
-75 1175
-1193 476
346 917
913 640
422 81
1895 2022
-736 330
1174 -199
-18 772
142 -1459
1169 1505
-876 -588
1434 -183
436 -1116
1945 -438
-1469 404
453 588
-144 -1477
48 -541
-141 900
-1521 90
1372 -900
-1906 -289
331 -772
744 -2941
-1150 -168
-144 436
-169 192
-513 -3027
627 987
-272 2999
906 167
1073 1749
1622 1812
1939 -311
1442 -796
816 4098
1903 912
-1905 -1204
-1523 -1357
984 -1513
-1460 -2960
-1272 -1380
-937 -1603
3554 6049
3388 2934
-115 -1111
456 -77
-3251 1861
-3794 -1342
3762 -1897
2227 94
912 -1432
1875 70
1059 -3466
625 -2868
5635 -373
5917 1426
-432 2785
-170 2451
273 288
751 -915
-1600 -1940
-1114 -189
493 2250
-1695 -293
-61 1002
-65 522
1875 -1405
876 -147
-752 560
-760 -599
-58 -2021
1461 232
1085 -1020
-2329 -1323
1821 -1267
78 1677
-963 -2067
239 309
330 1524
-588 -1216
3451 371
331 -721
1776 -637
-830 965
-1989 1117
-1658 1193
1014 -1519
-571 -988
350 -1049
491 714
-11 862
-1112 -583
592 374
1818 503
479 1485
-1639 411
2079 -1946
-14 -1885
1681 235
-1992 -504
1054 1245
-1159 654
-633 18
714 966
659 -730
289 628
2576 -319
-471 2
-304 -384
-1236 2232
1363 -1158
-1184 675
2467 1239
-174 -2055
502 396
-2282 737
2293 312
273 1050
-666 1381
-812 -1871
7 761
145 1013
-1315 -1054
-1328 2346
-2520 -157
-1835 -260
-1056 1448
912 1696
-1240 -21
-764 365
405 2199
1240 730
-274 -589
2041 369
2311 -1247
-529 -782
1692 639
745 161
-1434 -797
54 -1284
-3000 303
942 1349
453 323
-959 -313
-603 -924
-1637 705
-262 -64
503 -1208
-1503 -354
-836 -2287
-818 -420
1590 364
1390 -1057
77 609
-1662 -32
-1224 -2039
-641 1029
-46 -1115
-415 989
-27 -233
-338 2773
1629 -239
-616 814
1487 2111
-2196 -2102
-1837 -190
950 -831
1949 -4327
2157 322
-2179 -1428
1897 3814
2280 4865
-217 1285
-553 -69
-1563 1505
-2853 -923
3474 921
799 1701
2712 -945
1746 370
-1261 -3195
3621 -4832
1992 3183
2521 2723
669 3370
-687 2870
-540 -2047
2016 367
2688 -983
180 -2390
62 1611
-1903 -937
1912 -1500
-415 -246
1212 230
2805 3460
-1916 -919
-721 -1140
98 -873
-999 1656
270 -1402
-512 1037
2932 2127
2985 620
-553 1120
174 -1424
4012 -432
1026 -512
-1245 1579
-84 393
1199 2247
-518 1435
-680 610
-1103 -3251
103 -738
-109 -1703
452 -1090
-75 1760
-669 -291
1787 -1496
-80 360
-229 -730
-702 -815
2504 -186
818 1196
-2252 -382
3130 3306
-566 196
-1045 315
-133 663
-2273 -1057
906 53
-7 -638
-2463 -2367
-847 -1047
-401 1141
768 573
149 1103
462 1253
168 -414
1038 2338
319 -287
636 -1352
1333 224
-1468 547
782 1362
-375 -593
957 -660
-265 1329
-1319 572
-1015 -1088
-568 -827
225 -826
669 265
-2031 -843
1636 372
-2372 1157
-408 -1220
-2409 -3288
-865 462
21 -1062
-558 -299
-2074 1780
143 -304
-1347 1650
-1531 201
461 459
690 615
-1024 6
475 -760
991 968
-1959 -978
948 -269
1919 1440
-1064 1494
-1147 -682
1087 184
-1322 -53
-1090 -115
-400 -64
-413 -21
778 -1036
-1106 -151
1196 887
-912 492
1253 1360
682 1876
1002 -330
-1169 -661
-1130 -1279
-270 -3545
-4816 1503
390 1702
1138 935
2615 -1591
808 407
-1205 -1856
-406 -2303
2369 1705
4192 1978
-2900 611
773 1535
3388 1097
-1210 -387
-913 -2442
-310 348
-4612 -246
-1183 1018
-1071 2091
-3085 3832
-2286 -2397
4265 440
-510 1510
-3843 -237
3021 3033
649 2859
2945 2066
2307 129
-1705 -75
-1297 163
151 1283
-893 2229
-496 -385
1304 -57
1370 -3129
1888 -788
-119 159
820 2208
-1757 -249
1706 -1585
934 626
182 -1939
453 -271
1470 903
2376 1653
541 415
-315 -898
-1257 -267
-426 -2432
-763 1669
-4300 1055
-4374 -2020
3407 994
1239 2038
408 -1140
-616 1029
4330 -1025
281 189
-1321 -452
1432 436
894 -3593
-1168 1328
252 -2578
3090 1378
2869 -4127
962 -2295
-119 -698
85 -645
2929 2011
-3887 498
-748 -653
-2938 899
967 -85
5180 1867
-1640 1973
-72 2196
147 902
2507 -628
1291 -1612
-2112 1161
-727 -400
951 2315
-3041 -3150
468 808
2384 679
472 596
-102 577
183 1237
1424 397
1299 -62
-266 1119
2210 1683
-359 1875
1675 2316
2174 -1796
-682 1476
-565 -1314
1515 -299
-2254 2346
-2406 278
383 -371
504 -61
1154 -123
560 -512
1398 -1045
273 -1541
-319 -510
888 5570
-1611 1127
1326 4366
-4380 -1015
3480 -323
-1626 -4449
-1503 -870
695 -1337
46 -795
714 902
-705 -965
1017 -513
2017 -2842
-2947 -242
-946 -618
-205 1167
1100 -1777
-1740 485
-4588 3702
-27 -1951
-3427 1122
-4524 -3456
-3709 -2199
-1536 2424
2609 2818
4274 1406
3067 655
3405 -1532
2632 1626
3293 1486
3224 1587
-909 -653
2469 1490
1061 2324
4502 2024
3203 731
-592 -3575
-3376 1534
-4065 4508
-750 -1683
-2171 1156
3195 2811
7109 -485
-2064 1521
-2257 3590
1584 -1468
-398 1006
1282 2172
2785 -939
-722 -2143
2051 -5380
1586 934
2376 -2556
341 -145
654 187
3186 -1305
3614 -1124
-364 -788
1344 1466
-679 408
-2502 2678
2264 583
316 -3217
4453 -258
-2964 -1120
1391 -148
1305 1580
2420 1630
-1608 -124
2315 -2632
-837 680
687 652
-3360 292
1476 -2612
-534 -2272
-1197 -3283
-2124 -30
1688 -1031
1309 -2088
-660 2560
-876 -1322
-2438 -3394
1865 196
-3183 14
2158 20
-3032 2080
-1032 -783
3865 -2920
-678 2708
472 -593
-156 -98
-1322 -3124
-1868 2757
-2071 3507
2594 91
2704 1285
1289 -982
5502 1063
1343 2162
-1983 1752
1549 920
452 2144
-1315 49
2184 948
-124 -203
3447 -393
-2892 532
-1035 91
649 -88
-2185 -1097
193 261
-2061 782
10 2808
1005 -1159
-30 -350
-1042 -1130
-261 -826
-336 1025
-1791 -2840
883 620
-875 2237
566 221
280 3064
-1310 -1003
1359 -896
-2396 843
-1868 260
-2144 770
2359 -1241
-337 -3167
-1419 980
-1332 407
1796 -950
1244 -833
143 -107
2205 1435
-1595 1942
84 3639
1889 -694
-2071 -1391
1561 395
95 4434
-1788 -3581
1980 -4068
-1497 -612
688 -1677
-1959 -2020
-3959 131
496 2525
-4953 -6059
-3776 -3663
1270 2918
2 3386
1034 -473
2072 3004
3816 -1679
2243 -1212
2404 762
3207 3565
-1015 1119
1809 -689
1566 -2755
4716 4297
-792 -107
-2806 -3241
-2897 293
-3225 2629
-2999 3569
-2933 630
442 1201
188 -482
-1355 514
-4620 1243
2396 -83
1404 951
3130 2947
730 -2012
-1878 -4849
3640 -1423
-1398 1691
213 3163
-1984 2032
627 -281
2830 -2347
4392 -196
-1694 2263
-2066 1602
-1521 812
1876 2193
578 1241
886 -728
-361 1991
1883 -1162
-1640 -2882
-251 1652
-3520 728
-868 329
512 1667
2833 -713
3121 -1681
2554 -2919
-3245 -1038
1641 -225
1853 933
1061 471
697 -126
1168 1088
-2773 621
-536 -559
1249 239
3341 -204
-1181 3659
948 2214
-1510 -18
1229 1481
-1057 -2416
-445 -1491
495 -107
-102 -1213
-181 2479
-629 322
-2542 2762
93 -18
-754 -293
3652 -2843
609 1286
-759 -1077
-2507 -1884
-1225 3013
149 -1047
3350 1589
201 -2899
-743 1001
851 -1174
783 -173
-797 -817
548 -89
623 638
3669 -1495
3098 -20
3585 26
2107 -1376
-240 -2704
-890 -1158
759 -127
-2234 -2287
-1386 -944
1347 -951
-2819 -1512
-3166 1571
1285 151
-1759 1550
814 1360
639 559
-317 1580
4183 -1052
-99 -2320
-434 193
2318 734
169 125
2861 560
-645 601
1 714
1695 671
655 2603
1538 -765
-2732 -398
-1924 839
-102 -1316
-689 -1487
458 2757
882 29
-385 -269
-820 -1195
-473 -219
665 -369
-2699 1193
-1396 -1959
-3938 -3165
979 3482
1106 3501
218 -390
1743 4777
-1360 -3503
3357 875
6317 472
1384 2183
1678 -1308
486 1014
2532 -2887
2736 1614
1926 -5390
1255 -5366
-5066 2630
-3285 1214
762 488
-5640 1294
4751 -656
2769 3946
-4831 -2226
-4082 1974
3608 3937
-279 2758
-2498 3616
-147 3553
1319 -1715
3129 813
-2433 3614
-2438 1149
-478 -2598
-2799 -2606
2242 307
524 1909
776 610
-2339 -2645
-137 3023
1424 194
-3016 -2975
-1248 568
2375 -2832
412 1273
-3236 -616
498 -494
142 -3549
528 1225
-399 -1244
-290 -1088
610 -2614
575 4032
1583 12
-156 1484
590 991
-1701 -2505
2482 109
-2218 301
1306 -392
384 1253
1670 1015
-5002 1593
208 -837
1953 -1179
-3108 -3833
2636 68
1462 -1434
-1042 -2455
759 672
123 -412
799 -237
2966 2413
-811 256
-5 2617
-1209 898
740 -980
-1688 -1583
-11 2118
-2033 -3728
-1492 2072
-3600 -1589
-2089 1150
1947 2709
-308 -666
25 289
117 197
-2024 -578
-1408 970
1921 1253
-1115 1092
-894 1320
-1827 -717
1050 1677
-1510 -722
3035 -2182
770 847
2852 3217
879 -33
1305 2939
1781 1584
1796 -1658
314 -1515
1441 -2061
2701 -1526
-444 -937
-335 35
943 272
-967 1256
-1711 -45
73 -748
-3045 -983
-1915 -1427
3268 -2412
96 -494
-3078 1024
3236 -362
1416 -2255
3070 -797
-1177 -252
-2021 2645
423 -812
-1148 502
-807 -2993
-983 -1133
737 -1512
-1391 1407
1957 2203
3006 2833
