1147 -925
-1137 -1399
-390 101
47 364
193 -100
-62 88
30 37
-8 6
156 48
-179 -158
170 96
113 46
9 -18
10 2
-1 0
-32 -1
-36 -81
-15 20
-27 33
-71 96
-19 20
4 23
-9 -3
-50 33
-33 -21
-24 9
71 -1
-33 26
-7 -7
15 10
-18 17
-13 -47
3 -7
2 31
-51 12
6 -38
-16 -22
9 32
27 -37
2 -21
-4 -52
-49 65
-69 -29
-12 -26
-4 -8
-50 14
17 -26
22 -20
-71 -31
50 43
-32 27
5 -71
3 37
-15 -22
40 51
12 43
17 51
-80 -26
-7 93
-3 -9
-53 56
-20 4
-10 45
-12 -24
-50 14
1 28
-35 -12
-1 30
-23 -13
-15 16
23 12
-28 -29
18 66
-59 -89
1 35
-22 24
-18 -61
32 -37
26 -59
60 6
-24 41
97 -9
-29 -69
-14 6
26 -14
7 30
6 20
22 -10
59 -25
-8 -55
-78 51
-36 -9
-90 36
-51 -33
17 -27
-29 -14
19 29
-7 -14
40 46
-15 16
18 50
-1 11
38 10
-60 24
-16 2
-38 -36
28 -62
-3 38
-47 31
95 -18
-47 -8
37 28
62 67
0 25
38 -9
38 11
-47 24
-30 -7
-27 -12
39 -42
-67 39
-16 -43
9 2
-11 51
-25 -18
44 2
-88 1
-55 -4
-8 -40
40 3
1 -70
47 -73
-32 -45
-3 32
-4 38
-18 -54
-3 -64
21 -30
-21 -12
-23 -13
14 4
19 24
4 45
-50 17
-62 1
-9 32
-13 -17
17 -13
22 -19
-46 -18
44 -14
-14 -18
0 8
-40 7
-78 -6
27 31
14 -13
-35 16
-31 -14
27 26
-4 37
53 -5
-4 -55
-52 -56
92 -50
52 -33
-66 -5
1 -1
-54 31
-2 -33
-47 24
-44 19
14 -22
-22 -51
58 -18
-29 15
30 -18
-18 2
29 -2
0 42
40 -2
24 18
-6 3
21 53
37 -12
-11 19
-10 -6
-24 2
-12 -20
0 18
47 -34
-9 28
14 10
-11 -3
39 -26
-33 20
44 20
-8 -1
17 30
-12 5
-3 29
61 6
-37 27
-36 24
-6 -16
35 -6
-19 -21
-38 -8
27 10
5 -7
24 20
10 0
-11 45
7 15
6 -9
31 31
-18 -6
-25 16
-36 -35
-38 2
29 -4
-3 34
-24 6
-17 8
-1 18
-4 13
17 22
-11 -20
1 -19
3 -10
-16 -1
-28 -3
4 -43
17 -28
1 25
16 -17
-27 -16
-12 9
11 22
-8 25
35 13
-1 21
17 27
3 -8
15 -2
-19 -1
14 3
8 6
-3 -36
19 20
20 -7
24 -11
5 29
7 25
14 -3
1 -6
4 6
15 23
-22 5
16 -4
-2 18
0 -8
-1 -5
-8 10
-10 15
25 -26
-35 -11
4 17
-2 -3
0 -8
-1 -1
-3 5
-1 7
-6 -1
6 -4
10 -2
9 -4
-5 0
-6 -15
-2 3
5 -15
-7 -6
6 9
4 1
-1 3
-12 -6
-1 6
7 -1
-3 -8
12 1
7 -4
2 1
14 5
0 -4
3 1
9 7
6 -6
-4 4
1 -9
1 2
1 3
-2 3
0 -2
3 3
1 -5
0 0
2 1
-1 -1
1 -1
-1 -1
0 0
0 0
0 0
0 0
1 0
0 0
0 0
-1 1
-2 1
1 -2
1 -1
-5 5
1 5
-6 -4
-2 -4
8 5
-5 -1
6 -1
-1 3
2 1
-5 11
0 12
-8 0
-10 8
-4 4
-7 -9
-4 15
-9 -2
6 0
3 7
5 -1
-5 0
5 -8
-15 -4
15 -7
-13 -8
0 7
-9 -2
3 7
6 18
-10 1
-5 5
7 6
-20 -21
-18 -13
-4 -28
-1 30
-38 1
-4 -9
-26 -17
-24 -8
2 -11
9 10
-13 3
-10 1
3 7
9 -18
20 -11
-9 13
16 0
30 -12
19 -18
28 33
17 -11
10 -6
3 -24
17 -20
-13 -34
-8 2
-24 5
-37 35
-24 -5
-59 26
19 31
-15 28
26 42
-11 0
22 6
0 31
26 3
18 -16
-13 5
-16 26
-36 2
30 -20
-3 -24
20 0
8 3
27 51
42 -20
-44 -4
43 -4
7 4
-18 30
-9 -36
-39 -29
79 30
-31 9
9 3
17 -14
-71 -29
-45 -85
-12 -32
-33 -14
-11 -11
24 59
-22 -36
-21 -12
-40 -28
-15 15
-33 -25
25 34
21 41
-28 6
21 -8
5 -10
-12 20
49 16
21 -48
-31 5
-36 130
-67 22
-25 -15
-22 53
-78 10
-57 7
-48 -12
-44 12
-57 -16
8 38
-36 -10
-4 84
-12 32
13 -29
45 27
39 26
-13 -47
-31 -28
0 42
-100 48
40 -63
-35 3
11 -19
-46 -6
-88 -14
58 -37
19 -31
-49 24
-11 25
16 -32
-60 54
18 71
17 -33
-36 53
40 -92
16 -39
-54 31
-29 -16
16 61
21 14
12 -55
-24 -23
61 -14
34 65
14 60
-14 -96
18 112
5 -34
70 -37
32 -24
-83 0
13 66
-14 -53
44 -71
23 -42
-40 3
-54 31
36 -105
-122 -85
-51 -28
-74 -21
36 -56
-86 -6
90 17
20 -62
-4 40
-38 116
39 -76
99 20
-63 -55
-63 103
69 -32
-98 -40
6 -38
-32 41
-7 -36
21 13
-55 -80
29 72
-65 15
18 42
3 -9
2301 -1159
624 933
567 -53
125 -51
217 -128
91 380
81 34
-118 84
-95 -137
189 136
-69 78
-130 -150
-71 139
50 12
-25 17
100 -32
88 40
-16 -53
36 28
133 -150
85 -48
-29 -121
44 -20
111 -37
102 75
8 4
-112 60
20 -64
33 60
-50 -50
37 -71
3 68
-30 -28
3 -57
118 -76
-1 71
32 76
-22 -116
-66 103
-9 23
23 134
65 -243
60 151
10 52
3 -17
153 42
-27 45
-40 8
60 104
-78 -69
66 -57
11 177
9 -62
16 63
-131 -184
0 -80
-28 -168
195 71
20 -183
-15 -11
176 -78
31 8
3 -125
8 21
104 -99
8 -59
38 15
-38 -35
6 5
19 -51
-74 -16
106 126
-44 -172
157 261
17 -95
152 -77
27 112
-89 108
-29 146
-120 -34
64 -61
-219 -32
65 186
2 -44
-23 48
-45 -116
-68 -20
-5 122
-158 38
-26 115
173 -115
62 36
242 -99
89 101
-29 83
65 53
-59 -18
-3 55
-61 -158
26 -12
-11 -180
-3 -2
-107 -23
178 -107
119 -5
-13 118
21 175
81 -66
202 -109
-259 7
64 -32
-42 -62
-173 -127
-52 -47
-145 -35
-118 -81
64 -59
49 17
75 4
-97 128
223 -118
29 63
1 -25
111 -173
64 66
-123 7
259 21
142 40
-38 91
-134 -13
-6 129
-128 177
89 89
19 -40
-19 -147
21 152
8 167
-43 57
-9 37
12 -10
-48 42
-53 -74
39 -137
165 -62
280 -53
47 -90
31 50
-102 73
-28 25
125 102
-75 46
74 9
17 -21
147 -10
222 21
-100 -64
-49 44
85 -71
90 61
-68 -68
-22 -137
-140 25
28 157
169 169
-291 175
-158 167
222 54
24 35
198 -103
-45 58
138 -63
239 -38
-35 69
88 172
-197 68
127 -11
-112 49
27 44
-127 -60
9 -132
-121 62
-39 -99
50 -25
-82 -141
-117 4
57 -88
28 10
59 27
50 118
32 -89
-139 147
13 -110
-48 -75
31 28
-149 109
115 -78
-161 -76
43 46
-72 -163
69 12
7 -65
-220 -41
111 -150
86 -105
8 76
-183 4
78 63
159 10
-83 -82
-38 51
-113 -79
-35 3
55 -197
-22 -72
-46 59
-139 -125
83 16
115 -92
177 153
155 -33
-110 43
21 -189
103 -26
103 -39
40 -85
6 -77
-92 -119
44 114
3 49
15 77
110 16
157 3
8 205
-105 124
23 -105
-94 67
156 101
99 -57
-50 -143
42 -145
-192 -73
-52 -86
-110 -162
-4 -8
-62 35
95 7
-63 -15
-65 -38
18 215
-128 -131
-112 61
-128 59
-42 -185
-22 -178
-102 25
-9 60
-12 -45
-91 -136
163 -57
-107 38
3 -143
0 48
19 45
77 -81
68 -119
-206 213
286 111
-29 -149
15 22
22 53
6 14
42 -57
16 -70
63 12
-65 50
-105 23
-89 43
70 15
71 189
24 -19
-78 171
75 89
-66 -110
-49 -17
19 -32
163 79
19 -87
-104 20
34 136
-187 -28
-118 65
-45 -25
-263 -79
10 83
-49 -21
-174 -141
-127 129
82 -83
-28 215
-43 -66
-47 -89
60 -116
10 71
-133 -108
-59 206
-2 -11
-112 -50
85 71
-49 48
137 111
85 -61
-48 40
79 -86
-26 21
109 5
-34 47
-6 7
-86 57
-88 36
35 -72
35 -49
-164 185
34 174
-169 -109
-59 -92
199 122
-116 -7
125 -17
-39 56
29 21
-89 178
-5 204
-130 -10
-139 101
-56 60
-81 -117
-51 189
-95 -25
64 5
30 75
53 -3
-56 -3
56 -66
-142 -26
132 -45
-132 -78
2 69
-70 -17
16 48
36 140
-67 -2
-20 47
53 53
-124 -133
-109 -109
-23 -172
-4 177
-219 7
-20 -33
-164 -89
-127 -40
-1 -70
36 71
-88 30
-51 20
16 29
38 -82
114 -39
-43 72
41 -7
136 -11
89 -77
113 142
68 -45
36 -26
26 -113
84 -58
-61 -137
-14 44
-89 -4
-86 108
-61 2
-191 78
51 113
-34 86
95 123
-36 5
68 32
13 100
74 -45
39 -27
10 -9
-31 31
-57 31
38 -60
-42 -75
64 -46
11 -38
76 112
92 -71
-46 -53
91 -38
95 -23
-70 101
-32 -66
-84 -37
175 0
-95 30
19 28
48 -12
-166 5
-82 -181
-29 -26
-46 -43
11 -37
46 91
-66 -19
-12 -27
-166 -36
-34 43
-43 -5
80 78
-4 117
-5 12
22 -37
6 7
-93 15
5 38
56 -21
-64 -1
-42 213
-132 13
-44 -10
-45 46
-102 50
-53 45
-27 -43
-54 3
-44 -21
30 37
-14 3
16 55
-11 12
81 38
56 -7
63 8
-21 -81
-33 -11
29 25
-44 35
13 -94
-5 -12
13 -24
-64 -90
-118 -63
105 -60
11 -93
-103 20
16 -60
-45 11
2 5
21 168
33 -94
-38 68
97 -31
86 -11
-11 42
24 -27
-17 -22
-50 40
-64 17
-100 -40
-7 63
60 32
-60 38
-173 -54
-56 107
17 -43
17 61
83 47
-12 8
-73 10
-87 31
22 -81
-64 54
-28 112
-66 -90
-89 5
-1 -27
-14 -30
-2 2
31 -20
-53 78
49 -65
87 27
22 -33
-26 66
4 29
-41 -54
-37 7
75 13
67 52
53 -25
-7 -52
-83 24
9 -163
-57 63
-47 34
67 26
2 -30
120 63
-94 -1
463 116
-466 -792
-723 -775
-119 -488
-131 -50
-238 -75
243 -24
80 -60
-35 89
85 40
-65 -54
-33 167
-58 102
-28 21
43 262
-15 105
-82 29
-102 207
115 -49
-17 10
-113 -7
65 37
-36 106
0 -122
-57 -106
231 -44
36 -98
58 14
-38 -103
28 72
37 63
96 54
5 40
9 -2
-28 107
-62 -64
13 -18
56 96
20 -71
31 -68
16 -71
47 289
86 -178
15 6
4 79
-139 -154
4 -20
-47 24
174 -173
-15 -19
-65 39
-83 -130
-10 59
47 -101
72 191
-33 -37
32 225
-90 1
-53 75
-24 59
-217 -38
-4 -21
-2 149
-23 27
-30 186
-5 63
83 69
30 -5
37 49
41 69
31 -4
-121 -110
4 117
-96 -232
-77 103
-285 58
-22 -7
113 -52
-56 3
9 116
-35 -15
178 116
-32 -142
88 -3
-13 -81
58 157
151 -54
-134 -278
166 30
74 -27
-136 77
23 -126
-185 39
44 -130
13 -40
-7 -88
64 -149
16 -50
-9 249
36 -52
-112 245
58 -83
134 14
-219 92
-226 -36
212 -83
-160 -127
-131 -55
-382 162
213 62
110 139
-56 43
154 -21
147 25
160 135
103 146
131 -10
45 -5
-37 79
54 -85
-269 99
-37 26
-31 -18
-231 192
-39 -84
97 6
-187 -72
-73 -111
143 -42
154 60
48 56
98 -101
-138 10
-70 -86
81 177
123 -136
16 -92
23 60
173 -48
81 140
56 -136
63 112
-129 186
-121 97
-465 144
-109 116
-12 -37
223 -81
-95 27
-108 -182
-68 -55
-133 101
-106 36
-206 -55
-157 -53
82 -68
58 -36
1 147
-19 -115
16 2
106 154
59 -56
-60 -153
-134 -105
232 -174
100 -278
-208 -187
-97 -109
-200 121
135 69
-93 -74
-380 -101
-39 -54
-155 -164
172 -122
-221 -67
168 21
59 -120
196 272
-18 101
27 -209
-101 161
-166 67
73 -15
63 53
-102 157
-27 54
39 -134
-94 -267
-137 161
41 -159
68 126
85 183
12 -107
144 -109
-80 58
140 33
-125 -143
57 303
-167 -40
-62 -98
168 113
11 307
88 88
45 -194
297 62
-100 8
-188 71
-43 219
95 -129
137 59
48 25
-109 242
-6 127
119 -161
165 126
-86 46
-138 139
-240 -114
-112 114
43 -155
-46 323
-93 42
-191 43
-194 95
52 129
133 195
-29 -176
-21 126
-137 -175
-254 -124
-223 33
-109 -120
163 -90
-163 -11
115 38
-238 -185
-253 113
-7 272
-41 229
217 82
317 -42
201 230
-68 286
-53 -146
-20 -34
-55 9
148 79
-28 -258
229 202
92 -154
16 -9
111 200
-102 280
159 -18
-1 -200
-67 100
65 48
-250 182
88 -116
63 226
4 44
-90 -77
-188 141
-12 188
314 -326
-410 -310
-11 219
-11 27
-200 69
29 -30
-180 157
-67 117
-132 -1
200 -176
171 -102
76 -29
-204 -120
-94 -475
-89 -129
293 -278
-111 -343
101 238
72 95
-62 25
-313 -30
-144 111
258 -98
27 -403
302 131
257 -156
151 209
429 37
-150 -231
-43 49
186 261
218 -293
-78 179
-125 -345
229 299
226 73
-81 259
54 -93
150 145
142 -190
-3 120
195 205
-13 -124
149 41
-357 -237
-252 191
112 -49
-226 -45
35 37
-99 36
79 -32
92 89
228 -183
80 -96
-182 3
-106 1
440 -408
72 -326
198 252
-13 272
-247 -247
128 109
-321 56
-190 -12
-228 65
140 -461
-57 -226
123 -39
275 -306
117 -24
283 222
3 -308
403 95
-129 21
-83 -199
-46 127
21 -23
-5 208
195 153
-295 225
64 80
-13 -56
161 57
-127 -177
-149 -241
180 -89
218 -11
-13 -11
335 328
261 40
50 377
31 -415
469 -10
55 247
240 237
298 138
-68 93
-121 -21
54 44
129 42
-6 -117
-94 211
-105 183
99 -90
-286 -48
-275 291
-142 153
-245 -269
-154 132
-62 50
15 139
-86 249
24 280
145 114
198 -113
467 -341
237 144
475 -200
-208 -223
196 -251
-187 -303
53 -1
-145 -3
23 -194
-236 -161
-148 151
227 -103
179 -289
350 43
-270 107
-87 107
-69 -133
-75 -86
-120 -306
-327 40
428 -97
-295 -44
148 -121
66 -118
6 239
197 201
-447 -283
163 -52
-65 40
-54 164
367 267
219 436
90 254
228 -3
102 72
-122 -276
73 259
246 17
52 130
67 -43
189 225
-55 -96
-154 -92
271 -39
-165 -10
-115 39
-91 -81
-301 -18
-91 312
-19 26
221 -453
274 -56
49 87
145 -314
331 5
311 52
285 17
223 -16
263 77
35 -101
229 71
40 -375
34 -126
32 225
-170 -231
-136 -98
43 183
149 160
83 -216
369 -240
-210 236
137 -47
-52 -40
123 -85
206 29
-133 76
-67 17
120 14
87 -140
-64 161
210 -191
-86 -233
-5 138
53 -180
-179 299
-113 164
209 -4
77 131
-40 -237
-95 -28
-79 182
-7 43
-195 82
-21 -287
12 -176
3 224
-71 -320
-124 123
-214 156
-33 72
284 64
-54 -136
23 136
-156 44
-70 149
-30 96
146 2
-81 280
273 263
149 -17
136 50
-66 158
184 59
-191 -101
-30 113
64 -29
145 -351
-55 162
-246 -55
165 109
249 -336
-215 64
286 -10
-121 73
-28 -215
53 119
-56 -164
37 237
-125 -130
120 -110
-71 -68
17 37
-277 225
1228 166
-316 -324
115 439
-505 -11
-104 -402
96 2
239 -157
123 25
-193 -33
331 38
270 19
115 -289
-51 -2
-31 -72
-222 -39
-139 -74
-6 -166
-310 79
-311 253
-27 37
-58 312
-80 8
-199 220
-91 -15
-314 157
181 155
-98 151
-57 -41
51 21
-88 87
-194 -186
64 -17
-1 120
-180 -40
45 25
-73 -161
-75 138
76 -83
-65 158
-126 -172
-181 95
-196 -70
-10 -124
2 -71
-36 35
-2 48
159 25
-340 59
168 161
17 -43
138 -131
-68 -58
-113 49
182 156
-6 216
11 -16
-227 -137
72 216
127 -73
60 142
-42 -34
80 -75
51 8
-70 -139
-18 -45
-240 -84
124 -1
-1 -108
-79 -28
148 44
-102 -201
101 155
-173 -134
73 -18
145 10
26 -135
-4 -167
62 -322
209 -199
-75 105
40 -87
-33 -49
-158 107
-44 72
84 -17
-142 42
302 181
-21 -158
-9 -135
-32 26
-75 174
-179 111
-226 58
-23 -108
-134 117
57 288
-15 -59
110 -133
-53 21
278 -108
-128 172
-44 68
14 87
106 83
-207 -133
100 -137
-34 233
277 -135
113 -76
-186 -170
48 20
-9 255
-162 -4
55 -157
64 -69
-329 133
-174 -55
-61 -172
24 -207
65 44
38 -102
25 176
95 -33
2 64
62 -118
-136 126
-84 93
-124 -15
20 -123
-104 -271
7 -151
150 -106
73 186
-51 29
-312 82
-126 -77
3 -248
-242 61
-97 -265
-25 97
-35 -149
122 -163
-164 -68
268 -64
126 -120
-41 15
-206 -153
234 -36
3 75
200 32
-4 -122
169 -21
173 176
-105 87
118 300
-8 -65
-131 -125
-164 87
42 85
-99 -27
78 33
-17 25
-76 -179
53 -42
66 93
-69 263
91 125
-37 -82
-73 -172
-33 362
74 310
154 -15
197 23
-1 166
232 47
-162 -104
-147 3
-120 -386
-109 -22
216 198
234 -11
205 -29
98 284
33 30
35 -159
47 -176
-198 200
95 316
119 -127
129 -57
-151 -34
-203 -160
-83 161
-17 -108
-53 86
21 130
237 87
69 -215
233 -153
303 261
38 -128
-156 -304
-169 136
-73 390
-149 -83
82 -69
126 -83
248 -270
-77 150
13 63
-115 -143
164 -169
56 -187
-147 300
-83 -165
3 -95
14 24
129 -179
-19 -113
34 190
56 -201
48 -118
117 11
301 -4
-149 -65
-83 -210
27 98
-40 -267
183 93
271 382
81 24
94 -273
-6 63
266 255
107 -232
241 125
209 -134
153 -297
-39 -291
-154 5
-425 146
-197 -150
101 -526
239 151
-74 165
278 -40
-58 -187
89 242
-286 -157
-74 137
237 -48
-117 -14
242 -123
-131 -141
45 380
115 -117
-81 104
244 -175
48 296
-158 -121
-55 -127
139 50
271 -54
44 -243
-126 164
461 357
-34 -109
-158 -177
223 -277
-29 64
396 -171
174 -157
93 -84
-499 200
-167 249
60 11
61 95
-14 595
250 170
-371 374
154 453
-86 -238
-221 -176
238 -59
390 24
360 -96
-356 305
-130 475
-342 -282
-219 287
-293 -541
-421 5
299 192
235 -48
-163 -239
-289 515
-5 -221
248 172
-155 -307
-257 90
-32 -306
-117 85
77 -70
-272 46
71 -57
-233 -430
-85 182
-184 -218
599 323
321 -293
-63 182
347 53
-78 -86
49 -54
-153 -39
-52 -267
-337 81
37 200
287 263
171 150
-540 265
-434 366
-132 -230
111 -340
153 452
-67 -256
255 -54
371 -131
279 -219
-192 509
294 198
48 16
-425 553
1 105
-561 -126
135 269
-606 -186
203 -190
-22 224
48 -233
-18 49
-147 -206
-141 -218
314 -511
112 -16
61 -101
-42 24
249 123
328 179
-255 121
-330 -78
151 -52
-532 -306
-496 34
-100 -385
-7 495
-596 67
-49 -287
-101 -258
-384 -148
192 -17
292 -150
84 -125
-87 -220
168 19
238 -233
-49 -278
79 -10
437 -50
208 -609
76 -195
391 364
137 -38
296 44
-104 -66
-68 -335
-137 -180
-73 -222
-181 243
-658 460
-446 -89
-615 464
150 106
-119 253
73 549
-102 -28
258 -60
-88 292
119 473
278 -289
-349 231
-128 480
-589 -174
609 -122
153 -162
149 247
133 391
211 607
298 -87
-626 219
376 137
-408 185
50 9
-81 -409
-370 -405
481 654
16 1
26 -106
90 -115
-307 -574
-463 -522
39 -420
-264 -111
-299 85
168 582
5 -499
-66 -78
188 -299
-93 46
-285 -233
35 205
355 89
-179 11
142 72
-127 -204
307 204
645 46
-23 -502
-329 141
-138 811
-187 240
-196 -124
-39 400
-469 -105
-399 -79
-345 85
-260 171
-485 -96
-23 317
-267 -1
-69 642
-131 320
-148 -368
196 201
219 228
-41 -98
-57 -251
-88 287
-739 238
271 -222
-387 12
78 -101
-198 326
-353 189
136 -221
103 62
-97 216
-144 354
284 -233
-558 432
44 16
-3 98
-257 292
-121 -512
-147 -173
-259 121
-298 47
139 448
344 -115
407 -475
45 -72
397 -291
97 254
382 286
436 -561
286 285
-66 -81
381 -484
-51 -191
-564 -17
300 330
123 -398
153 -280
223 -417
-284 -239
-143 411
544 -596
-679 -359
-316 23
-442 -191
218 -297
-318 -292
426 280
-58 -423
-40 394
-146 452
185 -424
617 251
-324 -288
-437 505
258 -247
-623 -146
53 -148
-20 89
6 140
253 -131
-181 -406
23 383
-414 129
15 123
306 -52
