-2745 377
-880 523
-2682 465
-1074 117
-2940 713
-1115 -214
-2664 556
-1212 -428
-2901 259
-895 -359
-2983 43
-1083 3
-3141 441
-1083 -1
-2820 586
-1274 173
-2702 341
-1387 485
-2808 159
-1369 542
-3195 -53
-952 247
-2546 -58
-879 277
-2936 303
-1099 109
-3233 -16
-1292 15
-2645 343
-1839 27
-2789 772
-1134 -408
-3174 411
-717 -76
-2894 680
-928 -354
-2849 635
-885 74
-2629 321
-1236 176
-2489 186
-1118 18
-2571 459
-1126 3
-2950 456
-1068 -182
-2995 210
-791 -292
-2772 404
-621 -16
-2902 566
-789 -189
-2466 611
-369 -158
-2530 364
-772 -287
-2961 20
-555 -533
-3148 -46
-498 -92
-2945 178
-486 -87
-2548 257
-743 -341
-2576 525
-700 -480
-2551 425
-887 212
-2120 706
-982 -26
-2429 907
-748 180
-2851 191
-1050 22
-2526 40
-698 -83
-2391 474
-909 -346
-2347 717
-1061 -299
-2921 280
-1236 -288
-2888 -216
-939 -173
-2861 300
-1068 255
-3135 316
-1171 523
-2558 379
-1134 267
-2682 550
-926 -192
-2827 207
-870 -189
-2769 -7
-1121 -236
-2839 -247
-773 -587
-2835 -389
-270 -623
-3032 -20
-436 -708
-2877 119
-1025 -670
-2894 268
-1317 -934
-2928 347
-823 -837
-3058 149
-1112 -604
-2740 -40
-1195 -423
-2303 -23
-1569 -666
-2307 286
-785 -843
-2533 212
-773 -485
-2805 152
-853 -1167
-2454 185
-473 -1118
-2841 427
-577 -356
-2796 249
-820 -349
-2783 608
-899 -328
1262 -2109
-42 -738
1618 -1786
216 -812
1491 -1635
591 -297
1694 -1568
467 -450
1694 -1921
252 -430
1952 -1905
556 -483
1894 -1758
1250 -342
1882 -1575
861 -744
1583 -1314
727 -1170
1503 -1061
584 -205
1872 -1151
219 -8
2271 -1039
816 -438
2080 -705
571 -228
1557 -1004
428 -501
1818 -1220
536 -423
1834 -1158
307 -296
2152 -902
272 138
2059 -537
325 226
1888 -707
608 -126
1922 -348
635 -90
1860 -382
311 178
1759 -501
263 441
1894 -857
498 637
2062 -304
474 446
2040 -201
206 98
2017 -166
230 -56
1826 -215
648 139
1444 -196
1015 167
1794 -105
1130 108
1486 88
861 -196
1405 -105
781 109
1381 195
348 261
1411 -26
907 -19
1927 -221
1139 80
1778 6
967 52
1394 132
627 38
1523 -124
400 18
1958 -110
469 126
1951 38
420 253
1722 301
393 536
1854 134
526 507
2252 248
753 334
2241 247
567 385
1837 326
556 361
1679 183
442 406
2160 189
169 26
2058 591
221 90
1837 193
49 291
1837 628
182 386
1470 530
356 591
1987 478
144 655
1826 466
-102 719
2085 485
-403 609
2066 807
-385 829
2065 529
-93 1348
1640 853
-31 1536
1328 962
60 959
1623 1044
453 773
1779 1262
632 460
1530 1085
707 296
1808 911
268 375
1293 949
280 618
1376 815
145 663
1666 1066
249 615
-252 -89
-225 -706
-35 -249
-350 -453
15 174
-356 113
-208 -72
-140 161
-205 -172
133 -184
-294 -272
-147 -173
-21 -48
-349 262
36 70
-366 288
86 -180
1 538
-162 -56
-599 321
-241 -203
-199 -83
-37 -60
402 -227
-59 -374
560 -128
136 -191
234 -143
-144 -69
38 -374
-101 -256
193 -142
345 -272
222 306
80 -48
345 338
-303 -217
113 220
-420 -406
-199 -202
-223 153
-278 -450
-642 342
-220 -206
-229 68
189 -143
-128 367
367 -63
-503 455
50 -359
-312 266
450 -225
64 257
208 221
162 236
-38 120
365 -21
63 123
407 128
-194 11
512 -168
44 -253
433 139
398 -214
46 -108
119 -420
-187 -125
114 -340
-144 66
220 256
-143 457
372 182
-273 144
-81 -312
-286 52
-21 -321
-301 -60
-218 97
146 30
106 65
107 484
140 -29
-239 92
-19 -22
-15 -347
84 -48
74 134
330 -172
-161 268
170 -257
-10 -43
89 43
302 -6
124 478
306 173
34 -35
75 88
607 -53
-69 -65
167 187
-321 -306
-111 253
-62 -630
-371 130
264 -249
58 -33
236 263
84 46
-183 132
-68 25
36 -17
71 -253
-239 15
270 -138
-527 -158
22 -119
-291 -177
-29 -161
282 57
-140 -58
52 159
287 -39
-68 -177
387 413
-112 349
64 71
-334 174
67 204
-487 132
-157 -31
-357 141
230 89
-267 433
-256 224
-141 -107
-246 80
351 -40
-67 36
-118 406
194 4
-273 231
113 -326
-541 318
-180 131
-925 -139
-614 -54
-566 120
-90 81
-488 566
-108 91
-266 149
174 -159
104 35
-355 -120
-144 -322
-323 -168
119 -151
65 263
-244 75
-276 181
75 48
-109 243
-50 229
-201 286
28 23
70 89
89 149
186 12
-380 -87
728 -7
-352 -363
544 -288
-42 -523
286 -394
467 -451
-163 -585
251 -134
-47 -107
-283 168
-82 295
-186 -189
16 273
501 -101
116 379
230 -302
-253 385
200 -128
-117 -199
-71 78
-80 -69
249 -224
14 -154
196 -294
140 121
145 -537
187 -277
246 -384
415 169
383 -217
-224 176
512 81
124 287
231 -106
-7 593
80 -621
419 119
418 -495
63 26
24 -374
-185 -377
-9 -609
231 -66
-108 -349
675 -47
216 71
519 78
153 246
294 -51
349 -149
318 117
207 112
34 24
30 367
-87 -186
131 483
-26 -53
324 391
-199 275
591 292
-240 -303
550 166
163 -325
446 160
-267 -53
481 324
-80 388
482 102
-195 493
709 -179
-258 199
653 147
-213 85
535 240
67 385
362 240
-182 348
144 129
-60 -42
227 141
257 -89
276 292
11 133
198 6
-195 98
263 198
100 310
-1565 -2441
3655 -1402
-3367 -2969
5097 -1800
-2251 -2380
3576 -1657
-2696 -2178
4339 -618
-1489 -3100
2295 -1323
-2870 -2164
2980 -1746
-2509 -2024
3020 -853
-3291 -1596
2870 -2015
-1408 -2073
2355 -768
-2755 -3201
4380 -206
-1663 -1821
3798 -1125
-3361 -1433
3636 -1264
-2131 -3803
4048 -1399
-3034 -1464
3537 -1046
-3859 -1392
4157 -1066
-2700 -3171
3191 1871
-2268 -2214
3553 -1425
-3449 -1916
3505 -554
-939 -1620
2804 -792
-2196 -2452
4659 -1172
-3100 -1553
3926 -210
-2564 -3640
4116 -250
-1964 -2829
3826 72
-1225 -1909
3456 1056
-3366 -2925
3201 -118
-2337 -2042
3908 322
-3086 -1808
2906 -20
-1489 -2537
5536 -581
-1823 -2993
3044 585
-2737 -1274
3730 115
-1892 -1875
3579 -854
-2962 -1415
4309 -726
-2669 -2719
3114 24
-2995 -1983
2399 -1294
-3549 -2058
4218 1036
-2256 -3860
2792 -972
-1352 -2893
3825 780
-3275 -2039
3693 347
-3141 -2774
4271 41
-2809 -3447
2713 322
-249 -3711
3978 1092
-2886 -2035
2841 445
-3145 -2431
3148 261
-1273 -2743
3504 -52
-3398 -1543
4671 805
-1073 -3033
3818 972
-2279 -2973
3074 422
-1523 -1388
4275 1055
-324 -3413
3376 1737
-2939 -1786
3179 1181
-2134 -2525
3992 445
-2882 -2313
3050 301
-1735 -2135
4282 2319
-2750 -2791
3064 1495
-2057 -2056
3443 739
-1822 -1836
2484 1142
-2657 -1390
5245 1073
-2581 -3476
2154 2460
-2047 -3311
4253 827
-1976 -3111
3820 1408
-3541 -2222
1756 2188
-1184 -4445
2211 676
-3426 -2891
3406 1445
-1644 -3253
3425 1390
1267 1217
1321 -31
908 -766
-155 2196
1280 -642
17 1133
1290 70
292 471
2565 -572
-91 163
178 -598
228 2317
2009 459
-621 1262
743 -1619
801 438
1167 -476
-620 1211
2316 -508
-1634 529
1243 514
947 1645
1415 -282
-162 1758
1111 -1826
-221 -586
2836 199
-16 1343
1754 191
329 108
1466 23
-841 -527
623 687
-592 552
1186 -547
505 430
1228 -15
195 1198
491 -264
-280 230
2177 660
-635 43
2396 -677
-916 1468
1404 2052
-642 855
1196 -775
207 217
1540 1058
758 121
2526 -496
-135 842
1482 -570
-574 1499
2628 363
-622 1071
1578 511
-816 378
3286 -275
509 447
1543 1001
-1034 -274
1700 439
708 805
2896 1511
-616 1577
1842 1868
-685 397
2307 204
-912 235
1983 383
-459 80
2823 2431
-869 320
1783 1431
-1067 633
1116 1905
-113 341
2012 745
-1315 786
1626 2484
-35 1563
1269 1935
-344 200
1175 1112
-1610 208
1461 662
-424 682
1936 1784
-464 -682
1216 2232
-348 1156
1021 -100
-1026 313
1794 1844
-1328 603
65 -434
-1052 1253
1987 2099
-953 50
1148 2119
-864 -185
1443 1008
-395 -1021
-270 1925
-164 -265
1050 1205
-1606 479
713 1731
-1637 1072
672 -224
174 -533
994 1878
568 403
1340 2210
-637 1002
531 1121
-295 999
1798 1635
-1262 -172
967 1592
-865 -271
1448 636
-1534 308
19 2690
148 -213
507 2447
-1615 -553
19 -415
839 525
-328 1191
-775 -690
-640 -620
-1476 138
278 712
928 -164
161 -145
-448 -856
143 651
-335 -749
-392 1443
-783 -1666
10 120
621 -452
216 65
-550 -1543
48 -1015
1439 -1345
-27 691
-543 622
353 -57
487 901
612 485
-584 -1171
-437 -229
-577 101
727 -304
1452 -1175
-221 42
-1353 -908
-1497 747
-25 10
25 -1228
120 -1646
-482 164
180 -963
745 387
1990 -704
-2115 -1057
373 -1059
1013 319
-80 516
348 -9
411 591
-1141 -518
-68 -974
672 -813
1323 126
-455 796
-945 136
-277 1074
473 -646
212 -343
740 -725
-620 1622
-6 -118
-316 -664
1603 -787
-60 560
-422 1427
-331 -958
451 1135
111 123
846 -953
-240 -539
-1268 1042
-1062 197
416 583
443 -745
34 -86
954 -593
1596 46
-274 -325
-1436 879
51 363
155 650
-912 -29
370 373
-240 -843
1190 47
1185 30
436 -482
71 350
270 1167
-669 -481
594 677
727 163
-476 -249
245 232
-829 625
-682 753
193 204
-331 -74
1616 917
-15 -791
-1015 475
448 369
1085 -992
1533 245
-660 -911
107 1741
1282 923
-709 527
252 256
-1046 -837
87 237
911 -172
930 -277
-644 220
195 895
615 -284
-435 293
96 -141
-67 207
-568 1464
-512 706
1 856
-224 419
-29 -1170
-1205 1865
-209 1094
-707 -122
-951 -784
135 288
839 994
-1247 -519
-146 -289
1016 659
-825 1183
-1159 -346
-566 -672
797 -318
656 1006
-297 168
-1213 -133
89 847
-837 -985
-168 -192
122 461
371 284
619 -1265
-1196 -1861
732 493
1335 1283
-579 86
-670 215
-272 -6
283 897
1117 815
177 330
-448 -58
239 -1516
950 738
-1151 1481
-1477 -210
-531 -54
134 -171
386 -1142
-381 477
-1027 1305
260 -435
1986 -84
245 611
-825 201
355 -219
833 1233
1315 -716
-244 138
488 491
844 304
700 1155
-270 -1207
-1089 397
-223 132
-259 -434
-1690 -617
-467 -1060
-330 384
512 1856
533 -292
-353 -32
-855 -326
740 -677
1157 -547
-996 -761
1113 751
621 -572
250 -319
367 476
45 1058
598 -552
-232 -825
132 906
499 1000
-162 102
-1266 -884
-759 219
299 -518
-254 -164
-1051 -179
1361 -630
823 -938
1377 125
564 976
-467 1151
1173 -1727
1196 -857
-122 618
-536 276
-255 1350
-5 154
-395 1083
-1353 -353
-709 -240
705 104
-397 446
-156 -380
-503 -349
-471 -1065
-102 -343
117 565
23 48
379 66
-336 188
216 607
253 -496
634 843
1123 609
427 -131
-1163 -382
-580 75
-145 -182
360 38
-1447 302
884 -82
991 -222
-261 523
233 -1294
-816 -429
-548 700
-200 409
-182 27
755 -498
347 -98
191 -180
173 1222
234 848
-54 371
443 -149
-737 -570
567 909
-273 304
-414 -149
-561 -172
-4627 -874
-1871 -2432
-1109 806
-4043 -2119
-2562 -2298
-1443 -749
-3030 -1235
-3355 -2965
-4471 1598
-595 -2338
-1386 774
-2392 -798
-1600 -1936
-1483 -3468
-1225 -1707
-1997 -1267
-4739 25
-401 -2355
-1733 1711
-1750 -4675
-2380 -54
-1638 -2138
-2205 -1705
-2378 -4232
-3177 2581
-3430 -1851
74 -1698
-1649 -2308
-1414 -1766
-688 -2381
-2125 -718
-1545 -5730
-1878 -374
-1592 -988
-108 -1048
-1559 -1637
-4161 -1496
-186 -3228
-2236 -1015
-2407 -1684
-2420 -2460
-1233 -5193
-2764 2590
-1854 -4127
-2144 -437
-1608 -3461
-3484 -1812
-1372 -5667
-490 -900
-878 -3294
-3812 -1258
-1051 -4469
-2389 -2368
-1957 -2944
-5148 -494
-4047 -2097
-3427 2293
-9 -3309
188 -1908
-1076 -3932
-3039 -504
-441 -2940
-918 -2447
-2640 -2540
-2486 -1233
317 -3025
-1905 -1204
1059 -3466
-2029 -1897
-2439 -5373
-2270 20
111 -1957
-4200 68
-622 -4603
-1596 -743
-524 -4165
-1629 -576
-2252 -2922
-2839 -327
1368 -3279
-6424 1420
-583 -4630
-1523 -1357
625 -2868
-1330 309
719 -3947
-2654 615
1040 -4333
-983 -3006
-2113 -5451
-3853 172
-862 -4573
-2799 1403
7 -2178
-2709 -583
-374 -4524
-5445 2322
-679 -4618
-2196 -2102
-1261 -3195
-2055 438
-2927 -2544
-1516 -489
521 -771
-3637 -1275
29 -3688
-1188 -1218
-1 -3204
-2170 -430
521 -2152
-3278 410
2080 -3693
-2061 -1905
-1078 -1212
-1837 -190
3621 -4832
-3501 73
-2146 -3725
-2582 -874
-1248 -1968
-889 -1271
1578 -4273
-3678 903
670 -3006
-340 -1267
-340 -2833
-3706 -1043
425 -4262
-161 -1587
461 3162
900 1404
1586 -2114
-624 536
-784 -1544
-356 -747
-467 952
-3035 935
1837 2385
1074 2264
-804 -2893
-2225 -1259
-1322 72
810 2992
-2136 1976
872 135
104 2525
-1137 -703
2746 719
588 -1662
-1041 -1287
-1684 -711
347 236
-1420 2107
1334 3197
-1279 -397
1053 772
-597 -376
-854 1067
-201 902
2297 2696
-222 -1668
683 -876
-424 688
-973 948
-283 386
-238 -632
463 1309
143 657
-1155 110
126 499
-1553 2611
1299 -2444
476 -2767
551 -1282
517 2926
-222 1091
128 -1703
-385 1099
-1558 1058
1048 50
95 1445
25 -1686
-552 259
-928 -207
1214 293
-1140 1426
-2495 104
-1783 1914
726 -1082
1451 1489
463 1119
-1125 -928
-2106 -964
-1223 -1520
-752 560
-1989 1117
-143 1096
-784 1279
-195 573
-1711 1589
-1739 -1426
867 1444
-1633 177
93 528
58 -373
-2781 1968
-800 1400
1886 -492
-167 -2232
-1203 -2061
-760 -599
-1658 1193
-545 473
1493 579
-239 699
-1071 11
279 220
-1325 1449
-699 -2671
-604 -467
-499 2685
312 762
-959 -1559
246 677
1032 1699
534 -740
-1916 -919
-680 610
-747 -767
813 -389
-806 49
162 970
966 -793
-1292 -1384
-2301 195
634 -880
-644 450
2745 -2616
654 3005
-1202 -861
-262 -1426
-2830 -781
-721 -1140
-1103 -3251
12 8
-2702 -498
-1011 -120
-358 1433
-1662 -150
-1322 627
-727 1077
1020 -485
145 -1123
-1566 -180
9 -1127
1764 -63
-879 1041
-598 -313
629 -419
1962 883
982 422
3971 -1253
-510 -123
-1905 -2752
1046 1332
-726 820
119 596
635 1036
845 -2181
2503 622
1273 356
-516 -1914
357 -354
374 -938
-254 1553
-1176 -54
1761 -323
1039 -2103
-1155 142
-2715 -1153
-33 900
-934 1473
981 195
980 -419
-562 41
-1974 1938
515 -1021
1857 -599
115 -900
-895 -2738
-1891 2755
-825 834
2605 388
195 91
146 -514
-1303 746
3400 1431
1228 1329
-189 -481
1070 -1920
-375 -1110
-647 -1642
1772 -1046
-21 1479
-998 347
-1880 -462
352 -2329
688 -744
449 -1435
-964 -82
-788 623
625 176
-118 -2967
834 -2084
370 1674
-3519 1515
-1768 -674
638 -1982
-533 305
-671 -732
-1041 -673
-1075 2808
1054 1245
2293 312
3074 -781
66 -1804
-212 -302
-504 -289
-466 65
-2647 1417
713 -1227
3199 -386
-997 -59
2058 -200
1495 98
734 474
-1315 -870
-1276 1108
-1159 654
273 1050
404 399
-323 -1543
768 1465
-1818 -20
-480 -1855
712 2261
-828 222
2025 348
-34 -1054
102 -570
112 -691
-1907 -241
-394 1938
2681 -27
-1045 315
-1468 547
-1079 1259
1245 1612
279 -1570
460 -926
1322 -706
761 169
612 412
350 800
-1718 270
143 1993
877 -252
263 -1414
-8 249
-848 1944
-133 663
782 1362
1412 -288
273 -270
-477 -1133
203 1260
114 1667
557 -2161
-583 -1051
-296 969
2687 1612
-456 635
-129 -1592
1908 954
-600 904
-1442 -1695
1542 -2242
585 986
860 1262
-1052 394
-2083 -1006
1163 -9
110 -72
-95 -1183
155 289
384 755
-194 -957
-1270 -924
-238 1546
3296 3894
1160 -516
-1708 -2870
2312 -390
1227 175
1796 -1628
435 -1608
-1908 -1325
39 -279
104 153
1141 2433
-740 -330
3104 -1938
1253 124
1790 -477
-503 264
-1503 2637
-947 -1543
2784 -1422
-736 330
-1906 -289
-509 -993
1936 -1652
21 -193
-2306 -995
-324 1205
-639 -96
942 -696
-2151 -209
-1488 -2099
199 2499
84 331
520 -857
-195 317
1254 1441
1174 -199
331 -772
128 -2505
-1257 -218
1424 -1
1210 -891
-1643 1669
-1338 1181
2015 -115
-801 -140
-1125 -24
1200 721
-1234 -1051
453 -2042
-1176 1857
-122 1719
-274 -589
-1503 -354
879 83
1177 -65
654 -785
878 1441
-414 752
1799 260
-856 841
-1280 543
-1725 1073
-2384 -1760
1544 -2041
-1090 2391
-80 2013
-183 174
2041 369
-836 -2287
1157 334
-2794 -874
2767 724
-59 758
-1109 -2121
-601 -243
532 1335
28 31
288 1377
-391 548
148 -1775
-655 1757
87 -773
1425 897
21 -1062
1087 184
21 -1164
-771 -1007
88 19
756 1429
1125 -47
287 1094
-337 590
2137 -854
-296 198
20 -775
-1594 130
-1 1390
517 1824
1035 -1095
-558 -299
-1322 -53
-342 1479
-156 -219
252 165
-599 -1922
-234 -686
-1213 1059
-1111 1215
1489 -88
-88 -353
-378 83
3 474
1088 334
3391 3088
-3474 2020
390 1702
-1071 2091
968 5063
-4076 -1636
2853 4170
-1013 385
3942 374
-2968 1712
416 -792
-915 -620
-847 3406
-1940 3114
577 4228
-1006 663
5002 982
-1774 707
1138 935
-3085 3832
-1312 1123
-2174 1162
3214 4309
-996 4196
3063 382
232 1185
-830 3118
-854 452
3439 2511
-5296 314
1434 3404
-1729 4191
-337 2151
-462 899
-1536 2424
-750 -1683
2109 3420
-3556 1617
1587 2570
-1091 1100
2135 3870
-2261 4213
2053 -118
-1427 2901
-270 3122
-116 619
372 3497
-32 2404
-393 3949
-1428 299
2609 2818
-2171 1156
3472 5749
957 593
3909 2360
-801 686
2256 -1904
-3307 272
-2751 2615
-1444 2187
1074 2567
-1706 2581
904 3897
1423 1643
1995 4293
-3124 -752
1270 2918
-2999 3569
3777 5977
54 3473
2681 3065
-1005 206
2924 2366
-1932 3051
1769 2561
-1106 3240
1708 3288
1156 -1404
3034 3541
-4928 -304
4594 693
-3252 2513
2 3386
-2933 630
1253 760
-3789 2581
-691 1320
-4371 5248
588 6224
35 4375
1537 1975
-635 2863
3162 -863
-781 -138
-14 -209
-2226 1456
2409 -1155
-295 1025
979 3482
762 488
-335 419
1389 -620
-8 1693
-2679 -3052
1998 3336
-3963 -2322
-179 4317
-2276 -146
531 2723
-4030 -801
1787 -544
-4080 1843
1883 3327
-2944 -2548
1106 3501
-5640 1294
2314 3589
1193 2750
1207 3802
19 -2387
1497 3199
-1733 1228
1076 3740
-1646 874
-89 5087
-659 -294
2184 4544
-3346 2345
3160 -735
-4022 -4681
1370 -3129
-4300 1055
3658 -1622
1923 2694
2779 -799
-630 -825
5602 -1903
-5112 -1797
1879 -3888
1227 3867
6213 -154
4076 -545
1608 -4216
3777 -3466
1269 -308
-15 -7106
1888 -788
-4374 -2020
-535 -95
-2178 975
5002 1179
-613 -354
4924 -960
-1795 -3186
803 -1757
-2141 -2398
1964 -1317
921 -1713
1787 -2752
-4152 -1586
3148 739
-2506 3163
3186 -1305
687 652
3519 -1169
-483 -35
2041 -1707
-977 -2185
3449 -22
-2304 -510
3384 -3839
-1443 2829
2228 1552
-1056 2166
1958 -4294
-631 -10
1302 1061
-1195 -1573
3614 -1124
-3360 292
1215 -1170
-516 2216
1496 242
3218 -107
-484 -860
3647 -2574
3470 252
1314 -3686
-713 855
-1953 -1723
986 -1393
-166 122
2634 1562
2102 -576
2830 -2347
3121 -1681
291 -736
1795 -3163
66 412
1597 -2405
3028 1326
-1585 -2732
3475 -993
-86 -1713
1579 -49
2955 -3225
2214 393
-3590 26
2260 3783
824 1878
4392 -196
2554 -2919
5000 160
-925 -1042
2809 -69
1877 -755
-219 -1524
2402 -2441
2196 3539
660 -2674
2711 -1747
-989 -3575
2893 3569
-1253 -3467
3176 974
-765 -1320
2242 307
610 -2614
1959 121
-1622 479
1769 2917
-2631 -1712
2552 1707
-840 1703
5652 259
-1441 148
2016 -131
-5040 2633
-92 -1246
-268 2656
460 3196
2656 -279
524 1909
575 4032
546 2781
4758 -1317
546 2020
1179 -3892
2883 2127
2419 -2523
128 750
-1637 -801
-150 2908
1426 823
794 1966
-151 173
1268 303
-618 -2465
-119 -698
-3041 -3150
-376 244
-4328 312
1141 -454
2336 2876
-837 -3425
868 -1752
-980 -3003
-41 -2485
215 448
-4266 1254
-1014 -1319
-51 4836
-1643 -660
1423 4279
85 -645
468 808
-2497 -1003
-2006 1619
1024 -311
5185 532
-374 -2275
3107 -797
-1548 -716
1235 -872
-1210 150
1166 -2306
-1384 2401
-2857 2448
3781 -369
1898 6242
3865 -2920
2184 948
-3921 -1780
196 1346
-1556 502
454 -844
-3187 -693
-782 -1195
-899 624
-1072 1275
-920 1261
1209 1569
-2012 3934
881 -1108
847 1260
2288 -1606
-678 2708
-124 -203
192 2195
1227 193
1941 56
-2033 217
2609 1385
-200 1864
886 -2234
3783 -2608
3429 -237
753 625
1324 -241
1465 -301
1980 924
1770 -3282
-1057 -2416
201 -2899
-3621 1236
-52 1652
-1097 1485
2182 872
-718 1781
4186 -2539
-1387 1003
-1636 -1662
858 -369
-2676 339
-1414 1298
-996 -121
2609 3880
1088 -1080
-445 -1491
-743 1001
-1533 -569
621 2552
-1165 -1070
3695 -1365
59 4340
-991 -1307
1883 -1325
-126 1159
999 470
1804 1039
702 1868
2943 -275
764 -1891
-3167 14
1462 -1434
1947 2709
-231 -3903
-490 -376
-1161 -2185
-1738 2765
-1891 -316
-513 158
-375 332
-917 343
999 371
-1331 277
388 -890
379 2714
-1944 -958
2462 -2016
-1042 -2455
-308 -666
-1845 -975
1407 666
177 1595
-624 -2312
933 734
-568 2735
1970 -338
1860 191
-2231 -757
405 -915
273 1204
-1445 1133
57 -1115
611 3110
-2254 2346
695 -1337
-776 323
61 662
3731 614
-303 1260
1393 -88
2138 2091
1100 1102
2141 -867
221 418
3538 1167
-1404 -2167
-3268 -5012
-2484 1575
851 2793
-2406 278
46 -795
-1814 3963
-367 1191
3016 1187
1034 599
1863 -424
-1751 -1591
454 -849
-2683 1795
998 -647
409 1490
998 -71
2950 -3014
1144 2161
-2783 1168
883 620
2205 1435
-222 1845
-2483 2032
-1 884
3074 526
-315 -1050
1822 872
-2033 537
3170 -164
1453 1442
801 -2595
2268 -1403
149 270
552 -840
-536 -2483
-875 2237
-1595 1942
-768 1692
1740 1670
-1576 -54
-1223 3132
3434 -1944
367 76
-1947 861
-344 635
1058 1509
-3022 -344
2098 1630
-536 2771
1499 -2162
-29 -933
1347 -951
1695 671
-565 -62
350 3616
323 1017
-2564 -92
1875 -102
-1002 1113
700 -970
493 3251
164 -2684
4093 2573
-2681 1299
-295 -1447
-1086 -1855
-1810 -2176
-2819 -1512
655 2603
-1543 -650
6132 -1528
-2715 251
-98 -1906
1881 5681
1325 -495
1585 -1431
-39 1254
-427 432
1388 -1038
-1389 1804
722 -2404
-1671 2932
-1976 -1769
1305 2939
-3078 1024
507 909
1156 1682
661 -1273
1045 -3152
-324 -719
-1405 -1996
532 1161
-2310 1457
313 98
-1306 2007
3823 8
-1075 332
1482 -1925
195 1774
1781 1584
3236 -362
125 -1587
54 485
-1012 -389
8 577
-1284 -69
2466 -2443
609 -1136
-1813 1123
-639 -1227
1207 131
-256 -683
-741 995
