1394 -562
1796 378
-2940 713
-3195 -53
1916 -2441
1833 -2278
2228 641
1921 807
1792 -14
1951 103
1068 -1034
1444 -596
1521 -3632
829 -3444
-433 -873
-93 -1140
459 1696
222 1183
-1115 -214
-952 247
1499 -577
1602 -174
-1385 642
-1532 348
2033 719
1553 1057
-944 -1456
-671 -1856
265 -398
817 88
-128 -279
-267 -312
1884 474
1956 726
1491 -1635
1872 -1151
-1074 267
-998 192
-1276 -627
-1107 -820
187 547
199 422
-263 593
-649 90
-1057 -39
-1330 -423
-939 437
-1362 -348
490 -198
544 665
591 -297
219 -8
-188 182
427 71
-782 284
-494 -17
521 -165
770 265
-172 309
-480 296
-220 -346
-108 -385
108 -112
425 -150
261 -169
142 -41
15 174
-241 -203
136 -132
-532 83
277 -532
-176 -28
434 -215
8 -254
132 -70
249 524
108 336
95 185
209 -111
61 -114
-248 391
619 -9
-356 113
-199 -83
-35 203
308 -186
18 -101
537 -34
276 -383
-114 -145
52 105
-185 86
-445 -148
155 -80
114 -112
-50 9
115 395
354 -124
-267 433
-488 566
-151 225
-209 94
-201 -281
-144 -46
-83 121
-240 -130
6 -32
201 -147
-136 -15
-246 192
-265 -49
252 -38
-303 -79
-54 172
-256 224
-108 91
-268 -168
200 68
-6 -52
19 -517
-248 -384
-408 -125
244 36
-97 97
-82 695
39 589
-43 -129
-293 223
1607 -349
1282 -122
-2849 635
-2466 611
1757 -1807
2243 -2406
2886 1067
2901 1342
1810 548
1491 243
1228 -454
1147 -943
1740 -3207
1981 -2814
83 -1737
436 -2190
-154 1509
-568 1538
-885 74
-369 -158
1126 -621
2189 -418
-1125 250
-1267 -30
1527 848
2028 884
-178 -1826
-621 -1438
667 -383
548 -105
-434 -359
-176 -520
1621 1281
1223 2063
1888 -707
1826 -215
-1509 -144
-714 60
-1424 -368
-1171 -1259
-31 569
-271 273
-666 -560
-411 -196
-1129 -775
-358 -482
-618 272
-1082 -377
1002 331
298 850
608 -126
648 139
380 -315
-130 -308
-286 -492
-288 -490
219 132
174 -225
-433 534
-638 -166
-235 -452
13 -310
-73 -25
345 -257
-500 355
-183 72
-303 -217
64 257
3 -10
-132 24
162 -160
-241 274
-86 329
-210 -304
580 -375
39 343
674 176
106 -207
95 455
307 -78
183 216
-213 69
113 220
208 221
456 -26
-31 -167
260 -49
471 118
-250 183
236 146
-138 -358
-501 60
150 -144
140 -315
-26 -129
99 -166
59 274
-372 102
28 23
-186 -189
-238 -170
258 74
-343 40
-176 -161
-114 289
223 61
-221 552
176 -193
623 -489
373 -333
-229 -41
-13 -164
-19 94
223 46
70 89
16 273
-69 161
397 -104
-157 -174
-56 -219
-355 299
44 -406
280 -451
-142 144
-503 -63
-632 -111
-418 339
105 373
1391 -910
1322 -322
-2120 706
-2861 300
2033 -2062
1815 -1532
2348 1498
2597 1446
1363 402
1575 432
1384 -781
1827 -723
2118 -2906
2386 -2229
-71 -1494
213 -1792
-217 1147
-885 1413
-982 -26
-1068 255
1992 373
1472 165
-973 -240
-1203 -239
1453 1900
1474 2024
-426 -1660
26 -2029
57 -70
792 -85
-35 -130
133 68
607 2125
881 1958
1778 6
2241 247
-750 -334
-1054 -439
-669 -1263
-471 -1868
-557 836
-272 186
-232 -685
151 -204
-339 -552
-323 -773
-963 -878
-513 -911
228 1094
235 731
967 52
567 385
298 -171
68 313
28 88
-368 -231
1 689
89 358
-675 9
-362 39
-43 -208
515 99
27 515
200 125
-344 -313
33 -152
-144 66
-15 -347
40 -87
-232 261
-37 372
-162 595
-579 184
-238 -70
5 7
-64 308
140 106
-221 -290
316 -485
213 74
231 98
20 -63
220 256
84 -48
-309 -129
446 -94
411 333
-317 391
482 76
147 -318
62 -113
227 -58
110 26
286 344
111 32
-66 440
-165 -83
-457 15
246 -384
-108 -349
-119 359
215 -388
-430 -7
10 53
353 -288
204 -212
211 -556
-368 -172
624 245
380 -56
353 154
-146 -292
248 -69
40 85
415 169
675 -47
-40 -24
-455 230
-72 201
139 -16
-67 236
190 51
120 159
137 38
-439 -273
-118 -149
-348 -25
-305 395
1763 -610
1156 -622
-3032 -20
-2533 212
2056 -1962
2061 -1112
1800 1713
2359 1607
1814 549
1753 346
1481 -274
1587 -409
2560 -2295
2458 -2439
567 -1201
316 -1751
-650 1215
-586 963
-436 -708
-773 -485
1606 -332
1694 747
-1563 -614
-1318 -463
1438 2320
-135 2304
22 -1546
956 -1700
403 99
658 -119
50 389
603 -361
278 1410
-382 2132
1987 478
1779 1262
-591 -773
-420 -1556
120 -1735
453 -1197
-583 -103
-141 448
41 -624
224 -213
-435 -799
328 -1054
-101 -1791
418 -530
-872 607
-219 609
144 655
632 460
32 642
-165 161
583 36
-162 -485
-141 469
365 122
-209 68
-760 -436
252 -211
-430 102
-201 257
338 -222
-540 -147
115 98
-321 -306
-291 -177
275 -129
99 272
324 -71
315 -12
343 -95
33 98
-61 267
-622 195
-362 -305
-314 127
-103 -141
-355 -222
71 150
-293 271
-111 253
-29 -161
271 49
284 163
-336 155
-501 24
682 -64
488 107
325 57
-100 64
420 102
68 634
132 474
149 239
172 13
47 11
591 292
362 240
115 -417
205 207
539 -318
206 -711
-108 174
-23 834
-19 -184
242 301
-563 434
356 51
-129 -255
-30 -81
225 36
163 -237
-240 -303
-182 348
266 -115
77 -198
226 -68
30 -85
72 -71
-237 289
-176 -508
157 332
-151 120
-403 277
-195 52
223 -182
-3232 506
-4186 -519
-2251 -2380
-1663 -1821
4485 448
4892 1838
-638 207
417 2664
2881 -106
2762 -1067
1422 -491
4233 -1116
446 -463
1163 999
-1143 548
-971 587
-729 -404
102 1340
3576 -1657
3798 -1125
-1822 250
-2335 -1807
-568 -3096
1563 -1389
-334 1236
-1777 -131
502 454
-581 816
1071 -197
1735 957
1036 417
-222 -859
1332 455
918 -818
1280 -642
1243 514
1835 840
1383 705
1821 1677
1319 1662
1283 249
1436 2122
-206 384
698 84
315 877
193 537
580 672
484 586
-945 1278
197 -1743
17 1133
947 1645
-187 -797
-460 -619
803 -851
655 892
-155 -777
-1450 -666
-282 -507
335 58
-520 893
476 186
-463 511
509 -158
359 195
-455 99
-640 -620
-27 691
-918 728
947 -426
-582 1531
1765 83
-155 -901
567 -526
335 175
279 -1603
729 170
-706 480
-195 -1246
-422 -593
-158 -1218
461 453
-1476 138
-543 622
22 -1032
510 -360
-783 887
-386 714
1183 1008
-441 -219
530 305
-932 16
1340 -814
-839 -201
-650 252
-279 -225
3 -529
239 502
-566 -672
-272 -6
-152 -753
-568 -123
243 377
-699 315
-549 -496
110 -302
134 -407
-504 76
667 -622
699 -1138
245 648
-820 -519
-789 507
39 48
797 -318
283 897
275 -1031
-1054 1304
810 -1225
170 190
633 1450
1091 178
-432 -1071
-634 91
-1056 -671
465 66
-290 -751
697 -1300
-5003 -68
-4151 345
-939 -1620
-3086 -1808
5823 18
3877 885
-1305 -166
-900 969
5036 -1008
5242 726
4194 -1037
2832 -155
-1380 567
466 -465
-1262 1970
-1047 2554
23 -645
-674 696
2804 -792
2906 -20
-1347 -1677
-3325 -2094
1703 -1834
1080 -1810
-1457 -130
-1865 1828
-1069 749
709 -30
1847 1114
1595 1449
80 -362
910 1102
-186 176
831 -482
1228 -15
1482 -570
2413 1829
221 886
1602 335
584 1862
564 2562
779 1407
1854 209
-177 336
-199 880
-1105 255
54 17
290 -109
-379 -928
-520 -634
195 1198
-574 1499
-1337 -745
-400 -907
43 319
159 525
216 389
34 -483
1450 -168
578 -767
865 1383
248 483
640 302
-1025 376
1466 -1127
1179 534
-482 164
-277 1074
-231 -87
662 540
-1424 -33
-293 -457
-721 489
368 -13
789 375
-103 -730
-1384 170
-748 493
405 -869
396 194
-1083 -295
-532 12
180 -963
473 -646
-1899 -804
-1225 1037
868 -266
-1403 -67
-521 619
-14 -876
-1333 599
408 -1627
-391 449
-532 -33
-13 1046
-505 -408
-135 661
304 296
245 611
512 1856
900 -75
243 -1277
1220 -159
-708 -749
1077 -356
234 -1051
683 -645
-841 952
-2003 425
-19 172
721 -429
532 213
-118 174
-567 655
-825 201
533 -292
1002 -186
1577 -467
272 1183
-276 -97
902 -171
150 772
-503 457
-28 -330
-356 883
1786 368
83 81
-519 -749
-4416 1196
-2122 -633
-3549 -2058
-3145 -2431
5519 2199
5102 691
37 1998
-1193 996
3642 -210
3458 624
2298 -622
2313 -1022
-318 168
352 -207
-245 577
-2106 2219
-789 505
-152 416
4218 1036
3148 261
-1095 -436
-721 -858
1376 -1776
2114 -620
-923 154
-1682 -106
1038 446
707 1429
-243 1910
1012 1287
-100 299
-322 373
1153 222
-237 -855
2307 204
1175 1112
-835 1496
-905 1268
-216 1322
-399 1159
831 1272
90 2066
333 936
976 -549
-646 560
-453 321
1367 1440
-276 216
-163 -1368
-1302 -345
-912 235
-1610 208
-1070 -434
-1086 -626
-606 -1582
640 -1114
177 -512
212 -270
481 990
-377 661
179 -601
-1487 -224
509 -1925
111 386
293 4
-154 1150
-1062 197
71 350
-451 -99
184 716
419 -458
-244 -10
1441 -611
56 758
674 -24
-811 167
985 -184
288 1183
-83 992
-702 870
110 -213
467 640
416 583
270 1167
1735 7
-333 -219
72 484
415 635
234 -52
207 295
-1292 -716
-918 -1533
-30 -165
590 -839
-564 512
107 -309
-284 1006
-351 247
-162 102
-5 154
-3 -252
-921 -653
194 111
41 -314
382 355
260 451
25 -461
813 -831
-495 -893
-808 -557
-547 -187
739 371
-1088 12
-325 -397
-1266 -884
-395 1083
-733 438
130 -486
1231 -382
-214 380
-941 452
-1015 -582
-79 -279
70 662
760 498
-198 -177
665 1269
24 -690
-4500 -239
-4085 228
-2134 -2525
-2047 -3311
4503 1466
5036 -863
-858 675
-326 823
2607 -1246
1925 1396
1893 -300
2322 -704
203 568
780 -806
-3013 294
-1561 1300
-34 -375
-920 795
3992 445
4253 827
-1396 -1137
-802 -1512
2385 -2363
1459 -2194
-2123 24
-2030 -453
395 1543
-1545 639
721 1131
1209 1855
738 -11
-401 679
-1087 1595
374 41
1148 2119
531 1121
-976 1923
-1403 1939
1664 1680
-1301 752
-1177 1960
-2546 1951
-762 1137
-348 576
175 -1403
-192 -35
-37 1429
-175 -253
226 -329
564 -603
-864 -185
-295 999
236 -888
287 -812
-835 446
484 -635
-318 -360
-207 169
693 151
1146 280
359 -671
1525 95
-177 -980
-1069 35
622 1203
-1079 -633
1533 245
-568 1464
-1907 809
177 -176
298 1055
-692 -1127
-1546 -1407
404 1058
-441 415
-226 633
-1006 869
-1024 -277
273 456
282 -644
-299 -1401
506 -378
-660 -911
-512 706
-1745 -143
-1408 94
456 1185
766 641
330 -1082
-581 128
-728 577
1513 -388
535 289
108 452
-687 -317
-584 1447
-1083 -710
-915 -1032
634 843
755 -498
1204 441
292 -1432
-734 93
-92 506
194 487
-794 -78
61 22
1073 638
1072 785
-993 867
302 291
-653 -358
-868 410
-147 597
1123 609
347 -98
-945 -520
619 -95
-336 2493
-1338 -22
-1424 -711
1281 1505
-689 291
-445 310
501 -241
859 6
924 -424
-540 -201
-250 1124
711 464
-2562 -2298
-2380 -54
-1064 -1980
-1019 -4477
-539 186
-1872 -2291
4297 2364
5370 4364
2299 -652
-3959 -929
-4542 361
-3084 -2580
148 -2450
-1827 -2081
2293 309
-729 -1021
-1443 -749
-1638 -2138
3848 -3447
5123 1127
2777 2963
-419 343
-1659 -1394
57 143
-792 -659
681 -503
1298 1662
-327 943
-1918 1012
-320 1978
-776 -2199
890 -364
-624 536
588 -1662
1009 -455
-390 450
-2516 -2983
-1441 -2059
1066 1186
1041 -1167
254 -2412
-1105 -1142
-1391 1587
269 1403
1109 -1839
1183 489
1495 -853
-571 2877
-784 -1544
-1041 -1287
-671 713
-1325 566
-980 156
-764 -684
-611 1318
-5 414
853 749
1325 -1135
1617 -1066
-2095 35
1326 -1472
-1756 773
-194 156
657 -77
982 422
1761 -323
1215 -741
-95 301
961 -1577
-2218 52
194 899
515 2979
-1152 -41
-1542 855
-1352 -667
588 -146
275 1291
568 -57
116 -493
-2525 -1209
3971 -1253
1039 -2103
1236 1140
-1153 1722
1515 -1491
1072 -1108
-3234 363
-945 -486
-1523 1130
906 395
-1829 649
631 233
-625 -597
267 -136
236 -1694
-811 -1043
860 1262
1796 -1628
627 2594
707 226
-420 1632
1755 313
696 735
-725 -527
-707 1014
165 296
-1308 451
-1329 348
183 -1075
1611 936
3046 -1339
-466 -315
-1052 394
435 -1608
-746 2391
1571 -2891
-424 1852
843 1242
-413 -1828
-1182 -559
-533 1544
353 -1097
2723 -923
-1162 -1738
-1015 223
-372 656
724 420
1470 -691
-4161 -1496
-2389 -2368
-1199 -1271
719 -1466
-1035 891
-1976 -247
2978 4006
2697 2938
-2584 -981
27 625
-459 -2420
-3286 -1805
900 -2824
-677 -3480
946 785
1922 -527
-186 -3228
-1957 -2944
3359 3500
4853 3531
-962 -69
-410 1491
377 761
300 -3433
721 -771
649 1264
173 1530
231 1737
-41 2199
750 -220
2031 -274
495 -367
-283 386
95 1445
-385 2095
-1138 1505
-1907 -208
-166 -806
1562 -2078
538 1204
-2334 1433
769 -956
284 -255
238 -508
-904 733
369 412
-272 1071
-589 -449
-238 -632
25 -1686
1293 2197
2803 1654
623 -701
289 -292
-240 -1364
28 929
-1992 -1035
144 1868
34 -1460
797 326
621 308
-363 861
-2477 1515
-1649 -1108
2605 388
449 -1435
560 -1198
-775 -535
2108 -209
1595 -170
-114 -1794
-630 3392
-1662 1123
1746 1289
1025 113
225 -345
-663 -1035
-638 -1934
2999 1707
993 1370
195 91
-964 -82
1381 304
1716 -1984
-834 1939
1148 481
360 -1442
-612 394
-316 -602
-722 1401
-225 -1536
1675 -596
-294 -825
-312 1173
1326 -1266
-116 1381
-509 -993
128 -2505
-2680 147
-2418 518
-2436 -1177
428 491
-29 70
518 1058
-312 179
553 302
869 -379
-681 -231
-303 -253
-563 1436
1551 2191
-557 -1416
1936 -1652
-1257 -218
-1565 411
-2632 965
630 -1261
-366 1141
-2301 -131
-487 -732
306 -1076
1472 -696
1454 -1591
-2320 -444
1405 -1311
-440 -78
1513 110
-2330 1742
-2029 -1897
-1330 309
-1508 -5039
13 -2866
-2289 -3245
-687 -592
4674 4824
5116 4540
715 943
-28 2142
-1206 -1901
-2821 -1829
-386 -1622
2874 -2127
1454 -847
1473 92
-2439 -5373
719 -3947
879 797
2955 862
-2561 2580
-882 -303
-183 -1247
-247 -479
-2373 -137
-403 -1750
2821 -410
93 2590
-586 599
-375 187
860 -1190
784 -411
-143 1096
-545 473
876 393
532 1527
-844 311
180 137
-94 105
966 -55
-178 -350
-931 -565
168 -1617
-107 -1582
-2697 86
880 586
-1027 1064
1267 170
-784 1279
1493 579
1431 -197
1884 235
1081 2582
529 2215
-312 -188
-714 79
1684 -1479
103 -1044
467 443
2374 -150
-1505 1882
72 -10
845 990
1206 -1005
3074 -781
404 399
653 323
-502 -2098
-447 432
1694 -461
-1296 1502
957 -1520
-459 1115
1324 328
-1412 45
-588 -818
915 -1694
1223 -905
-243 608
-243 -513
66 -1804
-323 -1543
-1141 932
210 713
-131 471
-427 607
-583 -952
-1398 -1038
1322 751
981 1453
1051 -7
-1381 -44
676 -1673
541 950
73 -539
713 1456
879 83
1157 334
-1068 -1723
126 1955
773 -1315
466 -678
453 -1533
-461 -43
-70 2127
-604 1202
881 979
766 1380
367 315
-594 -19
883 -1571
1884 242
1177 -65
-2794 -874
976 573
1616 214
-3548 -477
-1656 535
1952 -1635
1333 1338
828 731
-422 -1870
1057 1078
827 150
-713 -1981
579 -177
-136 1487
225 1479
-2055 438
-3501 73
999 -3773
-1123 -512
-375 -2025
-1496 -37
5804 7678
5569 2988
1653 212
-469 455
-992 -3492
-3211 -92
4265 -851
3039 -805
740 1163
-470 -376
-2927 -2544
-2146 -3725
3013 3159
3318 2638
-286 2240
-342 1756
604 -2520
2762 -2232
-16 -1652
1840 -159
-1190 2432
-2884 1606
-2527 -569
-1449 -2608
3459 -1309
1458 570
-747 -767
12 8
-372 448
630 1447
-2374 -1027
1160 -945
1572 -93
1952 -533
800 -675
1761 -498
-1837 2159
222 -320
-515 1430
4 -525
861 -1326
-709 -244
813 -389
-2702 -498
1316 686
361 2227
151 -434
768 590
1215 708
-1263 567
593 -471
588 1158
-1197 1425
-1553 -1467
148 1079
1189 828
-457 -1376
1652 1559
-1079 1259
1412 -288
1590 -2093
-899 -616
-1486 -551
-1013 1451
2142 2089
-1342 -2668
-197 -261
2521 -774
2531 -648
2780 -232
489 -463
-1025 2092
644 2614
-859 344
1245 1612
273 -270
3230 -634
36 -128
327 -1141
-1518 -147
-1567 1471
-187 -1124
1189 -2107
-1325 -454
-981 1148
1116 -1211
-420 258
60 -2329
62 1338
112 -306
21 -1164
-342 1479
-1315 -536
-301 460
1539 54
404 1388
502 257
771 -1340
72 400
-1698 -2926
-942 -15
561 -1551
557 15
636 -130
436 -401
203 -901
-771 -1007
-156 -219
1047 138
-1070 -65
108 -4546
677 191
2730 2440
-1241 -2346
1971 1017
-55 -1313
-298 484
-671 -1529
-1646 105
421 414
-3340 -5528
-2994 -175
968 5063
-1312 1123
4016 -1570
2710 1658
1626 -2519
224 -2792
2721 611
3038 1052
-2766 951
4857 1568
6160 -915
561 1219
816 962
5568 -755
-5102 2523
887 664
-4076 -1636
-2174 1162
1728 3393
1691 278
-4379 2199
-1581 2542
2776 -149
1926 2259
2365 1169
1771 944
-1851 -2179
917 -145
4075 88
2427 1345
196 2231
-1597 1037
3658 -1622
-535 -95
-467 1163
2586 261
2841 3668
1514 3076
-1405 -2215
-600 395
-188 1056
448 -643
1779 -2035
-3281 -2116
-2212 2534
-1653 -2368
-693 1181
12 -1501
1923 2694
-2178 975
-639 582
1768 81
211 -314
661 464
1352 -1907
2004 358
-1342 -780
-2943 1594
-2537 811
2098 -102
-2381 2452
2065 -1182
-1092 -188
-532 -344
-376 244
-2497 -1003
-683 226
-1802 1461
806 898
471 -32
527 -289
-751 -4145
619 -823
1335 918
-64 1134
-1041 439
-1255 -2602
1144 916
-655 2423
4270 2123
-4328 312
-2006 1619
-2209 -72
1047 -120
-2014 2589
-783 3137
4231 -1354
1694 390
1039 -1928
778 -3124
811 185
268 272
2115 339
-220 1297
119 5285
1533 355
-776 323
-1814 3963
-933 -3059
1009 868
1863 -3962
-1132 -1064
1287 -77
-129 778
2277 -1269
-237 67
-374 -1196
2643 1232
-568 -55
711 -1178
-5083 1247
952 -396
61 662
-367 1191
964 -2775
-593 3062
322 -1846
-1068 -3199
-184 440
1347 -74
2218 -1664
387 2043
-3097 3973
1295 3691
930 3515
-833 805
-1799 -2678
-5349 1513
2109 3420
3472 5749
517 -486
2597 -926
2156 -3272
6304 -1874
2780 2271
1495 3239
2201 1813
-690 -935
-5 2061
2864 1753
-118 -1443
2753 -2047
-1284 1136
-4161 3399
-3556 1617
957 593
3025 -3109
4872 -2824
-889 4537
-1042 1706
185 574
2492 5002
932 452
-2205 -679
-1115 -3165
-991 -3786
2072 -256
-1634 805
-1789 -1342
-776 1527
3519 -1169
1215 -1170
-774 -2567
3582 187
2135 1693
92 1067
-819 705
539 -3131
719 -4817
-374 -85
-2801 -1173
-1105 1391
1685 -843
-1094 708
893 1
1280 2980
-483 -35
-516 2216
-679 -4506
-4870 -2440
-681 523
209 -4
-271 498
-599 -1315
1336 2092
-450 -1636
-2489 -23
-2054 -1040
-1753 -1915
2616 -2352
120 -979
594 1395
-3921 -1780
192 2195
-902 2450
600 -864
-1785 32
-2509 1531
1102 2349
-233 -5387
963 -3536
-2017 -825
876 -1092
1025 -513
1301 2253
2017 3329
-3890 -2956
-2780 -2715
196 1346
1227 193
-97 786
-1148 865
-84 -2372
-759 1418
-330 1897
732 288
2390 93
-134 -351
-25 2577
-2307 276
664 -81
1061 -2109
-1004 1968
-175 -3131
-222 1845
-768 1692
2488 -41
5401 954
1783 1554
1019 -1419
-2649 1197
-341 -182
-375 2128
926 -2089
3150 -58
1634 -614
-521 536
356 -2084
-2824 -3409
2418 1262
-2483 2032
1740 1670
964 -340
2282 -1267
-2015 2249
1211 -3778
1847 510
-436 -1291
512 747
-2403 2424
-1680 -450
328 682
-3639 3347
2988 1824
-4649 -2809
-1515 -3164
3777 5977
1253 760
3020 2234
176 2164
3366 -442
2179 -3415
284 1680
-1305 -309
-1654 -127
385 -2120
-1977 1786
2492 3765
911 -810
-1390 -1255
-2355 2458
-3986 1389
54 3473
-3789 2581
6087 1343
3176 3221
973 -436
-3132 4046
-246 3233
1318 1733
2644 -870
-74 1130
-3883 750
694 -4552
810 2034
976 1917
-2247 1322
-129 1942
291 -736
5000 160
608 1773
209 -406
115 -466
-1539 -1786
-1170 686
-700 1186
681 -2098
1912 1323
-1642 1970
-204 2176
1724 -913
-959 -1509
1569 -651
-995 -650
1795 -3163
-925 -1042
-397 863
-543 -1574
1063 -2214
-1308 -3021
483 1304
1276 -515
-4005 252
3 660
-848 78
-1183 -179
2059 431
968 -1614
-137 -1427
-1089 55
-3621 1236
-1533 -569
-435 -1676
-930 2038
95 -562
-3477 1545
-822 -351
-2291 986
1585 -1726
-29 -1053
1587 810
560 169
542 1884
-732 564
-243 -2406
421 -1076
-52 1652
621 2552
-1009 -2400
300 -2443
-780 -809
-804 -1770
-377 1592
2302 600
399 -795
-651 -1019
-2378 -402
2728 372
-1457 1722
-405 -1717
-684 1156
-833 -2566
-565 -62
-1543 -650
1026 3622
1559 -2086
-1113 1634
-1167 2780
687 1070
787 -1242
-663 -3450
-1474 -611
281 606
1757 -1867
392 1105
-216 -1294
193 1588
-1423 1032
350 3616
6132 -1528
-2237 -2879
-1803 396
3702 513
2813 -1227
-2687 1331
735 -1123
-335 903
419 2547
-4028 -3426
-1364 883
-1050 1242
-666 2830
-836 -4364
-2373 -4842
-335 419
2314 3589
1457 3165
3040 587
1435 216
2703 -2594
-1938 -1421
155 3104
-2522 843
1885 126
-204 2720
3021 535
-1902 -2268
-3016 -2560
-3122 1347
139 455
1389 -620
1193 2750
2684 -910
3075 3063
-3594 -695
-3164 1339
2532 4384
-2594 5584
1601 2609
494 1299
3520 -1567
5095 -1558
944 4504
1756 6630
-2526 363
-2737 908
1959 121
546 2781
1757 -224
-1272 -727
86 148
-330 2341
-811 590
730 1655
2430 -1427
-306 -308
1279 -3583
-658 -1132
678 -3805
-43 1257
-2968 1488
-1079 592
-1622 479
4758 -1317
-2296 -1946
-1229 -3086
1097 651
-998 439
-2048 -2042
4047 -1126
-1267 1775
-4017 -3360
2729 -1877
172 2875
-30 172
-326 -2363
-886 292
1016 -716
-231 -3903
-1845 -975
-608 1559
965 348
1347 -2436
2254 -1830
-1444 -887
2191 2787
1124 -373
-3543 286
-2389 -1356
-2336 2031
-655 2023
-5 -3266
-1121 -2678
1969 464
-490 -376
1407 666
-2104 1002
3895 -349
-1843 284
108 -562
2442 -1258
1463 3466
313 3262
199 1231
1187 -2651
-641 2371
1571 176
1261 1066
848 -2219
447 1001
507 909
125 -1587
-1268 -1752
-330 -235
-1893 -267
87 -4222
-565 -2967
-419 2927
-377 -2520
1060 3354
-1146 234
-273 590
-2381 -603
-1060 900
843 -524
-412 598
1156 1682
54 485
-955 438
1297 -439
1715 4006
2059 -437
-3037 -2803
623 2750
-3642 -2332
1522 1407
-1116 156
-1220 2162
802 336
1582 -2082
