8423 -10541
8339 -8895
8001 -7836
9288 -5217
11604 -4823
10111 -3359
7588 -7188
13984 -1880
9559 1011
12498 -3722
10099 1434
9652 2976
12478 -1440
10023 1349
12270 1102
11003 7021
7696 7906
12006 9211
4660 8019
4341 8128
4832 6391
3167 5560
2587 7311
-1702 5562
4603 412
3271 -150
1440 964
1763 9170
3552 3849
1877 1174
-12 1960
5440 2441
7178 -457
8886 402
8250 5782
8042 2163
8518 5738
8530 9337
10767 9927
4059 9757
2702 10050
5527 16175
-667 11323
-1401 9169
2199 12226
-1213 13389
-6106 12923
-6039 11334
-8947 8610
-8942 9039
-13629 8664
-7920 5722
-12404 3996
-6012 2296
-14287 4
-9120 2348
-9994 -1687
-7548 -1262
-5315 -1999
-4176 -6139
-7088 -3359
-4552 1882
-4361 418
-4056 -3112
-2555 1594
-1610 3816
-3812 1061
-5092 2562
-9735 -479
-7903 -1109
-9451 2339
-7313 2700
-8332 -3102
-15777 -5429
-11862 -3446
-8869 -5679
-8032 -7921
-7737 -6419
-8905 -10430
-9707 -7157
-6163 -10613
-4075 -15980
-1481 -10969
-950 -13447
-4201 -12641
-246 -11756
323 -10512
1628 -10189
3425 -12409
4159 -10954
7105 -9653
5042 -5032
3581 -7153
2496 -10528
1196 -7389
5287 -4442
9290 -5061
5586 -5932
10511 -5694
9246 -5263
7714 -552
7651 -2926
4828 2130
4410 1007
2629 856
6437 -333
531 -1894
5474 1077
1948 1232
2613 2441
-3159 1427
-7337 -1957
-3181 130
63 -4755
-4043 -4984
1128 -7808
-253 -7995
2468 -8874
6527 -11947
8330 -6886
11084 -10960
9476 -5430
14657 -589
10359 -2588
8895 -1467
11715 2541
12520 2646
11876 10945
12909 10995
6440 10956
4868 10255
382 12127
-1649 10384
-3038 10132
-5841 10977
-4027 9955
-6640 11945
-13673 7047
-8518 2609
-8694 -1855
-13855 1367
-11363 -1208
-8807 -5644
-7038 -3933
-11784 -6435
-3835 -10203
-3387 -7378
-2857 -8663
-1773 -4375
-239 -6539
-2952 -6886
-203 -11690
-832 -7013
4161 -5296
6121 -8763
3700 -9837
1105 -3939
5329 -9178
1763 -7175
7655 -7178
3802 -7621
2495 -7138
83 -7795
3254 -6178
5155 -3641
7544 -5106
6466 -1603
5379 -4357
2214 -3670
3410 -3030
5342 -236
10006 -3413
5075 -1809
3457 475
1271 -1962
3131 3890
5417 -3125
5846 -2935
4344 2498
2895 -2805
2580 -1239
1414 -2122
4709 2285
805 -408
-2945 734
-107 -841
-1938 1382
2570 -1887
-2856 -688
-3731 -3551
316 -3393
2167 -4472
1212 1330
1866 828
-2107 1439
-3221 3962
-3392 -2077
-3037 -3296
1874 -4210
-5080 -2104
-3174 -2021
291 -4312
785 -4193
-46 -6737
793 -7128
4162 -6350
1078 -4851
-1889 -3419
3925 -6271
6830 -4664
429 -5099
6450 -5315
7735 -7405
7753 -7248
7441 -2878
6559 1109
6039 -573
2909 3948
5965 3587
4259 3235
4583 2998
1999 5828
4033 3775
668 6181
-2737 5574
-3347 -214
-2357 3547
-3065 3562
-7646 3536
-5233 -645
-6701 -646
-6689 -4182
-8343 -1810
-6179 -4936
-5889 -7320
-5435 -8222
-6147 -6476
-8545 -11160
-4514 -12591
-3007 -12901
-1243 -14752
119 -13617
724 -15823
3819 -13483
882 -13348
3948 -17020
8328 -13856
10135 -17004
13612 -14990
13317 -13115
14805 -9202
17048 -8710
14980 -11312
16945 -3171
12307 -4109
14539 953
16863 2595
13269 441
16007 3512
9794 3669
9188 6255
5683 7271
2594 6432
3076 7330
5592 6827
3988 4955
-1851 3333
2944 3756
-13 -1508
-1374 3720
1753 -2101
-990 1346
4400 -3908
2647 -6101
-78 -3991
1458 -4675
4596 -1815
3259 -1026
6167 -1361
1545 -3711
4981 476
4945 -3744
7223 -3380
3832 649
5189 -70
781 -1467
-1912 -3842
2605 -4059
8193 -5941
7240 -4371
4594 -2523
5475 -3415
5774 -7020
7260 -8497
5042 -7280
9397 -5252
9870 -509
11115 -3881
8856 -3807
9586 -3435
11197 -946
8876 -1169
13900 194
11363 3487
13466 -1042
11549 2656
12846 -2234
12811 2598
13530 2048
11897 3732
11542 8404
11488 3848
7684 2566
10444 4644
4352 2293
4173 7819
9867 4979
3514 2920
8738 8992
8327 4982
3575 8922
8724 4156
2342 5177
998 6306
1851 6907
2867 439
3649 3317
3037 1974
7070 -73
7798 3285
5980 3471
8967 3688
4108 7224
8285 2293
6238 1093
6937 4859
2679 8635
4860 10910
2456 7304
1627 4666
3180 6523
4380 9377
2696 4818
505 2639
2431 822
2045 1033
2771 -3480
3762 209
4721 1917
1462 2396
4886 4174
4540 -84
3156 -2453
1431 -3996
8311 -58
8855 -1971
7390 761
6177 959
11484 1514
10756 1133
10857 -1483
12510 575
8144 3273
8600 7465
8985 6158
8775 7216
9017 10165
8224 8296
4352 12964
2618 11213
4662 13770
7239 11795
5636 10603
6060 10423
3457 10350
2797 11624
381 10428
-2298 9257
1511 6923
3484 7064
-7 5510
1646 8196
5223 7738
5816 9797
3065 8015
1940 10638
9112 11701
4488 12937
2861 13052
1476 12444
23 16475
43 11731
-4302 12426
-6283 16504
-4228 13460
-8416 7897
-10094 11814
-8079 6235
-12208 8097
-15659 7948
-11380 3141
-9006 3029
-14759 -948
-11829 654
-4247 -131
-6792 229
-6744 226
-2615 -2478
-3088 -2013
-358 -1455
-6254 1842
-1503 -4273
-7103 -2627
-3723 -1841
-2030 -836
-2033 -521
1966 1707
-1170 3760
-1583 308
-5175 2573
-3931 5832
-2838 3082
-3787 -2159
-2863 2356
-3016 2225
-3988 2410
-1150 -303
-3129 82
-5892 135
-1778 -1920
395 -158
-1772 -2008
-7483 -1167
-4651 84
-4454 -2259
-2365 -3802
-6675 190
-131 -131
-395 -2705
-4616 -2037
-948 -2729
-1705 -1087
1310 -3401
-4223 -1777
77 -3414
1431 -880
-1382 -926
1155 -7232
3484 954
2568 -2836
2517 403
1939 -458
960 2133
3185 6214
-1348 722
-5816 766
-776 3315
-2428 7648
-3619 714
-5097 6954
-3573 2365
-11239 5715
-10980 -976
-8881 -799
-9404 1362
-8043 -65
-11658 -5554
-2601 -5036
-10354 -9883
-851 -7910
-2719 -8175
-2877 -7561
-3767 -1205
-1590 -4636
-2242 -10972
2420 -4290
-2068 -3112
265 -1082
607 -5388
902 2321
-1841 -3628
-403 -4654
-4337 1554
-1960 897
-6886 27
-4419 -2060
141 -5434
-1105 -4918
-2823 -6467
-1294 -4842
-2530 -2244
-6527 -4587
-3513 -10862
-4030 -9502
69 -8977
-3441 -6617
-5790 -5451
-322 -11694
789 -8441
-1679 -9490
2023 -8488
4004 -9886
2407 -5832
827 -10797
-1146 -9684
2816 -8658
6537 -5792
4097 -7629
7003 -6191
4609 -5800
3885 -6741
3352 -8073
8403 -5775
2826 -3659
14636 3883
10611 12912
7931 1497
3558 15498
-1496 18441
-8798 -4204
4953 590
-9318 4512
3685 7642
-7304 -11731
-7670 -4021
-634 6426
3271 3128
-766 -9796
1033 -8796
-4248 -4117
1768 -702
7197 -2382
161 639
-225 -1026
-7549 5742
3624 5550
5865 -4165
-2902 8134
619 3366
11413 -2971
3910 -1100
3712 10553
3067 14480
-6582 21012
-8790 14155
-15285 1175
-5894 9783
-1465 26717
-2983 8331
-12667 -3031
-20317 13062
-1365 3562
-2309 9011
-3489 -274
1748 7525
-10542 7581
-9888 5791
-12444 10073
1534 14283
-7460 3888
-2941 3453
3652 1403
-1416 -11059
-1763 4571
-3963 -5606
-13895 -1453
-755 4881
3771 647
8240 5262
-6291 -3302
-4230 13018
-4098 7022
-10250 9886
-5799 -5979
470 -7941
-10327 3325
-4117 3062
4223 -9305
-4498 -1839
-5084 -2781
-15496 -4637
-5764 6488
-4988 5999
-12374 5250
-15866 1368
4289 10419
-14859 937
-4666 4131
-9774 -2148
-13575 4744
-11756 -4179
-13253 -2123
-6997 7646
-7871 5845
-18404 610
-16368 -437
-18649 -6928
-22932 6828
-18695 -1517
-15171 -2816
-14101 -5079
-10151 -15399
-18633 1399
-19952 -11141
-17312 -14485
-19226 -18112
-9143 -18594
-6099 -23186
-12567 -18786
-8086 -13898
-8512 -18510
-2974 -12085
5128 -15145
-2530 -10382
435 -21984
4171 -14709
-7872 -15355
10328 -6683
6128 -1482
1190 -3638
9496 -2014
6345 -6272
10826 -10909
2074 -7458
-662 -11104
6490 -2043
3926 162
-7381 -930
13632 1352
4932 -2650
8047 7742
3115 -429
497 10465
14079 5617
-5178 12057
3864 5516
3797 2643
-3947 6902
-761 18725
-586 3969
-4057 6011
-10215 1444
-4843 -2308
-5131 5898
-6839 6595
-12747 9053
-8541 1372
-16717 10619
-5756 924
-3683 1441
-10872 -954
-15591 822
-10513 -327
-3804 -2366
-13064 3801
-18501 -3739
-13630 127
-4513 6385
1734 -7881
-13743 -10935
-11832 -7588
-9755 -7624
-5945 -6141
6480 5915
-478 -551
-10496 -5344
-9859 3726
2504 3943
-8852 -2077
-4101 8095
-8820 -751
-18557 -4673
-14397 1053
-12522 8539
-6256 193
-6491 2073
-14740 -7341
-17255 -5896
-18132 -4840
-16482 -2536
-13146 -9391
-9862 -7756
-15348 -12830
-9380 -12123
-5136 -10606
7103 -20054
-3500 -2190
-1369 -8938
-7010 -14283
3513 -7884
7782 -25311
-2737 -6845
405 -9815
-453 -4483
2393 4961
336 -6023
11778 811
5822 -628
5265 -5458
3779 -3389
3916 -7879
2745 -136
-15304 2122
-1 -11322
14433 -2156
2612 10135
3057 4074
-82 2637
-8392 1776
6543 6182
-481 8011
4604 -5895
-460 -5809
708 -2493
-574 -1944
-993 6192
-8102 -7554
-12705 -6141
-7097 -3296
-2923 5020
-175 4256
-8623 -12838
-2533 -16206
-17631 -12936
-5870 -1120
-5187 -15411
-9248 -3913
6158 -14058
-8685 -9127
3816 -21820
-5002 -14300
-985 -16014
-2293 -10359
3430 -25795
8012 -12108
476 -9071
8931 -4632
3866 4203
11690 -6256
16954 -18937
12925 -9315
2002 -9824
11229 -6305
13224 7881
7791 1063
7401 -4486
11605 -4288
11961 -1609
10111 -12231
19147 -5175
2920 -3211
9978 -12318
11655 2441
2339 -106
20137 -6864
17048 -1295
7470 6906
18963 3383
4673 3444
8086 1892
12854 7372
8457 7120
1391 -797
3849 12764
2418 24031
4000 3307
5168 6926
3750 10000
621 6391
2202 12555
2608 8693
-2877 244
-2471 4843
1470 -2264
3464 -5453
5880 -6676
177 -14617
-1129 -4005
2013 -775
-5876 -207
5110 -4569
-124 -14867
3974 -9474
8487 -11842
-1488 -2981
856 -7935
8614 -1087
7927 -7488
3719 -6734
19835 3512
18431 513
23482 3738
9517 4516
10431 3431
15157 9401
6890 7808
-833 9656
13243 13187
12064 11110
18662 18077
-1199 19665
10161 7649
10523 7531
8417 10716
-2665 14156
2224 10497
1957 22383
4777 16808
1530 19857
2050 19421
6883 18273
-7579 22844
-12747 16078
-6483 32532
-11167 22179
-11276 17999
-1055 14694
-9086 12878
-9898 29841
-5768 23491
-14947 26104
-13584 21250
-16596 14020
-11970 15186
-11300 20286
-22644 6891
-11046 4359
-7378 -6175
-18119 4179
-21035 -614
-18736 905
-4517 7184
-6625 -3260
-17371 5965
-11298 -9497
-11730 -7611
-17258 -8449
-13472 378
8024 -1503
6994 7848
-4688 -2560
1039 32
2904 -3620
-5009 8380
-3317 -3466
-5710 11927
-8291 9526
-5083 4979
-4309 -4401
1203 10361
4216 8783
-485 7699
-15510 2108
-15311 -535
-9307 5163
-3130 27136
-12863 9545
-14660 19094
-8212 19104
-15099 10149
-9241 10112
-7421 13166
-14075 2409
-15957 -2371
-23333 7221
-8618 12544
-16024 4347
-22343 12024
-12317 -1965
-9508 170
-18438 -1788
-12557 184
-8674 9602
-14140 -2497
-20409 10522
-14044 2848
-3270 7083
-15608 986
-14350 9655
-4389 2715
-13529 4507
-9965 4390
-22402 3530
-9916 -3379
-15611 2642
-17596 8929
-14048 10243
-7434 -2566
-10112 -2442
-10595 7047
-20236 -7547
-25540 -12367
-10646 -18602
-14289 -4443
-12753 -1832
-5795 -13620
-8831 -8151
-11245 -12924
-10605 -2544
-6711 -3446
-10889 -16591
-2965 -10559
-8667 -16440
-10389 -7843
-3527 -9572
-6735 -13734
-12442 -11172
-9713 -10691
1067 135
4977 7111
-11633 -1419
-4190 -6042
-10336 524
-1799 143
1318 5077
-21734 1176
-11595 6439
-3833 4029
284 -6932
-16362 3767
-17300 -120
-16360 7944
-7363 -3041
-15042 4236
-13170 -9016
-8514 -5594
-10285 1798
-11736 1389
-5126 -4413
4106 4257
-4497 6401
-16860 -4589
-10653 -6046
-2290 -9090
-10744 8743
-13406 -17238
-10968 -1884
-3990 692
-4455 -1692
-7038 -777
-7241 3101
-9209 10015
-11743 8522
-10217 10285
-8236 8467
373 5820
618 9279
-5079 -1002
-15193 -7155
-13355 -3685
-2401 582
-16212 9741
-14771 7587
-9036 1085
-9872 -2374
-5010 7153
-19166 3091
-15033 1583
-14742 -732
-20929 2724
-13811 -11682
-21528 -16187
-17433 -3814
-17500 -7829
-66 -994
-11015 -4248
-14355 -3731
928 4781
-3037 -9745
-8350 -12670
-2439 4611
-15924 -2009
-21941 6376
-8850 -3031
-5088 6060
-1343 -1062
-11627 -2007
-11989 -4724
-16944 -3097
-27644 -1946
-7016 4720
-23760 -7413
-18075 -10483
-13914 -13992
-15854 -18416
-10617 -17513
814 -15177
-13044 -12047
-4097 -18936
-9490 -13013
5334 -15382
-3800 -15283
11808 -13007
4410 -8046
4866 -13496
7843 -8662
11952 -3867
-4480 -444
-2741 -1232
-1163 6248
12922 726
-11263 -7868
-6224 1935
-9156 -9774
-8825 5971
-6796 -2067
-15300 -6476
-13305 -3217
602 -18574
-8620 -8154
-15810 -9827
-7524 -9203
-2017 -23692
8044 -7955
743 -18849
10132 -21609
7081 -9753
6412 -16373
10994 -4730
20312 -20486
10995 -8537
5021 -1059
12006 2225
13072 -1930
8250 6942
11357 9252
-2782 -1059
-4292 -7667
-365 10049
13099 -18445
23873 -14388
6244 17917
-1772 -37
9567 7064
-4678 -3565
13181 29133
-611 12448
-4589 -7400
-4888 489
3060 13991
2267 19258
-1071 3265
1457 173
-614 5487
403 -3862
10223 10431
7675 -4696
1117 -7991
-17565 26876
1171 -5502
9861 2798
-5206 9457
-3877 13183
-788 4823
6598 -5089
5864 -15498
-2405 4092
6555 33313
-761 2738
-8408 -16672
-9375 5684
9485 19388
6577 -5078
-6048 14007
501 -5903
-20803 4570
-16062 569
-5087 15598
-5489 -14341
-13555 -9262
-28476 -11669
-17531 -4928
-15826 -12550
-30210 -1686
-9877 5721
-22807 -12788
-3158 9036
-1052 -2729
2171 -14111
-19425 -11220
-20918 -20232
775 3887
-5098 -21101
-3324 -7657
9911 -15859
-11616 -746
-22470 1328
-188 7310
-1521 -9308
-27198 10643
-5735 4950
3536 11299
15849 9461
-9691 -3666
-1088 -17554
-7204 -18798
-185 828
-1181 -8709
12649 -4623
-15747 -1008
-1452 -8130
-1265 -21758
10700 -1487
3339 1771
-7325 -10797
2646 -3582
1920 -3209
-6181 -4427
8853 7083
12712 -23753
1738 -3385
-4235 2591
-2059 5775
1321 19410
4756 -19182
5852 -9472
11990 1992
19852 5305
19042 -6592
-1373 -2445
18086 -1678
12021 -8857
-4094 -1493
8012 -3669
1674 -9753
5150 436
14964 3235
2517 -15
19772 6487
-18506 -5013
12313 -4708
7021 -6827
-4207 -11824
-11094 -4105
5291 11575
25461 2450
-1143 5979
-5440 11609
17621 -4276
18592 -206
-7786 -6258
8916 -1007
3121 865
4820 -9803
8258 7733
-16945 -8750
-7391 -12519
-5164 -4650
22024 1394
22898 -12201
-6954 -27988
6441 -6423
-564 -9628
12612 7429
6459 17484
12642 -2373
20706 6820
25511 -21
12053 9094
12832 -3507
12395 3759
12903 -83
12626 9597
10480 10506
22739 7568
9236 14709
13245 7461
9843 8163
19734 7430
-8211 4488
-25613 17030
-109 30515
6504 23060
-2473 17657
5959 8411
-21653 8711
-8189 8379
-6204 6229
-9965 8614
-26076 10385
16561 3863
-12926 -1070
-7313 2697
-8446 16960
-5376 18932
4653 -6364
-7220 7896
-24635 4081
-3462 3718
-1254 20577
1613 5670
2663 1308
2433 -3908
-8652 1567
-5638 2525
-20148 9900
-13785 -2072
-30475 5351
246 -18904
-11308 -19303
-7994 1749
-36023 -2735
-20412 16633
7242 3231
-7636 4327
1702 702
-13486 -30557
-7593 6181
-18042 -15078
-6611 -11688
-15042 -1358
-15908 -5319
-10179 -11215
-12821 -7122
11681 -19276
-6272 10569
-23032 -23982
-8194 -23885
-1983 -14246
1452 -21938
9267 -17645
-7627 -9396
-10120 -28736
-1204 -16643
15647 -10695
4790 -17663
10524 2571
-508 -16734
-173 7993
7081 6447
6233 -421
4209 -5840
-6100 -13800
1206 1424
-4519 9411
4120 -2248
-4953 -8567
1963 20596
8322 -14938
-12522 4144
13681 -11104
-5885 -3033
2356 -11334
9562 -8507
7118 -14076
-4100 8443
437 -2982
15387 -16660
5771 -22070
15625 -19539
-3687 -9984
1141 13625
1498 3146
12706 14105
-5901 -3616
-10028 -11199
6202 -13203
3472 7802
-5511 -6055
-11186 -4029
3680 5684
-1901 -2593
13612 6291
10271 14216
-6847 -13760
15229 815
-8236 13966
4594 -9130
13698 -10553
-11144 -2503
7781 -6222
7663 8932
1455 -3744
-107 -22285
20475 13286
3575 -17294
24487 -16824
4951 14268
11573 4496
14046 -4584
9268 -9184
11701 -610
754 8543
11188 12777
20859 -4797
14249 18361
1517 23644
-994 19495
-1986 26216
10215 19998
18196 7214
7876 7770
-7078 21704
10858 23741
-8845 24564
-8432 28895
-1849 15869
-4746 27702
-5277 4611
-2449 12967
11386 13546
-11072 -12712
-14894 506
-26420 1689
-3018 -3537
3218 3681
-9532 -2279
11503 -2666
9946 -12089
483 -6665
5148 -662
-7158 -16128
12251 -4288
-9128 3953
858 5223
3968 -2486
10645 204
2172 17567
1319 -6567
-4102 355
434 -14328
-5771 -1386
3633 1929
29926 -10404
30720 -5917
13230 -22058
11618 -3163
8749 -11541
-9995 2296
13898 2959
16074 -8077
7777 -204
10457 77
13292 2373
2357 658
-3692 7836
5689 12781
1038 11441
10378 20025
-1089 15460
-4698 -3524
22186 24721
12855 -8239
-1773 -3869
8935 7434
11346 -2219
5065 24724
14112 14995
15977 6103
21671 15234
-11886 7894
-11648 -4600
-2202 16966
-7452 10958
-12291 10717
-1274 3968
12213 12144
-4529 -1557
2155 -2302
-8155 9121
-5704 3323
-20319 -10982
-22903 -4320
-14261 4476
9180 16195
7111 14797
-6161 630
-18740 -32650
-132 5749
2535 -23422
-4623 -10429
6297 -10106
3112 -8450
-17685 -18226
15 -1588
-4505 4402
16837 -1913
-747 -14368
8547 -13093
18906 -23303
-305 -6705
12248 -5572
12933 2122
12264 -10751
5366 604
14526 3404
30794 2922
21815 -11049
10966 -4747
23320 4673
11972 -555
4560 9835
25574 592
25669 2959
24855 818
-3712 18209
12297 7042
7496 14329
2365 -1045
-5021 15969
-1474 14390
-2986 -2785
6179 13091
15631 22971
-2069 37766
9488 -4182
4533 2532
-18157 19193
1202 6938
14266 24141
-2531 5848
-5842 115
-2332 21720
-9371 19281
-7203 17894
-4782 17531
-749 14392
8046 18075
-6899 7646
15097 30252
-3532 -9664
-10001 -1268
20386 17931
5809 956
15063 -1457
-4666 -3691
-7083 10248
32468 4305
-8616 -8695
2090 7607
115 23258
15636 14268
20166 22005
-887 16910
-2385 11584
-11272 8933
19197 39153
10915 18546
4288 7316
4444 5442
-7026 29651
-29257 8261
723 9707
16626 21489
-2108 28746
-23310 21249
-4125 3899
4127 23041
-2370 13851
-16285 5969
-18514 15314
-16860 15276
-336 10162
-12178 12434
-7182 8131
-15989 2115
-835 10629
-31616 7405
-50036 2007
-39328 14551
-4300 18295
-10937 -448
-38948 -9450
-5451 -9222
-14872 -12435
-27143 979
-24977 -832
-12777 -29581
-7120 -12505
-14994 -20245
-17901 -17785
-4226 -11752
-20378 -6316
8758 15841
1497 -18380
5076 5664
-16185 -6983
-4841 -22212
6262 -2864
-10396 -20363
-14349 14662
-3894 -12749
-10913 -19309
17694 -8812
24279 -18761
16799 -9098
10414 -9537
-6637 -3466
10073 -21811
2593 -8112
11426 -8281
10897 -9354
5490 -15880
12965 -4151
9766 15813
4873 12854
3442 6705
-2346 11495
-9661 7833
-11033 -5431
6466 8388
21678 -11063
-14294 8068
299 -5467
-18745 7577
-5411 8881
-5110 -1274
-21259 -257
-11494 -5576
9325 -12469
-6021 13719
-18305 -9587
-26737 853
-654 9638
-12133 -10473
295 9884
-5675 -7927
-12327 2032
-6545 -611
9469 -19636
-13654 -168
-4315 7089
-2580 -9640
-2022 -3879
-9756 5619
-18833 -17364
-15114 -3195
-14654 14447
3962 -11607
-2639 -6216
-18482 -19877
-17498 10900
-5029 -5388
10815 -17514
6156 -9373
-894 2103
-4730 -6114
1503 2413
7747 18605
18881 6490
18724 4124
-12572 27414
-25468 704
17837 -1838
5512 32867
2352 -652
3025 19298
-14063 -8514
5121 2726
10841 14798
-8178 6826
-20103 6171
-14925 -14516
748 9256
-16414 11236
-8240 430
-5832 8038
-18541 -17192
-3180 14782
-12666 12350
21274 -36975
4283 -1641
-14220 -13938
1107 7396
10991 -16605
-5346 -17969
-7997 1131
11435 9681
33547 -11026
26055 -32851
13960 3287
9785 8340
11053 9441
-16550 6835
5750 12928
-5569 -6114
-16443 17945
25783 18134
12188 12879
624 -20943
-1466 32210
13314 15070
9435 13361
1164 2531
-4999 13316
19973 11192
-22072 768
22077 15744
-13482 -8440
11657 10533
-33493 11555
12044 30274
3193 33070
-14670 4094
-3417 23590
-5925 6376
-17644 2858
7658 7185
23352 12776
-4741 -18517
-9383 7908
24245 1994
-9288 -9850
-19128 -18566
-34661 -13788
-7079 -15224
-15568 9576
8131 23391
-7951 -13771
-26528 -3578
-17690 -17441
780 -11542
524 126
1507 22728
-16611 -3591
-12916 -6520
7635 -1764
-4143 -18157
5664 -4242
28981 -5881
-4000 -13488
-2246 18249
1508 -3069
20018 -13200
6132 -28810
-7261 -25505
4220 18117
5139 7435
-15477 -16864
-31998 -11667
-35618 16935
4097 8612
-10577 -1285
-5349 11501
27894 9555
-8906 767
-11187 31244
-1127 -11311
-22612 9805
10471 -724
-19128 -14969
46078 4001
-12772 -8580
-7 14837
22339 29993
15846 21297
-20411 -2963
-35614 11656
9746 13282
355 -13286
-27107 6374
-10540 -1287
13720 6828
-24740 9903
-7406 -18469
-9241 16198
-5112 -23835
9728 5892
20376 631
6239 8740
-32011 -5318
-30844 235
22891 17749
-3469 22227
10481 19259
-5715 2687
4469 -11875
-4584 26179
-35569 2451
-36805 15715
-15142 10882
-1074 14375
-30060 12226
-43659 14748
-12775 -4938
-7264 -11080
-34741 10145
-45474 -13634
-28352 -16345
-4016 155
-37233 1463
3600 -21640
10448 -14409
-4336 -33885
-11972 -18555
2924 -19545
-9727 -16145
19579 -28857
6384 -15054
19802 2724
30384 -5091
36649 -26226
-12041 5911
21777 -16375
15964 7575
27332 -18685
4381 -28310
-17887 -2804
-263 -2729
32356 -7149
2567 12963
-10517 -19003
-12324 10885
-19239 2132
-28293 26911
-1026 7279
4411 11406
17533 -9312
-1332 1073
15026 13165
-25272 7157
8510 40370
6707 -5747
40315 3574
4366 -4903
-25251 -12643
-11221 -10903
-33356 -19886
905 30636
-17711 -19257
-28467 10999
-32749 12360
-16031 2466
3339 -12655
-23911 3040
-9827 -17820
-17171 4092
-1408 -27953
-18036 21930
-23515 -1993
-13102 9502
-24546 18300
-26240 -123
-16775 -20701
9428 1087
-6134 -2157
-22299 3582
-11038 11472
-7187 -38508
-620 -5592
14049 -27859
5969 -17213
-10020 -12326
-16019 -14011
-4322 -3954
8193 -10636
1363 -24471
22031 1116
12519 -8907
14235 -51031
-54 -909
9480 -19050
-6607 5306
-3665 -2453
2101 19288
2253 12616
-6434 6761
3857 -14391
-2164 1225
-20522 15624
-10367 18871
-15101 -3000
14509 6599
-205 -10124
8346 -1672
-11757 -25531
12421 7371
15454 -10023
1163 4335
7955 -28496
15377 2746
20923 5458
-7242 2706
-14094 5879
-23554 -20673
-5990 -16584
3201 12299
-8388 -19059
1745 -13356
-14467 -2338
-11240 12402
6809 2492
6542 9492
-24132 -23482
4060 -10398
15869 22548
-11202 -27152
12909 6968
-8956 -7681
18472 -16667
-13747 -14251
-3345 18516
7070 26136
-14655 2459
17051 -13419
-6237 2154
-19376 9522
-17754 -20878
7134 -7290
8059 -12354
19105 -3092
4947 -4367
-34960 10071
8383 9592
12402 -10898
-32285 13677
18234 266
-3198 -5155
3434 -6527
6318 -25099
-1693 7247
-13482 4879
-28042 -4309
-9950 45655
-10512 16448
10390 6951
-22453 27918
-35712 8567
-8146 3610
-31833 7604
-28650 11167
-35837 -2113
-39162 -8614
-18254 5794
-25825 -14781
-9836 -12116
-23480 -14486
-29894 -3099
-14723 -16805
-13424 -43161
-13094 -13810
256 -27381
-317 1899
9527 -37448
-446 -41434
-32159 -19389
-16720 -9159
-10156 9943
5394 -13011
10553 143
24201 -20461
-4478 -4180
-1524 -11324
5232 -5356
12904 -12319
4885 -4400
27301 11564
17711 -6529
4143 -30835
32985 -5371
-7844 -7995
5087 8260
27165 19817
-16022 -8424
-658 32211
1619 21684
-17353 4550
-12035 17964
-26102 -6404
-24950 -2188
-33823 17658
-30407 -17548
-7420 2256
-6419 2621
-22945 -16923
-6158 2258
-10229 -475
-13943 3538
-43214 -6081
-15879 -14846
-19489 -10995
-10264 -22612
-21263 3804
20098 14585
7705 -1835
-7006 -14285
-23289 -23976
-846 -24832
7179 -9789
13940 4500
520 -23160
-1759 1814
-8830 -18006
-17321 -14853
-6744 -8145
17346 -6851
1127 -14176
11881 -23530
-7683 -32271
-4761 -5148
4427 -11157
8646 -9138
22890 -9240
3211 -2798
21415 -17889
11216 10127
24217 -22788
11995 -12429
-20312 -16868
-19178 9871
4773 -3081
-1085 -5662
35550 -2169
23041 -8196
-9218 19864
-12950 9869
-18740 24492
26634 9160
10443 13107
25174 -9337
1563 11857
16257 -9167
22435 -7658
6241 2978
11045 15051
18405 6646
9697 -29981
-19349 35780
1491 24483
23483 -6303
-8065 12055
-18045 -15979
22769 -1267
-2224 16921
-643 -11533
7195 -20751
5400 -5440
17986 -18943
-4835 -10986
-15631 1319
25083 1062
-17203 -28850
7516 24740
9170 -13827
-36540 -23331
-11009 15890
-20624 8359
4856 7866
-3357 -11561
-23357 6417
52107 27310
-284 6505
6127 1014
-12255 -11510
-18183 105
30740 -13931
-2543 19177
43972 10403
-37154 -33509
-19637 -5905
244 6576
-11820 10836
-8075 -30770
23684 271
-7741 1243
-26831 -17984
-280 -9923
15287 -1167
9401 5014
-7163 1991
5095 13864
1925 23107
7600 9953
2352 4061
-27603 11795
-16104 -10754
-11080 -6916
-4646 5155
-25027 -11464
4673 -9806
33798 -3002
27202 -13226
-24022 -17215
-11552 5223
22984 11355
-11493 -2409
-1630 -2538
15366 -8521
18750 -8262
-14836 28659
-2133 7482
7794 3072
9987 16409
-1668 -13047
19120 7052
-14351 -28137
-8296 15844
-10980 -24226
9948 777
-1051 22101
-22596 -5167
-12666 12761
9286 -31931
6570 5940
20907 -16815
-12829 1461
-15714 -1511
-36575 6928
-15774 -9940
4052 -6735
-11471 15559
7281 -1279
-14876 9643
13657 6162
-32891 12718
3332 12446
-12406 -23772
-3029 -22184
-2617 -3705
-3105 -21129
4595 -15779
35739 -3640
-6716 -22408
-30182 26465
18421 -17914
-724 4338
17015 -19747
5283 -16542
390 19863
32882 -2453
-8257 7209
-771 10952
19708 -33390
38839 8904
14999 -3634
9867 -9798
14196 24683
-4081 -11835
1707 -5789
7052 -3804
5325 -5461
-31786 20254
-11219 4632
-819 -24351
4998 -11137
-1664 -12479
8107 -6373
31011 -7137
25947 -4758
26725 -39459
-2496 3343
3794 -1177
41196 13428
8966 -12705
25329 -3179
2330 16325
12576 -5810
17064 -10287
