5535 -7106
6597 -5542
7887 -5419
10640 -7886
10626 -2687
11373 -2674
11817 -5560
12353 -563
10030 -746
10079 -678
11496 -296
13316 266
10462 -2315
9529 3005
11624 85
12762 5236
9785 6553
6562 8019
6102 9908
4781 7257
3748 5420
1610 6953
-320 7150
573 898
1206 3922
2294 1669
4462 4396
4073 5505
4850 3097
3442 2330
967 3520
5704 5641
7726 2455
6367 1048
-333 4763
2431 6844
4107 5514
7949 6319
10086 7113
6355 12374
5440 11034
4917 18171
3463 13879
1075 14721
-858 13560
-2395 15425
-9035 12135
-4047 12146
-4593 11192
-8826 7136
-10064 11957
-8538 8930
-8696 6875
-11743 4523
-14525 -968
-10016 6069
-9664 -1203
-5613 3018
-8781 -820
-4666 793
-3882 775
-9048 2346
-2542 -621
-7476 -1211
-5835 1586
-3340 1871
-6730 1424
-7517 6716
-8421 1611
-9133 -484
-9177 1841
-8717 -1073
-7091 225
-8618 -2198
-12168 -5291
-12693 -1449
-14086 -5848
-12406 -6419
-1973 -8584
-8437 -13049
-7312 -10903
-1224 -10705
-4842 -11932
-592 -11272
-315 -13880
-1520 -15491
-961 -10734
-1561 -11940
2572 -11190
3383 -10161
3621 -4438
5767 -7622
3542 -8949
5998 -7518
5070 -8907
4483 -6166
6842 -3880
9920 -7882
8435 -4401
9780 -2871
8125 -845
8641 -1697
7590 683
5917 -1332
5158 -1842
4786 1218
5464 1855
2588 1639
830 3361
-987 4369
6 1120
-827 -2755
-2886 -4446
-443 -3974
-3284 -4284
-677 -5216
-2876 -4341
1374 -7729
7165 -10714
6115 -11599
8571 -7503
11040 -5321
8973 -6788
10614 -912
12344 1954
11310 2705
13665 5339
8413 5220
7959 7952
6339 8574
4462 15946
-3200 11808
501 13664
-971 11874
-2905 10018
-8717 9115
-11002 9542
-12252 7312
-10106 6827
-11529 804
-12244 -2160
-11283 -2448
-6081 -3311
-13571 -3496
-8172 -7094
-4639 -5097
-4903 -10831
-1897 -10291
-1899 -8680
-412 -10015
-4769 -8141
3186 -12518
-3096 -7412
-748 -4706
6849 -9652
2687 -6681
1064 -2283
3648 -7922
666 -9677
5461 -3391
569 -9051
2842 -4301
4713 -4131
3701 -8110
4634 -7588
8024 -7053
7380 -6244
4928 -7602
3227 -4327
3950 462
5732 -6169
6936 11
4795 457
6148 -1334
5271 464
674 478
1691 -1883
3089 -2117
5911 -3049
3491 976
2728 -2884
2288 862
3684 1535
4584 47
3136 -2640
2718 -1733
3340 1200
3442 -896
1238 -3735
-74 -901
343 -717
4442 -1364
916 -1975
3560 -1968
2853 -663
-5417 2369
-3490 -1881
-2210 701
-3184 -4476
-3058 -5814
-690 -3001
775 -7584
81 -4542
-1787 -8254
3037 -5100
2446 -4105
898 -7634
4630 -7627
1910 -5321
5085 -2610
6428 -7898
3179 -7816
6927 -3322
10631 -3047
8842 -2139
5368 903
5820 1801
10027 3456
4516 -2682
5377 577
1748 5116
6942 -101
153 2373
-1809 5167
-639 3801
-2429 6726
-4555 3473
-2522 3128
-4426 -1002
-4673 2311
-4266 -300
-10432 223
-10700 -6473
-7055 -6151
-8155 -6533
-6383 -7505
-8278 -10072
-5868 -12058
-4357 -8829
-2533 -14831
1167 -16924
-1606 -13127
1537 -11407
-1785 -14914
1128 -19013
2179 -14687
4740 -18240
10203 -14555
10396 -13522
12742 -10992
10592 -9388
15701 -9477
16678 -9564
16347 -3961
17776 -2365
10720 -805
15971 -522
17763 3012
12937 2697
12672 2622
8976 5521
9287 5660
8419 5482
4967 8635
5777 5770
1070 6707
2926 1959
-156 3606
-194 893
-2938 1367
2824 -537
1148 -4724
1196 -1176
5068 -1665
125 -3206
276 -8345
3830 -8120
4054 -3322
9368 1893
2931 -327
4586 -293
9215 635
5513 -986
67 -4024
1581 -771
1225 -2041
4809 -4672
1386 -4151
2821 -3235
7655 -5764
4573 -2417
4282 -5865
3066 -7416
7043 -7777
8461 -11665
5789 -4216
9984 -621
12746 -566
13575 -2252
9282 -4814
12202 -901
12151 -1657
11309 1616
7490 4229
13816 224
8106 4288
9514 -325
13136 2880
12619 632
12493 2064
10817 10268
11145 6357
9786 6782
8242 8599
8909 4359
8369 6434
5036 4503
4254 2374
5468 6918
7434 3773
1903 5620
4764 6403
4078 -558
603 4994
4367 -1669
1863 68
3401 961
2303 655
9539 -1312
7656 -568
6682 985
6336 4283
5883 2834
9943 1088
8910 818
7506 3959
5548 3429
2339 8982
3949 8039
4666 4667
4952 4247
1506 6399
3487 2618
-961 6014
2647 1451
2715 1728
3145 -1683
5927 443
6760 156
2104 6001
5400 3596
2863 -833
9421 57
2970 -2998
7387 -444
4357 3912
2148 2942
3574 374
4127 -1623
9989 1683
10807 780
12760 3009
12570 201
12139 7877
11050 7015
10330 6455
10106 6054
5388 5331
10249 10355
7068 12536
6725 12979
7225 12204
5102 9171
5060 12797
929 11827
2035 11385
-1492 11706
-2057 7885
2718 5700
-966 8394
5509 5738
2713 5415
1475 8823
3177 8031
6391 8372
6493 10528
790 14408
1508 14616
-2391 11998
-2257 9604
-1475 13472
-187 13905
-6023 10923
-6180 10722
-4178 12534
-6581 11774
-9500 6141
-8569 12549
-9799 6012
-12215 2347
-13363 2133
-8147 4354
-9278 1756
-10621 1041
-10085 2061
-8253 -2765
-8549 726
-2121 -3889
-4765 -2419
-6139 2119
-7836 1575
-5616 -1233
1181 -2133
-806 -4616
-455 -3442
1546 69
-700 2136
-1553 5197
-2945 1181
-1070 583
-743 -1470
-6425 3319
-5815 3089
-5204 4060
-5456 -1569
-7526 -1766
-4711 166
-6825 760
-4448 -488
-4468 3808
464 1995
-5444 -479
-3042 771
-6051 368
-5494 -36
-5806 -1076
-3566 -4516
-2122 -2336
-2197 -1408
-4006 -5670
-6041 -2024
-5712 -1520
-1575 -4112
-2159 -5372
-3301 -2918
-510 -3426
-485 -2810
2675 -5560
-424 1657
2456 722
4115 1853
4231 1705
5664 -1845
1560 4571
-3320 -346
1064 940
697 6147
-1258 7547
-2271 4532
-6165 2356
-2077 3662
-10181 4986
-6283 2806
-8661 3473
-11256 -229
-10716 -590
-12566 -5860
-3497 -3378
-4080 -7542
-4442 -7408
-6689 -8268
-1463 -7062
-5495 -2727
-4618 -7021
3669 -6763
-1301 -6623
725 -7187
-2478 -6908
1607 -422
-3541 -1611
8 -5658
-2437 -602
-3076 -2735
-3279 -726
-8919 -1743
-5182 -1131
-4371 -1788
-2374 -5085
-2831 -2514
-2986 -3301
-2802 -4125
-7490 -3659
-4143 -8239
-1915 -6342
611 -9922
-1145 -8623
-241 -12282
-1617 -10039
971 -10594
625 -11087
161 -8349
2191 -5950
1349 -10284
-316 -6786
1227 -9321
2576 -6583
1711 -6174
7497 -7930
8012 -5701
6645 -7905
5282 -6040
5116 -7465
10124 -5339
16554 3638
14162 4944
6741 7148
9895 8803
-827 9515
-3389 11575
-2967 7934
-2013 1791
-524 16096
4834 9216
-2099 7779
-6918 15045
1551 -2875
-816 4348
913 -2210
-4974 -4057
9770 3292
7648 -8143
2048 1881
-2912 9183
-8360 9509
5508 -8759
8709 -761
5564 2278
2337 9360
-621 13709
-891 -538
3624 13820
7291 2015
3319 8890
4367 15281
-5495 9853
-5746 17870
4617 22595
-4075 10323
-10345 15678
-8892 4121
-8913 11223
-9146 -1733
-12173 2010
-16514 -5735
-7901 2112
-15549 3394
-2571 4948
-8032 112
-8517 -2215
-6304 -7039
-22572 7652
-7966 -1740
-4903 -15688
-18951 558
-1805 -3706
5070 852
1909 -3887
-8305 -1142
5510 -1102
-13049 -10135
-12685 15666
-13475 -5851
-14424 -446
-7636 -2310
-665 3586
3069 -1084
-6904 -1456
-14614 1575
-4184 3337
-5693 2051
-12274 3689
-10072 3076
-4683 -853
1399 -2513
-12734 10173
-5285 296
-8719 16411
3380 -3332
-7630 14446
-3336 -1561
-12959 4774
-5739 11624
4294 4978
-24848 5548
-10590 1907
-16428 -249
-28030 -9081
-13116 6594
-12674 -645
-23333 -3999
-20323 -4189
-15052 -3369
-20263 -5946
-25808 -20609
-9557 -6698
-16043 -18793
-17200 -16295
-14633 -18888
-5081 -12077
-8422 -23245
-7078 -14824
-11407 -13054
-1841 -18784
2100 -18742
-16301 -10790
243 -12255
-760 -5623
8209 -13306
461 -10302
10352 -13150
6015 -10139
6609 -13549
14386 -14860
15496 -6511
5913 -5320
2524 -10317
9919 107
4176 -11269
-1118 -7248
4769 -6071
2153 -2570
-3663 3573
-3267 9529
1037 5388
4240 5873
-3107 814
1062 -1542
203 5141
-1987 7044
1546 17086
832 7141
-4077 -767
-830 982
2084 10479
-591 -2041
324 6386
-10488 -628
-15765 17086
-3802 10029
-3941 1015
-6555 -4563
-10312 13279
-3414 2150
-5609 836
-17446 -3825
-180 525
-6084 -2695
-9410 -3626
-4265 5198
-12108 8527
-14739 -10193
-7999 -1750
9357 2318
-8765 7104
-7834 -4377
-6110 -4005
-14847 11348
-6020 -3359
-932 -9897
-6452 3602
-5519 -13886
-3880 -3159
12134 -2578
-14265 -3237
-25007 -2836
-5822 -120
-6009 7313
-15098 3363
-14403 -2377
-13609 -4971
-9821 -7818
-8563 -16953
-13812 -3096
-9888 -2796
-8737 -5729
-8994 -8193
-9754 -10206
-871 -10084
-5044 -8303
-102 -7083
-3721 -15459
-531 -10115
3811 52
10103 -8242
3725 -4403
-2653 -8921
2362 -8332
1734 6726
-8045 -6515
-2602 -3110
-1805 -17
2170 -10265
-6937 -13566
-1436 -623
-3345 728
-10353 7846
-10994 -14192
-13055 -6936
-1961 -5462
-2294 -8648
-4330 17240
-2001 -7082
-1178 -6186
-3396 5137
-6754 -1245
-3799 3366
-34 -4067
256 -1181
-8782 5620
-11444 4177
-3763 -2824
-9493 -6268
-13642 -9675
-592 -2342
40 -12780
-4913 -7646
-7142 1149
-8073 -9604
-7529 -9477
-5623 -16260
443 -7350
-2585 -10659
3884 -17113
-491 -8494
11601 -7730
5514 -6306
2441 -4916
10611 -6763
22907 -1194
9742 -7071
6449 -1477
15662 -5967
5961 1031
10491 -2145
9990 -5078
3205 4618
-3718 2513
-2372 1233
9581 -7838
17452 -761
11110 -25983
-1551 8145
3860 -898
5760 4202
7847 -1044
21104 9400
7883 -914
14303 -5184
10014 5842
14119 9650
7957 15034
2553 15855
9158 -448
3735 10284
-2106 19825
4643 1841
6580 11406
6881 5907
4192 5897
-4326 -1340
-10154 4028
1497 2966
-4059 4045
-2861 -1357
-14503 -9381
-3393 48
-7875 3539
3218 -1472
3344 31
5460 -4956
-4008 -3580
4820 -8441
623 -2895
900 6267
1414 11778
-8883 -1166
8028 -7147
9021 -1725
9043 3981
11984 9158
3132 -4042
17172 -1277
15476 1984
15855 -3345
8792 5460
18690 10313
16091 3666
12293 10140
9151 15742
14964 878
17439 11472
5140 13907
11600 11301
21207 19182
12894 20965
-1775 19303
-4077 20087
7899 5857
1871 16628
3900 13238
-13502 8764
-5534 13311
-432 15808
2769 14305
-5356 17710
-1362 6965
-905 15711
3880 6700
-6865 22337
-11488 17581
-5481 15051
-12986 19732
-6478 16600
-16234 14234
-16040 8845
-20841 3017
-20427 12547
-22404 1553
-7381 8705
-5445 9788
-12854 3784
-20495 9973
-9948 802
7396 -1371
-1642 4421
-4185 -3949
-11032 3093
456 -4794
-3697 -1341
2321 -9757
-12099 -7371
-3618 10732
-3321 13569
-964 5104
-1799 4828
1972 8558
-189 5324
1013 7822
-940 5644
-10671 18662
-733 9027
2678 6184
-5556 15846
-726 19146
-462 19784
-3230 8710
1246 11741
-13235 15005
-8738 8244
-10884 17584
-16825 6075
-3883 3531
-13613 9405
-4654 16171
-15610 16039
-17569 15016
-27705 1985
-8576 -5639
-11032 8139
-11512 7648
-12604 7803
-19379 1684
-11348 11867
-16138 7130
-18787 15
-13481 -9573
-20512 2896
-5960 3872
-24003 10043
-13268 20418
-16221 -3171
-15491 2596
-10446 -9316
-16178 1206
-17958 9484
-11415 8331
-23201 -11107
-6299 8116
-11411 -702
-13980 -2197
-20064 1069
-8751 6208
-30725 -8718
-21242 -4592
-8273 -9979
-16997 1136
-12636 2113
-9699 -6527
-4454 -8586
-7130 -5665
-6609 -1959
-6996 -708
-13540 -10290
-10875 -6304
-2665 4248
-1038 -11411
-1004 -6942
-13595 764
-6392 9329
-2079 -6749
-15936 -1921
-16157 -880
8730 1553
-9057 -7867
-270 -9955
-2184 1403
-752 2980
1547 -3755
2912 3210
-6833 6864
-1932 8227
-2217 -7508
-2690 5547
-7664 6596
-22332 3637
-15057 -54
-5967 8707
-7671 -6216
-3063 -8358
-6521 -2069
-4334 1548
-8798 3744
-4891 1008
1309 -3839
-590 -305
-19888 -4277
-3968 -1037
2315 -7672
-1339 2291
4902 -429
-4467 -1886
811 5886
-9531 4314
607 6882
-8818 -2070
-6090 10228
-7498 10214
-4432 4744
-14169 4743
-12331 -2406
-4953 10869
-12055 -189
-9361 -7077
-12658 5237
-16645 -1899
-21255 5105
-10225 -4853
-11008 3144
-12264 -3226
-10398 -15214
-15587 -3566
-2361 -8158
-25224 -11350
-13299 5282
-14841 744
-11138 -1686
-1554 -5090
-14335 -7292
-5546 -6973
-2514 -5892
-13751 -9379
-12135 -8676
-7779 -5104
-1505 -12530
-10223 -5321
-13875 -745
-5087 -1400
-11696 -6791
-10416 -1972
-20786 -6110
-10214 4415
-6305 -6721
560 -9912
-16016 -8996
-12142 -18687
-8325 -16540
-17227 -21605
-9210 -16755
-3835 -7171
-3271 -14591
-1242 -18634
2771 -18653
5899 -5722
2507 -18152
6592 -7887
11378 -7652
4185 -4905
5790 -9127
10343 1679
-2276 3384
923 6039
2109 5156
-5223 -3267
-7200 90
-3704 10958
-14582 -4434
-21437 -8043
-13443 -10957
-17133 -4176
-995 -8034
-11549 -2904
-1061 -2634
2084 -22262
3367 -13546
-11689 -13184
1489 -13985
10012 -19984
6756 -17980
8354 -17939
14505 -9032
7598 -3192
14807 -10455
10798 -8257
10123 -3137
4876 -5803
-8114 -15702
1434 -8305
1764 1828
3269 -12340
19521 405
21733 2583
3473 -10675
10671 5740
779 -20467
-13387 -4551
-8712 -1226
-1365 -25891
-2131 12536
4308 -5577
-12469 1452
12075 3314
-11412 -6605
275 2084
-953 608
10860 -4711
17090 -6760
5669 14153
-10115 11582
-11445 -5450
-2112 -12027
3342 -10948
5365 -2790
1132 -3219
-16350 13690
-1694 7209
-14924 -3551
-5568 3396
3320 -5253
-11808 -15136
-1796 -307
12490 -4246
-6055 13451
-17566 369
-3401 13100
-4118 5688
5007 5930
-15161 5468
4538 -652
-14508 6237
-11900 -4547
105 12149
-17240 1918
14941 -19114
-12044 8109
-11069 9875
293 -8306
-15481 -6438
-14286 -14369
-10284 -29
6121 -11385
-16119 -4430
4085 7620
4019 -20327
608 4061
11162 -9550
1181 -4754
-15385 -7926
-9888 7067
6066 -4057
8948 4464
2842 2462
-7818 -20330
8029 -20745
2554 -3534
-2256 1107
-25880 -1294
-6890 -8802
-10523 3326
-5453 -32223
-10997 -6353
9431 -31195
-1888 -8413
-2902 -14300
-5635 -9577
-27454 -9528
3972 -13433
-1130 -3629
-2411 -6974
22602 6166
-1836 -7994
-1413 -20612
15827 -927
17722 -8090
64 -18886
5541 -23580
2673 4903
-5940 -14813
-11050 3036
11800 -844
9304 -10956
-7572 -14051
12641 8200
7964 -7119
26148 -9707
10153 11056
-1722 1659
24177 225
8029 3200
10480 -3556
3609 -4232
6319 -11248
5733 10090
4823 2089
13630 8788
-4987 14035
-17098 5211
14416 11973
11732 27416
-9377 -1482
7975 18454
11346 7846
3729 9674
-3092 23601
14279 3390
20617 -7003
6747 -5333
-388 6438
8431 1257
9539 -7402
3272 1281
-7346 -10385
6544 -17709
4020 -5425
16801 10025
10565 -1732
9269 1721
5056 17997
8628 -1260
13682 15942
20456 -10720
8197 1688
-203 10587
19836 7999
31521 -9953
-1586 9443
2351 11968
15555 22995
17923 -1473
-2718 11966
6357 13707
-10305 6092
-1112 843
8150 29716
-2866 16047
-21286 11649
1926 13533
-3220 15386
-1516 975
4944 -952
-3484 14091
-17714 16061
-11060 9071
-9229 34360
-3029 6950
-31349 23129
4218 17386
375 -74
-15162 12305
-19900 2483
-9602 4185
-9390 14870
-6924 20194
-4878 2171
-5877 10803
-8474 6443
-4681 -10136
-7187 -7381
-6844 -5693
-10777 -5640
-11452 4024
1205 12005
-16354 -7927
-13530 12977
3651 -13613
-2893 -14170
-18227 -1316
-11365 -12549
4345 3971
-10003 18025
-14491 -8176
-5588 -11413
-10764 -5132
-11897 -10479
-14874 -2115
2561 -5094
-24569 -15655
2730 -11030
-2675 -14270
10144 18019
22567 -6228
-423 8175
-2465 -8777
-1981 -41027
3210 -1654
11312 -4858
5218 -11997
16969 -10881
12856 -9028
-378 -2821
-2689 -20561
15998 -3315
986 -2771
3749 7412
-1961 -10341
-158 1470
-1169 -11498
-4169 -5114
-12451 -4527
-7266 -24123
11146 -13280
11041 -6779
-4062 6802
10114 -6394
-4177 -3629
-1779 -2145
-8552 -4402
4472 -9824
15226 -8603
25174 -11365
6670 -23655
-15905 -25682
4849 2868
4457 2831
-10613 2619
-3252 -9526
277 -5598
7800 21083
8880 -1188
19606 -19231
11817 -13302
1967 10028
-9319 3129
3049 25362
13572 -4960
-2915 13058
15705 -18342
-7797 -7934
4056 -12283
17427 11971
7515 7477
10583 -12069
-4967 -15621
18466 -19129
22013 -34071
10850 7583
13986 -10627
20145 -17339
17177 10800
178 -2398
24135 6104
9068 7649
4498 15692
25246 17033
6892 10702
24519 680
13085 9263
24693 27633
8417 2859
8761 1173
1724 11308
-2855 25962
1915 8624
23255 23813
8030 23392
3070 22990
-7874 7199
5865 -9544
5575 11304
-13628 13860
-5599 16122
-13810 10383
421 -19960
3792 5092
-10424 -180
-13467 7483
-10336 8988
10212 -3474
-2574 15735
-2877 479
-2831 -15105
1056 -9216
224 9056
-8914 -3672
-4031 6101
-2924 -3890
-21960 -11896
-3930 -10597
1991 -7771
11812 -148
-546 3545
-258 -14084
-4706 -7471
12044 16714
16205 13257
4669 -7312
-6556 13944
7998 -6345
3493 2340
-5618 2525
-5023 9252
11038 -8941
21531 -7640
10241 10361
15390 4850
-2765 -8703
9299 9742
19042 -1607
12675 8542
6444 12689
15025 20976
-10929 3316
-13142 10718
1175 8085
15330 9426
8872 7269
-19940 3694
-18738 8998
-5056 17714
-3433 10785
-5840 16778
-334 8041
-5432 28104
5888 29160
1831 4376
-434 -12658
-12181 9614
-6768 5386
-7338 4747
-19580 4557
-28640 1426
-9948 12991
11703 -18503
-8345 3462
-17671 10830
-7124 -5842
-12119 -14925
-24323 -8606
-18322 -8361
-30156 -1934
-5054 -11612
5908 -7210
-357 -18624
6688 8415
-13370 -10294
1075 -18183
-4246 -26605
-9770 -27016
23670 -30341
10738 -17605
14118 -17416
23415 -24473
14931 -31737
30049 -23015
26908 -1912
7336 -19351
17544 -3042
17863 5872
12579 19684
30307 3861
11118 2875
25232 6187
26112 -3709
16206 22706
14611 12897
1096 26780
12197 -1201
20299 -42
4334 8033
30889 32321
-10172 14596
9999 7877
3643 13706
1087 16752
-3289 -8266
26402 16601
9530 14460
-1927 15205
6347 -1199
7244 -1805
-8057 7877
439 9712
-641 1521
3032 -8333
-10 9972
14336 10722
2186 284
-3424 -2539
-130 26754
4574 5107
23606 -3470
11451 -10807
3306 9081
25684 21363
13389 25526
-6530 8473
13708 22620
-13447 25197
-5310 11353
-6096 6077
-165 28219
-11447 11540
3535 12152
-5208 8418
1681 24698
-4698 7918
-2998 7042
-477 14912
-5862 17194
-8829 -3893
-16026 14668
-12805 24879
-5104 9462
-9643 22468
-13094 16422
-15443 24281
-14454 27715
-15196 5421
17671 8593
-17022 9253
-9924 25533
-8887 2113
-13046 8533
-9236 24161
-13892 -2690
-15998 3201
-24077 10016
-23095 25310
-20498 -2913
-18690 -7273
-21672 -15319
-21307 -5117
-19365 9514
-15807 -15045
-5715 20017
-948 17813
-392 -9908
-3124 4553
702 -8095
-18870 238
-18553 -9501
-15985 -6380
-19907 9645
4852 -26710
-14213 -17284
22692 3005
-11225 -21384
-5185 -7219
2559 -8663
-25001 -7481
6466 10096
-17120 -16585
-12063 -13378
8673 -2682
11625 8888
-9759 6988
-2811 -160
-6810 1339
11611 -22401
9665 -755
20705 -2133
12019 592
8097 -11300
-1156 -3203
-2377 -7933
-20670 12257
-21 1089
1870 8559
-2676 18341
11034 7192
16345 2995
-5977 -11093
9639 10605
-1957 2041
2060 12464
-12668 2804
4519 7284
-7757 4165
-5655 9627
6551 -397
-6540 4208
-18658 -3477
241 -5291
-9552 -6882
-11165 -969
-15889 11555
-4906 -8123
-14014 -8086
229 -3308
7543 1159
552 6035
1693 -10023
-16153 3596
1289 -17531
-10831 -15082
-6088 7382
-6722 -10959
12961 -7567
-1829 4067
-17167 2541
1457 -8218
7392 -7630
-13554 -17001
1663 -10654
-11603 -1868
2818 -1302
4603 -13917
2331 12598
23964 28129
-5131 5396
21170 970
-6593 22823
-2955 -1450
-14740 -16301
24481 31126
-3603 2062
15070 18495
26685 22528
15939 8731
-2349 32495
-6581 4742
-16500 22280
-430 12448
-22095 -1830
-12737 10758
-22408 7773
-7710 7941
-9962 -5105
-29811 -7253
-31532 -4248
-6865 -19431
8143 11163
-1332 6863
-2045 90
-12668 20870
-9297 -6643
25113 -18787
7638 -10244
31116 -989
30874 14661
3968 7019
7734 18435
2868 20396
-21770 15208
4004 -12056
36902 -2469
7643 -4115
15561 3957
-15149 31940
14845 8978
-7089 20999
12088 1272
13118 23344
-25117 -7345
1585 3227
-24859 27819
1101 -8755
-9592 6099
-2745 18925
5901 10543
378 22440
-6046 3437
-16445 16684
374 -4300
-6660 1852
-1393 6412
3272 15885
-15525 24505
-7227 17433
-1474 19658
-15743 526
-31947 21029
-21216 -13998
-25386 -15026
-7061 42070
-12866 33868
-6487 -5646
-9132 -5439
7575 -1350
6879 -1858
12677 -16065
-8373 11112
-11172 8609
-32655 30139
-11776 11447
8934 10589
-5428 -25109
31895 678
12801 -657
-6534 -11333
22888 -2507
-4561 -7189
6281 -10941
6861 22074
-11246 2031
-6485 3598
-8583 11376
-4161 38312
13521 -6329
-5264 117
30274 -937
-5742 -3964
-8256 10710
17732 18393
-11064 3471
-3247 8446
-27415 6158
-15047 -3243
7999 3047
-4735 -12485
-2520 -18136
-1946 498
10832 15011
14834 24150
-725 -12074
-11564 8299
-30002 10725
-3958 -1263
10626 -2095
-26318 -18307
-10225 -33818
5962 6245
-13947 -7850
-13661 4932
-7685 -13251
3376 -32327
-5194 -2358
-32468 -217
-14652 7865
-4324 -19418
-14197 -1354
-24527 20067
2845 -3434
19983 9311
-20447 8144
-1755 5048
-12106 -23265
-9891 14404
-30251 -1797
-6345 -5947
-23098 10767
-15270 -3491
-25806 15549
-19410 -5619
-21986 2615
-30113 21385
-58473 14108
-11299 1369
-11469 -17270
-19283 -37268
-47348 9522
-4165 -15566
-18204 -1524
7583 -6886
-12485 -12918
-22067 -31755
7559 -28705
-1474 -37362
-773 -46674
3172 -22634
5492 4445
8132 -9448
5824 -23054
10162 4217
19873 -16764
5433 -36754
-3838 1182
19715 -34618
-7564 -11501
16651 6709
7148 -19092
15300 -762
13051 -9208
5687 -15718
2691 -32826
-1786 1824
-13938 1084
95 -15995
-5687 17808
9221 7819
-3153 -33
17315 3545
-8635 -551
-5678 -18362
-2762 12354
-906 -8309
-23704 34730
-23946 10860
-6417 -417
-3424 9210
-30622 -4701
-2495 -39383
-9633 -11894
962 11905
7423 -1623
-13827 -3849
-5619 1761
-20424 -213
26356 -7825
-25935 -3283
-3253 -27186
-17934 -39299
-43431 -9450
-11290 -46785
-17756 -2052
1814 11308
-22136 -24469
-21836 -17899
-542 -21045
-10555 -8195
-18779 -16361
1694 -4754
13325 19766
-17279 -10544
14587 -26742
-10552 -33132
14736 9921
20429 -10571
-5543 -8139
13139 -351
32666 -7048
26863 20131
-7283 10010
-14493 -496
19194 -17220
-14948 -8101
8715 -2683
-1671 -869
17598 -19914
-15175 -16635
-27370 -13675
-27762 -6302
-3339 19619
11626 15498
-2872 -13714
6776 -21081
9992 -7933
25833 387
-5435 1947
-3651 -43439
-766 -11525
-10105 5752
-2538 2013
600 -27231
405 -19428
-9227 -20068
-7968 -16592
17892 -40897
-7702 14676
31754 -457
-26351 -4701
-13094 -29081
-16843 -8159
-1254 1740
18932 -4270
-19377 -1865
-6891 27843
2697 -10758
4415 13525
2016 -714
-489 1676
24188 -207
-35535 -8494
-5813 -8798
21908 1501
-13427 -20184
-6350 -10396
-30659 6833
3349 2160
-9480 -22281
7053 22160
12030 225
1796 2839
16568 -28929
-7986 20660
-35911 -18430
-19259 -7696
-6779 1154
5967 -7326
-6913 18451
3004 2812
5139 1884
-19590 -10521
1437 -19359
-18167 31313
-17351 19855
-11340 30873
2693 8254
-939 7532
-37162 7375
-39783 -28363
-40731 5934
-26596 22736
-13074 -4781
-33199 -9212
-20752 -10870
-1973 -19600
-30809 -1408
-4656 -1354
-18328 -98
-18362 -17902
-18428 -24397
-12857 -14365
-2100 -1867
7148 -287
5619 -51728
-16595 -38520
-1047 5095
13570 -46952
11195 -4126
-278 1597
28566 -21366
4757 -5831
-8371 1487
-5114 9969
5541 -21635
-553 -16927
14149 25754
15635 -11013
-11031 17286
3945 3127
13816 -15274
-3683 -14697
14646 5356
3887 -3194
14858 4126
-12328 -837
-18183 9099
3102 25410
11522 -4232
-9207 3788
2040 -17394
-17941 -9734
-19178 -4729
-8603 -31462
-15119 -28625
-26826 -16095
-15728 2296
-10603 -16744
-15084 -11382
-17702 -18710
10040 -13482
20081 -14009
-10866 -39033
-35515 5631
-5944 -18343
4655 -31298
-3959 -16068
4147 6177
13117 -26706
16532 7747
34233 -27808
15830 6107
-23654 -5771
-3359 7549
-10208 -31615
3323 -6272
-9924 4729
2323 3201
30575 1522
-24132 -5400
16140 -3546
-11484 18255
-21023 8713
-11774 19421
-24828 3613
-717 -9855
13565 -7256
6220 -12922
16470 -33650
14663 -24939
1615 -19128
19616 -10055
8431 -13463
-9813 -8382
5747 -15113
17771 -7284
17143 -16364
18135 33920
8268 16698
10732 2424
-18557 -5124
18315 -7771
-20681 20168
15205 -4341
15577 -12180
13629 25397
-232 2143
-12410 -5909
9029 4228
-9894 14703
-12143 8088
10474 4739
-10479 7352
-5769 25035
-6007 15395
-7004 -18365
-19058 -8723
6936 9593
-896 -9911
-8572 -22043
-13076 1369
-26077 15726
1259 1667
-8010 -5171
-18830 -30444
-445 -38892
-10174 -20376
8500 -12381
21621 -13404
4136 -12992
17098 8838
5854 -24907
2495 4846
21251 -8194
-9963 -6333
-12509 -1102
306 12036
-9422 529
8935 -10846
16211 -14562
-1933 16900
20653 1669
-4173 -11649
-13864 2362
4785 -19016
17369 -17354
14773 -18111
11270 -15106
-424 1752
-13728 24747
24124 2242
-11703 -13528
-3751 20810
-18923 9293
-16659 -21198
-18214 20659
15189 -1693
957 -10752
-7243 -22555
-601 5863
-7805 8934
-14478 31074
1185 2534
1410 -7156
-2651 6335
-12791 -38584
-31618 -21372
-35692 16204
-21394 -13146
-18712 -8675
-8248 -13654
-697 -6487
10386 -4791
14923 -17885
-31755 29611
-2625 18774
-21890 -14483
9307 -380
3296 -14945
-4500 16
6900 -704
-13740 -33467
-1779 20138
3915 1154
-3001 -1812
-13335 -27975
22340 -18647
-9780 -6279
15530 -28015
-19845 17488
-25251 -14896
-37752 3698
-23678 -9328
11681 21418
1114 -17603
-21113 12308
19029 -33262
9356 -7306
-9920 -10340
-3068 -14061
-4454 -9896
-16037 -1885
18189 -3192
-30218 -22851
9444 -3771
-2621 -14529
13119 -15729
-19721 3893
-1814 -7541
-661 -22271
-15730 -2601
3155 4313
3738 4829
-9187 6540
12864 1321
-8481 -7004
21842 -17815
-2236 10938
2904 -14505
-3032 670
-10173 1664
-6348 -10790
-5940 2772
7437 -26036
-6569 -5956
9306 5141
7886 -13683
5289 10342
-4305 -9809
17465 -36514
25082 -12392
11815 8189
-11619 13236
40503 16411
6047 11938
29444 12737
8899 1897
18148 18240
