2424 761
-1322 163
2182 691
-1387 180
2228 641
-1385 642
2206 1009
-1528 832
1502 1141
-1217 1087
1794 851
-1316 746
2077 1230
-772 -103
2038 1083
-520 204
2413 1111
-1019 225
2050 1493
-1198 570
1921 807
-1532 348
2542 755
-1001 319
2475 1246
-955 349
2003 1183
-840 252
2220 1053
-1067 545
2219 1097
-1698 440
2356 1035
-1601 -30
2815 758
-1217 293
2886 1067
-1125 250
2532 1194
-1049 67
2394 1509
-1464 -47
2670 1218
-1435 -240
2781 1388
-749 -458
2142 1493
-446 -54
2036 1239
-1080 -26
2700 1348
-1160 -64
2901 1342
-1267 -30
2915 1421
-1059 -102
1984 1339
-1060 -165
2323 1169
-1181 -382
2478 1883
-1332 -76
2254 1613
-1106 -184
2400 1623
-561 38
2264 1966
-847 -21
2348 1498
-973 -240
2793 1177
-1209 118
2320 1422
-1594 384
2063 1679
-1485 -85
2069 1970
-1072 -139
1953 1843
-1297 -67
2089 1572
-1123 -172
2392 1469
-1314 38
2597 1446
-1203 -239
2205 1234
-1385 -417
1988 1181
-1397 -875
1968 1310
-1531 -538
2060 1604
-1491 -672
1485 1276
-1293 -446
1773 840
-1406 -569
2011 1342
-1314 -755
1800 1713
-1563 -614
2042 1647
-2042 -879
2618 1673
-1472 -1009
2264 1582
-1233 -789
1856 1125
-1039 -880
1797 1195
-1141 -722
2035 1812
-996 -718
1932 1937
-1197 -624
2359 1607
-1318 -463
2311 1639
-1397 -612
2345 1714
-905 -998
2133 1803
-1244 -1243
1833 1406
-799 -1532
2013 1145
-430 -1054
-1815 -327
-545 231
-1714 -543
-556 69
-1276 -627
-782 284
-1107 -468
-649 -206
-1424 -779
-406 -284
-1154 -1106
-685 -367
-1305 -1122
-866 -64
-1662 -1239
-809 -24
-1495 -991
-597 -441
-1409 -716
-341 -38
-1107 -820
-494 -17
-1399 -994
9 -162
-1533 -1154
-221 65
-1565 -842
-537 -37
-1323 -886
-307 -264
-1066 -900
-106 -295
-1030 -1081
-175 -427
-925 -794
-306 -496
-1424 -368
-286 -492
-1522 -1001
-454 -553
-1301 -1591
-323 -719
-1576 -1660
-300 -621
-1622 -1676
-15 -434
-1301 -1159
-365 6
-1629 -920
-638 -463
-1616 -1161
-420 -497
-1171 -1259
-288 -490
-835 -1092
18 -210
-583 -1266
-60 -117
-613 -1013
-24 -87
-1179 -1027
190 -171
-969 -1148
421 71
-1052 -1225
47 -122
-982 -1529
239 -361
-669 -1263
28 88
-876 -1288
-488 -162
-909 -1403
21 -456
-1052 -1487
115 -274
-912 -1535
-262 -393
-1207 -1696
-107 -315
-799 -1836
189 -132
-662 -1832
106 -124
-471 -1868
-368 -231
-464 -1838
-159 -204
-311 -1456
-292 -218
-295 -1549
-136 -170
23 -1735
-6 152
-88 -1781
-24 -103
-52 -1879
-299 -464
294 -1468
-85 -364
120 -1735
583 36
625 -2136
485 74
583 -1779
113 -582
439 -1414
415 -648
498 -1213
324 63
231 -1257
106 -281
339 -1710
431 -501
492 -1430
185 -535
453 -1197
-162 -485
342 -1420
-39 -815
761 -1480
286 -604
225 -1070
333 -415
77 -1458
195 -79
414 -1475
32 -355
-380 -52
56 -326
-297 -412
-114 -235
277 -532
18 -101
421 -137
6 42
48 -35
-67 -279
340 -143
-138 -111
308 257
-150 -85
-16 69
14 -68
-274 56
99 208
-69 78
58 121
-176 -28
537 -34
186 -284
618 108
148 32
466 -8
317 -108
107 -70
68 -35
304 78
-119 -422
260 539
248 -126
14 168
-133 -250
421 -111
162 -160
260 -49
94 81
490 -214
-68 3
259 537
-483 27
195 406
-459 315
201 185
-113 -46
423 -176
158 6
583 290
-201 51
257 80
-241 274
471 118
-166 417
485 421
222 75
288 330
565 49
178 120
323 617
198 606
-238 767
114 350
96 158
402 185
360 414
314 270
-37 372
411 333
-183 -66
2 318
257 -265
57 47
364 91
36 534
114 215
-154 351
59 -79
-63 -184
228 -81
408 -51
-60 173
-68 692
-162 595
-317 391
-310 292
-54 250
90 303
208 455
-112 389
91 774
-22 8
87 513
-92 104
-33 387
-320 146
34 442
-45 23
-473 709
324 -71
-336 155
303 229
-116 428
31 76
-299 117
-103 57
-15 264
19 -49
13 447
-75 91
-162 197
183 221
51 190
267 166
-357 602
315 -12
-501 24
-120 -40
-197 22
69 -205
-234 120
136 -147
-39 231
-126 296
-295 628
-132 251
-433 199
-146 96
164 -112
-184 -383
567 -49
-201 -281
-6 -52
-378 -264
-28 -316
-94 3
-43 158
-55 466
-143 249
-69 319
-71 45
11 273
65 -188
150 82
112 -273
-34 43
136 -471
-144 -46
19 -517
9 -24
-3 -334
75 -9
34 204
-194 -328
178 215
-9 -247
291 511
16 50
-101 98
67 189
-221 42
-123 318
-571 -34
-343 40
-157 -174
-201 -132
153 153
-571 -416
117 183
-208 -484
35 -126
-156 115
-171 4
91 -211
-187 83
-82 -81
437 60
-374 -493
273 -23
-176 -161
-56 -219
-278 -21
-258 24
-217 -221
-394 117
25 -231
-372 83
-360 -3
-509 18
46 -304
-277 347
143 -146
-227 354
-329 -104
333 310
-430 -7
-72 201
2 -96
47 -243
244 -23
-146 35
-383 -245
-197 204
-178 -710
-32 578
74 -233
19 654
251 -245
120 296
261 63
177 143
10 53
139 -16
41 75
-2 -6
331 -174
-350 -311
428 -156
-279 163
492 -339
-390 321
446 -320
-319 104
437 -460
-222 5
279 -469
-351 368
539 -318
226 -68
268 -152
408 254
403 -482
255 74
35 -501
141 339
-108 -738
28 153
-96 -348
-19 -227
35 -309
114 -258
217 -471
-235 -205
206 -711
30 -85
129 -430
-29 -70
-66 44
120 281
149 179
-541 263
-78 -51
91 -209
144 -530
239 258
-616 443
-881 -2667
-30 222
422 -1415
-638 207
-568 -3096
-1231 -477
430 -1601
569 -598
680 -2308
-933 2100
1479 -2402
-56 792
495 -608
-460 928
-867 -2877
-1040 1580
98 -1629
-172 -412
112 -3110
417 2664
1563 -1389
-523 1565
8 -1685
-1624 325
1578 -2114
-135 923
428 -2567
-1045 831
546 -3248
-473 1115
2233 -3403
-713 993
1427 -1449
-726 2303
997 -2302
-1305 -166
1703 -1834
-1675 735
1739 -3074
-1187 94
2186 -3183
-978 1463
1429 -1286
-1451 -574
1623 -416
-1221 -519
-38 -2734
-438 1443
1511 -2725
-1965 1419
964 -2264
-900 969
1080 -1810
-1525 -314
885 -1678
-172 -358
1569 -2381
-2365 1860
1396 -1750
-1078 -100
553 -1938
-395 376
1276 -85
-1268 436
402 -2139
-905 208
1069 -2247
37 1998
1376 -1776
-1248 731
213 -2243
-1338 -786
1301 -1938
-1826 1067
2571 -971
-683 238
687 -2030
-723 376
1950 -1656
-608 1613
1652 -1287
-672 1438
1946 -2205
-1193 996
2114 -620
93 307
2819 -2753
-1783 127
1772 -1057
-496 1683
2371 -2177
-874 -38
1615 -951
624 558
1572 -1943
-240 1944
2218 -1301
-1557 398
2084 -1434
-858 675
2385 -2363
-825 1439
2835 -1589
-1598 1282
1513 -204
17 -177
2210 -1745
-562 798
1346 -1746
-862 1170
1981 -1671
-2336 154
1313 -1447
-17 672
2532 -2551
-326 823
1459 -2194
-320 92
3191 -627
-1505 168
2877 -516
-300 -55
3492 -1466
-596 243
1861 764
-910 1872
1721 -977
2802 -285
617 -1444
1295 237
93 -43
1821 1677
803 -851
1105 -755
813 1177
1069 575
1477 -528
1244 1065
515 -1333
1380 -652
87 -937
1418 556
560 -187
439 906
390 260
886 317
-2109 -132
1319 1662
655 892
2301 -87
-557 -82
71 1291
-198 -857
1251 1393
865 -284
395 1235
179 615
576 1228
253 290
1209 933
-217 103
-820 69
82 230
1602 335
43 319
2443 1509
570 -331
1548 1359
-164 798
748 167
181 390
-109 1647
-1301 661
-720 693
375 -1104
779 323
831 167
147 1919
-386 276
584 1862
159 525
95 1110
-1025 92
253 2088
14 321
-419 -621
-253 -714
-274 372
168 346
-72 1295
-224 -1220
551 244
359 -821
-586 1972
-841 508
-216 1322
-606 -1582
757 897
995 -286
-329 1590
144 1049
860 1089
198 -733
-488 1323
335 -245
1074 1249
-828 652
-622 1487
-205 252
920 1665
135 -944
-399 1159
640 -1114
-306 1743
291 773
-677 469
1936 -586
518 1671
-770 8
242 1284
767 631
49 450
1310 -1334
24 1611
30 -227
-700 1076
-451 925
1664 1680
-835 446
-588 1915
1431 -594
-279 557
1423 -125
-651 429
-695 1333
-130 557
-13 -729
811 -702
883 587
-871 1467
129 449
-790 171
1120 -404
-1301 752
484 -635
367 1100
910 1874
-1468 557
-712 77
116 -170
-952 1435
330 2105
490 -503
-137 1568
-54 918
1068 -41
243 -121
1656 1018
-326 -1397
-582 1531
-783 887
-851 -155
1327 -584
5 -843
104 -104
-693 948
227 -269
-178 -1292
650 159
255 -107
-63 382
929 -218
-378 -127
-395 449
386 405
1765 83
-386 714
-775 581
116 -456
200 -23
-459 -100
528 406
225 -465
630 -1115
-1107 601
454 889
203 -534
-1116 446
801 6
1007 -362
-384 1370
-1424 -33
868 -266
961 343
-1203 1030
231 -1187
-393 -1203
-140 -438
-319 1244
347 62
1069 188
1111 1665
-575 1296
-473 -568
-499 337
110 -50
1111 -96
-293 -457
-1403 -67
-229 289
-130 612
272 1282
174 -1023
-1150 -261
-553 523
-1373 -1040
-407 -185
1406 -730
976 777
447 998
-240 613
-686 -546
-83 505
419 -458
72 484
919 164
1094 -914
-430 1141
-262 571
-456 -455
333 -434
-687 -289
981 671
237 1085
1515 916
-462 27
-1850 589
-349 -44
-870 -1171
-244 -10
415 635
1952 489
-155 407
-378 -422
-1544 122
1079 104
-600 -649
791 -412
-155 -105
-174 -191
421 -438
576 239
-1172 655
52 695
939 -959
298 1055
456 1185
-484 -706
299 -631
255 176
823 486
716 -535
-1035 -15
-620 931
-325 254
536 -666
160 -262
-1287 280
-2004 342
876 673
596 -977
-692 -1127
766 641
-490 263
-453 396
-210 564
168 -109
-590 -692
-1135 11
-1102 -371
-502 -947
502 808
550 493
992 -1226
597 604
140 547
-365 -99
243 377
810 -1225
-177 898
-439 346
-817 1312
-209 -865
-246 -423
408 188
159 -207
1016 559
276 124
526 276
-364 528
306 803
350 -507
808 602
-699 315
170 190
553 637
-430 601
372 -283
-456 -503
1038 -49
-129 431
-596 -117
-405 -1410
-665 296
1038 -194
-762 -483
-118 -1022
-187 -1178
860 453
1220 -159
272 1183
-75 -206
-664 45
1589 131
248 918
-828 997
565 238
50 104
-852 -313
138 485
461 1531
-247 -2128
266 593
250 792
445 -635
-708 -749
-276 -97
-202 201
-887 162
832 225
-120 -2
-1269 -274
447 -205
153 -574
373 -150
-554 885
-898 189
637 -1159
1142 827
-384 -1169
-1076 138
194 111
1231 -382
524 277
-1028 572
-436 -698
-558 -353
1206 -768
-1058 789
-294 995
-836 390
-458 -209
-156 39
137 556
261 307
-507 -1130
-491 -252
41 -314
-214 380
617 -404
162 -530
-16 388
832 105
442 -929
-1370 -428
159 620
637 669
486 192
487 -250
-243 66
-606 908
634 -375
674 -143
-734 93
-336 2493
1385 -632
-136 -1021
-169 670
-737 459
1110 -641
89 -1193
123 179
120 -329
283 142
730 327
414 668
-626 -712
358 566
54 -56
-92 506
-1338 -22
-1180 27
385 376
-757 10
-1672 -560
110 620
1924 -70
1107 -289
-221 1725
-693 1144
-152 -589
753 1155
2033 4037
189 363
-382 1446
-539 186
2777 2963
746 1227
518 730
-1960 168
902 177
163 -1877
-1123 85
-898 -1647
-1934 657
-112 -1426
-293 4262
-1401 -1474
411 1781
-347 738
2054 4065
-1872 -2291
-419 343
-684 -65
1484 2551
241 -1773
-1160 1840
-1120 -865
-15 2303
469 39
384 2572
-509 -1514
-407 3521
-1339 -52
552 619
-1817 -1896
548 2350
-1035 891
-962 -69
149 -1003
-1298 4233
-96 -353
-847 2904
-1496 -2088
-834 -102
-1316 878
-2782 616
107 856
526 1696
-1292 -1363
-1805 2705
-94 -1660
-267 1520
-1976 -247
-410 1491
-373 625
-751 1832
-997 928
-1054 2925
1841 -796
-1580 1719
-736 -1005
1146 3378
-1363 -61
246 -1223
514 -1247
-1632 1585
-1272 -1380
-432 2785
-2289 -3245
-2561 2580
-1341 -477
943 2539
-595 2005
1073 1810
747 -2671
-2076 473
-1346 -1045
-59 3437
-539 -2147
-1373 1559
-2121 -1588
-1517 1736
-937 -1603
-170 2451
-687 -592
-882 -303
-2089 122
-1141 4345
1907 2231
108 2870
-1020 -1691
-83 3361
-490 404
288 530
-1027 659
-276 2893
-135 -872
-1210 1471
2157 322
669 3370
-375 -2025
-286 2240
-392 -1843
-435 1993
-387 -2245
1178 763
-3745 1188
-366 1317
826 1361
-1117 2517
895 -1941
-1406 1289
1866 -990
-654 2424
-2179 -1428
-687 2870
-1496 -37
-342 1756
-1070 -1815
-2565 838
246 -508
-2804 2074
-2440 -1519
-1166 3459
-768 685
-1543 -66
-529 -798
-1325 811
-2596 1075
474 309
543 399
-584 -842
-2516 -2983
-980 156
-815 1110
550 -1134
-1840 147
-1422 271
-1996 1566
1835 1077
-586 3179
943 -1281
-434 1135
-1252 -1722
899 -1204
-1645 -480
-969 1449
1994 -307
-1441 -2059
-764 -684
-2164 1916
580 -203
2069 -391
-88 443
-1089 -748
-1126 -239
1258 -721
604 -1172
-1020 662
-1701 -977
-1101 245
-810 698
1673 1463
133 1025
-1907 -208
623 -701
-1002 -801
-512 1452
-669 -645
881 -488
677 2251
-283 -373
1729 -1440
2260 -58
1138 366
199 430
-706 451
-837 -239
1953 -1798
1747 305
-166 -806
289 -292
1118 -1068
1601 -681
-389 -3026
162 -594
611 1134
1980 1383
1179 -499
245 -1481
-418 -763
-279 77
-1152 1168
-1541 93
1085 -1020
350 -1049
-844 311
1081 2582
-1405 373
211 -63
1672 -1056
-359 -1805
-324 523
357 1472
1192 -1138
-206 -964
-594 246
1487 -1419
2169 -196
287 -337
-2329 -1323
491 714
180 137
529 2215
1097 -1297
996 -1615
651 -261
-1259 1071
-986 -207
1623 25
-219 -908
95 -3280
-551 933
-1614 682
105 -1280
131 83
270 -1402
452 -1090
-2374 -1027
151 -434
990 -725
-3097 687
-550 1523
-2193 909
1356 -692
1043 -914
274 -1407
644 297
-1412 189
-2143 -1875
1193 -2235
-840 1344
-512 1037
-75 1760
1160 -945
768 590
-822 -918
-1679 -2726
497 -79
1046 1298
-667 864
1806 -1431
825 -2100
-677 949
-647 -1064
376 -1468
576 1117
865 -412
-1423 -820
467 1203
961 -1577
1515 -1491
1408 357
-918 1370
257 1206
1733 -256
717 -1570
816 92
-1 1396
-654 -1339
-446 1068
1529 -1962
561 -176
838 -1826
1501 -1239
-897 -604
-2218 52
1072 -1108
1811 -39
-1080 -546
-513 748
-4 -521
-497 -339
-73 1415
-174 1004
2291 -1460
-1310 -779
-691 -987
1586 -370
-981 -37
-129 2081
750 -918
2108 -209
-834 1939
-2140 35
1840 -547
781 804
-19 1576
845 1
-30 -2830
494 295
-1537 1722
-1619 -2696
1681 164
472 1865
304 532
573 -381
-1288 746
1595 -170
1148 481
-355 -1823
-1121 -1198
-1742 -2361
-9 1559
299 646
58 242
2517 1247
620 13
-1790 -1470
-2250 -1118
-820 -2410
-795 350
659 -730
7 761
-447 432
-131 471
-928 109
-704 1774
-5 -1148
530 -23
172 -79
-334 1508
-1412 -94
-37 -558
-1357 664
-1910 20
435 1232
2884 -1228
289 628
145 1013
1694 -461
-427 607
-1198 -543
799 -997
2459 681
1022 -998
-860 -2338
-464 386
-1169 2214
-173 319
557 -695
-2751 302
-408 -69
960 -572
-7 -638
-265 1329
-1486 -551
327 -1141
-112 -1
-145 755
-1442 214
-1278 -1693
-1270 463
624 -646
1330 -1541
-1172 -1785
-1228 1420
-2175 -365
419 -977
1259 42
-2463 -2367
-1319 572
-1013 1451
-1518 -147
178 -250
881 362
-88 -909
-1061 -485
-1052 1910
157 -1425
1102 164
-932 222
-689 -3216
-728 -840
-705 2028
-1193 -139
-1238 468
-204 340
-420 1632
-424 1852
1332 194
553 -744
1448 -308
474 1467
1254 -955
-703 -998
-382 532
-1138 -346
-1317 -885
-385 508
24 50
-391 -109
-877 1010
-1197 1224
1755 313
843 1242
-1150 493
2250 -525
358 1273
677 -336
-795 587
640 -1348
422 -163
82 180
-141 -2090
-1891 -7
529 555
1228 2226
1169 1505
-144 436
-2436 -1177
630 -1261
195 985
522 530
-2014 737
-649 -1236
2380 159
-76 741
409 -1709
1962 1783
-147 -948
52 -1429
-729 3093
260 381
-876 -588
-169 192
428 491
-366 1141
-23 -589
1743 -412
-1416 -729
1669 195
1295 154
276 781
-269 -135
1167 220
1361 -984
1023 -596
-2449 1597
-2268 -2441
1692 639
1390 -1057
773 -1315
-3548 -477
-714 -1805
733 -876
-150 -98
-1341 1573
-1320 836
757 -1018
1079 -112
-20 -504
1039 -436
-246 -1192
-608 -830
-1523 -1023
745 161
77 609
466 -678
-1656 535
-566 -420
-599 2359
401 -1098
-1032 1085
-1957 1007
2554 -877
-2413 -457
-1295 -1704
-505 -239
-1019 761
478 396
1628 -742
-1347 1650
-413 -21
1539 54
108 -4546
-2987 600
-799 1483
210 -74
1418 -1288
-994 2376
-234 -255
1434 1559
-1935 -121
722 780
-382 -1058
262 -946
-62 1804
-1531 201
778 -1036
404 1388
677 191
1110 143
-968 -87
2051 544
3141 448
-185 -1658
-2948 409
-1429 744
764 -2712
2001 218
336 -742
-1565 -3576
-2540 -1285
-1205 -1856
-510 1510
1626 -2519
-4379 2199
-967 -3050
-1189 2886
1294 -1108
-2541 5436
84 -3212
-370 6481
-177 -94
3728 1366
-1416 -1707
2646 -1345
2738 -653
404 1341
-406 -2303
-3843 -237
224 -2792
-1581 2542
389 -4327
-1827 621
1093 1109
-316 2339
155 -774
-206 1818
137 -2680
-1685 4713
-144 -436
-1399 549
2762 -2712
-3401 2709
3405 -1532
-2064 1521
2156 -3272
-889 4537
662 -19
-1741 -1150
1014 295
-2191 2815
3510 239
-457 3672
3602 -1647
1564 1169
345 -1441
-563 2695
906 -967
497 404
2632 1626
-2257 3590
6304 -1874
-1042 1706
2523 -1574
-318 2063
1697 -2979
-1241 1326
747 -2200
-328 1849
3358 707
-3564 -1401
2529 -2383
-2456 3780
1337 409
2615 3119
3816 -1679
-1355 514
3366 -442
973 -436
4434 -3765
-1902 1345
1560 -4101
-5821 2002
2081 329
-858 3214
2301 -336
-2629 -816
728 165
-1384 2799
3281 -1988
-1547 -281
2243 -1212
-4620 1243
2179 -3415
-3132 4046
3753 -2174
-2637 -1450
-503 -6490
-4998 -1526
2542 -2240
-4989 -524
1659 -3786
-3600 2588
-990 -4136
-3039 -176
-1166 -2935
-1212 890
-1360 -3503
-4831 -2226
1435 216
-3594 -695
1538 -460
-5580 -333
3957 -293
-6431 707
7170 -3795
-2438 1518
-2201 -6176
-1513 -1046
-533 -1366
-3342 1790
-55 429
-2340 -24
3357 875
-4082 1974
2703 -2594
-3164 1339
765 1961
-1697 2193
1821 -949
-195 -1761
5030 572
-5178 -3520
2878 -3438
-2245 240
1428 -5086
-841 873
2186 882
-1225 869
-1757 -249
408 -1140
2841 3668
211 -314
-338 298
-3471 -2047
2811 240
-740 -860
3896 -2325
-5460 -952
134 -3143
-3876 2611
-1385 -2224
497 2313
-845 2286
695 -1092
1706 -1585
-616 1029
1514 3076
661 464
1402 -1697
1118 -542
-3287 -1095
-595 -121
567 756
-233 890
-2424 2295
-1543 -43
2320 -1169
2141 -258
10 387
1728 -2450
-679 408
-1197 -3283
2135 1693
-681 523
-1208 -114
-64 -2536
-691 -79
-1006 -576
-2167 -3488
855 -1461
-3433 2313
-2053 -2911
-771 948
-759 88
264 2268
-1165 235
-2502 2678
-2124 -30
92 1067
209 -4
-2694 2437
-177 433
2144 3775
763 294
-519 122
-2207 -862
-3361 2450
-557 2235
919 3286
1954 1934
1888 -419
3680 795
-1521 812
1853 933
115 -466
1063 -2214
121 920
-493 561
-3061 1674
2383 1285
-818 -1156
489 -3882
-3318 823
975 1114
-1632 -416
336 -413
-6314 37
251 853
1876 2193
1061 471
-1539 -1786
-1308 -3021
-4082 1755
-2382 516
-2021 2835
-2142 -1681
-206 -231
146 102
-991 1379
-955 4896
289 -47
438 -505
-1967 1432
-1065 706
-137 3023
590 991
86 148
1097 651
-3303 -1078
3207 85
-130 -1853
2487 -640
-3641 2687
-672 -1294
-1618 4814
-340 869
346 2683
3614 2109
-2113 3274
1531 -2431
1424 194
-1701 -2505
-330 2341
-998 439
-107 834
2751 1311
-213 907
89 -3871
-730 641
-1433 -46
-4429 -195
1697 -1493
-250 76
-408 368
-2250 -1974
-875 1584
-748 -653
-102 577
806 898
-2014 2589
370 -428
-221 -1235
-556 -426
-2563 1105
886 2299
-468 -302
961 82
728 1482
1632 -1177
-2944 3009
-2311 -709
-1059 3081
-2938 899
183 1237
471 -32
-783 3137
-2021 51
2670 2131
783 -723
1758 1004
-550 274
596 -1422
-1147 -1698
-2397 1566
463 179
936 4474
-462 896
801 975
-1322 -3124
-1035 91
-1785 32
-84 -2372
935 -1166
-992 1303
-2574 -718
951 -113
-4774 1501
848 4478
-3047 303
662 -2206
-323 1586
-1212 -1565
-962 -2283
388 -1186
-1868 2757
649 -88
-2509 1531
-759 1418
972 2916
3460 2292
2541 2767
-1104 -270
1409 340
1024 -949
-1534 170
-1808 352
1295 2576
1094 1772
-340 2279
-15 -1246
-181 2479
-797 -817
95 -562
-780 -809
-1 -790
-2055 -1400
220 -897
-1272 1604
-587 843
-578 -1856
2532 401
-2412 -881
931 -2034
42 -2011
-112 -1809
-2234 416
-629 322
548 -89
-3477 1545
-804 -1770
-1424 1648
-988 937
-3450 -11
594 2596
-359 4372
2357 760
1504 -3673
-113 -15
-1796 628
3200 -224
-800 241
-231 -420
799 -237
-2024 -578
1347 -2436
-1843 284
-297 426
778 -1551
1035 -1010
-554 451
-178 615
-414 67
-2224 782
1456 2642
-150 -1306
2821 -184
1087 2155
515 -1493
2966 2413
-1408 970
2254 -1830
108 -562
-208 -793
-1358 -2241
102 959
1705 627
1730 -3803
1273 1717
-14 -711
2308 1024
-467 3881
397 1427
-1601 -1298
1963 -78
1154 -123
1017 -513
1863 -3962
322 -1846
-3361 -3482
-719 687
-1317 -1863
-1140 -639
-1737 3219
-250 2052
-68 334
1012 461
1331 1898
-959 -971
2183 -1254
444 -776
560 -512
2017 -2842
-1132 -1064
-1068 -3199
682 -891
-3384 -1419
-2065 -1723
-802 2071
-317 -524
-114 2391
-705 -1572
-39 2031
1088 3676
1532 1145
654 -1248
-2456 -2305
-1310 -1003
-2071 -1391
1783 1554
-2015 2249
-1141 -1674
1000 -596
439 -2219
1445 993
-3887 -3533
452 -1628
-1252 2422
-1980 -2922
220 40
-1859 905
1768 -2464
-102 504
1359 -896
1561 395
1019 -1419
1211 -3778
-1386 217
-481 38
801 632
-3021 593
383 -252
-1408 -582
1201 519
-4111 412
-2090 -479
-776 392
2286 -1838
1265 3343
-1759 1550
-1924 839
-1113 1634
3702 513
1159 2161
-2449 -549
1635 420
1387 -1055
1203 -764
-1485 -247
-742 -2288
-9 1412
-1038 2029
1711 3637
1078 600
2725 1525
814 1360
-102 -1316
-1167 2780
2813 -1227
-596 1687
234 -3058
863 3228
717 -3075
3093 -900
-3515 2636
3768 59
-493 1553
835 -519
196 -1455
-424 -1371
-2677 758
1441 -2061
-1177 -252
-1893 -267
1715 4006
3078 -152
2434 -3166
-537 -2566
-1192 1431
898 -4660
234 1633
-4771 -2895
2754 659
-1755 -1480
-592 353
-891 -14
-125 -2868
2701 -1526
-2021 2645
87 -4222
2059 -437
84 -1087
730 -429
-3120 -984
-3323 -1014
-160 1406
2888 -1366
33 -1102
-1474 -745
-2831 -2971
-1289 3854
