2044 459
154 -22
76 -290
8 8
67 25
-7 -9
72 53
9 -25
-94 65
15 10
-26 -50
45 -16
-6 -28
38 29
-57 26
43 16
6 15
22 16
23 16
20 5
13 57
-39 -23
-24 -7
6 -16
-47 18
7 -11
61 24
-2 -20
7 -34
19 22
91 -6
-29 7
47 -10
46 -61
-11 -34
-12 26
-22 -41
27 -21
21 20
-20 9
63 -15
-41 9
-2 62
-44 8
16 14
-50 -1
26 -29
-1 -33
20 -12
23 -13
-10 -52
-7 -15
-31 -32
-31 -15
-22 -3
-15 -3
-20 3
-23 -16
5 -31
16 -8
-36 24
39 0
21 3
6 9
10 7
2 3
15 3
-10 -7
14 -12
-1 -1
-2 -2
-7 5
-3 -2
-10 -4
2 -2
-1 -1
2 -1
1 1
0 0
2 1
-1 -2
0 -3
-1 -2
6 0
0 -3
-9 10
-6 9
28 12
-13 5
15 1
-7 -12
26 -12
-12 -6
-5 -24
-42 -9
5 18
29 15
-21 -34
22 -43
33 65
-11 2
15 -20
85 2
18 33
-15 -70
-20 -54
-1 11
36 -10
-90 49
-6 10
-24 -40
-65 -13
-71 21
-7 46
3 -28
12 -21
-22 -72
-13 -11
8 46
-93 122
12 58
4 -47
7 -21
25 -26
93 14
46 45
48 11
7 -76
1215 -1548
-235 145
71 -233
-8 -1
-80 -1
17 0
0 -61
2 -5
-78 2
32 -48
-36 -46
6 -68
-33 -25
-66 42
33 2
-8 15
35 -39
-9 25
-39 -1
-70 19
-20 3
9 67
65 -38
-19 -42
24 -64
6 38
11 -19
71 0
-44 -66
21 -34
16 30
-22 33
-19 20
16 -44
41 -52
-21 21
-14 -3
-35 -6
-17 -30
16 -29
12 -18
-8 7
10 -10
-8 -25
15 43
-25 -10
26 -26
-29 -9
10 11
-44 -26
8 19
-53 33
-49 22
29 7
4 -25
17 26
20 -28
6 -20
-5 3
-13 -1
-38 0
19 27
0 -8
-7 -13
-10 -37
16 -5
-5 -1
1 -4
1 -2
-8 -3
-7 -11
9 11
6 17
4 4
4 0
2 1
1 -1
1 1
0 0
2 1
-5 5
0 3
5 5
-4 -5
-1 8
4 4
-10 9
5 3
-7 5
7 15
4 -8
-18 -13
22 -22
0 -2
-3 -16
13 -26
24 30
-44 -42
-44 -27
35 -9
4 -9
-43 2
4 5
-29 33
14 -33
17 -43
33 -35
48 -15
43 -26
-38 -25
-16 0
-46 -38
-9 41
-30 51
-52 53
-8 13
14 30
17 45
20 10
-28 38
9 32
-7 -112
40 -17
84 -36
33 67
-44 46
6 5
8 115
-1029 517
-83 183
-187 -114
-13 7
-10 -34
6 16
72 -18
-12 -17
-23 72
27 -52
-13 -60
-6 40
-24 -26
-30 -12
-2 72
14 5
30 44
-19 8
9 41
18 4
-33 -35
14 -8
-60 24
19 12
-22 37
0 8
22 -76
-1 -52
22 -6
23 -15
51 42
40 -23
24 23
-26 -18
-74 -26
1 -19
-48 -9
9 10
-19 51
-2 47
-4 9
-41 -2
-21 0
-49 23
65 66
2 -21
-13 -38
0 1
-2 32
12 -14
-8 17
22 3
6 -10
26 21
-20 -24
-9 -25
-19 -18
-14 25
-66 25
-21 6
3 17
8 -5
-22 -21
-1 -3
21 -10
6 -1
-1 -10
-8 -8
-3 -13
-6 6
8 -4
-2 -5
4 -6
2 -3
1 -4
2 -2
0 2
0 0
0 0
0 -2
0 1
-3 2
3 -4
-2 -4
-9 -2
12 -5
-13 -11
4 0
-25 3
-30 -2
-6 -8
-4 9
20 -9
8 9
10 8
-29 17
-32 -1
-8 21
1 -28
14 -49
6 8
-4 21
10 -28
8 20
-4 -22
17 33
-10 -2
30 -34
15 14
39 9
-27 48
48 51
18 37
9 14
-17 -23
-66 -82
12 3
108 50
14 -113
-67 -19
69 4
-49 -2
8 73
-10 29
-39 85
-11 -22
15 -18
-32 93
-1618 -248
-4 182
39 -127
-6 -7
26 69
-9 1
-133 49
-35 33
8 43
0 -16
-49 -30
-47 -33
-43 -9
-54 -48
34 49
35 51
-25 33
11 -4
-25 -63
-3 -18
-117 25
-14 64
20 -5
15 20
-18 -61
43 1
-15 32
-11 62
-24 24
-4 3
-33 -10
1 38
-40 -31
-11 -1
-25 -28
25 2
-11 19
-46 -14
18 -14
9 16
4 -13
-42 6
3 17
19 21
84 23
-31 25
-3 19
-16 18
-10 41
-4 -16
15 -21
-47 29
27 0
32 32
-7 -12
-20 17
-21 24
-32 -2
-23 -10
-7 22
4 16
-3 -32
-13 -4
5 5
-10 -14
8 15
-7 0
-27 -18
-12 -23
-4 -2
8 -2
-5 -2
1 9
-1 7
-1 0
1 -1
0 0
0 0
1 0
1 0
3 -3
-2 3
5 0
5 -1
-3 -11
-10 -2
-1 8
4 -1
2 -11
-14 -5
3 -4
-14 8
-13 -15
-19 11
8 6
26 9
-23 -13
-57 -21
-64 4
12 -17
29 -5
-22 -40
64 -15
17 -23
9 -29
64 39
-31 -31
52 -11
-2 -15
-1 32
-37 -34
29 -18
-20 50
47 -7
41 -2
10 -27
-49 11
14 -62
-8 81
8 -3
85 -23
-66 7
25 39
-106 -68
64 31
57 -92
89 -113
98 -71
198 329
-189 7
-18 -113
-9 2
28 -24
28 -21
-41 8
7 -10
26 16
-5 -57
66 -53
22 0
33 25
16 27
-70 -4
11 9
51 19
-8 -2
-8 9
1 29
24 2
24 -3
19 -24
65 24
12 4
24 3
84 66
-25 -45
26 20
29 3
-13 -23
24 -54
-48 11
-60 -1
-17 -36
20 17
-79 -51
27 1
32 -28
-11 24
-4 -1
-56 -65
-13 -27
4 10
0 7
19 -4
12 -12
15 -6
-53 -2
-15 -32
18 -12
24 -1
-21 23
11 6
-2 24
50 12
0 9
31 1
-7 -16
23 11
-14 56
-16 -12
-2 -21
2 7
10 -9
7 15
3 0
2 1
-4 -1
-12 4
5 -5
-4 0
10 -2
-9 6
1 1
1 -3
1 0
0 -1
-1 -1
0 -1
2 -4
-3 0
9 5
1 4
-11 -8
0 12
0 12
-7 -13
16 20
26 5
22 22
1 -14
50 -20
18 17
4 27
-6 -6
-1 17
43 1
-16 -11
-22 52
10 -15
3 -9
8 -32
-16 -16
-53 13
-25 61
38 -22
-41 -11
36 0
66 -61
-39 -17
-16 -85
-52 -27
-1 -4
27 42
9 6
63 -17
21 1
15 32
31 8
-104 41
44 46
52 -85
100 -2
127 -5
-40 123
35 26
49 9
-390 101
30 37
170 96
-1 0
-27 33
-9 -3
71 -1
-18 17
-51 12
27 -37
-69 -29
17 -26
-32 27
40 51
-7 93
-10 45
-35 -12
23 12
1 35
26 -59
-29 -69
6 20
-78 51
17 -27
40 46
38 10
28 -62
-47 -8
38 -9
-27 -12
9 2
-88 1
1 -70
-4 38
-21 -12
4 45
-13 -17
44 -14
-78 -6
-31 -14
-4 -55
-66 -5
-47 24
58 -18
29 -2
-6 3
-10 -6
47 -34
39 -26
17 30
-37 27
-19 -21
24 20
6 -9
-36 -35
-24 6
17 22
-16 -1
1 25
11 22
17 27
14 3
20 -7
14 -3
-22 5
-1 -5
-35 -11
-1 -1
6 -4
-6 -15
6 9
-1 6
7 -4
3 1
1 -9
0 -2
2 1
0 0
1 0
-2 1
1 5
-5 -1
-5 11
-4 4
6 0
5 -8
0 7
-10 1
-18 -13
-4 -9
9 10
9 -18
30 -12
10 -6
-8 2
-59 26
-11 0
18 -16
30 -20
27 51
7 4
79 30
-71 -29
-11 -11
-40 -28
21 41
-12 20
-36 130
-78 10
-57 -16
-12 32
-13 -47
40 -63
-88 -14
-11 25
17 -33
-54 31
12 -55
14 60
70 -37
-14 -53
-54 31
-74 -21
20 -62
99 20
-98 -40
21 13
18 42
-1024 198
-208 -30
-57 9
1 0
99 -15
-2 16
24 -4
-5 -1
-6 -45
29 -50
-23 24
28 15
13 3
48 -18
-17 15
0 -5
32 -9
-19 3
38 3
40 -29
-39 -15
18 6
-38 82
42 8
9 -40
-39 64
59 -35
7 81
47 25
84 61
-17 29
-94 -41
-9 5
-42 23
42 -63
25 -43
48 -8
-27 -21
4 51
6 0
13 -8
79 89
-32 33
12 22
17 10
-23 24
25 -8
-34 59
-24 -3
35 -53
-36 -25
-23 41
-41 -26
-40 -5
-6 -1
36 3
13 -5
-18 1
-7 6
1 -21
4 -15
-38 20
25 -6
-7 1
6 -2
-4 2
-1 -7
6 12
-10 0
-5 -6
-6 5
-4 -6
12 -3
-1 -3
0 -1
5 3
-2 0
0 0
-1 0
-3 -4
-3 -4
-12 -2
-5 -6
-9 0
1 8
-16 10
9 23
7 -2
-22 -16
1 -19
4 -3
-35 13
-3 10
4 -33
-11 46
14 -1
4 41
-43 -27
6 -19
22 -31
-13 -30
0 5
10 10
8 -46
-11 -52
9 23
0 65
-34 -10
-19 30
0 14
-44 -7
5 -1
84 38
44 -71
32 -90
-9 92
44 38
-20 52
25 130
47 -42
-36 -16
12 -143
-39 6
-29 97
74 -59
-29 42
-61 -24
-11 7
-899 400
18 82
12 -158
0 -2
-12 -35
-31 -12
24 96
-18 -25
-25 50
-13 59
24 -12
-43 -41
-47 -18
-16 -9
9 -17
-1 29
22 63
26 -18
-76 -49
68 -11
-2 -41
-17 64
8 6
10 -9
-38 -13
-39 21
-15 51
-19 -1
8 16
16 23
-3 -23
-21 33
-1 -10
-31 20
2 23
46 11
4 -70
-3 10
-32 -18
18 0
-21 -77
36 -37
17 28
-44 -2
-14 -22
9 25
42 -30
-18 -7
-44 -31
-1 7
-10 19
-10 24
12 -56
17 -34
-23 16
-3 50
-23 12
13 2
17 -3
-3 26
20 -19
-9 9
-13 -14
11 -3
1 -1
0 -17
0 -10
2 -11
7 0
-5 -18
11 -14
-5 4
-6 -2
3 3
-4 -1
-1 -4
1 0
0 0
-1 1
1 1
-3 -3
-4 -1
2 -2
7 0
-8 -2
-11 -14
7 6
-5 -2
0 -1
17 -27
-4 21
-21 -10
-13 6
-20 12
26 -33
23 -8
9 30
8 -23
37 15
54 10
-21 -2
-3 15
4 -39
-29 -44
-4 11
6 11
8 -10
-7 2
-55 36
34 1
23 23
14 38
44 -18
85 -67
-47 -7
6 87
-72 47
-35 -30
-53 171
-55 -59
-8 56
0 -22
39 -39
-96 62
-33 -64
-113 45
-14 15
16 -63
134 -149
306 -149
-144 381
27 65
-10 -45
19 22
-46 -56
8 77
215 -4
-29 -87
35 139
-106 9
-28 7
-120 -25
115 -65
-107 -59
25 -113
-46 -31
-112 -6
-39 14
-49 -132
85 60
37 -12
12 75
126 -120
-25 3
-121 -33
14 5
-38 101
-11 -48
-257 0
70 -13
-142 32
-90 147
26 162
22 -98
60 147
-117 77
-96 -55
80 3
-215 47
163 -13
2 -198
107 -3
-78 -77
151 -19
-70 111
-8 143
-71 84
-114 26
-7 223
8 83
147 155
121 62
147 36
55 -30
93 -23
134 110
-51 177
-81 60
184 -147
-250 0
-115 -2
-49 -82
-63 -56
-9 4
-120 5
97 87
-120 109
8 -5
37 25
98 -75
40 38
192 70
-46 47
30 48
-109 69
-148 -89
-106 -2
120 52
-34 -65
3 -75
-18 -42
83 6
9 -32
-98 94
-56 84
187 115
-85 19
87 2
-27 -64
136 -42
-71 -27
-46 -98
-154 -28
10 82
89 35
-34 -67
34 -121
130 169
-26 50
47 -47
138 -29
38 75
-73 -98
-14 -129
-41 -58
50 -29
-21 99
13 -44
-17 -77
-68 -88
-83 70
47 76
96 -41
-92 79
-90 -82
-64 -93
11 -7
-35 38
-52 -2
80 -97
-11 32
138 -18
38 1
24 -51
14 84
25 -69
1635 -735
-78 -4
-162 183
-51 -19
154 -100
-81 26
-52 138
12 17
106 38
-158 85
105 93
-45 103
28 90
172 -102
-72 -19
-26 43
-94 114
-8 -104
128 -17
144 5
42 0
-5 -157
-145 129
91 121
-96 174
-30 -83
-26 49
-163 18
106 181
-62 141
-56 -40
70 -105
41 -135
-6 104
-142 141
104 -27
22 -12
117 33
53 156
-55 102
-49 110
74 -58
-42 70
73 82
-35 -166
50 41
-118 123
133 -2
20 -22
205 117
-73 -94
173 -156
204 -79
-114 -32
-9 130
-53 -120
-137 149
-30 102
6 -21
75 -25
226 -12
-151 -172
-7 50
61 77
77 281
-133 24
54 -23
3 20
-2 18
85 36
82 133
-125 -152
-78 -270
-79 -80
-100 -7
-62 -41
-61 27
-118 -87
-71 101
117 39
-158 154
-4 77
95 81
-68 -72
-21 96
46 39
-85 86
36 17
-59 30
55 103
42 -51
-96 -66
102 -108
-20 -16
-26 -35
39 -96
49 109
-108 -146
-137 -94
81 -33
20 -21
-68 -25
36 -37
-73 86
31 -14
11 -56
-6 -71
51 41
65 -14
-16 -39
19 3
-72 -57
10 56
3 42
-60 27
57 -70
61 66
12 68
0 7
-80 21
-101 27
31 -34
12 11
-5 -3
58 11
-72 16
-142 -28
-12 104
1486 940
-39 158
27 -340
-84 46
66 101
-31 -83
-110 28
52 78
56 -80
-97 151
56 72
-24 -138
61 58
99 -66
-51 -156
-72 -34
-61 -162
25 -12
-52 -107
-94 51
27 62
-23 -1
68 -100
-73 -19
75 -132
-5 -15
-20 175
17 228
-80 67
-16 31
-105 -152
-109 56
-56 -1
89 49
221 68
13 117
193 -41
-28 1
88 -131
48 -186
59 -46
213 44
77 -39
189 -86
-248 -207
31 55
62 139
-1 3
5 -158
-41 55
76 -75
-33 -60
-65 34
-103 -97
104 111
39 106
77 109
74 -150
351 -114
149 -20
-25 -113
-90 45
153 179
18 53
-130 77
-55 -5
21 94
67 88
38 135
71 -77
-108 48
43 68
-70 90
-24 66
-11 97
-55 67
-11 -80
11 38
-51 41
-1 -90
-5 48
-66 42
56 -68
-19 -58
-106 -13
115 -45
-113 -91
19 5
-190 30
-181 -19
-42 -40
-6 51
85 -36
-12 27
53 9
-116 64
-97 -12
-37 36
-6 -71
7 -111
24 21
-22 30
-50 -65
-26 6
-25 25
10 42
-4 16
60 31
91 0
16 -6
2 56
66 46
12 78
-41 -2
-73 66
-61 -32
24 -97
89 13
-25 -47
-98 23
-14 85
-59 33
-36 52
16 -34
-7 -140
58 34
65 -46
-61 -34
1104 377
-107 103
94 -131
-46 -66
-22 -109
43 -18
111 -62
119 -85
-14 -107
16 19
110 77
137 45
122 30
130 96
44 -101
-84 -158
34 -149
-44 35
87 141
89 22
266 -17
-5 -204
-14 -6
-76 -132
26 127
-83 -72
4 -85
55 -139
70 -87
-18 -1
31 58
-34 -114
68 113
14 -7
50 58
-8 43
45 -8
144 12
-85 15
-25 -62
4 27
162 24
-1 -77
-70 -56
-298 -151
96 -127
-8 -33
76 -80
80 -144
-40 87
-60 125
195 -89
-115 6
-166 -129
17 42
101 -45
116 -111
184 3
156 41
62 -128
-35 -105
-19 166
68 38
-27 -43
90 125
-61 -138
66 10
240 160
130 224
42 36
-85 27
76 30
-13 -135
8 -149
19 2
-45 49
-24 20
57 -12
283 74
41 7
110 -100
-39 59
91 1
74 -14
-41 -127
-102 -21
3 67
42 -11
30 -61
-78 -22
9 -33
-59 39
-46 -68
-88 37
27 34
105 35
-94 -46
-125 -45
-199 11
65 -78
30 14
-45 -108
124 -3
31 5
16 -45
106 21
-31 -44
63 -60
74 14
29 -37
-16 -69
7 -42
-80 127
-46 11
56 -38
47 43
-87 -53
9 -25
64 -42
-39 19
127 -8
-54 -3
128 -32
-59 -1
-10 136
-25 72
-4 -59
44 17
1773 1272
-102 -157
100 304
-99 20
-158 104
-119 85
52 -22
-92 16
-73 -36
-33 155
-177 69
-35 23
-41 -100
-118 -73
145 41
-36 47
-152 4
-4 0
15 -43
-2 -36
-101 -8
-73 31
4 108
-215 -85
-70 -65
-78 -10
-194 -113
30 110
1 -95
-121 -52
6 71
-64 170
78 -46
135 35
37 103
-82 -31
244 107
-117 -3
-84 75
36 -57
-52 -23
256 226
74 79
4 -46
15 24
-91 69
-61 0
-65 23
209 24
56 161
-52 53
-80 -15
83 -78
-6 -71
31 -117
-269 -94
30 -47
-166 9
75 116
-153 -77
69 -373
102 83
11 122
-12 -44
-49 30
-64 -104
-19 -17
-15 -16
52 1
143 -55
-65 68
50 6
-170 16
178 -120
-21 -31
-17 122
-43 -17
10 167
-134 -102
-15 -50
63 -126
-70 7
148 93
16 63
-125 -98
-2 117
3 103
-44 -96
110 140
143 20
96 118
-15 -65
224 -96
94 38
20 56
0 -23
-7 35
126 -7
-63 -25
-75 140
20 -57
4 5
20 -55
-11 -20
-91 -36
-24 75
54 -45
-4 -12
23 16
19 -33
-100 -48
7 -30
38 21
-2 -89
82 40
27 50
36 38
-57 46
-7 0
-47 140
41 -27
42 -15
6 -5
54 -67
86 -67
-101 36
-14 19
58 75
567 -53
81 34
-69 78
-25 17
36 28
44 -20
-112 60
37 -71
118 -76
-66 103
60 151
-27 45
66 -57
-131 -184
20 -183
3 -125
38 15
-74 -16
17 -95
-29 146
65 186
-68 -20
173 -115
-29 83
-61 -158
-107 -23
21 175
64 -32
-145 -35
75 4
1 -25
259 21
-6 129
-19 -147
-9 37
39 -137
31 50
-75 46
222 21
90 61
28 157
222 54
138 -63
-197 68
-127 -60
50 -25
28 10
-139 147
-149 109
-72 -163
111 -150
78 63
-113 -79
-46 59
177 153
103 -26
-92 -119
110 16
23 -105
-50 -143
-110 -162
-63 -15
-112 61
-102 25
163 -57
19 45
286 111
6 14
-65 50
71 189
-66 -110
19 -87
-118 65
-49 -21
-28 215
10 71
-112 -50
85 -61
109 5
-88 36
34 174
-116 -7
-89 178
-56 60
64 5
56 -66
2 69
-67 -2
-109 -109
-20 -33
36 71
38 -82
136 -11
36 -26
-14 44
-191 78
-36 5
39 -27
38 -60
76 112
95 -23
175 0
-166 5
11 -37
-166 -36
-4 117
-93 15
-42 213
-102 50
-44 -21
-11 12
-21 -81
13 -94
-118 -63
16 -60
33 -94
-11 42
-64 17
-60 38
17 61
-87 31
-66 -90
-2 2
87 27
-41 -54
53 -25
-57 63
120 63
-31 1000
-246 -3
-20 42
59 -17
-158 56
9 -98
-7 50
17 -4
19 106
-40 143
32 -77
-33 -46
-61 -7
-92 69
42 -46
42 48
-74 78
78 32
-62 12
-120 88
80 41
-28 0
101 -148
-149 -35
-79 133
100 -187
-175 91
-86 -191
-153 -90
-239 -203
61 -109
171 20
36 3
121 -88
-107 157
-91 184
-145 79
77 51
-48 -175
-45 74
-61 19
-227 -284
73 -32
-67 -36
-60 -41
93 -78
-84 29
129 -224
41 19
-130 198
123 84
104 -182
170 99
204 60
4 -19
-163 -20
-42 29
99 2
70 -37
14 108
17 108
213 -114
-160 26
62 -14
-58 11
31 2
5 39
-49 -83
113 4
64 56
69 -59
56 89
-196 51
30 49
5 35
-189 -110
132 12
-45 44
-106 -81
-128 -205
-96 -118
-252 -46
-76 -105
-120 -8
8 95
-149 83
82 186
47 -7
-125 -129
3 -104
14 -25
-195 69
-12 52
13 -131
-39 127
40 32
19 115
-119 -70
7 -94
23 -90
-40 -61
0 16
0 18
44 -53
-12 -78
29 19
16 34
-74 79
12 -47
-27 -6
-16 -30
-23 22
102 45
16 -52
54 -68
39 32
55 51
7 48
0 69
-39 18
-30 58
35 -58
-181 6
54 -38
45 51
1 -31
-62 42
-49 -51
150 483
-8 -49
-5 2
8 57
5 47
103 66
-7 -110
115 75
48 -113
65 -159
6 56
70 59
47 52
-6 104
-23 32
11 -67
-47 -149
-83 66
179 93
-127 40
51 93
93 -104
-22 -20
31 25
148 0
66 -44
56 -117
77 -8
1 8
-76 -58
-2 100
-30 -103
9 -71
67 -49
-47 -109
-174 -14
-34 192
11 24
34 75
-64 -1
28 244
-120 114
-62 -61
187 29
61 52
-97 -84
-179 60
130 31
211 150
-12 -19
45 -91
27 -93
-59 249
-91 135
99 -85
30 -208
148 -94
-49 2
-116 20
1 -125
-105 105
68 -43
103 102
-67 23
17 7
-4 143
10 81
-11 102
-76 -2
51 197
-129 182
72 -75
92 23
-65 -73
99 42
32 133
-27 14
86 66
-131 74
62 58
-75 -76
-82 -26
40 -32
97 -1
-99 -30
-101 -132
34 58
-35 -8
1 -20
88 -160
-44 114
-96 -24
-33 2
-87 49
83 -103
45 -33
-15 104
17 -56
61 23
104 41
-69 16
-37 25
42 -81
-79 -10
-61 51
20 -48
-45 -3
-89 14
-53 25
48 61
-2 -75
29 78
90 42
138 -48
-17 84
-25 24
18 -58
53 -31
-46 69
-13 22
-16 87
-65 -36
13 -4
-15 -37
47 27
-7 -125
-39 -34
36 -51
802 -1160
340 -23
93 -202
-121 83
-67 -19
73 84
-43 -34
-95 -29
-191 -130
-30 189
10 -131
34 87
173 80
62 -126
46 31
94 103
-102 175
62 10
126 -77
-3 -62
65 84
29 -36
36 79
-84 -138
-112 204
62 79
24 -25
-69 163
90 1
-57 -2
180 47
-6 4
129 -110
-16 -93
-47 -290
69 139
-17 -156
164 -133
186 65
-173 -76
204 -85
-166 6
34 132
37 -88
107 123
-70 120
-5 -127
59 -201
129 -192
204 60
137 -271
86 -124
-209 -222
-96 -59
-327 -116
17 184
-102 58
-239 -217
161 -260
64 -115
-133 224
385 16
71 -93
98 213
37 128
-28 -185
165 -185
-171 -284
72 -148
-11 178
-190 -1
-214 105
43 -167
-339 -45
69 -152
-38 -117
306 -143
235 64
284 -44
-332 -79
-257 185
-27 208
-44 -4
-225 -9
54 65
114 -186
39 -65
-575 9
157 -167
-185 -46
136 125
-207 180
67 93
-87 219
334 79
-68 -89
-181 -143
236 353
-226 266
-99 -402
32 86
-75 100
-463 -101
-56 -106
-44 370
97 171
9 -197
-232 77
478 -149
121 -153
128 204
230 9
209 -58
97 -236
30 42
-158 183
-37 175
-48 59
37 -170
165 -236
-109 -272
129 209
-42 127
-87 9
-184 -58
-128 -154
-34 41
-49 129
-277 444
-163 -97
-36 3
-4 -85
-50 160
45 -116
34 -45
-83 -27
50 -21
190 104
-104 -66
-24 94
33 -80
-66 19
86 26
105 -224
82 -127
11 146
-146 -14
47 -91
-7 -16
-21 53
122 -175
-117 -100
104 -149
80 15
63 -16
27 31
12 -145
72 -257
14 -62
-118 59
-19 222
-61 -64
192 -109
-191 -40
-5 82
-117 5
-37 -275
50 -109
47 -235
-193 90
30 -175
-155 -90
19 203
6 -67
161 -140
-194 129
-227 -25
-316 -202
229 149
-60 225
-223 19
51 33
20 -200
-27 147
317 -232
54 -103
54 84
-91 189
-333 47
346 257
39 -62
-160 -31
-145 -474
199 54
-201 231
-152 75
-89 -36
-146 -136
-130 -240
198 180
-21 486
38 158
82 100
170 28
97 -20
159 235
296 -20
-135 18
131 -288
-191 -141
-168 -233
22 158
-23 -158
-48 -51
158 -125
-107 -115
-19 -69
-14 -107
33 50
108 117
-189 192
-103 -22
-82 225
-134 163
-232 -206
358 170
267 110
-177 63
8 57
295 -57
-20 -75
88 -164
-60 207
-116 160
-207 117
-184 167
-126 219
169 112
120 -57
26 156
99 -163
104 -116
137 -182
86 -53
11 -108
-25 -137
-40 -54
3 -136
-138 -9
22 277
20 30
-202 97
28 -114
140 -56
-2 -50
26 -86
790 135
263 140
147 253
53 -19
-75 -161
36 37
-9 42
-28 -125
-36 -14
58 -69
-73 -5
51 139
-54 -44
-41 204
175 93
113 19
14 224
79 -49
49 126
119 -110
39 11
8 20
95 163
156 13
-12 158
47 39
-8 -77
-15 -289
92 -113
-92 -30
-2 221
127 -15
21 -116
-80 -61
-231 -31
-64 -176
-293 151
15 -86
-124 66
-163 247
-144 112
-381 -162
-141 181
-234 97
309 144
-134 9
-112 -134
-10 -22
-15 272
4 -7
-208 133
-173 214
205 3
62 128
-206 -115
-41 -46
-22 -210
-87 317
-421 71
-320 -59
40 207
358 -120
-265 -479
-98 -251
53 -138
89 78
-115 -211
-77 -229
-126 -238
-165 275
292 -114
-177 -44
174 -133
-111 -85
-19 -246
113 -45
17 108
51 96
-58 -114
-14 198
183 -20
110 5
-173 60
65 89
142 188
-212 94
173 175
-159 15
167 6
365 -57
34 114
122 -20
-201 127
-226 -115
-20 -127
173 -137
160 -10
38 -194
-78 211
-159 338
30 -43
-6 -139
-204 172
-109 -147
18 201
-93 -201
55 34
-98 207
3 -26
-230 11
135 -108
-64 -188
-85 -9
-97 11
-19 141
145 326
-143 6
-254 -170
-177 232
141 -39
-256 70
103 -51
56 -135
84 -131
126 -203
-18 -33
67 -45
138 -194
-425 -6
-1 99
-159 138
67 -18
66 32
-10 66
-36 43
-37 9
50 102
-42 56
-72 -102
-77 114
-68 -48
-72 -30
-184 -11
24 125
-56 232
47 -55
-97 -150
-271 -4
-95 -69
86 196
-33 108
168 193
-46 3
5 113
-3 66
-119 35
-94 120
79 -30
48 -38
34 174
24 -107
30 1
17 57
-147 -109
-90 -88
-90 125
163 39
7 97
-66 0
-170 -94
-4 152
43 8
280 336
-11 192
72 -113
-126 104
-216 46
194 -202
39 -265
-168 -26
147 -56
258 141
15 -17
-145 -80
-179 121
-266 -20
-357 -59
-196 162
94 207
203 -66
-17 -132
-6 120
-223 -351
68 330
-157 -78
-263 -171
-343 -315
-84 -165
31 -36
-117 -96
12 217
122 235
80 15
159 -206
66 14
-29 -105
-662 -80
-21 -107
-12 103
272 -40
-112 -4
-68 84
26 256
127 -5
114 -144
-2 -39
57 185
191 106
-44 22
136 -103
172 127
114 -138
-74 12
-173 -16
127 101
515 188
296 35
-36 -1
-220 78
104 206
-340 190
-129 179
-14 132
-282 -233
185 174
-253 -1
140 110
34 -167
145 135
-145 71
63 -95
-261 55
-17 -125
-1 151
81 -28
-55 175
14 -277
-48 -26
-211 89
150 -82
-48 -105
218 220
-219 -100
-119 250
-227 277
-120 83
369 -1106
-130 127
56 -226
51 -44
109 -111
54 12
-73 4
223 76
92 69
103 -40
116 46
-46 -89
68 61
205 37
-121 -100
11 -133
95 -88
-14 22
61 146
-20 -66
126 -4
95 -98
-99 -233
185 104
111 191
34 4
137 -15
99 -36
-145 223
176 144
-11 -19
78 -174
75 24
-65 -125
-83 -53
133 15
-206 28
170 -75
-21 -29
-76 13
225 65
-410 -265
-166 -34
-16 85
-48 -144
130 -261
82 89
81 -76
-196 -47
-55 -257
-29 -23
2 79
-81 33
-136 264
-152 176
400 228
-139 83
265 -51
-279 -241
257 183
-27 719
-145 -138
24 -108
29 46
-86 166
132 49
-35 120
12 72
-157 58
-339 138
130 -176
-65 -102
474 88
-402 214
-94 115
-47 -233
65 -109
-46 -188
240 309
48 -42
-4 -30
-81 -22
-369 -179
-73 15
253 103
-65 -233
-3 -168
168 207
-154 -223
-358 -138
-376 -217
-131 135
-405 136
-34 -252
-43 -339
80 20
46 -198
-291 -40
24 35
98 -284
-78 33
15 89
-99 176
97 88
230 -138
138 -384
-172 68
276 56
-155 -36
-274 281
50 26
52 434
349 86
41 1
10 -152
1 77
-219 57
-135 109
-92 -182
-69 85
274 -136
-144 -72
-138 118
-123 88
-445 88
158 -363
-58 -105
-81 -51
-723 -775
243 -24
-65 -54
43 262
115 -49
-36 106
36 -98
37 63
-28 107
20 -71
86 -178
4 -20
-65 39
72 191
-53 75
-2 149
83 69
31 -4
-77 103
-56 3
-32 -142
151 -54
-136 77
13 -40
-9 249
134 14
-160 -127
110 139
160 135
-37 79
-31 -18
-187 -72
48 56
81 177
173 -48
-129 186
-12 -37
-68 -55
-157 -53
-19 -115
-60 -153
-208 -187
-93 -74
172 -122
196 272
-166 67
-27 54
41 -159
144 -109
57 303
11 307
-100 8
137 59
119 -161
-240 -114
-93 42
133 195
-254 -124
-163 -11
-7 272
201 230
-55 9
92 -154
159 -18
-250 182
-90 -77
-410 -310
29 -30
200 -176
-94 -475
101 238
-144 111
257 -156
-43 49
-125 -345
54 -93
195 205
-252 191
-99 36
80 -96
72 -326
128 109
140 -461
117 -24
-129 21
-5 208
-13 -56
180 -89
261 40
55 247
-121 -21
-94 211
-275 291
-62 50
145 114
475 -200
53 -1
-148 151
-270 107
-120 -306
148 -121
-447 -283
367 267
102 72
52 130
-154 -92
-91 -81
221 -453
331 5
263 77
34 -126
43 183
-210 236
206 29
87 -140
-5 138
209 -4
-79 182
12 -176
-214 156
23 136
146 2
136 50
-30 113
-246 -55
286 -10
-56 -164
-71 -68
-301 -332
-59 -24
139 12
69 -25
128 -52
-6 164
-136 -90
6 38
-3 -90
-107 -118
-9 160
-66 -32
128 14
-36 -73
13 15
-84 -29
49 -207
-163 -105
59 -6
174 -89
-43 18
-1 -42
-89 75
185 56
83 -139
-61 169
140 -87
196 52
135 167
182 245
-70 135
73 218
-96 -25
-66 132
52 -19
95 -240
134 -162
-28 18
140 193
68 -286
33 -57
59 204
-16 -140
65 -30
68 39
-173 51
42 -41
-162 220
124 -79
58 -148
-50 -60
-138 251
-142 -72
-316 -184
88 117
179 52
-32 -42
-152 -42
-228 82
-94 -82
-240 -222
-161 109
241 -3
-159 84
167 -15
-48 -84
19 61
54 -56
-281 -47
-121 -1
-40 61
-14 -176
284 -96
-92 -50
97 -123
256 177
-238 16
37 -180
241 -3
309 376
57 190
510 -36
282 283
306 -142
-3 -121
297 -274
-75 -422
-90 60
402 67
-57 235
-60 -67
230 -102
24 -94
-19 278
71 -510
-162 154
-6 -317
309 212
-78 -5
-203 126
2 183
9 -17
-84 -51
33 263
81 277
59 -136
59 -368
32 182
73 -194
-77 -100
201 15
-107 -57
-344 -121
-44 161
-31 304
130 -307
-177 -144
89 -132
-51 -298
-237 174
83 50
-23 322
73 -17
52 -267
-176 152
122 -170
78 83
87 -7
742 -397
-22 -74
-65 49
-65 66
43 -35
-10 -73
-68 -65
-188 0
-7 31
-104 84
-66 -82
24 37
50 -55
168 -163
-19 -63
18 25
25 102
144 -51
-81 -1
-34 -48
-147 -47
-125 -55
-27 70
-136 -76
-202 0
33 18
-48 42
-89 32
-70 -78
130 -32
45 -193
181 142
-32 282
33 69
164 176
202 0
106 -103
17 -192
102 -127
28 8
104 -189
99 -80
75 -57
-281 -78
-76 -20
220 79
261 102
-330 -47
-352 -226
35 8
-67 146
-21 118
70 -311
146 -68
-105 188
-71 114
-341 271
19 -20
254 -91
67 62
75 -108
-168 -5
-275 -202
60 -40
-138 -5
30 -223
-91 -113
-42 -195
141 51
-45 -302
122 -385
-193 268
-184 6
87 300
-247 -166
-61 -22
-27 -30
-187 -94
56 -239
74 -121
248 232
133 -2
-83 -47
-87 63
160 -103
197 284
-319 -58
70 96
-18 -73
-248 305
-66 -227
233 221
218 -179
151 -112
-236 335
-336 30
-207 -163
-115 208
-346 -106
-395 -9
85 48
-103 -118
24 222
126 363
-141 -30
10 -109
-156 5
-141 12
225 -209
-55 96
-83 -186
16 -113
-72 131
-170 255
208 63
4 -349
212 -198
155 44
186 -500
167 194
85 -28
-79 25
-129 80
225 -57
144 100
247 -87
4 -33
-17 24
152 1011
41 188
182 -457
-109 -144
235 173
-89 -67
111 154
84 -68
-98 197
103 -103
-17 -130
94 -129
-194 -55
199 190
-294 129
23 -63
91 -59
-75 12
70 127
124 89
2 48
-212 -27
-126 -65
113 66
-94 -43
-32 -250
168 89
134 -342
-65 -256
57 96
169 -38
-150 4
50 222
151 49
50 157
-201 -122
-63 -48
-59 164
-182 -60
293 105
56 148
-107 -40
-100 220
-288 264
100 -32
-108 -255
124 20
-116 110
-252 157
-213 -157
-189 64
-219 -3
130 149
31 25
300 141
-195 -169
56 -58
242 110
-174 107
30 35
-11 -133
-283 -75
-43 144
-32 -186
-36 -155
9 379
-177 278
91 412
-37 207
-45 -308
454 -41
210 -140
-210 98
238 -133
-14 344
-144 393
-379 261
-19 -40
-327 21
411 117
556 -49
48 -117
64 -103
337 -170
-185 38
101 364
1 -87
927 -139
-181 214
225 49
-207 -187
274 -281
30 46
60 -185
-498 -229
93 -26
419 190
-313 -461
315 -365
-95 425
-114 -255
-12 -170
927 115
176 231
46 -665
-238 -163
234 306
101 112
-1027 243
-65 220
-183 -34
-357 218
-389 -142
-274 128
-320 -136
374 -429
22 -233
119 208
72 356
-644 757
145 266
-23 25
-6 -206
-369 -175
384 43
184 409
262 -180
94 -292
1760 -1734
158 -37
289 -17
77 5
-117 32
-12 37
85 -163
109 49
-263 -80
117 -288
-88 -69
256 -175
-115 15
-234 210
-21 -3
-135 229
13 -19
67 -32
-53 111
-331 108
-50 73
-22 143
13 23
-16 -14
78 -84
-94 154
-109 -36
187 -146
-275 -88
-19 230
59 109
191 129
-33 16
42 18
-82 -7
86 82
56 -217
31 -152
-67 147
7 -29
22 160
201 22
42 259
68 58
-23 -58
23 35
-18 -108
61 -228
397 62
206 255
-285 -111
-17 -157
82 163
112 17
-99 105
49 -132
-278 206
-139 -42
-4 -210
-21 -318
262 59
-310 -153
-51 43
121 5
244 442
-58 -109
419 -378
379 6
154 83
41 186
166 285
-311 -125
99 -519
122 -246
-1 -136
-234 130
-74 118
-130 -143
-418 -107
91 -21
-41 354
394 313
262 364
148 -232
65 130
-3 1
-73 -92
125 77
84 75
-77 24
-224 22
-182 -150
95 -60
120 11
-52 -315
40 -215
480 50
-520 -403
-174 -108
442 29
-7 -72
-503 194
-263 312
-177 63
63 -413
183 -428
581 -168
387 -308
255 -111
-344 -65
-217 -54
-298 -201
-111 133
-315 294
-259 369
-241 299
-135 -68
68 11
124 47
-1 233
282 114
-263 -540
272 -157
421 -222
74 419
-95 223
363 127
29 316
-165 5
215 -133
-149 -182
159 -101
42 -8
-21 182
250 -33
-162 32
-88 139
154 -209
-31 -99
32 52
0 -62
-172 -108
-172 205
-45 82
103 -27
-198 125
0 3
2 -7
-50 -183
26 -34
-233 -118
-169 -12
-190 14
-73 -111
29 -155
-13 -37
20 55
150 79
183 -149
-93 -53
0 105
-94 44
56 -49
134 -37
168 -115
50 85
54 123
154 -117
63 -177
196 168
176 -281
101 -14
-128 111
130 -62
93 -51
71 56
47 -159
119 -225
229 -180
318 -221
-271 -89
45 -105
287 -19
4 -188
-49 137
-17 -507
94 51
275 232
37 -181
-530 153
163 531
200 379
22 51
31 -137
51 206
108 356
215 75
137 -346
-273 267
155 1
-302 114
382 86
0 272
-109 -97
-68 -127
-59 -62
161 65
3 -241
-375 -93
-188 13
173 15
-110 -45
14 -225
240 5
-211 -93
183 92
8 -182
-296 -121
80 -99
-2 242
298 -62
521 157
-3 244
-135 100
-555 52
54 401
-20 -247
255 -439
92 37
13 274
450 -137
325 257
113 -553
157 248
-132 -7
179 -597
-279 190
255 244
-306 290
346 368
35 127
265 202
65 -308
-323 -531
-70 316
570 304
90 -673
-252 -292
441 -180
-168 -67
221 311
-145 230
-120 621
-208 -230
-85 39
39 566
521 940
-21 -200
-2 -183
260 207
7 243
-131 -45
-214 48
-237 19
-79 70
49 -114
-81 137
-171 -268
-124 7
-40 -39
131 169
188 97
80 -95
-16 -30
-24 14
205 13
-318 110
-94 118
25 -200
-117 29
93 -228
112 33
105 91
117 155
86 -85
-60 44
-27 -101
76 -197
-118 -110
-40 110
-159 -249
248 54
141 92
-129 -235
-152 -22
-30 -94
133 -32
-84 64
-16 -149
157 118
17 -269
-178 16
-67 336
118 -16
262 321
-244 328
83 246
-94 199
-63 122
-138 -150
-6 39
100 195
90 -28
20 247
427 237
312 9
-134 -280
-288 -76
-6 224
112 -292
172 534
-45 -523
236 86
150 28
466 289
124 330
7 21
-2 28
-30 -223
-234 -296
-243 5
-290 324
-76 -113
27 148
876 66
22 -61
-347 79
-347 -55
98 -29
-68 -191
96 -405
-288 36
-218 91
-118 86
-207 -434
-253 -165
106 224
-387 33
-123 -140
-52 123
54 -10
12 131
90 -51
-730 -258
-481 185
-265 54
521 -237
-180 -98
516 -222
3 -456
85 -222
451 543
-174 -140
366 195
-311 -328
-168 577
-412 -140
212 14
158 51
569 -123
207 65
-196 -320
-40 336
109 -405
-228 697
178 -13
155 -162
-281 109
-193 345
-484 -434
284 -194
314 -606
531 -557
288 -352
219 -207
117 298
-223 -175
273 -66
62 89
75 -219
-1 0
-37 -194
-59 -38
-50 -245
212 -204
159 119
-27 161
-70 99
-7 104
92 69
133 109
60 -58
-227 -176
54 88
-30 42
-93 135
121 224
105 -71
10 -174
87 35
52 164
-240 -133
170 -239
-81 -142
65 -97
-121 -20
-231 75
0 102
184 -141
-107 -85
-125 -201
-54 291
233 -47
96 83
-315 -47
208 125
195 -93
-49 -117
26 153
29 317
40 -60
-35 201
-80 -1
-2 179
159 -130
168 -56
29 60
198 -418
267 -140
-188 -149
159 -144
-300 31
472 121
-110 -231
-32 -689
22 71
-153 33
-89 -33
266 -241
-143 55
176 -162
-71 172
260 26
510 -195
-102 94
-21 138
-595 -179
457 -246
262 -107
117 190
-40 260
-65 181
-230 -408
-128 101
-132 331
230 103
429 237
100 -93
-377 -124
50 324
-106 69
-275 -189
318 268
299 152
462 278
118 -163
566 -190
77 549
-154 772
-299 -17
149 228
335 62
-77 -260
-8 362
20 44
119 -271
-32 -324
-287 -179
-375 370
-309 457
310 -107
-385 -75
336 -87
677 -480
-8 -39
-278 -637
-548 -277
-84 425
-111 215
7 -106
406 -342
327 -65
86 146
414 -217
-774 358
176 398
258 -436
416 191
403 155
26 604
153 83
90 -232
-316 -324
96 2
331 38
-31 -72
-310 79
-80 8
181 155
-88 87
-180 -40
76 -83
-196 -70
-2 48
17 -43
182 156
72 216
80 -75
-240 -84
148 44
73 -18
62 -322
-33 -49
-142 42
-32 26
-23 -108
110 -133
-44 68
100 -137
-186 -170
55 -157
-61 -172
25 176
-136 126
-104 -271
-51 29
-242 61
122 -163
-41 15
200 32
-105 87
-164 87
-17 25
-69 263
-33 362
-1 166
-120 -386
205 -29
47 -176
129 -57
-17 -108
69 -215
-156 -304
82 -69
13 63
-147 300
129 -179
48 -118
-83 -210
271 382
266 255
153 -297
-197 -150
278 -40
-74 137
-131 -141
244 -175
139 50
461 357
-29 64
-499 200
-14 595
-86 -238
360 -96
-219 287
235 -48
248 172
-117 85
-233 -430
321 -293
49 -54
37 200
-434 366
-67 -256
-192 509
1 105
203 -190
-147 -206
61 -101
-255 121
-496 34
-49 -287
292 -150
238 -233
208 -609
296 44
-73 -222
-615 464
-102 -28
278 -289
609 -122
211 607
-408 185
481 654
-307 -574
-299 85
188 -299
355 89
307 204
-138 811
-469 -105
-485 -96
-131 320
-41 -98
271 -222
-353 189
-144 354
-3 98
-259 121
407 -475
382 286
381 -484
123 -398
-143 411
-442 -191
-58 -423
617 251
-623 -146
253 -131
15 123
-574 578
168 44
-238 -126
-133 -85
151 -96
3 40
254 73
-129 -85
61 -34
207 -111
-124 -182
112 138
-20 16
150 -10
-135 49
67 -120
79 232
135 103
7 -66
-141 -45
-93 -90
31 38
48 -15
-16 -6
104 -90
-69 49
138 9
-119 269
45 -158
86 -31
-36 17
-323 -395
226 -42
-146 -81
46 -291
-5 34
-5 58
-71 -192
-210 28
-1 361
255 156
385 138
-11 199
121 -27
-15 29
243 2
118 35
135 11
-297 134
233 -88
-168 51
84 -199
-108 50
204 184
-146 -164
-225 -68
129 32
157 114
331 -88
54 -26
527 211
-97 -38
-357 40
250 -193
-167 103
116 -37
-71 -178
-37 165
288 61
17 -149
107 -54
-30 122
-124 1
36 22
-177 152
-112 -224
195 -127
58 392
-391 203
-276 -467
6 -103
-604 40
-281 -441
-582 293
-167 42
-276 337
-24 535
181 25
-402 65
43 -481
110 -79
-103 130
-61 -82
209 -373
-258 836
52 -192
13 479
-368 -307
79 75
416 -178
-172 -245
50 9
232 107
-83 -540
-77 -390
165 239
-63 704
-133 -520
-371 555
12 237
-405 95
66 -145
334 221
447 -616
131 -638
-129 637
114 89
-175 232
177 790
374 -384
-168 -193
-88 -739
256 37
-358 610
257 -510
-189 211
-274 -135
-8 147
-614 677
-104 -122
160 -119
19 -136
-138 -105
-173 -123
46 281
-29 -199
-37 161
16 225
19 67
-113 -98
-136 -56
-247 -79
102 59
-88 41
-11 61
-131 -66
-212 -96
182 -18
166 -61
-56 210
119 -68
91 126
10 54
-150 -20
-65 146
-12 -39
50 34
-46 220
-138 164
-147 -97
48 -311
-169 -84
-237 -118
44 34
-153 -167
-70 346
-148 103
83 -36
-274 -124
43 -83
-19 259
160 48
-97 67
-101 -55
-169 -282
317 15
235 109
32 15
58 -107
92 -137
59 122
-84 -133
63 -325
-14 218
442 -429
-73 -87
-256 258
-132 79
48 57
258 8
446 151
-2 -15
85 1
-28 35
127 107
172 243
-132 -117
-6 175
-170 365
213 -280
163 145
31 -495
313 185
112 -176
-7 108
271 261
-89 358
-63 139
-384 -218
-34 -85
96 135
104 -132
88 335
-216 -188
473 5
-80 -280
0 261
295 -375
249 258
-263 -282
-351 252
-181 12
424 -512
272 -66
387 295
-43 -235
545 317
602 -15
-38 -192
80 128
-166 -196
-13 -674
97 -149
40 441
208 -161
139 15
-522 268
199 -208
236 563
92 29
181 -325
354 -391
-264 -325
221 611
-557 486
-394 -161
-226 945
-417 -499
11 164
158 -98
133 -77
-496 488
-235 -439
-499 569
-55 169
47 -179
