-132434182 64659569
70708488 -394309039
-234738785 -52799487
227259139 -149198709
-317073401 90656501
-32630377 -251581319
-127724646 100014580
-63975523 10558960
-192992967 181478235
-70435051 90494011
-290733906 -55940666
130758976 218473643
-97609655 -28033981
-101303014 -288086015
297791345 -108080516
-19197688 507926623
281290159 -246351157
391981726 -26210965
59327277 -92856788
201054836 -145601931
-26194454 -176014489
226131643 -43596126
-93652088 29588352
-347625421 -154689890
-80766136 179419766
-184165626 -482123114
262209292 562025343
-225053353 -593523322
60341573 516248292
-12989364 -213756988
-133817318 286876381
-246908587 -134552504
-55747492 -268747514
23448090 -163478605
-278174444 512200700
383155463 389987935
-202411781 95486972
-94025790 -33971309
-161724692 -202893242
-85359297 252049635
151934129 42811191
-51844120 151844956
-335703135 -75601620
-138290349 271569392
-248136268 -74003727
-156643462 -202994048
54697536 -160485435
-288253964 452558871
-38221862 -250827062
200645477 433612762
156350262 121318986
287070484 65601202
-498173038 -139631017
219655612 122552475
501485362 -50920135
3575533 104479269
-109695823 -66151422
-5565933 -309806429
140210824 234494463
-188048249 173356821
35350721 286021095
193833285 -449844503
-286293548 247886047
-170885165 -79160207
-383047096 -352283720
-201200269 283647311
609512938 160360280
145144632 -307541500
-365586455 -204425675
253276787 249068287
-34134871 -66930496
-407208549 -264830915
135911871 140303510
200210794 299629587
-79784837 -351014480
250747756 -372792275
206335423 -142966163
-317974482 -20810295
-141782249 233662516
-25245059 510826017
-1493639 221265947
409482112 95860016
104456351 -12730541
66904436 230449822
-577926183 -247866526
181944546 -135089449
432174 -146194257
170705358 -590432931
-42910948 44604322
118381645 352416421
-88880882 170512274
-97019264 390829349
-225753740 105707685
-544508145 -157570113
37559112 -112967306
-8947212 -225091901
104687200 -180306932
37545798 -375528483
232850845 107591417
-16357672 -317612717
115596656 114132764
-121188262 -62742553
-10565616 -145094547
194156266 -31215967
-146255628 -35806154
-566888054 381439632
-87223465 177619940
-205678864 62934747
501824071 -292002080
300018591 -214310475
-167136491 -42227276
-530862818 237889142
-167156976 -37049819
92021869 -53562020
-429654095 128158063
366439667 193400889
-5112802 -281960391
265145005 -249082996
198546530 100730464
-151185305 -50277438
-55887237 48814820
-461545021 126863015
-243137970 -123917429
33361455 -94821967
521514582 292079953
112905386 130786455
-16726103 -357268472
-248380265 -651038788
