67717434 -123328461
-92838801 5886117
63841177 -81593881
19120986 6978268
-67155146 125541071
-86975737 -81379790
11549348 -56206962
-33956054 26201308
95144738 -85654849
46710504 -117270963
91877385 50845097
-96499680 -92430367
83850734 -129497948
-15707917 -112798327
-32882243 62642446
-51063905 73041210
118935848 9394843
95717897 -108632114
-2286061 -120138004
113175905 124269229
77320105 74777331
129296597 -73517584
-80155967 62526129
116306373 100491127
-108933657 -9033751
12655792 110734401
-131521342 49803632
-34442695 73199735
-56672753 -110265992
56345447 49827898
-62223449 35820928
131708238 87304370
-73661409 -35154093
24403244 82765164
-14164694 -129096966
62037575 -71880893
-104456581 -100637137
114887145 56291453
38935798 12928858
21975164 75996363
-132462284 46073889
-7475067 124255373
-89788040 -12767937
43106245 -52037666
-53585940 75127387
-14674644 -45727989
-112275435 -46017668
-127346712 18663839
68311809 -55958289
127304580 129730671
-110332137 -74482450
56061687 27203501
122531588 1384299
-942077 31921944
-120998202 -7659400
-125072955 -42773831
123553135 95886948
50545613 -71884056
115337739 108957878
-45310994 -9665957
6977633 -99372590
46716572 123517910
40488814 70633770
-73679430 98034476
110327450 38650280
57814563 -100213166
84582512 -121782997
-109359569 68549271
-7207996 6187190
-104838081 -34791371
22252650 59528665
-113415187 124975156
55111935 58104327
118284144 56569955
61832845 60496158
1953512 -120195751
-24305897 -13806058
9359286 -93933763
32068889 84479527
-82341720 17540970
-80707712 -806701
92301648 -4348241
-116286867 -38482350
-101930887 -97502866
86472523 104355445
-35432125 -129956730
-96654688 -69272899
77677657 131567471
-54364363 15542115
65320818 8576632
1040469 84471901
29143940 -34857155
-35758090 -120091559
69746992 91796380
39354155 1657681
-50048023 130249692
-118617936 -116882197
-87716315 48506894
-99297167 39546092
-39339199 -48641628
-54760698 -32049090
79209358 120268295
7972822 -129036665
64043139 98100698
28973348 -20663583
61095682 -37791069
58017622 -100767647
-26518448 -80887845
-70257575 -29142813
-100148839 -4595758
69663209 66663373
99795997 71913853
-49042632 -38510428
21878344 99256112
130615778 122004394
-11220353 -41661528
-129514234 9782569
6056453 87152244
88026071 44358598
8734919 42641825
65972750 54725957
-122994104 -34349518
111645969 -8837582
-49169549 52611876
-97749186 -124038176
-64951780 126291166
13985778 84692566
-129622324 -108268388
