-82437923 -18280579
-28542598 64339926
30102179 79646616
-18482167 -81806930
-97587524 66484552
49026405 82293108
-66336211 -65451504
-131161900 -37436245
-120843232 128439707
-80155791 -48068425
-15207724 -120251088
57520658 -112367559
-111563480 -87809391
2616300 134109810
-38001390 130186101
-26604721 -127979060
-15096873 81757526
-21406444 -6622386
97588307 -21839621
32174359 -114033521
118133696 -126170030
-13676308 63539539
101644842 -93101147
-65856460 116511433
29525829 86920406
130048046 33130219
3760602 45080091
-25093724 -127180300
-28000632 99053530
17803620 -28109514
-13300419 -83078275
-82506464 -88273874
-2126465 76069989
-61431690 53124254
64008555 -69577410
-4479861 -102818432
38369732 -59838342
-55554394 -11587400
105209162 86825707
-75304080 57254156
49723457 -19668876
131818156 83335330
-34052541 -118853174
-86632176 -124819514
-101296931 -4794270
-96962011 55239806
14042127 82016210
16151543 106445515
-77189109 -97164658
33587733 97078424
105606836 128909390
-72564150 56332667
-130381470 -96700383
-67276453 -30567038
86661390 -15811871
-30389903 47207454
-76358457 -93399269
65566650 95478358
11551932 66668860
-81252599 130434857
-41937492 -53881985
5942623 -57967482
98826936 -10807464
98156482 -17313636
19417252 45528869
-101626406 32148771
107524355 -92206002
82989676 -132258384
103338252 19208577
-93890377 -5047728
33982014 -97894692
-44860608 87971748
3437609 73122425
31336227 66065020
21476567 95186237
54338124 -24531560
63887718 79608877
-58410203 19113904
-110274933 -106387026
82981468 31648368
82182114 -42161929
41784879 114199403
-86099733 -21752844
93583158 34814550
-26745837 80335353
-36338366 101087730
-50692763 -7931358
-93358642 -36109593
128239265 -100151760
102490636 100203363
-86200503 -53764787
-90462153 68647895
83626127 7919470
-65534737 112919634
-49863738 -87814902
-24298924 52919821
69767676 -101754862
125454957 -130525877
-35331675 -127109251
-60442715 126636407
-56569973 -28299005
-17597081 -116169177
-65064306 -127839236
2033654 -115656750
-133649793 27793085
122454481 -100771707
17800025 -34365975
-57220768 -120598503
55079731 53517363
-41296164 -37362123
123057730 -85727114
15094181 -66711665
29456844 122553794
64634392 29281285
-69746349 -120412836
46484784 76647753
-108162283 50654822
67253227 -32001076
-23466633 -80254911
75358447 86443643
-131454709 115484697
-58771121 39829136
9425405 122976303
104696278 -112213622
-62970935 120957987
-117767781 -90396190
-37797759 93830264
-93315334 -13973644
