1209307 -46283849
-35825620 -22129782
-87096464 -4774587
59669784 19238125
-95018747 83191624
-87832168 132881895
-25724154 8285411
36366710 82002626
129203084 653806
-65208677 -115425391
3503017 -86215285
42702645 -33643326
84777883 -58139911
121437267 98567490
-37136255 -55185072
92245985 -69141017
69746582 43072920
-62643734 48262909
84156478 -54894299
82565944 94763588
-65334643 73525759
4980579 -26484884
70541064 -92607048
-81495562 -29930413
-9817978 15987865
82177526 -7222349
-73805088 -68229589
1312015 -68147460
28733357 -112730430
-36272331 -96264096
-131386306 15743271
-102064523 -120136020
-43794947 48826060
-32467909 -114274077
15735893 -71535940
98410041 25351747
-126738871 57043044
125383862 114076307
-65101625 -122735493
103774194 -96999816
103268885 106992796
-13995905 -12531794
78357005 -56974031
-18291116 41843897
-65900456 110559125
42031599 -51174289
25929086 -98268162
40099643 118764538
38949311 -54308722
6050246 -5180156
-41213173 -33558618
127768101 48604033
-11439756 -115624475
-33878951 -124294297
-103094304 61997212
108023093 -117644998
4168786 -97562448
-123241944 91062932
-104006681 -55955583
-14319407 -58046028
97323006 3644126
-40998470 -126330745
-124654124 -53457999
2485681 -115306551
-96908251 4969864
-97822245 -64646473
99455083 82669728
21821474 -16823625
-20151495 -93177414
-41465051 -34585645
76562480 -906670
-114155181 102283198
-48914481 75063438
-46870675 -118865363
50824846 3935947
86898965 -81264150
7415948 -132333676
-117120660 69571435
-26643796 47201341
-108281145 71694958
-98848289 -7290754
-44063899 51529679
130185983 56886952
52860129 -23343740
105832231 -3221019
-32197677 28061245
33270675 133690616
39911434 -44008941
33858147 124725335
110950074 83124584
-100525802 -85188456
82409675 -102675900
-60712742 -887658
60346161 70368828
-121961154 120048670
-63998199 -69304833
93545982 132247441
-125201361 -49852913
-126509151 -19631277
-17390923 -121349614
89933322 -19442999
37873252 29218727
-60998049 -89759358
-31935795 53606982
128396597 49679612
-121357277 -116884049
-72786900 35739680
-45573578 -90957968
30894470 55862701
-44777180 92401571
-19145125 14508181
131237200 -19940286
-104884227 30946295
-481336 -14428892
-96291856 109779131
12783904 -94482907
84756598 -21927759
-62349701 -79179715
70649921 127548218
-113953576 -49595250
-68650450 -29697690
-94749623 -46574361
-118339078 77063903
-74712625 25281142
-30151298 67173354
-49640157 132908556
49554211 104112562
-64634376 46887264
