-10600755 -7040972
27652016 -25034
-66915802 -166315
90845527 48090507
72947576 66119463
-39992111 -41139895
87375422 84246946
-68001628 83138895
-4084164 -7506927
-108055084 -41483354
5684550 116491436
51764887 -95095464
-66959203 29320380
-68016195 -65119236
-19512115 8794330
58404031 -60962011
123551261 7564763
59004090 132639064
94605020 -129338757
13056201 -63066768
-94338663 98540981
-107494686 15165572
106129739 58126361
-99854133 -53107715
36919185 -106068972
35278628 -96312160
2887081 104540191
55639540 -113549014
83446282 -62045528
23168467 -107931455
28565985 -12206074
76580422 27984326
60383468 -113713486
66850753 64419417
105208583 -47803774
19731900 80157014
82873528 -72843318
103125722 -23866248
30320796 -19229464
61591980 -91944032
122774410 28189196
-39366055 -107660601
107524437 -79858470
-28253043 99926893
74292618 -76884500
95248069 95045232
-82298306 92468342
44377607 114819305
-95042203 -89631854
128559196 43829849
61513350 -53225865
-130203424 -23200721
-33919183 94862754
-29950312 90665418
-33165684 -30188554
32654143 81981870
11845303 48904229
10620919 -11419307
-41138040 41880447
99905862 -102672850
87423754 36461508
36755975 -8534073
89463650 -17890030
72976424 -75622371
26281467 59781907
47683083 -94477106
59802029 40597377
-29582945 83155375
108431013 57995242
91181288 -108252691
102346278 111145103
3559740 31359744
39979294 -104771708
-96468543 64142724
-117353026 25631726
-21024506 125337388
5610147 -115232142
80625778 -62665640
-38204442 26285690
22792885 -60720586
48870083 -5846849
-119624042 -118950282
-121008780 -77438028
31161533 -31509575
78542452 -118809113
83493468 -77871924
-66378806 727516
8364731 -3966249
-63524500 113593219
97211431 110337948
-83037279 68370204
-112043936 46519527
27847664 40195389
-71009484 -120357141
13973145 -67304363
-2741755 90476439
129288545 37098918
5564287 18224864
-115804523 -130276237
110533627 -51119243
-103917050 -98993324
-18697484 76228864
-25626505 93282196
68464234 57997242
104669290 51650045
92188138 -90984842
114375278 684973
-58726981 117353544
48401389 2735952
108228234 105919330
-43174928 -133030495
-55552569 -54166878
104859572 -80215517
123593613 -74576902
87632728 -83482600
-77347048 -115421914
-20658892 -114946000
60997062 83201703
66664074 73985035
-74375544 54743844
-52385733 -129146597
133511261 -3800581
78458841 17028801
-74143427 492089
111992362 -126707071
2266351 33927633
52207834 76665729
79353046 -27786725
