7257165 -48616740
110736937 -67142217
20711993 70603339
26909316 104760958
106634223 -114278486
59157489 -33453395
-73170208 -75482816
20532614 30236430
-62483682 -11586761
-34365933 -51860269
16015443 -31064942
52678194 -23483936
-43797076 53101499
-5814128 -38050506
70085825 35773861
-56992121 33801342
97386772 51705640
542607 -45658286
20322611 52354137
-42953759 79574905
61215065 -102319091
1010354 -7494395
53416524 100373794
-32337936 88003194
-133841674 -20116480
52260751 60273953
69020521 -83004695
130856155 -2525597
-118333976 80102044
62206473 -103568604
75908245 46298659
-79657007 -17526062
-13392224 -108817662
-1547087 36986083
130077964 40959511
-76906963 -82460842
-129664790 14085243
108292491 124559161
-26421356 -94284642
-28463634 38011737
-68884848 115929205
-67714617 60688400
-117557997 -13759102
-31609424 106003264
-97148402 -25734087
-101790339 29409886
63992116 95160426
88905772 56636906
31107850 -20623709
127222318 -37118754
94825380 -41337164
132326137 95830355
-52849123 59496214
118238139 -96029728
-108933367 3363147
4992776 -39074648
23547446 72224785
-54639428 -3570285
-29942391 57343952
-112007421 40733287
-12572029 -88785394
93753859 -114951583
29722531 93034108
68782834 -77832269
5599757 -25271676
-77853302 -100805651
-84308531 100587612
101411181 112410954
-90839338 -76603144
-43596382 84853629
48340743 -32210162
3199631 -54769073
-27697051 -76548467
64317619 -104067898
-101280634 -71061897
51305330 124760406
66574553 -47096334
30143924 65106796
43087275 -79323405
54345045 -40717372
133072846 -30929587
82063408 -112535093
121619826 -54011386
-101637724 66717364
-63835932 -130777213
85500076 128499749
61033557 -16748884
-37326718 -123615728
1436976 123475535
-48199168 57503456
49653288 63167793
124802725 131611865
-12197463 -52451627
46141286 -20253948
-48983586 -98512680
-65845036 51595367
-68765081 46495215
-7853328 29732245
-78854726 33082821
-42987740 -8966683
-22785499 -30230142
-52276729 -124350461
10002394 -42188670
50137919 -69539282
-37298522 -78781692
-91853008 -54242609
-17617813 124586492
20236622 -31925142
51769896 82850220
36591938 60932476
-101140317 -128166002
58401496 -52572670
-105609659 79752469
124076834 46831170
-88095207 -87518425
22934352 111172732
120717858 32156795
73539458 -9670123
-124281255 -35364870
133918468 43989741
-131217126 -123694335
-132402241 65172170
-74485318 -15191208
65565084 -84947117
-19768622 -39215929
-112924246 131138114
96293346 61178316
19237370 89513120
