-0.132812500000
-0.166992187500
-0.103027343750
-0.257812500000
-0.132812500000
-0.269531250000
-0.203125000000
-0.257812500000
-0.201171875000
-0.218750000000
-0.133789062500
-0.226562500000
-0.208007812500
-0.060058593750
-0.174804687500
-0.032226562500
-0.102539062500
-0.081542968750
-0.091308593750
0.002380371094
0.004211425781
-0.259765625000
-0.096191406250
-0.097167968750
-0.093750000000
-0.209960937500
-0.057373046875
-0.149414062500
-0.203125000000
-0.180664062500
-0.269531250000
-0.265625000000
-0.175781250000
-0.106933593750
-0.089355468750
-0.296875000000
-0.269531250000
-0.104003906250
-0.204101562500
-0.250000000000
-0.145507812500
-0.009033203125
-0.283203125000
-0.185546875000
-0.240234375000
0.000999450684
-0.037841796875
-0.203125000000
-0.188476562500
-0.226562500000
-0.020385742188
-0.012878417969
-0.068359375000
-0.253906250000
-0.187500000000
-0.207031250000
-0.082519531250
-0.185546875000
-0.173828125000
-0.032226562500
-0.250000000000
-0.259765625000
-0.210937500000
-0.306640625000
