4.406250000000 -1.757812500000 6.187500000000 11.687500000000
0.076171875000 -1.750000000000 1.312500000000 2.125000000000
-1.523437500000 4.031250000000 2.750000000000 9.000000000000
11.250000000000 -1.757812500000 -0.408203125000 -1.757812500000
-1.718750000000 -0.527343750000 10.437500000000 0.388671875000
-1.750000000000 -0.232421875000 -1.687500000000 -1.710937500000
-1.742187500000 -0.718750000000 5.531250000000 14.562500000000
6.218750000000 4.968750000000 2.796875000000 -1.390625000000
11.312500000000 -1.742187500000 -1.585937500000 11.312500000000
4.687500000000 -0.476562500000 -1.554687500000 -1.757812500000
12.187500000000 15.062500000000 5.156250000000 -1.757812500000
18.625000000000 -0.972656250000 8.062500000000 -1.750000000000
-1.585937500000 9.937500000000 8.562500000000 5.531250000000
-1.757812500000 -1.453125000000 -1.703125000000 -1.734375000000
-1.726562500000 -1.367187500000 -0.406250000000 -1.757812500000
2.968750000000 0.337890625000 -1.750000000000 -1.757812500000
-1.757812500000 -1.757812500000 8.250000000000 -1.281250000000
1.015625000000 43.500000000000 -0.593750000000 11.125000000000
4.968750000000 7.562500000000 -1.250000000000 -0.589843750000
8.312500000000 4.281250000000 -0.091796875000 -0.308593750000
-1.414062500000 -0.410156250000 -1.757812500000 1.109375000000
1.390625000000 1.804687500000 8.312500000000 3.484375000000
-1.164062500000 7.406250000000 0.515625000000 -1.750000000000
-1.757812500000 -1.734375000000 -1.757812500000 -1.757812500000
13.937500000000 4.343750000000 -1.757812500000 -1.757812500000
-1.757812500000 0.195312500000 2.296875000000 1.789062500000
1.187500000000 -1.726562500000 2.531250000000 -1.757812500000
3.781250000000 -1.648437500000 -1.757812500000 7.843750000000
3.500000000000 -0.980468750000 16.750000000000 -1.757812500000
-1.718750000000 22.875000000000 -1.562500000000 -1.750000000000
3.359375000000 5.937500000000 -1.757812500000 24.375000000000
-1.343750000000 14.187500000000 3.437500000000 3.578125000000
10.937500000000 -1.757812500000 7.250000000000 7.031250000000
0.345703125000 1.203125000000 4.343750000000 10.125000000000
0.652343750000 11.937500000000 10.187500000000 11.562500000000
-1.750000000000 -1.695312500000 4.656250000000 6.343750000000
-1.757812500000 -1.023437500000 -1.757812500000 0.703125000000
-1.656250000000 7.687500000000 0.597656250000 -1.757812500000
-1.070312500000 4.875000000000 12.562500000000 19.375000000000
-1.687500000000 -1.757812500000 -1.710937500000 -1.289062500000
2.937500000000 9.062500000000 0.832031250000 9.187500000000
3.312500000000 0.863281250000 -1.757812500000 -1.757812500000
-1.757812500000 9.312500000000 15.687500000000 -1.757812500000
-1.757812500000 6.781250000000 2.765625000000 -1.757812500000
-1.632812500000 11.625000000000 -1.531250000000 11.187500000000
7.625000000000 -1.726562500000 -1.750000000000 -1.757812500000
-1.757812500000 -0.257812500000 6.906250000000 -1.406250000000
-0.457031250000 -0.925781250000 8.250000000000 -1.757812500000
-1.757812500000 -1.757812500000 3.625000000000 -0.734375000000
25.750000000000 62.500000000000 -1.757812500000 11.187500000000
16.750000000000 -1.679687500000 -1.054687500000 -1.562500000000
2.953125000000 5.625000000000 -1.734375000000 -1.421875000000
4.906250000000 1.375000000000 -1.757812500000 3.953125000000
4.250000000000 7.625000000000 -1.281250000000 11.750000000000
-1.757812500000 2.718750000000 -1.757812500000 -1.757812500000
-1.757812500000 -1.757812500000 4.093750000000 -1.757812500000
4.656250000000 5.718750000000 -1.757812500000 -1.757812500000
-1.757812500000 -1.750000000000 -0.894531250000 5.625000000000
-0.373046875000 5.468750000000 -1.125000000000 1.507812500000
0.593750000000 -1.757812500000 9.500000000000 5.562500000000
-1.718750000000 -1.757812500000 33.500000000000 -1.757812500000
-0.867187500000 14.312500000000 10.750000000000 -1.757812500000
8.562500000000 20.250000000000 8.375000000000 36.750000000000
0.134765625000 17.625000000000 6.406250000000 9.000000000000
12.750000000000 -1.757812500000 -1.757812500000 4.125000000000
-1.710937500000 -0.289062500000 -1.757812500000 -1.351562500000
-1.710937500000 7.875000000000 -1.757812500000 -0.796875000000
3.875000000000 -1.734375000000 6.093750000000 -1.382812500000
11.250000000000 2.562500000000 3.671875000000 1.523437500000
-1.757812500000 2.703125000000 -0.644531250000 -1.726562500000
-1.757812500000 3.328125000000 5.187500000000 3.375000000000
-1.750000000000 -1.460937500000 -0.474609375000 3.484375000000
9.937500000000 -0.710937500000 -1.679687500000 -1.734375000000
11.375000000000 -1.750000000000 5.937500000000 -1.757812500000
2.812500000000 -1.726562500000 6.312500000000 -1.757812500000
-1.757812500000 9.687500000000 -0.660156250000 -1.296875000000
-1.656250000000 -0.228515625000 7.312500000000 2.046875000000
0.224609375000 0.531250000000 -1.750000000000 -1.757812500000
-1.757812500000 -1.742187500000 7.093750000000 -1.640625000000
-1.718750000000 5.781250000000 -1.671875000000 -1.757812500000
-1.757812500000 -1.750000000000 4.781250000000 1.656250000000
-1.734375000000 47.250000000000 -1.632812500000 -1.750000000000
8.687500000000 -1.750000000000 5.781250000000 1.250000000000
6.031250000000 4.531250000000 -1.757812500000 -1.601562500000
1.578125000000 3.171875000000 -1.757812500000 0.734375000000
-1.757812500000 0.703125000000 2.078125000000 -1.734375000000
-1.484375000000 2.531250000000 -1.757812500000 11.750000000000
-1.757812500000 -1.726562500000 -1.421875000000 15.187500000000
4.781250000000 -0.507812500000 -1.757812500000 -1.359375000000
-1.757812500000 -0.294921875000 0.949218750000 -1.726562500000
6.875000000000 -1.757812500000 -0.005767822266 2.593750000000
8.500000000000 -1.757812500000 -1.742187500000 -1.359375000000
2.343750000000 1.937500000000 16.125000000000 -1.750000000000
1.093750000000 3.921875000000 5.968750000000 -1.757812500000
18.750000000000 -1.750000000000 0.898437500000 25.125000000000
-1.328125000000 4.625000000000 18.750000000000 2.796875000000
0.726562500000 -0.593750000000 0.171875000000 0.255859375000
0.150390625000 -0.093261718750 -0.115234375000 0.304687500000
0.217773437500 0.096679687500 -0.009033203125 0.104980468750
0.052978515625 -0.441406250000 0.136718750000 0.008056640625
0.304687500000 0.083496093750 0.231445312500 -0.246093750000
-0.231445312500 0.355468750000 -0.086914062500 -0.332031250000
-0.100585937500 0.316406250000 0.361328125000 0.742187500000
0.394531250000 0.110839843750 -0.089843750000 0.064453125000
0.034912109375 0.213867187500 0.072265625000 0.069824218750
0.167968750000 0.318359375000 0.132812500000 0.025146484375
-0.025390625000 0.601562500000 0.476562500000 -0.073242187500
0.259765625000 0.022460937500 -0.177734375000 -0.226562500000
0.121582031250 0.170898437500 0.320312500000 0.406250000000
-0.186523437500 0.349609375000 -0.162109375000 0.061767578125
-0.302734375000 0.236328125000 0.137695312500 -0.248046875000
0.098144531250 0.519531250000 0.097167968750 0.151367187500
-0.519531250000 -0.051269531250 0.287109375000 0.049316406250
0.298828125000 1.875000000000 0.423828125000 0.462890625000
0.750000000000 0.605468750000 0.170898437500 0.194335937500
0.058593750000 0.265625000000 0.365234375000 0.058349609375
-0.026855468750 0.059814453125 -0.179687500000 0.291015625000
0.123046875000 0.330078125000 0.431640625000 -0.341796875000
-0.172851562500 0.200195312500 -0.248046875000 0.146484375000
-0.004547119141 0.150390625000 -0.229492187500 -0.449218750000
0.386718750000 0.111816406250 0.281250000000 -0.429687500000
-0.185546875000 -0.016357421875 0.179687500000 0.206054687500
0.146484375000 0.225585937500 0.131835937500 -0.003936767578
0.468750000000 -0.128906250000 0.099609375000 0.419921875000
0.211914062500 -0.190429687500 0.457031250000 0.196289062500
0.170898437500 0.455078125000 0.578125000000 -0.271484375000
0.172851562500 0.263671875000 0.382812500000 0.683593750000
-0.191406250000 0.371093750000 0.703125000000 0.451171875000
