0.000000000000 0.000000000000 0.000000000000 0.000000000000
2.562500000000 3.625000000000 2.312500000000 6.468750000000
2.765625000000 0.000000000000 0.000000000000 0.000000000000
2.593750000000 0.000000000000 1.937500000000 0.000000000000
0.000000000000 0.000000000000 1.234375000000 3.890625000000
0.000000000000 0.000000000000 1.726562500000 0.882812500000
0.000000000000 0.000000000000 9.750000000000 12.562500000000
1.937500000000 0.000000000000 5.000000000000 0.000000000000
2.437500000000 0.000000000000 0.000000000000 2.515625000000
0.867187500000 0.000000000000 0.000000000000 6.875000000000
0.000000000000 0.000000000000 0.000000000000 5.312500000000
9.000000000000 0.000000000000 3.078125000000 4.468750000000
0.000000000000 5.812500000000 0.000000000000 0.000000000000
0.000000000000 4.312500000000 0.000000000000 0.000000000000
9.875000000000 15.437500000000 0.000000000000 0.726562500000
5.937500000000 11.375000000000 0.000000000000 0.000000000000
0.000000000000 3.953125000000 8.812500000000 2.500000000000
1.195312500000 4.406250000000 18.375000000000 0.000000000000
37.500000000000 8.187500000000 0.000000000000 0.000000000000
0.000000000000 0.000000000000 0.000000000000 0.000000000000
0.000000000000 6.375000000000 13.750000000000 0.000000000000
0.000000000000 0.000000000000 0.000000000000 13.562500000000
0.000000000000 2.281250000000 0.248046875000 8.812500000000
2.359375000000 0.000000000000 7.468750000000 0.000000000000
0.000000000000 8.625000000000 0.000000000000 0.000000000000
0.000000000000 5.031250000000 11.812500000000 0.000000000000
0.000000000000 0.000000000000 0.000000000000 1.960937500000
10.937500000000 0.000000000000 3.093750000000 0.000000000000
1.640625000000 0.000000000000 0.000000000000 0.000000000000
0.000000000000 0.000000000000 0.345703125000 0.000000000000
0.000000000000 8.125000000000 10.187500000000 4.156250000000
8.250000000000 4.531250000000 8.562500000000 5.187500000000
3.578125000000 0.000000000000 28.125000000000 0.000000000000
0.000000000000 0.902343750000 8.062500000000 0.000000000000
11.187500000000 0.000000000000 0.000000000000 0.000000000000
0.000000000000 0.000000000000 0.000000000000 11.125000000000
0.000000000000 1.312500000000 0.000000000000 0.000000000000
4.062500000000 0.000000000000 0.000000000000 0.000000000000
0.000000000000 0.000000000000 0.000000000000 4.687500000000
0.000000000000 0.000000000000 0.330078125000 0.644531250000
11.562500000000 15.062500000000 0.000000000000 0.000000000000
10.125000000000 7.375000000000 18.000000000000 5.000000000000
0.000000000000 12.250000000000 0.000000000000 0.000000000000
0.714843750000 9.812500000000 0.000000000000 3.843750000000
0.000000000000 4.937500000000 0.000000000000 0.000000000000
0.000000000000 1.296875000000 0.000000000000 6.343750000000
4.218750000000 0.000000000000 0.000000000000 15.812500000000
0.000000000000 0.000000000000 14.250000000000 0.000000000000
0.000000000000 10.687500000000 0.000000000000 0.000000000000
0.000000000000 2.609375000000 10.687500000000 0.000000000000
19.000000000000 0.691406250000 0.000000000000 0.000000000000
11.875000000000 0.000000000000 0.000000000000 0.000000000000
0.000000000000 0.515625000000 23.375000000000 2.093750000000
0.000000000000 3.718750000000 7.656250000000 18.875000000000
0.000000000000 13.687500000000 0.000000000000 2.796875000000
16.375000000000 1.625000000000 0.000000000000 0.000000000000
0.000000000000 0.000000000000 9.937500000000 3.203125000000
0.000000000000 7.875000000000 13.562500000000 0.000000000000
0.000000000000 2.875000000000 6.656250000000 0.000000000000
22.250000000000 5.031250000000 0.000000000000 0.000000000000
1.554687500000 4.156250000000 0.000000000000 10.000000000000
0.000000000000 0.000000000000 22.750000000000 3.953125000000
0.000000000000 6.000000000000 8.375000000000 11.125000000000
12.062500000000 8.125000000000 3.890625000000 0.000000000000
1.351562500000 0.000000000000 0.000000000000 0.000000000000
0.000000000000 6.250000000000 0.000000000000 0.000000000000
0.000000000000 2.468750000000 0.000000000000 0.000000000000
0.000000000000 0.000000000000 2.953125000000 0.000000000000
0.000000000000 4.687500000000 0.000000000000 0.000000000000
0.000000000000 0.000000000000 0.000000000000 0.542968750000
0.000000000000 0.578125000000 0.000000000000 13.625000000000
0.000000000000 4.187500000000 8.500000000000 0.000000000000
8.812500000000 0.000000000000 0.000000000000 0.000000000000
4.718750000000 0.000000000000 0.000000000000 0.000000000000
2.312500000000 5.218750000000 0.000000000000 9.875000000000
0.000000000000 14.125000000000 8.125000000000 2.187500000000
9.375000000000 7.687500000000 0.000000000000 12.750000000000
0.000000000000 0.000000000000 0.000000000000 0.000000000000
0.000000000000 0.000000000000 2.843750000000 1.453125000000
0.000000000000 0.000000000000 2.484375000000 0.000000000000
1.960937500000 9.687500000000 0.000000000000 0.000000000000
0.000000000000 1.375000000000 2.687500000000 0.000000000000
10.062500000000 10.750000000000 0.000000000000 2.187500000000
0.000000000000 0.000000000000 0.000000000000 0.746093750000
0.000000000000 7.312500000000 0.000000000000 3.609375000000
0.000000000000 7.843750000000 0.000000000000 0.000000000000
0.000000000000 10.312500000000 1.257812500000 0.000000000000
0.000000000000 3.703125000000 4.843750000000 11.125000000000
0.000000000000 11.875000000000 0.000000000000 19.750000000000
2.828125000000 0.000000000000 8.375000000000 0.000000000000
0.000000000000 0.000000000000 3.375000000000 0.000000000000
22.250000000000 0.546875000000 0.000000000000 0.000000000000
5.187500000000 6.937500000000 0.000000000000 13.625000000000
0.000000000000 0.000000000000 1.046875000000 0.000000000000
0.490234375000 0.000000000000 8.562500000000 0.000000000000
9.625000000000 8.125000000000 3.875000000000 0.000000000000
0.095703125000 0.138671875000 0.062255859375 0.000000000000
0.056152343750 0.000000000000 0.097656250000 0.100097656250
0.010375976562 0.000000000000 0.134765625000 0.239257812500
0.148437500000 0.122558593750 0.109863281250 0.027099609375
0.000000000000 0.143554687500 0.000000000000 0.199218750000
0.188476562500 0.136718750000 0.239257812500 0.107910156250
0.031250000000 0.000000000000 0.000000000000 0.087402343750
0.014099121094 0.236328125000 0.152343750000 0.039550781250
0.000000000000 0.349609375000 0.000000000000 0.000000000000
0.107910156250 0.000000000000 0.277343750000 0.000000000000
0.310546875000 0.130859375000 0.000000000000 0.000000000000
0.000000000000 0.139648437500 0.000000000000 0.249023437500
0.103027343750 0.110351562500 0.175781250000 0.073730468750
0.125976562500 0.000000000000 0.000000000000 0.028442382812
0.101074218750 0.193359375000 0.000000000000 0.130859375000
0.000000000000 0.000000000000 0.000000000000 0.000000000000
0.000000000000 0.000000000000 0.034667968750 0.000000000000
0.000000000000 0.194335937500 0.300781250000 0.012878417969
0.291015625000 0.195312500000 0.249023437500 0.138671875000
0.000000000000 0.000000000000 0.125000000000 0.000000000000
0.044433593750 0.000000000000 0.255859375000 0.000000000000
0.224609375000 0.322265625000 0.121093750000 0.180664062500
0.193359375000 0.000000000000 0.000000000000 0.061035156250
0.183593750000 0.038085937500 0.048095703125 0.000000000000
0.023803710938 0.000000000000 0.012756347656 0.375000000000
0.167968750000 0.042724609375 0.000000000000 0.000000000000
0.000000000000 0.216796875000 0.000000000000 0.000000000000
0.169921875000 0.000000000000 0.000000000000 0.000000000000
0.000000000000 0.000000000000 0.117187500000 0.000000000000
0.000352859497 0.070800781250 0.157226562500 0.208007812500
0.396484375000 0.416015625000 0.132812500000 0.005432128906
0.000000000000 0.192382812500 0.205078125000 0.065917968750
