4.06500000e+03 0.00000000e+00
-5.55536270e+01 3.64505844e+01
3.35247574e+01 -2.08676701e+01
4.51579018e+01 8.98733063e+01
2.65029025e+00 -1.28632956e+01
-7.27277935e-01 -1.55954008e+01
-5.46227531e+01 2.21714058e+01
1.72276840e+01 -3.83556986e+00
-4.12342339e+01 4.16534386e+01
8.60744705e+01 8.04241848e+00
5.48704109e+01 -4.39880257e+01
-6.87891312e+01 2.67829819e+01
2.93588181e+01 -3.14568844e+01
-3.26737761e-01 -3.68876648e+01
-6.99334717e+01 -4.93007927e+01
-8.43963776e+01 -6.59471054e+01
5.07398605e+01 1.10505867e+00
-6.95134521e-01 -6.97925186e+01
3.77423973e+01 1.78866806e+01
9.07113571e+01 -2.86071358e+01
4.12201653e+01 -9.44747696e+01
-1.55396776e+01 6.48397217e+01
-3.16832600e+01 2.69992352e+01
9.20190048e+01 -5.26189499e+01
5.33821344e+00 -3.46941071e+01
-1.18532915e+01 -5.14755287e+01
-3.12372446e+00 7.69796448e+01
-7.11962128e+01 -2.51848660e+01
2.78565578e+01 7.41362715e+00
-4.12707367e+01 1.99372025e+01
9.65609894e+01 5.04091797e+01
-3.56630745e+01 4.47008476e+01
-5.55536270e+01 -3.64505844e+01
4.06500000e+03 0.00000000e+00
-5.39226570e+01 3.61261597e+01
3.48313065e+01 -2.14088650e+01
4.60817757e+01 8.92559814e+01
4.28127861e+00 -1.25388756e+01
9.03711677e-01 -1.52709808e+01
-5.55466309e+01 2.07887230e+01
1.75205822e+01 -3.12845635e+00
-4.17754250e+01 4.11122398e+01
8.62912445e+01 9.13221645e+00
5.58704071e+01 -4.49880257e+01
-7.00956879e+01 2.54764233e+01
2.82690296e+01 -3.16736565e+01
-2.31140852e-03 -3.52566643e+01
-7.05507889e+01 -4.83769150e+01
-8.54861755e+01 -6.43161087e+01
5.16637192e+01 -2.77631640e-01
-2.00169611e+00 -7.10990829e+01
3.93733749e+01 1.89764671e+01
9.01701584e+01 -2.80659428e+01
4.25267296e+01 -9.31681976e+01
-1.52152452e+01 6.64707108e+01
-3.22244606e+01 2.83057995e+01
9.19428864e+01 -5.30016327e+01
6.42800140e+00 -3.30631256e+01
-1.21777048e+01 -5.12587624e+01
-3.83083129e+00 7.66867523e+01
-6.97820053e+01 -2.51848774e+01
2.83977566e+01 6.87243652e+00
-4.16534195e+01 1.80133171e+01
9.62365494e+01 5.20401802e+01
3.35247574e+01 2.08676701e+01
-5.39226570e+01 -3.61261597e+01
4.06500000e+03 0.00000000e+00
-5.38465309e+01 3.65088425e+01
3.51241989e+01 -2.07017574e+01
4.67888794e+01 8.75488739e+01
4.98838234e+00 -1.42459869e+01
9.03704286e-01 -1.52709713e+01
-5.66364288e+01 2.10054970e+01
1.58895998e+01 -2.03866291e+00
-4.25408058e+01 4.11122398e+01
8.65080185e+01 9.45664597e+00
5.44877357e+01 -4.40641479e+01
-6.98027878e+01 2.47693233e+01
3.01167831e+01 -3.16736526e+01
1.41190302e+00 -3.38424530e+01
-6.95507889e+01 -4.73769035e+01
-8.54861755e+01 -6.43161087e+01
5.02810440e+01 6.46247745e-01
-1.00169349e+00 -7.20990829e+01
4.04631729e+01 2.06074619e+01
9.04945908e+01 -2.82827129e+01
4.25267296e+01 -9.31682129e+01
-1.35842628e+01 6.75605011e+01
-3.40722160e+01 2.83057995e+01
9.26499939e+01 -5.32945290e+01
5.88681030e+00 -3.43696976e+01
-1.15603857e+01 -5.21826439e+01
-3.44814396e+00 7.47628784e+01
-7.08718033e+01 -2.68158722e+01
2.69835434e+01 6.87243128e+00
-3.99463196e+01 1.87204247e+01
4.51579018e+01 -8.98733063e+01
3.48313065e+01 2.14088650e+01
-5.38465309e+01 -3.65088425e+01
4.06500000e+03 0.00000000e+00
-5.37704163e+01 3.68915253e+01
3.62139969e+01 -2.23327351e+01
4.78786697e+01 8.59178772e+01
4.60570145e+00 -1.41698570e+01
1.38334155e-01 -1.52709732e+01
-5.83435326e+01 2.17126064e+01
1.55069132e+01 -2.11478329e+00
-4.25408134e+01 4.11122437e+01
8.48009186e+01 1.01637535e+01
5.47045135e+01 -4.43885727e+01
-6.78789215e+01 2.51520023e+01
3.12065639e+01 -3.00426598e+01
2.33578253e+00 -3.24597626e+01
-6.97675705e+01 -4.77013283e+01
-8.71932907e+01 -6.36090012e+01
5.16637344e+01 -2.77631640e-01
-2.94589400e-01 -7.03919678e+01
4.11702843e+01 2.03145714e+01
9.08772659e+01 -2.82065945e+01
4.39409409e+01 -9.17539978e+01
-1.52152538e+01 6.72360764e+01
-3.29824333e+01 2.80890484e+01
9.24332352e+01 -5.43843231e+01
6.42800903e+00 -3.49108887e+01
-1.07950220e+01 -5.40304146e+01
-4.15525627e+00 7.30557785e+01
-7.25027924e+01 -2.71402855e+01
2.86145248e+01 7.96221542e+00
2.65029025e+00 1.28632956e+01
4.60817757e+01 -8.92559814e+01
3.51241989e+01 2.07017574e+01
-5.37704163e+01 -3.68915253e+01
4.06500000e+03 0.00000000e+00
-5.23561935e+01 3.54773178e+01
3.76282158e+01 -2.37469444e+01
4.71133041e+01 8.59178772e+01
4.22302389e+00 -1.42459736e+01
-1.49265492e+00 -1.49465551e+01
-5.83435326e+01 2.17125988e+01
1.54307842e+01 -2.49746585e+00
-4.44647064e+01 4.14949265e+01
8.48009109e+01 1.01637506e+01
5.65522537e+01 -4.36232033e+01
-6.71718140e+01 2.68591022e+01
3.19136734e+01 -2.83355522e+01
2.04288530e+00 -3.31668663e+01
-7.16914520e+01 -4.73186455e+01
-8.54861908e+01 -6.43161087e+01
5.19881516e+01 1.35335481e+00
7.95196056e-01 -7.06087646e+01
4.18773918e+01 2.06074581e+01
9.19670639e+01 -2.65756092e+01
4.26343689e+01 -9.22952042e+01
-1.38010340e+01 6.72360535e+01
-3.29824371e+01 2.73236828e+01
9.27576599e+01 -5.46010933e+01
7.51779604e+00 -3.65418701e+01
-1.11194391e+01 -5.56613998e+01
-5.86238289e+00 7.23486786e+01
-7.10885620e+01 -2.57260628e+01
-7.27277935e-01 1.55954008e+01
4.28127861e+00 1.25388756e+01
4.67888794e+01 -8.75488739e+01
3.62139969e+01 2.23327351e+01
-5.23561935e+01 -3.54773178e+01
4.06500000e+03 0.00000000e+00
-5.23561821e+01 3.54773178e+01
3.89347763e+01 -2.50535049e+01
4.54823227e+01 8.70076828e+01
3.60570335e+00 -1.33220949e+01
-3.34040952e+00 -1.41811934e+01
-5.67125511e+01 2.28023853e+01
1.56475658e+01 -2.82188702e+00
-4.44647064e+01 3.94949226e+01
8.48009109e+01 1.01637535e+01
5.72593613e+01 -4.33303108e+01
-6.78789139e+01 2.65662174e+01
3.36207809e+01 -2.76284447e+01
2.25965500e+00 -3.34912987e+01
-7.19843369e+01 -4.66115379e+01
-8.45623093e+01 -6.36987991e+01
5.10642738e+01 2.73603249e+00
-9.11908031e-01 -6.99016571e+01
4.22600746e+01 2.06835823e+01
9.06605072e+01 -2.60344105e+01
4.16343651e+01 -9.12952118e+01
-1.51075897e+01 6.59294968e+01
-3.25997505e+01 2.53997650e+01
9.26815262e+01 -5.49837723e+01
6.59391642e+00 -3.71591682e+01
-1.04123325e+01 -5.59542770e+01
-5.86238289e+00 7.23486633e+01
-5.46227531e+01 -2.21714058e+01
9.03711677e-01 1.52709808e+01
4.98838234e+00 1.42459869e+01
4.78786697e+01 -8.59178772e+01
3.76282158e+01 2.37469444e+01
-5.23561821e+01 -3.54773178e+01
4.06500000e+03 0.00000000e+00
-5.10496178e+01 3.41707535e+01
3.73037872e+01 -2.39637165e+01
4.48650093e+01 8.79315643e+01
1.75794280e+00 -1.25567265e+01
-1.70941329e+00 -1.30914059e+01
-5.64957886e+01 2.24779644e+01
1.56475658e+01 -4.82187986e+00
-4.44646988e+01 3.94949226e+01
8.55080185e+01 1.04566469e+01
5.65522728e+01 -4.36232147e+01
-6.61718063e+01 2.72733269e+01
3.38375626e+01 -2.79528732e+01
1.96675682e+00 -3.27841949e+01
-7.10604553e+01 -4.59942284e+01
-8.54861908e+01 -6.23161163e+01
4.93571739e+01 3.44313312e+00
-5.29224575e-01 -6.98255310e+01
4.09535065e+01 2.12247715e+01
8.96605072e+01 -2.50343952e+01
4.03277969e+01 -9.26017456e+01
-1.47249012e+01 6.40056305e+01
-3.26758690e+01 2.50170841e+01
9.17576447e+01 -5.56010895e+01
7.30102301e+00 -3.74520531e+01
-1.04123325e+01 -5.59542809e+01
1.72276840e+01 3.83556986e+00
-5.55466309e+01 -2.07887230e+01
9.03704286e-01 1.52709713e+01
4.60570145e+00 1.41698570e+01
4.71133041e+01 -8.59178772e+01
3.89347763e+01 2.50535049e+01
-5.10496178e+01 -3.41707535e+01
4.06500000e+03 0.00000000e+00
-5.08328552e+01 3.30809669e+01
3.69211006e+01 -2.58876019e+01
4.51579018e+01 8.72244263e+01
1.37525880e+00 -1.24806194e+01
-2.03384137e+00 -1.47223825e+01
-5.59545898e+01 2.30191669e+01
1.49404497e+01 -3.11477518e+00
-4.63124504e+01 4.02602844e+01
8.42014542e+01 1.09978399e+01
5.65522690e+01 -4.36232109e+01
-6.64962387e+01 2.56423302e+01
3.43787537e+01 -2.66463089e+01
4.28913832e-02 -3.24015198e+01
-7.09843369e+01 -4.56115494e+01
-8.54861679e+01 -6.23161163e+01
4.77261810e+01 4.53291464e+00
1.77882135e-01 -7.15326385e+01
4.09534988e+01 2.19901352e+01
9.10747223e+01 -2.50343914e+01
4.09451027e+01 -9.16778641e+01
-1.30939150e+01 6.50954056e+01
-3.07519913e+01 2.46344185e+01
9.22988510e+01 -5.69076500e+01
5.99445915e+00 -3.61455002e+01
-4.12342339e+01 -4.16534386e+01
1.75205822e+01 3.12845635e+00
-5.66364288e+01 -2.10054970e+01
1.38334155e-01 1.52709732e+01
4.22302389e+00 1.42459736e+01
4.54823227e+01 -8.70076828e+01
3.73037872e+01 2.39637165e+01
-5.08328552e+01 -3.30809669e+01
4.06500000e+03 0.00000000e+00
-5.02916603e+01 3.43875275e+01
3.69972267e+01 -2.62702847e+01
4.44508018e+01 8.75173111e+01
2.14062119e+00 -1.06328592e+01
-1.70942307e+00 -1.45056152e+01
-5.55719070e+01 2.10952892e+01
1.63231411e+01 -4.03863955e+00
-4.46814461e+01 3.91704941e+01
8.32775726e+01 1.16151581e+01
5.73176422e+01 -4.17754517e+01
-6.75860291e+01 2.40113487e+01
3.56853142e+01 -2.71875076e+01
-4.98304993e-01 -3.37080803e+01
-7.07675629e+01 -4.67013245e+01
-8.41796036e+01 -6.36226807e+01
4.75094032e+01 5.62271690e+00
-1.46530807e-01 -7.31636276e+01
4.05708199e+01 2.20662518e+01
9.10747147e+01 -2.50343952e+01
3.92380028e+01 -9.23849716e+01
-1.44004831e+01 6.56365891e+01
-3.11346741e+01 2.65583038e+01
9.33886414e+01 -5.85386276e+01
8.60744705e+01 -8.04241848e+00
-4.17754250e+01 -4.11122398e+01
1.58895998e+01 2.03866291e+00
-5.83435326e+01 -2.17126064e+01
-1.49265492e+00 1.49465551e+01
3.60570335e+00 1.33220949e+01
4.48650093e+01 -8.79315643e+01
3.69211006e+01 2.58876019e+01
-5.02916603e+01 -3.43875275e+01
4.06500000e+03 0.00000000e+00
-4.93677711e+01 3.30048485e+01
3.51494675e+01 -2.62702904e+01
4.44508018e+01 8.89315567e+01
3.06450081e+00 -9.25017166e+00
-1.09210193e+00 -1.54294920e+01
-5.51892242e+01 2.10191746e+01
1.79541359e+01 -4.36306143e+00
-4.66053162e+01 3.95531769e+01
8.32775803e+01 1.30293770e+01
5.69932251e+01 -4.34064369e+01
-6.75860291e+01 2.40113506e+01
3.56853142e+01 -2.91875191e+01
5.91471970e-01 -3.53390579e+01
-7.00604553e+01 -4.69942093e+01
-8.39628525e+01 -6.39471054e+01
4.78920898e+01 3.69885755e+00
9.43260312e-01 -7.29468613e+01
4.11120110e+01 2.33728161e+01
9.05335159e+01 -2.55755901e+01
3.92380066e+01 -9.23849716e+01
-1.53243628e+01 6.70192871e+01
-3.02107944e+01 2.59410019e+01
5.48704109e+01 4.39880257e+01
8.62912445e+01 -9.13221645e+00
-4.25408058e+01 -4.11122398e+01
1.55069132e+01 2.11478329e+00
-5.83435326e+01 -2.17125988e+01
-3.34040952e+00 1.41811934e+01
1.75794280e+00 1.25567265e+01
4.51579018e+01 -8.72244263e+01
3.69972267e+01 2.62702847e+01
-4.93677711e+01 -3.30048485e+01
4.06500000e+03 0.00000000e+00
-4.96922035e+01 3.32216148e+01
3.62392654e+01 -2.46393089e+01
4.44507942e+01 8.89315643e+01
3.06450081e+00 -1.12501755e+01
2.14465916e-01 -1.67360497e+01
-5.38826523e+01 1.97126102e+01
1.74129391e+01 -3.82186985e+00
-4.55155296e+01 4.11841660e+01
8.19710083e+01 1.17228069e+01
5.83758850e+01 -4.43303223e+01
-6.82033463e+01 2.30874596e+01
3.56853104e+01 -2.99528942e+01
1.68125689e+00 -3.69700432e+01
-7.00604630e+01 -4.55800095e+01
-8.45040512e+01 -6.52536621e+01
4.71849823e+01 3.99175143e+00
6.18843138e-01 -7.31636353e+01
3.91881371e+01 2.29901352e+01
8.91508255e+01 -2.46517143e+01
3.92379990e+01 -9.05372467e+01
-1.45589914e+01 6.51715393e+01
-6.87891312e+01 -2.67829819e+01
5.58704071e+01 4.49880257e+01
8.65080185e+01 -9.45664597e+00
-4.25408134e+01 -4.11122437e+01
1.54307842e+01 2.49746585e+00
-5.67125511e+01 -2.28023853e+01
-1.70941329e+00 1.30914059e+01
1.37525880e+00 1.24806194e+01
4.44508018e+01 -8.75173111e+01
3.51494675e+01 2.62702904e+01
-4.96922035e+01 -3.32216148e+01
4.06500000e+03 0.00000000e+00
-5.15399704e+01 3.32216148e+01
3.65636826e+01 -2.48560715e+01
4.60817719e+01 9.00213242e+01
3.44718289e+00 -9.32629967e+00
5.38885951e-01 -1.51050634e+01
-5.39587669e+01 1.93299236e+01
1.55651684e+01 -3.82187295e+00
-4.38845520e+01 4.08597450e+01
8.19710083e+01 1.35705709e+01
5.91412544e+01 -4.43303261e+01
-6.78789139e+01 2.33042259e+01
3.64506798e+01 -2.81051254e+01
2.98590302e-01 -3.78939209e+01
-6.89706802e+01 -4.53632431e+01
-8.42872620e+01 -6.63434372e+01
4.78920898e+01 3.69885135e+00
2.03305316e+00 -7.45778503e+01
3.91881447e+01 2.11423740e+01
8.77681427e+01 -2.55755997e+01
4.03277740e+01 -8.89062500e+01
2.93588181e+01 3.14568844e+01
-7.00956879e+01 -2.54764233e+01
5.44877357e+01 4.40641479e+01
8.48009186e+01 -1.01637535e+01
-4.44647064e+01 -4.14949265e+01
1.56475658e+01 2.82188702e+00
-5.64957886e+01 -2.24779644e+01
-2.03384137e+00 1.47223825e+01
2.14062119e+00 1.06328592e+01
4.44508018e+01 -8.89315567e+01
3.62392654e+01 2.46393089e+01
-5.15399704e+01 -3.32216148e+01
4.06500000e+03 0.00000000e+00
-5.04501762e+01 3.48526001e+01
3.63469048e+01 -2.45316467e+01
4.49919891e+01 9.02380905e+01
3.82986712e+00 -9.40242100e+00
-1.09210742e+00 -1.47806444e+01
-5.39587593e+01 1.93299236e+01
1.54890471e+01 -4.20455647e+00
-4.52987671e+01 4.08597450e+01
8.19710083e+01 1.21563578e+01
6.00651283e+01 -4.57130013e+01
-6.85860214e+01 2.35971127e+01
3.73745461e+01 -2.94878235e+01
5.15369534e-01 -3.89837074e+01
-6.70468063e+01 -4.49805641e+01
-8.35218964e+01 -6.44956818e+01
4.84332886e+01 4.24004364e+00
3.44726014e+00 -7.45778503e+01
3.89713707e+01 2.14668026e+01
8.74437103e+01 -2.53588276e+01
-3.26737761e-01 3.68876648e+01
2.82690296e+01 3.16736565e+01
-6.98027878e+01 -2.47693233e+01
5.47045135e+01 4.43885727e+01
8.48009109e+01 -1.01637506e+01
-4.44647064e+01 -3.94949226e+01
1.56475658e+01 4.82187986e+00
-5.59545898e+01 -2.30191669e+01
-1.70942307e+00 1.45056152e+01
3.06450081e+00 9.25017166e+00
4.44507942e+01 -8.89315643e+01
3.65636826e+01 2.48560715e+01
-5.04501762e+01 -3.48526001e+01
4.06500000e+03 0.00000000e+00
-5.22979355e+01 3.56179695e+01
3.46397972e+01 -2.52387562e+01
4.32848930e+01 8.95310135e+01
4.53697491e+00 -9.10954380e+00
-2.31298804e-03 -1.64116230e+01
-5.46658669e+01 2.10370312e+01
1.41063585e+01 -5.12843609e+00
-4.59160690e+01 4.17836227e+01
8.12639008e+01 1.24492493e+01
5.81412582e+01 -4.60956841e+01
-6.72794724e+01 2.30559196e+01
3.63745461e+01 -2.84878235e+01
1.05655277e+00 -3.84425278e+01
-6.71229172e+01 -4.45978775e+01
-8.31392212e+01 -6.25718193e+01
4.98159752e+01 5.16392374e+00
5.15436459e+00 -7.52849579e+01
3.69713745e+01 2.14668026e+01
-6.99334717e+01 4.93007927e+01
-2.31140852e-03 3.52566643e+01
3.01167831e+01 3.16736526e+01
-6.78789215e+01 -2.51520023e+01
5.65522537e+01 4.36232033e+01
8.48009109e+01 -1.01637535e+01
-4.44646988e+01 -3.94949226e+01
1.49404497e+01 3.11477518e+00
-5.55719070e+01 -2.10952892e+01
-1.09210193e+00 1.54294920e+01
3.06450081e+00 1.12501755e+01
4.60817719e+01 -9.00213242e+01
3.63469048e+01 2.45316467e+01
-5.22979355e+01 -3.56179695e+01
4.06500000e+03 0.00000000e+00
-5.17567406e+01 3.50767784e+01
3.40986023e+01 -2.46975498e+01
4.45914536e+01 8.82244492e+01
4.32020664e+00 -9.43396664e+00
5.38887858e-01 -1.58704252e+01
-5.37420044e+01 2.04197178e+01
1.50302410e+01 -3.74574780e+00
-4.59160690e+01 4.36313858e+01
8.14806824e+01 1.21248312e+01
5.81412811e+01 -4.46814728e+01
-6.67382660e+01 2.43624840e+01
3.46674500e+01 -2.77807159e+01
-5.74429691e-01 -3.95323296e+01
-6.75056000e+01 -4.46739769e+01
-8.40630951e+01 -6.19545097e+01
4.98159790e+01 4.39855671e+00
5.15436935e+00 -7.52849274e+01
-8.43963776e+01 6.59471054e+01
-7.05507889e+01 4.83769150e+01
1.41190302e+00 3.38424530e+01
3.12065639e+01 3.00426598e+01
-6.71718140e+01 -2.68591022e+01
5.72593613e+01 4.33303108e+01
8.55080185e+01 -1.04566469e+01
-4.63124504e+01 -4.02602844e+01
1.63231411e+01 4.03863955e+00
-5.51892242e+01 -2.10191746e+01
2.14465916e-01 1.67360497e+01
3.44718289e+00 9.32629967e+00
4.49919891e+01 -9.02380905e+01
3.46397972e+01 2.52387562e+01
-5.17567406e+01 -3.50767784e+01
4.06500000e+03 0.00000000e+00
-5.17567406e+01 3.64909897e+01
3.40986023e+01 -2.66975555e+01
4.35016594e+01 8.80076447e+01
5.73442316e+00 -9.43395042e+00
6.15005851e-01 -1.62531090e+01
-5.18181305e+01 2.08024006e+01
1.64444580e+01 -2.33153129e+00
-4.58399582e+01 4.40140686e+01
8.20218735e+01 1.26660309e+01
5.98483810e+01 -4.39743614e+01
-6.72794495e+01 2.56690540e+01
3.30364761e+01 -2.74562969e+01
-2.50004441e-01 -3.97490921e+01
-6.75817261e+01 -4.42912941e+01
-8.50630798e+01 -6.29545097e+01
5.01088791e+01 5.10566330e+00
5.07398605e+01 -1.10505867e+00
-8.54861755e+01 6.43161087e+01
-6.95507889e+01 4.73769035e+01
2.33578253e+00 3.24597626e+01
3.19136734e+01 2.83355522e+01
-6.78789139e+01 -2.65662174e+01
5.65522728e+01 4.36232147e+01
8.42014542e+01 -1.09978399e+01
-4.46814461e+01 -3.91704941e+01
1.79541359e+01 4.36306143e+00
-5.38826523e+01 -1.97126102e+01
5.38885951e-01 1.51050634e+01
3.82986712e+00 9.40242100e+00
4.32848930e+01 -8.95310135e+01
3.40986023e+01 2.46975498e+01
-5.17567406e+01 -3.64909897e+01
4.06500000e+03 0.00000000e+00
-5.17567406e+01 3.50767784e+01
3.44812851e+01 -2.66214504e+01
4.35016594e+01 8.80076370e+01
6.05884314e+00 -1.10649357e+01
1.70477557e+00 -1.60363312e+01
-5.08181381e+01 2.18024006e+01
1.62276802e+01 -3.42133141e+00
-4.45334015e+01 4.53206329e+01
8.27289810e+01 1.29589195e+01
5.90830078e+01 -4.21266136e+01
-6.92033386e+01 2.60517426e+01
3.21125984e+01 -2.68389740e+01
-5.74425757e-01 -3.81180954e+01
-6.75817261e+01 -4.42913132e+01
-8.53559723e+01 -6.36615944e+01
-6.95134521e-01 6.97925186e+01
5.16637192e+01 2.77631640e-01
-8.54861755e+01 6.43161087e+01
-6.97675705e+01 4.77013283e+01
2.04288530e+00 3.31668663e+01
3.36207809e+01 2.76284447e+01
-6.61718063e+01 -2.72733269e+01
5.65522690e+01 4.36232109e+01
8.32775726e+01 -1.16151581e+01
-4.66053162e+01 -3.95531769e+01
1.74129391e+01 3.82186985e+00
-5.39587669e+01 -1.93299236e+01
-1.09210742e+00 1.47806444e+01
4.53697491e+00 9.10954380e+00
4.45914536e+01 -8.82244492e+01
3.40986023e+01 2.66975555e+01
-5.17567406e+01 -3.50767784e+01
4.06500000e+03 0.00000000e+00
-5.33877220e+01 3.47523537e+01
3.58955116e+01 -2.66214485e+01
4.31189766e+01 8.99314957e+01
6.44152641e+00 -1.09888182e+01
1.70476913e+00 -1.60363388e+01
-5.04354553e+01 2.37262764e+01
1.49211168e+01 -4.72789431e+00
-4.38262939e+01 4.56135216e+01
8.32701874e+01 1.16523523e+01
6.01727943e+01 -4.23433800e+01
-6.75723572e+01 2.49619446e+01
3.24952812e+01 -2.87628536e+01
-1.57442582e+00 -3.91180992e+01
-6.68746185e+01 -4.25842171e+01
3.77423973e+01 -1.78866806e+01
-2.00169611e+00 7.10990829e+01
5.02810440e+01 -6.46247745e-01
-8.71932907e+01 6.36090012e+01
-7.16914520e+01 4.73186455e+01
2.25965500e+00 3.34912987e+01
3.38375626e+01 2.79528732e+01
-6.64962387e+01 -2.56423302e+01
5.73176422e+01 4.17754517e+01
8.32775803e+01 -1.30293770e+01
-4.55155296e+01 -4.11841660e+01
1.55651684e+01 3.82187295e+00
-5.39587593e+01 -1.93299236e+01
-2.31298804e-03 1.64116230e+01
4.32020664e+00 9.43396664e+00
4.35016594e+01 -8.80076447e+01
3.44812851e+01 2.66214504e+01
-5.33877220e+01 -3.47523537e+01
4.06500000e+03 0.00000000e+00
-5.34638405e+01 3.43696709e+01
3.44812851e+01 -2.66214294e+01
4.31189766e+01 8.85172653e+01
7.36540556e+00 -1.23714962e+01
9.97682214e-01 -1.57434425e+01
-4.95115776e+01 2.23435898e+01
1.51378946e+01 -5.81767988e+00
-4.19024124e+01 4.59962006e+01
8.40355530e+01 1.35001135e+01
6.07139854e+01 -4.18021736e+01
-6.61581421e+01 2.49619522e+01
3.22785034e+01 -2.84384212e+01
-1.89884913e+00 -3.89013405e+01
9.07113571e+01 2.86071358e+01
3.93733749e+01 -1.89764671e+01
-1.00169349e+00 7.20990829e+01
5.16637344e+01 2.77631640e-01
-8.54861908e+01 6.43161087e+01
-7.19843369e+01 4.66115379e+01
1.96675682e+00 3.27841949e+01
3.43787537e+01 2.66463089e+01
-6.75860291e+01 -2.40113487e+01
5.69932251e+01 4.34064369e+01
8.19710083e+01 -1.17228069e+01
-4.38845520e+01 -4.08597450e+01
1.54890471e+01 4.20455647e+00
-5.46658669e+01 -2.10370312e+01
5.38887858e-01 1.58704252e+01
5.73442316e+00 9.43395042e+00
4.35016594e+01 -8.80076370e+01
3.58955116e+01 2.66214485e+01
-5.34638405e+01 -3.43696709e+01
4.06500000e+03 0.00000000e+00
-5.18328552e+01 3.46940956e+01
3.42645073e+01 -2.55316467e+01
4.21189766e+01 8.95172958e+01
8.45519352e+00 -1.25882807e+01
-3.08874011e-01 -1.44368763e+01
-4.98044701e+01 2.30506935e+01
1.32901363e+01 -6.58305168e+00
-4.22850914e+01 4.40723267e+01
8.34182281e+01 1.25762243e+01
5.90830078e+01 -4.21265945e+01
-6.61581268e+01 2.49619541e+01
3.29856033e+01 -2.87313156e+01
4.12201653e+01 9.44747696e+01
9.01701584e+01 2.80659428e+01
4.04631729e+01 -2.06074619e+01
-2.94589400e-01 7.03919678e+01
5.19881516e+01 -1.35335481e+00
-8.45623093e+01 6.36987991e+01
-7.10604553e+01 4.59942284e+01
4.28913832e-02 3.24015198e+01
3.56853142e+01 2.71875076e+01
-6.75860291e+01 -2.40113506e+01
5.83758850e+01 4.43303223e+01
8.19710083e+01 -1.35705709e+01
-4.52987671e+01 -4.08597450e+01
1.41063585e+01 5.12843609e+00
-5.37420044e+01 -2.04197178e+01
6.15005851e-01 1.62531090e+01
6.05884314e+00 1.10649357e+01
4.31189766e+01 -8.99314957e+01
3.44812851e+01 2.66214294e+01
-5.18328552e+01 -3.46940956e+01
4.06500000e+03 0.00000000e+00
-4.98328590e+01 3.46940956e+01
3.58955002e+01 -2.44418755e+01
4.24118690e+01 9.02244034e+01
8.77961922e+00 -1.23715086e+01
1.61498857e+00 -1.40541925e+01
-5.00212402e+01 2.41404877e+01
1.19835711e+01 -6.04185867e+00
-4.17439041e+01 4.35311317e+01
8.34182281e+01 1.25762243e+01
5.77003403e+01 -4.30504761e+01
-6.55408020e+01 2.58858337e+01
-1.55396776e+01 -6.48397217e+01
4.25267296e+01 9.31681976e+01
9.04945908e+01 2.82827129e+01
4.11702843e+01 -2.03145714e+01
7.95196056e-01 7.06087646e+01
5.10642738e+01 -2.73603249e+00
-8.54861908e+01 6.23161163e+01
-7.09843369e+01 4.56115494e+01
-4.98304993e-01 3.37080803e+01
3.56853142e+01 2.91875191e+01
-6.82033463e+01 -2.30874596e+01
5.91412544e+01 4.43303261e+01
8.19710083e+01 -1.21563578e+01
-4.59160690e+01 -4.17836227e+01
1.50302410e+01 3.74574780e+00
-5.18181305e+01 -2.08024006e+01
1.70477557e+00 1.60363312e+01
6.44152641e+00 1.09888182e+01
4.31189766e+01 -8.85172653e+01
3.42645073e+01 2.55316467e+01
-4.98328590e+01 -3.46940956e+01
4.06500000e+03 0.00000000e+00
-5.00496292e+01 3.50185127e+01
3.76026077e+01 -2.51489830e+01
4.13220749e+01 9.18553696e+01
8.85573578e+00 -1.27541914e+01
-1.60036087e-02 -1.43786240e+01
-5.05624352e+01 2.28339252e+01
1.06770163e+01 -7.34842873e+00
-4.37438965e+01 4.35311317e+01
8.28009338e+01 1.35001040e+01
5.90830116e+01 -4.39743538e+01
-3.16832600e+01 -2.69992352e+01
-1.52152452e+01 -6.64707108e+01
4.25267296e+01 9.31682129e+01
9.08772659e+01 2.82065945e+01
4.18773918e+01 -2.06074581e+01
-9.11908031e-01 6.99016571e+01
4.93571739e+01 -3.44313312e+00
-8.54861679e+01 6.23161163e+01
-7.07675629e+01 4.67013245e+01
5.91471970e-01 3.53390579e+01
3.56853104e+01 2.99528942e+01
-6.78789139e+01 -2.33042259e+01
6.00651283e+01 4.57130013e+01
8.12639008e+01 -1.24492493e+01
-4.59160690e+01 -4.36313858e+01
1.64444580e+01 2.33153129e+00
-5.08181381e+01 -2.18024006e+01
1.70476913e+00 1.60363388e+01
7.36540556e+00 1.23714962e+01
4.21189766e+01 -8.95172958e+01
3.58955002e+01 2.44418755e+01
-5.00496292e+01 -3.50185127e+01
4.06500000e+03 0.00000000e+00
-4.89598389e+01 3.33875275e+01
3.76026573e+01 -2.33012161e+01
4.10292282e+01 9.11483078e+01
7.54917383e+00 -1.22129230e+01
-9.39867496e-01 -1.49959431e+01
-5.24863281e+01 2.24512539e+01
9.04608154e+00 -6.25862932e+00
-4.37439613e+01 4.49453506e+01
8.35080719e+01 1.17929955e+01
9.20190048e+01 5.26189499e+01
-3.22244606e+01 -2.83057995e+01
-1.35842628e+01 -6.75605011e+01
4.39409409e+01 9.17539978e+01
9.19670639e+01 2.65756092e+01
4.22600746e+01 -2.06835823e+01
-5.29224575e-01 6.98255310e+01
4.77261810e+01 -4.53291464e+00
-8.41796036e+01 6.36226807e+01
-7.00604553e+01 4.69942093e+01
1.68125689e+00 3.69700432e+01
3.64506798e+01 2.81051254e+01
-6.85860214e+01 -2.35971127e+01
5.81412582e+01 4.60956841e+01
8.14806824e+01 -1.21248312e+01
-4.58399582e+01 -4.40140686e+01
1.62276802e+01 3.42133141e+00
-5.04354553e+01 -2.37262764e+01
9.97682214e-01 1.57434425e+01
8.45519352e+00 1.25882807e+01
4.24118690e+01 -9.02244034e+01
3.76026077e+01 2.51489830e+01
-4.89598389e+01 -3.33875275e+01
4.06500000e+03 0.00000000e+00
-4.83425369e+01 3.43114128e+01
3.89853325e+01 -2.23773327e+01
4.01053619e+01 9.25309830e+01
5.70141792e+00 -1.22129230e+01
-9.39874649e-01 -1.49959316e+01
-5.27792206e+01 2.31583691e+01
8.42876148e+00 -7.18251657e+00
-4.36678352e+01 4.53280334e+01
5.33821344e+00 3.46941071e+01
9.19428864e+01 5.30016327e+01
-3.40722160e+01 -2.83057995e+01
-1.52152538e+01 -6.72360764e+01
4.26343689e+01 9.22952042e+01
9.06605072e+01 2.60344105e+01
4.09535065e+01 -2.12247715e+01
1.77882135e-01 7.15326385e+01
4.75094032e+01 -5.62271690e+00
-8.39628525e+01 6.39471054e+01
-7.00604630e+01 4.55800095e+01
2.98590302e-01 3.78939209e+01
3.73745461e+01 2.94878235e+01
-6.72794724e+01 -2.30559196e+01
5.81412811e+01 4.46814728e+01
8.20218735e+01 -1.26660309e+01
-4.45334015e+01 -4.53206329e+01
1.49211168e+01 4.72789431e+00
-4.95115776e+01 -2.23435898e+01
-3.08874011e-01 1.44368763e+01
8.77961922e+00 1.23715086e+01
4.13220749e+01 -9.18553696e+01
3.76026573e+01 2.33012161e+01
-4.83425369e+01 -3.43114128e+01
4.06500000e+03 0.00000000e+00
-4.91078987e+01 3.24636421e+01
3.96924324e+01 -2.26702213e+01
4.10291939e+01 9.31482697e+01
4.61162758e+00 -1.24297647e+01
-1.26430726e+00 -1.47791672e+01
-5.27792091e+01 2.50061054e+01
8.96992874e+00 -8.48907852e+00
-1.18532915e+01 5.14755287e+01
6.42800140e+00 3.30631256e+01
9.26499939e+01 5.32945290e+01
-3.29824333e+01 -2.80890484e+01
-1.38010340e+01 -6.72360535e+01
4.16343651e+01 9.12952118e+01
8.96605072e+01 2.50343952e+01
4.09534988e+01 -2.19901352e+01
-1.46530807e-01 7.31636276e+01
4.78920898e+01 -3.69885755e+00
-8.45040512e+01 6.52536621e+01
-6.89706802e+01 4.53632431e+01
5.15369534e-01 3.89837074e+01
3.63745461e+01 2.84878235e+01
-6.67382660e+01 -2.43624840e+01
5.98483810e+01 4.39743614e+01
8.27289810e+01 -1.29589195e+01
-4.38262939e+01 -4.56135216e+01
1.51378946e+01 5.81767988e+00
-4.98044701e+01 -2.30506935e+01
1.61498857e+00 1.40541925e+01
8.85573578e+00 1.27541914e+01
4.10292282e+01 -9.11483078e+01
3.89853325e+01 2.23773327e+01
-4.91078987e+01 -3.24636421e+01
4.06500000e+03 0.00000000e+00
-5.09556503e+01 3.24636383e+01
3.87685280e+01 -2.40528927e+01
3.96465187e+01 9.22243805e+01
2.68774796e+00 -1.20470819e+01
-1.55719984e+00 -1.40720606e+01
-5.17792091e+01 2.40061054e+01
-3.12372446e+00 -7.69796448e+01
-1.21777048e+01 5.12587624e+01
5.88681030e+00 3.43696976e+01
9.24332352e+01 5.43843231e+01
-3.29824371e+01 -2.73236828e+01
-1.51075897e+01 -6.59294968e+01
4.03277969e+01 9.26017456e+01
9.10747223e+01 2.50343914e+01
4.05708199e+01 -2.20662518e+01
9.43260312e-01 7.29468613e+01
4.71849823e+01 -3.99175143e+00
-8.42872620e+01 6.63434372e+01
-6.70468063e+01 4.49805641e+01
1.05655277e+00 3.84425278e+01
3.46674500e+01 2.77807159e+01
-6.72794495e+01 -2.56690540e+01
5.90830078e+01 4.21266136e+01
8.32701874e+01 -1.16523523e+01
-4.19024124e+01 -4.59962006e+01
1.32901363e+01 6.58305168e+00
-5.00212402e+01 -2.41404877e+01
-1.60036087e-02 1.43786240e+01
7.54917383e+00 1.22129230e+01
4.01053619e+01 -9.25309830e+01
3.96924324e+01 2.26702213e+01
-5.09556503e+01 -3.24636383e+01
4.06500000e+03 0.00000000e+00
-5.06312332e+01 3.22468681e+01
3.78446732e+01 -2.26702271e+01
3.98633118e+01 9.33142166e+01
4.53551626e+00 -1.12816429e+01
-2.86374092e+00 -1.53786182e+01
-7.11962128e+01 2.51848660e+01
-3.83083129e+00 -7.66867523e+01
-1.15603857e+01 5.21826439e+01
6.42800903e+00 3.49108887e+01
9.27576599e+01 5.46010933e+01
-3.25997505e+01 -2.53997650e+01
-1.47249012e+01 -6.40056305e+01
4.09451027e+01 9.16778641e+01
9.10747147e+01 2.50343952e+01
4.11120110e+01 -2.33728161e+01
6.18843138e-01 7.31636353e+01
4.78920898e+01 -3.69885135e+00
-8.35218964e+01 6.44956818e+01
-6.71229172e+01 4.45978775e+01
-5.74429691e-01 3.95323296e+01
3.30364761e+01 2.74562969e+01
-6.92033386e+01 -2.60517426e+01
6.01727943e+01 4.23433800e+01
8.40355530e+01 -1.35001135e+01
-4.22850914e+01 -4.40723267e+01
1.19835711e+01 6.04185867e+00
-5.05624352e+01 -2.28339252e+01
-9.39867496e-01 1.49959431e+01
5.70141792e+00 1.22129230e+01
4.10291939e+01 -9.31482697e+01
3.87685280e+01 2.40528927e+01
-5.06312332e+01 -3.22468681e+01
4.06500000e+03 0.00000000e+00
-4.99241257e+01 3.39539909e+01
3.91512489e+01 -2.21290264e+01
4.14942970e+01 9.22244263e+01
2.61163378e+00 -1.08989639e+01
2.78565578e+01 -7.41362715e+00
-6.97820053e+01 2.51848774e+01
-3.44814396e+00 -7.47628784e+01
-1.07950220e+01 5.40304146e+01
7.51779604e+00 3.65418701e+01
9.26815262e+01 5.49837723e+01
-3.26758690e+01 -2.50170841e+01
-1.30939150e+01 -6.50954056e+01
3.92380028e+01 9.23849716e+01
9.05335159e+01 2.55755901e+01
3.91881371e+01 -2.29901352e+01
2.03305316e+00 7.45778503e+01
4.84332886e+01 -4.24004364e+00
-8.31392212e+01 6.25718193e+01
-6.75056000e+01 4.46739769e+01
-2.50004441e-01 3.97490921e+01
3.21125984e+01 2.68389740e+01
-6.75723572e+01 -2.49619446e+01
6.07139854e+01 4.18021736e+01
8.34182281e+01 -1.25762243e+01
-4.17439041e+01 -4.35311317e+01
1.06770163e+01 7.34842873e+00
-5.24863281e+01 -2.24512539e+01
-9.39874649e-01 1.49959316e+01
4.61162758e+00 1.24297647e+01
3.96465187e+01 -9.22243805e+01
3.78446732e+01 2.26702271e+01
-4.99241257e+01 -3.39539909e+01
4.06500000e+03 0.00000000e+00
-5.04653282e+01 3.34127922e+01
4.02410355e+01 -2.23458061e+01
4.11116257e+01 9.21483002e+01
-4.12707367e+01 -1.99372025e+01
2.83977566e+01 -6.87243652e+00
-7.08718033e+01 2.68158722e+01
-4.15525627e+00 -7.30557785e+01
-1.11194391e+01 5.56613998e+01
6.59391642e+00 3.71591682e+01
9.17576447e+01 5.56010895e+01
-3.07519913e+01 -2.46344185e+01
-1.44004831e+01 -6.56365891e+01
3.92380066e+01 9.23849716e+01
8.91508255e+01 2.46517143e+01
3.91881447e+01 -2.11423740e+01
3.44726014e+00 7.45778503e+01
4.98159752e+01 -5.16392374e+00
-8.40630951e+01 6.19545097e+01
-6.75817261e+01 4.42912941e+01
-5.74425757e-01 3.81180954e+01
3.24952812e+01 2.87628536e+01
-6.61581421e+01 -2.49619522e+01
5.90830078e+01 4.21265945e+01
8.34182281e+01 -1.25762243e+01
-4.37438965e+01 -4.35311317e+01
9.04608154e+00 6.25862932e+00
-5.27792206e+01 -2.31583691e+01
-1.26430726e+00 1.47791672e+01
2.68774796e+00 1.20470819e+01
3.98633118e+01 -9.33142166e+01
3.91512489e+01 2.21290264e+01
-5.04653282e+01 -3.34127922e+01
4.06500000e+03 0.00000000e+00
-4.90826416e+01 3.43366585e+01
3.96237068e+01 -2.32696857e+01
9.65609894e+01 -5.04091797e+01
-4.16534195e+01 -1.80133171e+01
2.69835434e+01 -6.87243128e+00
-7.25027924e+01 2.71402855e+01
-5.86238289e+00 -7.23486786e+01
-1.04123325e+01 5.59542770e+01
7.30102301e+00 3.74520531e+01
9.22988510e+01 5.69076500e+01
-3.11346741e+01 -2.65583038e+01
-1.53243628e+01 -6.70192871e+01
3.92379990e+01 9.05372467e+01
8.77681427e+01 2.55755997e+01
3.89713707e+01 -2.14668026e+01
5.15436459e+00 7.52849579e+01
4.98159790e+01 -4.39855671e+00
-8.50630798e+01 6.29545097e+01
-6.75817261e+01 4.42913132e+01
-1.57442582e+00 3.91180992e+01
3.22785034e+01 2.84384212e+01
-6.61581268e+01 -2.49619541e+01
5.77003403e+01 4.30504761e+01
8.28009338e+01 -1.35001040e+01
-4.37439613e+01 -4.49453506e+01
8.42876148e+00 7.18251657e+00
-5.27792091e+01 -2.50061054e+01
-1.55719984e+00 1.40720606e+01
4.53551626e+00 1.12816429e+01
4.14942970e+01 -9.22244263e+01
4.02410355e+01 2.23458061e+01
-4.90826416e+01 -3.43366585e+01
4.06500000e+03 0.00000000e+00
-4.93755302e+01 3.50437660e+01
-3.56630745e+01 -4.47008476e+01
9.62365494e+01 -5.20401802e+01
-3.99463196e+01 -1.87204247e+01
2.86145248e+01 -7.96221542e+00
-7.10885620e+01 2.57260628e+01
-5.86238289e+00 -7.23486633e+01
-1.04123325e+01 5.59542809e+01
5.99445915e+00 3.61455002e+01
9.33886414e+01 5.85386276e+01
-3.02107944e+01 -2.59410019e+01
-1.45589914e+01 -6.51715393e+01
4.03277740e+01 8.89062500e+01
8.74437103e+01 2.53588276e+01
3.69713745e+01 -2.14668026e+01
5.15436935e+00 7.52849274e+01
5.01088791e+01 -5.10566330e+00
-8.53559723e+01 6.36615944e+01
-6.68746185e+01 4.25842171e+01
-1.89884913e+00 3.89013405e+01
3.29856033e+01 2.87313156e+01
-6.55408020e+01 -2.58858337e+01
5.90830116e+01 4.39743538e+01
8.35080719e+01 -1.17929955e+01
-4.36678352e+01 -4.53280334e+01
8.96992874e+00 8.48907852e+00
-5.17792091e+01 -2.40061054e+01
-2.86374092e+00 1.53786182e+01
2.61163378e+00 1.08989639e+01
4.11116257e+01 -9.21483002e+01
3.96237068e+01 2.32696857e+01
-4.93755302e+01 -3.50437660e+01
4.06500000e+03 0.00000000e+00
