-2.79382801e+01 -3.45821686e+01 
3.18129292e+01 7.60267735e+00 
7.53461761e+01 -2.49092293e+00 
-5.86206398e+01 -6.38660507e+01 
8.43387508e+00 3.83522415e+01 
-4.30087013e+01 -2.32681274e+01 
3.24903259e+01 7.63206100e+00 
-2.14349518e+01 1.64678783e+01 
3.59236069e+01 -1.11155464e+02 
1.13726074e+03 8.91599121e+02 
-4.33985352e+02 -1.25165601e+03 
3.54683154e+03 2.53531590e+01 
-2.76424591e+02 -5.52882568e+02 
1.02587830e+02 2.69767334e+02 
3.17799034e+01 6.74534760e+01 
-7.31201172e+00 -1.99195251e+01 
1.36178761e+01 5.91631603e+00 
-7.16282349e+01 1.49108438e+01 
5.81029816e+01 3.57233200e+01 
-2.27038479e+01 2.41142559e+00 
3.76710091e+01 -3.14381790e+00 
7.64657059e+01 -3.76709213e+01 
-7.64666367e+01 9.50839043e-01 
2.14162750e+01 -3.57252350e+01 
-2.52977371e+01 -5.20554390e+01 
-6.24978333e+01 7.38095999e+00 
-6.26035461e+01 -7.80938416e+01 
2.44006710e+01 3.36647758e+01 
3.79513016e+01 -7.94725113e+01 
3.94050598e+01 -1.50508099e+01 
3.60569305e+01 -1.44620237e+01 
3.27132111e+01 -8.47901306e+01 
