-5.89188072e-04 -2.46924901e-04 
-1.28193424e-04 -1.20177123e-04 
-2.33773771e-05 3.09618335e-04 
-4.61390482e-05 6.21717365e-04 
4.56529844e-04 -5.77104918e-04 
2.92820885e-04 -3.96892283e-04 
1.99245897e-05 5.17485081e-04 
-2.01735515e-04 2.63088674e-04 
-1.80044255e-04 -2.04989527e-04 
2.77588308e-01 2.09748551e-01 
-9.32325646e-02 -2.99550116e-01 
8.66057456e-01 2.29913989e-04 
-5.33841103e-02 -1.48347676e-01 
9.31538735e-03 7.60779455e-02 
3.34784010e-04 3.92887945e-04 
3.40077007e-04 3.51516355e-04 
1.12143788e-03 -5.02779963e-04 
1.44192643e-04 1.57652772e-04 
1.78568225e-04 3.48888221e-04 
-4.50012507e-04 -3.51100229e-04 
3.68301116e-05 9.48532470e-05 
5.26707037e-04 -2.60171480e-04 
-7.03439873e-04 -3.75006319e-04 
-1.59425035e-04 1.20627985e-04 
8.52683806e-05 -5.70937118e-05 
-1.26572544e-04 -6.60787555e-05 
-4.77116671e-04 4.54670255e-04 
1.34848335e-04 -4.08863387e-04 
9.57574666e-05 3.98219650e-04 
5.59314911e-04 3.44380795e-04 
5.24719129e-04 7.15204980e-04 
1.48840874e-04 4.37657116e-04 
