-20055217 -32727481
-19458488 91007287
-34380193 18724106
-62583720 8890576
57558929 -127185277
-5103395 41561311
-23309147 -47728063
-72714846 73809024
22589188 47147343
64505471 -7093658
-31322409 -100105588
65211214 97864077
71493451 -92532281
-35514901 38733848
106846100 -10318818
41527646 127179735
-67114706 80914529
-18483926 -24833466
-96184138 19676048
9204684 50393432
-68473104 42051424
42227875 -111751171
-53165588 -79896808
115907920 -109960699
-4256586 -98410659
-79614917 91161975
6136170 -120743876
14456261 -65937732
93235246 -87619211
-75899968 126057373
-32697111 -95057141
-131660017 35824565
-97839202 -102005014
32769479 65198062
47598707 -108405500
112843266 104450571
-45845767 -43679767
-129605232 82419689
13187177 61684250
85466399 111623
-11813876 107711498
53620428 -97266582
-41375929 -40615447
95829893 -51721531
95416580 -54631176
-107725413 -51255641
-67518984 -29592543
-11156011 83580922
31647802 66473557
-83713932 -61360498
23941396 -95267191
-100653000 78330959
26446373 -7439594
-50576797 67636727
49020624 -81110748
-18654764 -94401200
74611866 -80427359
-127437148 15594951
-5194716 124937587
-36669464 -21898269
-76583569 -72541658
-132583768 -131466723
128223449 -62204173
-12367037 79482067
-79075274 -36589397
-104256690 42425462
-1900502 33529999
84722406 95402573
-78335114 -95961515
-22910552 -58188972
-52550056 -32101321
-106892353 -53501233
88599615 -2580549
-93944327 32593274
94100908 54506602
-67409791 83699716
-3805084 -96543068
-21303183 -66304854
-100752612 -46063090
-114005661 42847858
-74584383 66563113
14464049 -50599363
25103314 -78612847
-113244411 66197248
-39666877 18001682
59326681 -51636277
85954564 38249055
-29214146 73203009
84838102 -35829157
116839221 -79269304
9975298 100730056
-131894824 3247817
19077081 7895256
119992114 -6890589
727679 -130613386
80666050 126569774
47829839 45559688
-48977045 20226849
87884528 -52980804
72959218 34380644
24525008 62102509
130522039 38840487
69412376 -82752749
22354241 118741134
90862511 -120339393
20735924 -38716988
42294518 -38946130
105358534 40089090
63919742 93489393
-33197523 72690972
-92483247 -37346579
121334822 17748046
24985437 54951746
-117704087 -35338622
-127566526 -11843744
42136821 -55651127
48232664 3242300
-75093288 -30491233
-129517677 -95390261
87312306 -39812402
-80619823 -17626039
57814587 31549902
19692651 8411200
117833319 8109693
-28726744 19317295
-54631804 -128710333
95169601 -26647522
-45219608 36405735
-64882138 4368263
13249097 -43110293
-30874299 -24146118
44447706 110157670
-46281252 -77111695
75707139 77639334
131967412 107311196
-114293053 -758165
-30363361 -40153396
108778928 -79606840
-116967063 -115815676
-91734281 47073292
-26008315 114157158
-49706998 51571164
-128739007 59913059
3340097 -114919656
-47882704 -9934022
-50905939 106044442
-853810 35974821
-26527031 29830319
72233713 -27999655
-66211611 -10197251
87269304 -123158862
-11266521 43163298
15835915 -112538211
41152529 -128021207
-64320346 -71136778
39286123 -6323079
124123514 -26773845
66078372 -121315423
-71062016 -89380456
-110331797 -104152016
84561741 28770122
-53830187 -15005599
-92411591 28729842
-115577521 -9869921
-129544210 -78017274
-97339178 29364021
-111062385 -38944186
89270397 -52685849
-4907424 -106312115
-60570460 -4840579
132790582 -126894903
127258326 34158733
59807391 -133820580
10329060 -56466627
-9350206 96730895
58706493 11906878
40971459 28485295
63581884 -47911019
-75222213 -50722235
114994990 -50278806
-12470059 25769372
-128492753 -16506434
-84944359 97680131
70763855 38096383
-71930737 115281742
126442177 -28242871
119965793 114496673
-103262260 -131642411
-13167684 130259972
-72747447 -73528833
-80797611 -126653236
45705142 44486089
-98684178 70995284
-59958024 -6492276
-93918018 54778267
104959596 -42284331
-82788543 -63886430
-11754115 -84099176
99135140 -60152318
-34068759 -82547197
124128890 8710716
-119736985 10158109
94622826 -44813298
80480690 -3395641
-113451211 12515152
-82507735 -19833495
122365015 -6901903
-126040650 16020441
-9664368 10254393
69002106 -32126890
-107584398 36165111
-111090369 13125833
-72700866 -22734232
-32833019 24709487
21283389 -9048356
72022658 -100595548
34225852 -42565285
130306964 82259641
-31954459 85578463
76447844 103625277
81349891 -77322713
102709601 93622790
-129138864 -27612704
-71785954 120127292
-128280041 -13577347
-72513057 -54474072
66901321 -30998140
105895887 84574611
44664914 28011704
-14824434 -17644839
-121923520 -72938875
108728152 -109738571
92348445 -128938377
112416317 -15750829
-10651303 74522194
-133791871 -93340649
-31678424 9055274
29632049 37817364
72211836 -106204288
-108770789 114001620
-82870145 66785887
-21738996 93767191
-107465452 -41811713
66308896 -92749195
131106671 -123586918
-40122191 -85953695
32275489 133263504
-57935607 176872
9043862 -27228324
83596813 19938201
2413630 -60655366
15871998 -27382521
-71635324 23173989
-92559718 20024355
-36045715 -49475237
-25573787 -83408596
