100885208 122258424
69834085 -45428109
59274930 105362492
1672430 63103926
-23020829 73629339
-32200368 116411106
-126056149 -57173794
-88310138 34874008
-63100039 -114402206
41678187 49594846
-73062233 -112402901
-118140453 -105465260
-109472234 28219113
-22015514 -20899637
-115956619 -124356088
-101691936 84822866
-16382675 -16030155
92129358 -34820778
129212134 130847258
129231217 77799572
-80700469 114897279
115421302 -67848552
71679173 -125433535
3665456 116356977
130472631 87521859
-92538948 -77290415
71306635 100306406
-108821672 -30073140
-31347452 97957693
10769559 119746568
-120531901 -1519926
-12441129 21422846
-82437923 -18280579
-28542598 64339926
30102179 79646616
-18482167 -81806930
-97587524 66484552
49026405 82293108
-66336211 -65451504
-131161900 -37436245
-120843232 128439707
-80155791 -48068425
-15207724 -120251088
57520658 -112367559
-111563480 -87809391
2616300 134109810
-38001390 130186101
-26604721 -127979060
-15096873 81757526
-21406444 -6622386
97588307 -21839621
32174359 -114033521
118133696 -126170030
-13676308 63539539
101644842 -93101147
-65856460 116511433
29525829 86920406
130048046 33130219
3760602 45080091
-25093724 -127180300
-28000632 99053530
17803620 -28109514
-13300419 -83078275
-82506464 -88273874
112715070 -19436099
25979057 26342665
-108617308 122179650
-69456850 -52964468
34855223 -77072192
-58231435 133382127
-8240281 83320769
-130815624 -73792007
11446039 17990140
-120483574 -114849839
15000950 -109873850
-33376379 -106292379
-88083165 -28314304
-90725268 2269582
19770767 -71611758
132088263 -95751597
1579403 -7490417
59569841 -106412271
98740992 -64445325
133199372 69976907
78798139 93970801
-116474845 101799534
113765950 -13713609
-96072272 75085695
41419907 -1261810
-131356221 21856545
-46968583 521939
113356382 -49248484
74764091 -92046475
47746745 27382929
8792382 116015943
-119763122 -1541361
-2126465 76069989
-61431690 53124254
64008555 -69577410
-4479861 -102818432
38369732 -59838342
-55554394 -11587400
105209162 86825707
-75304080 57254156
49723457 -19668876
131818156 83335330
-34052541 -118853174
-86632176 -124819514
-101296931 -4794270
-96962011 55239806
14042127 82016210
16151543 106445515
-77189109 -97164658
33587733 97078424
105606836 128909390
-72564150 56332667
-130381470 -96700383
-67276453 -30567038
86661390 -15811871
-30389903 47207454
-76358457 -93399269
65566650 95478358
11551932 66668860
-81252599 130434857
-41937492 -53881985
5942623 -57967482
98826936 -10807464
98156482 -17313636
-108475569 2386402
-105879646 -86395784
71465922 110548786
52346531 -34424055
86790849 71114555
-99574954 -122487504
29232857 10307363
-109721724 -24138556
23106965 38866934
1120343 69017017
-131779162 -127295483
36644478 -33083904
-115415334 101261335
60236083 -37139474
94157486 83867318
-114015494 46286475
48166809 80908727
45675752 81112394
-84685193 127379003
-49143651 18970140
-30474377 -61578476
-107165058 43823162
-69793689 -60375630
113898001 -132055484
28217328 -104540168
30336096 116101195
10313368 -22389212
1911026 -102150052
-16360807 51205034
65917520 10749033
-75259510 134012540
-103338663 -70832793
19417252 45528869
-101626406 32148771
107524355 -92206002
82989676 -132258384
103338252 19208577
-93890377 -5047728
33982014 -97894692
-44860608 87971748
3437609 73122425
31336227 66065020
21476567 95186237
54338124 -24531560
63887718 79608877
-58410203 19113904
-110274933 -106387026
82981468 31648368
82182114 -42161929
41784879 114199403
-86099733 -21752844
93583158 34814550
-26745837 80335353
-36338366 101087730
-50692763 -7931358
-93358642 -36109593
128239265 -100151760
102490636 100203363
-86200503 -53764787
-90462153 68647895
83626127 7919470
-65534737 112919634
-49863738 -87814902
-24298924 52919821
-118782387 109948555
-83383865 -80439594
-30480853 99596001
-96636386 -642905
76646971 105961534
11126432 111886612
-117955605 87851553
-115600224 -74352378
-81391830 -59886178
28091643 -42690810
66052878 120497749
-122242819 32526010
56155045 -112755080
104476304 22396448
-111646545 -114579317
-39608453 4790520
-67230612 100279194
64990107 -9032605
-67401407 -74705826
-116620574 -64260170
77384215 123638281
-31975933 -4132213
-88625718 69374884
-130310627 26858062
-108157164 -13957309
-7414592 -116845597
-9497486 -124531473
39394942 -97601241
-97398847 58799300
81014027 5926022
39585487 -27419776
75002455 -14634698
69767676 -101754862
125454957 -130525877
-35331675 -127109251
-60442715 126636407
-56569973 -28299005
-17597081 -116169177
-65064306 -127839236
2033654 -115656750
-133649793 27793085
122454481 -100771707
17800025 -34365975
-57220768 -120598503
55079731 53517363
-41296164 -37362123
123057730 -85727114
15094181 -66711665
29456844 122553794
64634392 29281285
-69746349 -120412836
46484784 76647753
-108162283 50654822
67253227 -32001076
-23466633 -80254911
75358447 86443643
-131454709 115484697
-58771121 39829136
9425405 122976303
104696278 -112213622
-62970935 120957987
-117767781 -90396190
-37797759 93830264
-93315334 -13973644
