74183468 -80702751
-55616501 84545532
125424534 -44231962
-24400944 117408353
-47340374 59389087
-85196654 32719977
72020390 49755154
-109426276 -52612413
126174931 -28597887
48590574 111663437
10058529 126222930
101490127 -88469271
60539144 94825528
-124290512 -10450609
-7171484 57986561
-1069181 -11294732
23195047 21488727
133544610 106617633
96824355 -27591611
27587711 81648876
32959233 -58878302
-16484536 12360741
20283663 -95912078
-62793264 -32520738
126360053 132909898
-113575225 -87288588
-14787241 -45407951
-66078110 125632039
55566708 -99390361
11353400 -101457977
-20801246 -12607960
-68349633 124920734
24683409 59238246
127096578 -70151638
120705995 -111636595
29571186 93925979
-65722092 81005153
12734947 62838850
54834509 57521290
-115696539 -50867140
-5596434 123027340
-93282020 83630050
-64503332 -42941544
42553978 -97471937
10073184 80092615
73339433 83906274
-99217525 22424412
24647367 119517095
27257420 121425516
59457334 130167223
32953253 14071616
-30811529 125575609
-43916747 -15458611
-44337043 57035571
111042813 -19746403
84299210 43856131
-43060251 13182152
-49140881 21074596
67353117 40607099
116602457 -14791983
71161643 31331703
85703599 -126363846
33810327 85817188
-52158872 109587746
64910736 -25166860
-91511749 -8360340
124221123 56140608
-91984166 46279910
129908746 94178027
-87994012 99491654
93226042 98818691
131137294 31186318
-85168403 84624773
12462104 110951763
-58400067 18529119
107953445 -25395038
-118339559 -100192304
48673963 -115692961
-128741073 -9062674
101835609 98306887
10177947 -62373871
62534641 76510418
-68692928 -62939910
-134184385 125395528
-61422041 86073825
102090493 60428356
39623907 23203459
2660331 85744713
86191045 106527344
-75789547 -3492961
73036077 127635023
-12048378 -49391913
-57978420 -55246648
73208420 88092528
-66406297 -128614807
74033737 131195173
53640965 277166
3165138 132550672
88318661 -87897604
48872462 18371120
83324588 -44918321
49922163 77767075
9819059 -25215791
122936792 -37963426
-12770699 -11038304
-61537919 -94346679
-68362370 12499613
49484967 59881761
-7961076 -125522808
-103030250 -92546174
57181113 -90241618
85836659 22382377
-2650524 -40795699
-9234136 -56261177
-3108453 70191573
-86852709 102333578
-133449680 127361864
111697241 112167365
99429616 -63419825
105076722 -109074740
-33334241 76733101
-117722545 -264144
63126180 16229849
-126366031 -61639056
-40988192 88992535
52483093 64767648
-91777548 -7808039
-97304202 -113182299
