-585454 -507057
-177211 -495025
482693 -497659
-854317 -501024
-90732 1072801
-718864 -445937
471580 559614
-79569 245177
-610315 472389
-191635 218798
-964720 -257502
-850223 -811314
-92721 -335550
-839893 -743212
764679 -125549
36925 -1033566
778824 259030
139021 196843
-25472 345513
-255933 260721
429530 185868
834637 906131
507595 335839
-295978 -552059
29678 -830196
648062 220836
-64320 -300386
564705 -430786
-132578 -13760
-62040 340784
978709 -627682
-39078 256566
-729276 -784353
814901 -1222418
754711 486619
322682 522229
67361 -764147
638386 970539
-210169 -662927
126939 881818
5824 -337561
-70758 -231277
-13799 187791
-102024 266037
97423 422274
-1125969 485471
-538840 -245416
206134 745845
443608 2082
-337955 -985842
-732864 1455977
250340 -794358
-28538 -488655
822591 51366
-214184 -571207
242785 337645
-212502 -723817
-684686 -534793
188099 -16243
-466014 511111
602547 125561
-357194 -1223118
888226 -129500
641491 -805745
535269 -555917
50011 1021240
99817 932093
-175636 -1378796
-652836 -404971
565196 -383502
319040 -743229
200920 -194063
-777351 515113
505821 -123701
-363360 47029
159843 638869
797341 334077
198626 599164
1305556 -999869
458959 66105
-108232 358644
53617 -380528
-534045 160559
383647 -76367
1124694 308692
538295 681611
114654 94794
-1003747 963017
-649266 -306995
432491 -951279
-155228 -859486
-987373 391076
-117610 443238
645997 -211965
-1222697 -579734
261697 327606
538336 521233
319849 -384217
484364 -866576
-969144 -757367
830482 105294
-153855 575937
12486 475948
-600223 -102313
-387547 298226
564367 -522865
-352194 799256
-245340 728488
-744954 517519
161377 -427540
-575883 138961
-535457 -716140
555479 573804
-203145 391845
350027 -468626
396922 -510115
119769 486516
79951 114334
-332464 558155
-502297 -1020576
748792 -984732
-591431 697019
-464808 -258850
-798752 -652924
-269952 -6193
12878 -458879
50629 -56045
-164817 45196
-13312 1247322
-39359 -803943
136303 -634346
-341908 -700363
406625 127041
317393 -218147
355321 -899439
910180 -735289
-255048 307611
-368458 959377
-459172 -268836
-10242 -367668
234302 94164
-508325 647887
-386061 -192335
871977 653345
-206651 -441282
426413 329460
-70010 138420
479504 -831849
-340124 151074
-104680 519418
26343 329815
-666069 -236234
-469117 225970
-603385 -508921
-40524 -127885
-562378 591819
-298062 -82685
807183 -405017
-241352 -371263
-184996 163711
-1193209 -94677
754254 -558368
462187 602407
22272 -219416
1137283 277609
587695 -487314
-266727 550661
-604052 488330
-1737 868665
-400749 -207838
-437896 -912880
438303 -602847
27880 290329
636523 55210
612638 490776
293592 848473
-52910 97387
-298722 235129
-49635 -716190
-476786 -575827
466351 -261637
-413440 -156644
-1342913 -695557
312062 -90200
-459503 -331907
-775303 726355
684437 322902
226610 61373
867091 -319209
205797 -87135
-494049 11581
-468432 -425421
-360042 555514
372155 1179111
-429816 300997
194671 279509
466080 145242
-598249 494873
543366 544840
-1351544 -718802
-728385 150848
-353240 -838509
1523419 214747
188484 194867
192578 -165005
-359932 482021
-350323 -325048
164094 -11785
292693 441972
-263286 750037
-142022 220029
67036 661191
280693 -291367
263818 -1031668
483592 156071
-703212 222490
-183068 617786
-1181994 -599841
352757 153980
483004 244008
45399 -423429
669135 -140198
969778 -942532
-230886 698534
-181725 -169572
-480424 335889
77420 377880
432697 721878
-18291 809202
342942 327540
-186258 544252
147417 -558152
-312646 -523541
-432865 -462874
481072 -587038
29340 -361620
-811312 368828
-127258 -264234
-986407 -376175
59556 -304594
241528 -98216
320036 1018097
-171789 -1282846
-9778 -113348
-349059 -604910
-9769 -20522
-729872 823525
788478 -247444
-406895 261394
-703945 -158039
-385016 -473940
-848671 -370258
-542917 -324824
-300275 -50647
108902 -234527
337303 329178
125436 -71870
-1046240 73342
221818 39486
955554 -145796
-121826 -704985
-326153 417471
383517 8422
-961572 -399043
-171080 -124693
-405715 1088993
-36367 485147
538034 128758
-486650 1145801
-278425 -330523
510670 -623535
-39633 -591500
134297 -384658
32232 767336
313093 -244579
-284050 355684
-1237207 736007
-834562 454640
-112319 461388
696297 410037
366174 -113112
286550 275276
-170078 410195
-47634 -982711
-903762 189191
700662 -363684
991247 345369
5821 -342000
155110 241698
795349 -74218
-974800 -309532
-19853 -422198
-511331 200086
433752 7432
476248 -112987
-624819 278474
-713418 -577901
416534 280307
767231 621893
-319428 1123187
-237177 197394
1038421 -386722
-684147 1119336
-719766 -327559
-441341 842941
-505969 -393601
424101 384705
346283 307243
-19374 124908
948307 -932869
437578 76867
-270386 902777
569460 -167190
-189222 -64746
576531 371694
-902934 -1190181
-989625 958772
1024142 885284
-9225 256814
-396140 -902988
-96473 518882
-442152 -46265
-456443 622796
911255 230444
-608939 1254120
-670582 -204120
98199 134919
847236 381218
-76834 -59965
-152926 1360878
-9872 -203273
-745386 545030
-406745 -575467
1130542 1050232
173901 138687
701386 -215711
316686 -745648
195821 578255
467347 211528
-658189 -297030
-715483 -395348
1005799 127023
262239 170305
5871 238374
-100729 -198492
255404 -156579
786902 -68918
67347 813993
55705 636341
-538224 1236057
569281 -8309
-765520 -465727
304769 -413092
-366926 596431
-383756 -41569
-1135236 -899667
103351 77739
975372 -182922
-246347 -141181
689946 -803532
250209 123507
491036 69433
-656064 10788
53577 -237586
-54626 -4879
-1029731 1113604
-885323 -69119
550522 284291
-851137 -7921
487256 -576758
465250 124184
28539 -1046308
920540 -405714
792349 -471472
119767 704351
80916 276051
-1192187 580560
866177 -733415
-267181 366045
-177067 56048
30800 45209
-668637 -230596
-479737 -169224
-115890 -1101773
-780456 29375
420851 -23359
690471 538014
67232 200315
162627 -453756
250345 916007
838056 -732927
-95674 -1098134
164402 728508
-569724 -839285
415184 -716389
-411983 -735578
-23531 439743
312829 367112
-241865 998563
-438628 279778
-283686 215378
-511171 51658
30148 -519013
454804 492348
-539271 -251473
966390 -217410
429919 -213540
-1397603 260816
-189213 470952
-558871 857726
777125 -249959
-163645 -709842
286350 -604831
-223800 -594614
600301 209579
-12413 -386097
-151442 493508
488121 659412
74455 -71947
-433987 -82190
-460541 -368702
-435985 253708
34269 -300368
822632 -257768
249680 94085
-260874 -164198
-145468 18912
-414336 283645
-1124352 122573
-1191765 104383
-465109 -822750
152380 1244429
164802 575486
-103449 1081623
135960 78447
821701 521186
-384769 -129959
-626704 -389285
-649172 314619
182946 -149540
298083 -209922
-640166 -26920
828397 -106953
-391999 -164889
-718535 439436
532689 749739
-505554 207363
-346947 511103
-472908 589283
-180863 -38778
-364035 215317
-682527 -838416
514499 -58521
31833 -320476
-1030195 345199
-555199 11849
236920 263051
-359775 -819350
-686961 -162944
4360 1108588
-161442 673126
407686 -618545
-1094182 668406
1117791 -223801
-902603 -97566
-619854 61819
160791 325623
198780 649006
-83784 -649405
-79150 -1299857
-347416 80755
-304355 -348432
-124923 -248466
-458734 -614753
687534 -431621
-42825 -402204
434387 389321
-377713 -50794
349105 565713
65102 -456942
-895185 -488762
754526 426572
500844 -336821
14612 176820
-431327 344460
165759 482061
5855 552732
541637 -69085
634903 450775
52245 -474556
-1340443 -526872
630 -18919
476835 117523
868693 736712
32622 683657
94281 72510
-183816 -150787
-1641381 -274073
811718 115199
625503 252809
-803213 -314585
30679 165184
5819 -418812
1092367 1344587
544312 -11815
-341115 -622453
-741963 -383721
275536 159208
-315334 -260459
-1264619 -131312
-150060 -157907
-543621 1231912
351029 576814
-1920 -594222
-109740 -1336124
-50354 380121
-468245 -767904
268305 -97434
551360 -824012
150159 134813
-891946 50664
173387 -158316
-1465017 97268
-1103107 98464
-526131 -342848
440399 817609
638702 336931
597233 1092914
-115977 -755666
369282 -703068
242119 -249949
-367440 -257125
-42723 -332307
421133 227908
-1088986 -26365
-496802 453378
-747787 570771
156535 5251
512962 742311
-568521 -221037
-1085143 -148943
383092 218415
115748 699190
312020 34647
-64737 81818
-570766 546353
-661360 -772398
-437822 -778291
-79118 472781
204298 -3836
118624 -291062
534370 -384173
-316119 44388
-816365 -278966
-64400 -222074
-189347 377489
-242795 1418119
33346 136280
251522 -771948
470595 -317128
-155700 592840
-427199 -470317
682270 140683
468345 60539
406257 167698
-655231 222141
-316167 -1285615
327888 -57227
-42047 -89578
-49743 585081
-535766 815247
-30435 755997
-80792 -726471
-92445 203191
-794306 214274
-35601 -418166
-647045 119662
-286380 243023
191153 -57796
563025 475748
392614 685094
-326028 162879
371184 -140189
603397 247908
1647598 1521137
-342288 335128
-353706 429058
-210431 -281309
-11708 -49709
214007 238016
-31526 114633
-426260 32353
644449 -464461
312192 -609578
1419043 -307722
350807 467518
501274 731063
-279428 -781380
-540750 186765
-13654 -484061
980484 -139842
-569424 632362
712795 135360
74778 -452361
-285240 -730852
-1206568 522686
61887 365045
-137905 -259771
17574 -10662
730271 -100444
-1035424 -122334
-110769 -797876
208027 -512763
790989 18780
337634 103726
-642971 -589178
-613101 -243838
547 56422
822719 -333271
-18792 -127870
111823 -46153
-983567 -364766
-390969 -463577
-886498 -542242
906522 -457105
100219 -229218
-66444 85552
253271 -475639
35512 -49265
138037 338294
-349163 -16979
-75337 -48420
-452789 218274
984734 157548
-751098 71433
-139390 -70574
262618 626378
200280 138028
839584 -264743
-660575 200344
-299191 -478193
294519 169275
-391463 -375087
-850486 325515
-745020 370623
-611400 -185367
715390 8994
-316786 -625099
245517 1022766
120171 26932
401604 753870
-58014 -977801
287985 -319758
-566272 593219
312090 -312009
-20385 -301781
468365 -936061
55736 224681
268062 -190834
-386112 34819
144835 335289
-88616 198083
-784636 333405
-223405 -101903
852004 -73057
123172 505746
-416625 226496
123091 746111
645737 560226
-687697 -72430
275889 441488
-426182 -226781
-915257 -48509
158625 106978
256016 158277
186078 -31977
266468 -22958
-816627 108036
513456 -552093
1338412 -1166629
-160519 -493246
-210026 -142976
544589 -146837
608846 -511323
-714815 60258
-322158 -188583
-278079 -773365
553368 68816
-218117 -792572
-12204 144859
33525 472590
-656981 -519123
-35672 7342
-949696 235109
1302835 846584
942837 109202
709519 28959
-89687 15415
1691177 -921368
260607 -559804
-250530 -105573
19503 127704
150499 367513
225410 -398385
-494400 -856792
223189 764262
274489 -403192
-1052527 1104285
615045 -142314
-342695 -68618
-371371 278552
246489 334835
-53397 -172493
938031 294096
598214 813935
316209 7352
-522479 654729
-1533763 123438
-9404 201173
101690 -783556
-365126 -145288
-524632 440641
370157 -21439
-95376 -756779
60736 -268949
-139064 780672
-184355 1188846
-187273 225134
865104 -336829
-506006 131191
414024 -489376
-28571 720180
-4191 833039
-638076 -443505
-174061 952252
174774 -264780
-669619 416097
-222483 216830
718337 -379379
40598 267076
-1487721 -658829
-1100124 390549
-117493 -732015
98316 -199357
-1002726 368531
517229 338818
-256580 -983784
953905 -367737
-1020975 -615679
-430949 118935
665742 -167748
8383 -906643
259887 -589376
-733721 383197
-729233 427342
673349 -97855
501492 -65284
226316 -334589
-342494 101111
-498178 883313
-444062 385403
174977 -315836
-268059 615967
-95282 -349296
609673 533767
751015 -193076
-28977 659263
-308208 -189619
551727 847590
93757 84797
1075630 97390
138480 -139254
269587 -80676
128009 -395071
-410180 -472552
556202 680019
-150960 188063
61810 -606726
-241010 -102239
-429211 -162208
172337 -52067
230721 14539
-423173 -9814
1243042 -371123
1020270 -710509
901244 192102
-212308 -155476
-504896 268942
-832066 -192519
288845 326218
189720 421059
697692 620287
-740922 33827
-273479 795244
501513 -231469
-296660 -516925
21864 -235987
1218093 397973
-243324 347042
-251007 732062
-126511 -244501
428818 728240
299631 -836193
275243 210423
-290944 -816009
653172 653744
-143922 -40640
98449 -422969
-22656 7414
672322 -12229
-127411 -532936
859410 368214
375552 366974
-483233 75336
-877379 209916
600296 -828768
-122708 455204
307420 198033
-1275444 377635
-113470 -311892
-26832 540673
196462 58776
-144380 -83387
201545 275594
140407 114038
245832 -509340
-163559 1032410
181984 108617
141341 259778
-575589 -346814
-224476 -124144
-326917 525373
-273717 382452
195380 659593
-255026 436977
-791869 -38438
-235267 -508206
712388 -839116
-1219909 371420
233374 967814
-64340 1409892
298113 -240854
-594153 254480
-106807 -209662
-292926 -148809
-859630 -413777
-359487 -434523
529449 529314
533781 775521
-858679 -251696
167086 622086
107235 139245
-178593 -223223
200074 8953
370236 511910
-9876 190828
-307534 -389745
585403 128111
-1059629 476971
61059 509098
-64249 -466099
169142 519703
-862460 354690
-792317 -136019
-1024759 -302212
-175742 -3511
-334189 393222
-681159 93098
1139918 834518
47538 744890
722177 556650
232114 -50803
661151 301692
-994001 -676505
-272200 -300071
-893736 -219409
191862 951264
159737 -58438
-734573 -1376686
378169 514032
122537 208505
162447 -1098436
-783311 -320978
175054 368469
-49748 -136579
-633133 203619
-568417 -44727
-283432 454594
771390 52603
-566561 -228995
-645220 44724
396701 355068
-389413 675608
70254 517012
-817531 22559
39153 -209624
-260152 -449906
-5376 -182970
686774 -66483
-501674 601927
-1412645 -308686
-463420 -322484
711059 519341
291565 -203404
-79622 -666854
-60495 -455950
222894 11088
-277500 -801300
-216670 -666438
113904 202393
-266199 170843
-599237 -624978
257364 -252805
-183409 -91468
593478 -928595
-60232 477360
-283512 -50552
-100864 351068
-352989 252689
-680874 -9702
-34627 380309
463283 740951
321373 314978
-751877 -401925
42562 148240
554564 118849
757248 7378
-852428 500625
-1246825 -61579
-203297 172618
265030 57890
-718560 -545875
686283 -1548576
-237707 136173
977707 -249013
-39629 -583563
194752 89677
195495 -94911
-95193 74026
743172 -455071
-576808 898275
199993 237453
396428 971861
-221574 -369034
-157203 -354468
234823 701230
273460 -200424
-427964 -391145
156595 444990
-193101 -6211
392610 502094
700883 -535139
-378005 409272
-511694 42262
-870439 -581594
-377452 -224107
339979 276374
34526 -417858
1101043 1277566
-1147772 -90604
-307093 -432377
287692 379706
-526105 157994
755097 -409627
313544 -407749
-9517 -831974
341219 -110726
-768014 332477
-986357 -473074
-28997 -809448
111999 161045
247821 532214
174111 -203029
-394603 -1790
312229 104191
92681 -65843
-316923 251932
219722 -280720
266579 84598
-21956 -393485
292168 -351509
-523234 -124992
-1115194 -359145
-565699 979635
660072 -64576
-147317 279791
-52512 -775650
-393463 932726
192146 -25646
866991 -410856
-275939 868825
-492549 106340
-329071 -3882
1403326 -331545
374632 -727043
-674208 -238586
997731 -112247
-545271 -799003
154827 31817
-413750 562807
36238 -373235
-38965 370161
-83234 -980148
-422675 254799
-206652 -172245
-143888 639256
-421169 -221108
-136297 383130
-169379 -650096
305665 847768
1066171 395703
270765 106597
-1019506 64383
-634055 264111
-464600 -126278
620177 -130576
-65457 -78605
-661133 404302
150117 883336
-738830 -194344
-121534 -14755
323286 109423
363471 71401
-1195771 224969
401140 864550
1039904 112637
-25729 -1145835
-331150 -631252
-194541 -618268
705620 154922
328619 603363
118992 1109806
-221458 203316
-810718 94640
-688630 46714
-151032 357260
624595 -627659
-382869 117918
504282 -281328
-87020 47600
-885162 -385981
361150 -410613
104896 1150811
-576392 -289087
542827 -332693
-199912 -385339
-620684 798822
-835315 1148335
1474 509245
110058 -236530
450851 -553994
-879574 541185
580117 827066
678244 -183098
1835152 -487544
89225 537624
653779 -385939
989318 -263572
968964 134711
-410858 672676
435125 -121388
-21540 284972
120370 1045390
-558763 18029
-499645 232205
-1031837 139815
-323013 88990
-179308 462776
839461 1087306
-380728 -293189
-736803 -307533
-321434 109094
323838 -971475
669138 431206
248088 -568900
177765 210378
-595580 443562
123801 563085
-262963 -52396
-13476 -322033
-509927 208314
169282 -1243044
25161 -676794
182529 707853
-356919 84659
-18127 19122
-1146186 289737
-465553 678706
-836933 -515246
-624537 249816
-233096 -389155
-124949 -148168
502040 -652841
50966 -102892
84532 375210
165060 -1579103
1547245 221835
160934 -199210
212822 186365
-370915 -1017667
-670627 -26470
394772 -344211
-469229 718811
-1089928 38581
-367344 -709675
-190990 114375
-409585 -1010767
362294 120301
-560664 -664096
-269124 -330505
683171 -246907
-347500 -81000
-804468 -274852
699758 15563
-391092 76044
87877 275006
208030 -155530
-201398 -80018
-173178 704354
186421 -1136508
792797 -524234
176292 601241
-330680 -570584
1256877 -206429
-310443 195987
790081 1695843
312034 160423
47967 -154423
582153 -549903
-195795 156526
-291382 -404626
1080829 -525153
146379 159128
-204049 -387342
229198 559101
260602 -63908
64792 -44649
347871 238698
474116 744813
530460 -1087376
-327450 241069
45300 824232
201467 -469548
-326008 -293331
-148703 167271
260101 1383976
498559 -54105
-312202 -206814
-48452 158186
158560 175480
566792 1382975
-490243 -1023270
182714 -252152
-413043 -498673
538112 -17623
-876270 352581
-337465 467771
-536813 366412
-425497 354197
858717 341858
196565 216198
469474 -174351
-232695 -30422
93077 -572475
35855 348545
-958043 936809
-49762 -522873
30310 -243030
-616853 -223838
753942 -670953
104450 -382691
-143601 326972
-50821 673864
254248 -306559
-41676 -974425
-318890 -199331
-915685 418017
-331612 59074
804619 -419696
300785 -575400
-462386 -1075790
556958 -91741
-709559 232644
-597106 235486
-244392 -412635
-42828 -672823
1062321 720011
365865 -359671
68647 469624
240255 77909
-1432462 -304566
-1613030 -992586
710839 -70229
3914 -635059
442131 807344
-15673 551233
-93049 -391212
509368 287982
-748334 -630093
100536 -197237
133704 674024
-9015 -106305
-642550 250445
-643217 -903966
139097 -15567
-2319 208357
-51090 -670663
2209 -157473
-217089 112845
-99364 487543
35934 -371099
73570 458756
-1399825 136001
55884 193109
123052 -860790
469657 152394
-566672 -346023
-448901 217851
183052 29216
472723 40950
-223007 17170
-456967 228853
-52591 606699
18282 -210895
-557597 91394
227590 -2244
-281286 -772022
-482434 437235
-515328 -22168
-384229 839139
-704279 -81211
1065605 -416095
-205908 -154544
1034385 -572695
-925703 -232331
323004 637210
120022 454580
45173 -622557
-308203 89973
-187918 685321
697987 519185
498383 1125560
-56484 -99910
28453 -463166
-27728 -543190
849855 -776812
-1573 35756
-286167 -452712
-36774 -667899
-1568314 188269
57244 90230
209447 -426943
-189211 -94462
407785 300206
-1038195 632124
-125586 73840
385649 -664662
900806 -716072
-683559 205300
87153 423240
1104750 -339666
-290196 -91815
858178 773087
-352881 264492
-714395 -49982
1330597 486028
538505 202862
-616435 -1062434
413043 -748884
-454355 262897
227376 126652
527527 -117358
278877 -460044
1056208 453407
-191276 -221609
57665 -648928
5160 266037
-695206 831069
292091 271900
-414358 -37920
-388788 -362805
-351669 591470
420149 -987301
1031594 -1209948
-303022 71798
-577160 -341923
865996 590064
-145764 -102745
159348 -196793
-237803 -40979
155706 -217887
-717595 205333
869239 451109
-535327 844741
451172 823410
188750 226147
-303862 79839
-370629 1188547
227787 -29966
-1190411 189419
-205610 -119158
-1173744 -505372
-386990 -515202
111951 268563
133703 -267650
-488010 -134132
261433 -656280
-119610 -685942
295706 278645
230222 -656663
-933286 -353874
357694 321842
272271 -344557
-189809 -763122
-86298 14366
-219637 -710826
-162235 137071
-121987 421294
282019 493399
-239824 -99214
-945587 592008
560213 -118783
-87041 -260896
366485 463596
298718 -223527
-242098 -894436
-127314 -1010771
-1005968 -157032
330339 49602
851528 400559
1002077 487959
-1026294 -12267
-252915 214738
457162 342341
187398 619509
-148728 489269
-150147 413007
638035 -288651
-78221 158970
105050 -218951
1279299 3903
-42533 -144927
817839 -216528
82588 -114515
-454317 -169315
876386 -203499
-60743 22714
86817 -236633
-167811 -75182
121138 130316
-588872 -155090
538644 -1222507
-745300 943758
472560 -108991
-318329 -244167
836352 153625
-560974 -621526
679746 -101149
-18064 -221420
-258311 -431088
937370 239597
-340295 69015
-116657 807661
229713 -300012
-134063 174733
-477052 356827
189179 -314626
425572 -113272
-318870 -241807
-166805 -105293
160514 -54447
-539131 279111
-411949 189342
287011 -108883
-11467 347852
13197 5126
707124 219211
518139 -348812
-771344 1112777
-424515 235520
84367 -1167873
134355 419740
786803 -79631
271450 -391641
-1111277 -784419
-872052 876404
-46426 -673366
-742030 -1064721
-120056 -293539
315849 -621343
-774799 -321919
-632299 257583
975600 286567
-237894 109143
628012 -227627
641563 -70400
388003 -615290
-638822 600699
138339 488601
-800510 273328
40539 375513
-533457 -729394
-140301 228660
-195208 152791
292725 -334678
830631 188334
-303267 374197
-440852 -900053
358389 91517
-307767 69758
-876698 608281
495446 446576
-41533 -789687
332538 520576
-415554 378273
75627 -170968
-141812 265055
-674304 457938
1085468 13747
-915525 -375217
-99378 555139
526935 558533
1070469 -979859
-263943 281064
149022 329808
-677103 -93158
622181 698462
-161800 190947
191587 -534960
-843268 43317
-816769 -333126
-403756 -1141556
502948 564661
-933139 895124
302024 -919011
-624067 516583
328872 -605146
18378 -65618
-100567 -55668
-76557 198277
482506 -618397
-854 -957734
-723974 -20861
-615578 724064
109250 -1028429
-258938 -176220
373753 518773
3208 -958676
20207 -492816
47233 -495158
100213 1368699
175046 724695
-248460 -258666
-49127 8677
-149415 -397935
14567 185738
-417609 338813
370984 -45199
160241 170552
6907 776505
78264 410669
1753226 71359
328524 13055
227988 325803
-1106772 -306843
-228842 -247902
242090 140852
-197392 -43477
659755 -719028
-95717 216981
216204 -565981
1564671 78853
696219 467418
374388 371295
127302 120604
574494 90966
-358007 -191253
300091 70249
322938 142269
40968 393179
-898988 648959
-304137 -766031
561407 -246306
544067 412333
-338181 -270812
66335 -66793
128146 -238641
408603 631745
-407005 -274131
322243 -900918
-303797 1067053
-399375 -1273560
-712903 664076
149553 332057
-898595 302616
200688 220536
902646 -157822
110936 -409705
13000 -1251506
563029 314480
-118004 -28737
-211603 153135
500117 62985
388513 -785304
-75997 -776571
-356252 321348
296293 -418793
-370616 26907
-318821 -783082
284774 -720602
-517975 -880396
72821 -869545
-39934 406
1205068 -107447
-234525 305041
347806 483292
647344 -333306
367237 918240
506717 92283
276534 -172914
44693 558799
-351479 -108589
320005 -338957
-54701 -10139
111733 -714669
-180566 -483558
327207 -668266
45152 -99204
593851 229647
36346 512876
1033875 -694490
1092493 333223
-64865 390842
-531517 177037
-427233 -109897
-544826 -1357462
-445106 -690283
-559151 -389812
-185323 66072
339256 245102
547559 89450
647227 118460
-875147 -1198661
276933 567426
-523646 -197583
-388084 435318
350067 -697271
283566 174822
-322182 677518
177259 484198
-575238 -977566
-353976 850715
658359 697560
-95038 968519
-54362 -271928
-489234 -1099928
447045 603258
-508783 -627605
-8298 -447673
-50070 944696
-609890 265651
500564 40921
607600 704697
211154 1006399
-1213368 -659442
-1229675 630585
-36423 -767385
118368 -562052
547452 -442472
-584787 -559095
63053 -148340
-565964 1050516
383190 -98731
224051 609512
137354 -10828
346527 -481904
95328 558593
-359040 676277
851145 -165420
276287 -532788
-701366 -187832
508155 1328817
-408470 90405
399627 -948979
-564576 -1109919
-205306 240367
266546 -237432
59401 547258
-792564 1045180
-198864 -335900
67025 220634
-295453 679255
744812 -827060
382695 -150426
-598946 610265
-278977 18388
30870 -679666
-4057 841439
1045355 606093
-233531 364923
255597 519275
-274444 -317300
97591 -617169
-2973 531820
-426774 82614
277751 334634
-234436 -955418
-169251 224101
-397562 214431
535633 1401076
570277 319825
-233820 626326
-953316 -329110
193817 -41005
-479069 1138387
240440 -275842
626119 -327138
-179981 662121
1249789 420469
-901390 646272
1563115 76496
241664 736178
-249292 -128646
-269037 363452
-259431 139333
-40452 699190
-622258 637032
-1958249 -469195
205708 -390270
723800 90211
143994 -424362
222769 303701
130402 2559
-232595 -83688
-1136983 431283
-136737 247345
144596 -290553
-531572 -157971
-491581 -553326
-809945 802227
106638 305447
319460 -519344
400724 646156
-444135 1140537
-895594 448256
615062 641173
866202 107023
-213307 -119137
-110809 -426870
362941 -355119
1226678 140011
48218 -413536
-71302 104536
-304309 914890
69334 -425133
-77415 -63396
147840 -1174917
656026 -243366
339186 137500
-198639 287234
-393294 -974676
79565 367417
422471 123912
348583 -1229439
-321654 169723
762601 184570
-592771 157104
-592084 796837
198655 -90102
-153313 210541
468335 -1349518
688544 -19142
95215 607656
-93272 470877
-212717 122888
527194 -152782
292506 707465
-329188 -134117
1058845 136201
-284279 -74506
510556 306314
-679774 -722361
-314223 -488962
-224312 -543310
69639 182134
-200707 668183
318080 809713
-57467 -871632
-77633 123117
-164432 -377664
588054 -386494
198834 349753
623381 502011
398091 48987
-187803 -416508
-215009 -623108
-733091 116638
905123 236739
-18329 697205
1165393 -486299
-62959 266839
261888 772825
-796232 -717815
-1080861 -335508
429301 217839
554350 -365878
-9869 61761
-308827 636709
-623035 -431666
76649 391833
-329858 -557918
-482048 1207717
792383 -267600
49101 -367205
41242 216100
-460924 533106
-244466 -28017
-29647 -2656
199280 221251
84467 961790
309801 -665658
417086 86879
-198992 -664761
176345 180444
442558 -207569
-494090 -229837
-373025 -718041
-241254 145428
-125093 656058
291485 1151430
-153918 -182129
564075 -324367
-1520866 -139261
-1344126 711354
-1512329 687771
158731 397625
176551 364941
-487198 -770326
-282146 776288
258574 -1147403
-745751 897199
682497 814827
-61807 210978
494751 221795
45404 -618586
-160046 -499305
-546030 -176690
-553855 -1073329
-216500 269266
-168004 -151084
870297 368976
-81396 -307187
-286678 -480343
-61048 -307116
-98551 -51316
282718 -939981
931729 427784
-334994 124960
-16927 143628
483139 181189
762837 -368841
-261350 -675262
880071 -548340
-315153 190181
185986 -308785
26518 -377063
-141023 916563
-101178 -671085
-991088 -41510
-52518 656071
407537 328075
-659750 -497433
-249128 -216215
777429 541146
-466381 -51697
282462 65435
158754 -14146
1099614 122707
280102 521766
145468 -160884
713945 -298803
90772 455643
185107 1011093
187337 761237
275368 -381211
-581206 -964560
356319 77408
966184 -291673
-70320 659048
716756 -716566
-230014 257599
-562417 196263
335030 89085
-235641 429811
326259 -55133
89660 -191978
-658334 281943
-87604 1123964
733609 -209640
-45994 -583137
443399 547136
52388 705815
-396859 609457
-323130 -629955
-169499 458369
-514559 62462
357283 -622910
108942 268800
-291129 -238257
-505760 148864
157973 644821
849496 -253580
-131238 763538
374007 -25488
450537 -785780
-30043 -166178
-251916 1025844
-406205 -464897
-156392 -5778
-400816 -280395
-737193 -502949
453809 -173255
-433952 780750
-623195 989280
-241938 199910
-893415 -366344
51868 -617236
793508 394303
-535813 659988
-172534 -407569
10971 801062
-263559 -738216
-895669 -586890
746074 -50608
192900 148750
-506528 -386205
-212050 452228
3366 297648
367216 332431
-3765 -358823
-623888 -961981
157649 -293699
-440433 687855
-1244779 -121809
351398 506877
550061 204354
-204316 -134707
806963 -185486
-211470 148272
-428301 364836
60206 454727
852332 -255540
-534725 -643241
3209 -1010586
622680 -680135
654627 -164965
-782202 -19918
149726 -35755
-310139 -332585
-17257 573572
-779184 -663150
195878 303118
284899 423879
275550 -1162907
-75644 38658
-161441 -265513
-434766 -1075459
684707 351943
-629575 -316454
475924 -348201
432214 248296
160540 -530159
-514360 -701712
-693318 -498287
425959 41281
-587288 554094
-642356 -121595
561377 -890977
-186116 -77577
105309 -484281
-218407 -146063
278333 243427
-287960 309165
145822 107702
658360 422470
1238891 174943
1651541 764723
778610 378028
513999 607312
-68466 331540
-669391 235233
474250 -813958
1064169 -319880
231707 -235493
-245714 82046
611657 -185859
486253 -377111
-201008 -87001
608412 -812006
1344623 -490765
719089 -163718
98246 -506099
-425958 -340134
497078 350494
997438 -443169
129403 -462184
348379 -449530
-718816 731971
-346141 100266
387075 -241823
-208689 149611
-166705 -155198
-380306 328601
-229447 -282558
799223 1127493
274632 471080
-46532 -166450
-322934 62788
-146657 528529
-499519 -146925
1058784 -275256
-298487 -709738
289847 -1112646
242106 -284920
-207395 672600
-31126 -364391
311034 -640576
246353 -1158879
-313307 921526
-215890 -262305
-401779 521779
-15803 -57521
-549130 13969
-34550 -408960
-410266 -1089660
-484195 487637
-476933 632364
94301 363636
263570 -244537
-676078 -50459
-285360 -250978
27723 -75522
394111 -189011
1115752 575116
877353 -103045
-299277 -1024231
905039 -271588
215812 1260306
-862351 205724
277873 -28336
-250464 423295
461969 127512
-79332 412107
438554 -284267
145931 -458153
486112 -498934
651955 -673614
205800 -468055
-436721 -292668
-325324 -595593
202097 141634
120738 -477654
1189797 -662862
-216156 -446376
-244943 368356
590238 501562
-588960 874880
-240128 246896
-977755 -299486
-730329 -1124262
-877196 -103719
56447 153849
-405428 444468
-66005 646109
646705 538319
105569 -9621
611355 -168569
391551 -886384
972071 -107358
-656385 -128954
-114345 319676
161125 -254608
-229795 607682
233022 -777641
357604 489268
-149642 390499
24775 647775
-74309 -811171
-903579 364630
551857 353468
-244642 -321034
-307395 413842
-578062 -816919
1414281 372510
631384 183969
-136345 175687
56635 -353895
-125916 -100001
298897 -231053
-659870 511051
587804 803722
164875 -115044
521088 467350
214631 641008
-44523 171918
-129598 -111903
6483 -815823
148087 374848
-729232 -115577
-360641 -172792
428882 -508204
-77518 109672
-307612 -638182
-94434 739282
537807 -521133
-116552 508030
-508244 577789
333551 -38220
-118470 114248
-647065 -53768
-1036153 -188960
187196 181518
-208799 101872
199752 -332211
-330338 34922
117234 -434390
149667 432859
969064 -322572
-116916 -632287
-295746 -202984
1324432 -783955
465821 -24902
224434 -409429
181890 -170459
191425 1438514
-655392 12651
26131 450771
-184554 453436
121043 -354781
-793301 962774
-543504 1204359
-387924 -584671
-50572 -699021
119410 -663624
385962 288637
-187519 -137463
-774666 -814749
-284151 -514846
132284 569327
17535 881957
297188 220095
335472 605867
-308916 -163214
-453480 342895
833834 86935
374063 96800
1185895 -1008500
-554051 -371393
372432 49885
6481 -499008
-475953 -288155
596346 -234424
19228 -200586
74544 -1170401
952369 54349
-358107 184181
363871 397679
-855188 -581621
-98028 -195501
420076 -942685
1300193 -25706
-930348 -118698
-194599 834378
727737 215361
194072 389470
-160366 395902
-697995 468548
-617838 13341
263179 651896
-291638 639903
-417349 -28976
-779648 98371
-233828 -607508
-111147 -81879
15615 396740
204435 220584
439800 -165948
-114271 -480651
798156 754293
-644431 361542
578124 825360
397965 217254
37459 814914
283429 86706
-188651 -63716
-18657 775486
180371 -592875
-405199 376262
-240966 -290183
34283 -649095
-258627 9693
636517 -520511
602542 -177643
-474903 595924
-842055 -138203
-613730 577673
-171443 -1249413
-176117 452501
-563183 -451596
20708 -922104
10270 126200
810503 30906
-82926 796997
-921043 2172
-359287 542459
60882 -535453
-55388 423558
-691214 709456
-176880 204096
-1649831 -1475115
183805 -285601
1415818 1766858
-345018 -355566
-682521 172294
-609037 238174
-240202 370866
236092 -41503
-399917 -17389
32658 -142635
5030 217865
303416 297465
215975 284044
-530551 584827
-427801 -250533
451160 -740460
407195 -629404
563890 227574
1249445 1196482
1095423 224079
-930379 -51335
268212 62041
364109 -551144
-695828 -699569
-156040 -47703
7974 -280763
-424770 151030
-240133 530670
617189 -224823
-312252 1031264
899701 623608
174407 -16741
229989 882476
-746637 -31350
-732576 -640339
309532 107284
294504 557042
-90857 -371682
-98441 166563
-44062 328282
-324427 -393284
-300965 -636023
469401 46944
-226066 105572
1234182 54155
341516 996209
-889040 -525906
-440700 16281
266206 13079
444662 774436
-821724 282291
-378554 -646145
-743689 -817917
817752 29503
-839497 262335
-177985 602339
254408 464744
-194682 931492
78398 -938659
-554924 56565
881296 -91596
286215 -143261
356917 214257
-249005 -51415
-327329 598852
-160652 -187681
938374 171138
-172760 191696
36677 -1041664
-358921 387453
679102 -25831
1822721 536529
-724642 236569
-498127 361184
53984 342676
628090 36426
468493 666594
-274675 -410423
-847092 538783
329949 -509031
-70747 181990
345053 -221146
-681740 -436172
-319319 137690
-294673 -1291986
583493 257166
355691 668470
143460 680093
-282995 562197
-32090 -327022
-124074 297658
881356 -386094
-710742 -7552
225583 -8432
-660137 -746413
334972 678827
-122301 415450
554559 -518687
-159649 513340
-805572 -75798
37154 7397
-81252 -47194
605660 -586101
271746 110638
-970489 -252450
607544 417031
14881 -607707
900486 -345184
-379095 230285
285225 552515
17888 882100
218180 558091
1021814 162623
32102 -691733
794963 264427
-175080 -36115
-114206 431546
445036 -89208
286932 -101061
-267408 150983
986047 -97530
-24745 -321900
140110 -1311884
-202148 177745
443242 570111
397925 -737828
1035549 274802
258672 341828
144989 671279
-730116 -261049
381246 -366339
-721877 424655
-64554 -46269
-966686 509326
576754 -207693
-758529 -278712
-625733 -918145
285486 -95138
447863 -414473
-396763 -966940
606336 -159578
670896 559864
51875 -275584
-288595 -1436570
-80028 -221321
477321 54228
437890 254960
927874 341982
-693856 -276954
474522 -270407
463183 -181110
-614885 -264829
-79362 -203782
-966612 18126
-202637 -249248
254286 -180672
153997 -688870
291636 -270571
128923 63532
-299734 -485231
-656125 -780109
-310369 -209209
-129143 -115889
433872 349767
-551761 45695
-336851 584542
-305280 243644
1319142 1444668
-928507 630946
-884320 676148
-309948 -588981
-270569 -72759
-458204 361796
-153269 -220833
-163889 -710512
-369403 622911
227606 -206109
124241 192819
-262581 -890850
-37915 -753169
134982 -116755
207916 489946
731395 -279246
-344737 -170048
-31626 -91928
152699 125564
35839 298679
499326 414366
-167734 176452
-131871 -52562
574603 336259
389371 636681
-764735 -489171
336913 790293
86078 534734
-117593 -123412
-949770 462827
182182 294117
748605 -76330
320203 859595
-335183 229257
298355 339769
-32573 -699450
72685 -342299
154855 647955
263196 -954959
332053 -1376901
-546311 -335038
283525 357631
533423 1192910
892166 -660473
-444976 -185280
115145 618105
1374302 256951
135223 -952713
-790075 -77847
-108245 121389
-760937 -708965
-55402 -163392
691045 -624033
83568 -65840
41284 -178510
19010 -102717
-167493 524711
375212 -1097718
360542 107830
644780 308538
545889 788280
373561 -432922
-1185014 -26385
-268534 -202386
-317076 -165518
-420511 -886921
25586 -321625
-49828 -299233
-14090 180936
173013 39992
135238 -46513
-52697 9298
-116575 529870
94583 -1094898
-1016177 296524
437512 -242721
462300 -14882
329001 -721635
167169 776059
-822189 -613514
701805 171970
-938229 -471149
-351113 -644021
181369 -558957
-322697 -77700
695480 54636
-492446 165966
329029 -30474
-250748 837594
-138571 159928
972899 -64266
610051 558621
332852 -245946
817737 75128
-464901 -106139
305780 -144715
526303 -736293
-307732 -721784
-391342 -256212
-609075 -153721
866680 158995
409750 -67192
-1124343 -412905
-715186 1434696
-169682 536134
865893 35076
344073 -222467
-543528 -265746
185828 -65870
-796662 113526
371526 -609249
666842 659068
115893 366737
239691 829840
-484489 -410278
183892 339728
319920 -839101
138797 688020
313375 575131
283067 418015
-66220 347191
94471 274419
-35692 527592
832677 -333478
-37640 124818
-292444 679526
614899 -404103
-214197 133435
-563255 817588
20273 -333955
-574980 1083058
-334364 -209832
-250316 401112
-88208 -481107
91012 33602
270430 471464
140602 287395
941010 -422484
278552 -730282
-156791 391385
148114 665433
-733975 -1617641
-241702 420338
92200 182725
57645 829442
-1016640 1223353
357237 38463
-681451 446194
590514 -150897
-314139 523767
426048 1050916
454555 -204926
-59663 188555
-426795 -134127
-73740 -490955
-103448 57541
-1092600 607418
753877 -126560
584894 71906
-389123 514299
671525 498711
-900282 50357
-470753 1310926
303653 -206905
-671995 -845843
-279801 143456
225450 -358524
-171489 219689
285502 373788
1029870 -338899
569234 -725127
-405675 545467
1000413 -415474
269676 -333009
-549980 895352
299126 -738011
-25608 -586317
355758 869326
-93236 -323752
-282126 159318
566411 502195
513479 1202732
417517 -308491
-197527 632322
-109667 12078
-433214 266065
-65352 885075
-380469 -706597
555799 -269793
344533 -276063
-206018 414110
56595 162655
-379185 -349920
-300574 -231580
61970 -175969
33665 577576
271068 823009
-252892 35399
-1113409 -323893
-220364 -82715
-749836 174937
79148 -791514
784014 208371
222921 307501
-367600 -515172
748562 628345
-175628 -317778
901260 1004964
214883 114966
-624216 893074
290727 -340887
-468790 184375
-794479 -135064
292214 763971
704775 -1411178
162076 -132799
752012 -199228
-1114060 217767
541666 -838835
-322144 647573
571385 423899
457983 -51162
-37487 -159271
-111419 -121054
-95899 132159
-139358 278815
312607 -1055161
942153 204803
-1199940 -1075556
-1115748 13875
444859 -878459
162833 182548
284144 -162382
-881709 223383
302320 7649
-81283 -73373
-248116 261324
98065 501683
69886 -373195
1408675 423249
-307063 354770
407734 -858223
284741 181401
658322 -462752
-217459 -569186
488741 -625806
-699736 -65183
339549 -273547
-666039 -44659
-277461 -431477
369124 391177
-620256 -146704
400217 117410
302962 -589342
842891 757074
225638 -236818
-656721 -165873
-110222 -710945
199105 -360457
319857 -182963
290074 394695
-201131 578004
3931 -1156590
-527913 55052
-484987 116760
80888 379210
34765 -213022
923301 -201653
-163100 52132
-393377 -353835
-356982 464252
-721535 -264826
-352693 -29862
-471145 316009
-238585 -239737
-695339 -20991
26516 -543657
437193 736785
294005 -796825
-373504 -416488
410042 372240
-113294 -1270668
-6068 243015
-287156 321766
505605 -905632
-87966 372941
257165 122800
1863 422878
516253 -11646
-871341 -26336
-202024 -697519
392728 417807
-134530 -363741
643545 -609796
481110 894981
-1203865 86030
286265 241240
323005 -402199
-1111977 506233
-669832 -635467
-810217 463866
-1050104 660873
857985 -50283
257087 70061
-354624 -1180486
132905 575750
428855 38640
-603851 -213811
-251171 13378
-1274824 325802
288056 199354
-91460 465743
581908 -184189
158172 -542484
341659 -497280
-74870 342040
36533 -117018
-109985 -147767
-1108050 -469947
395440 728209
-455603 -111856
-768946 -328055
233695 305020
226193 -46633
503477 431141
-211125 -559883
-440599 -207039
60548 -245987
-394968 -253996
-916467 5764
-353426 787516
285557 -595519
105135 -233800
-471238 -110857
74414 -137498
367987 658176
-123172 456754
-317359 278826
-202801 -380468
694452 672013
-1351982 -742988
121399 90752
1197080 -79767
355624 310976
-285550 493502
81701 115784
1019584 -72453
152387 40852
435749 -440996
-472891 859775
-976866 -221958
-545871 428769
861256 547419
634175 522255
-223165 -405742
501145 -976855
-527134 -68427
353224 -1057383
-1010562 -36695
1054086 1049979
-764446 595480
88808 -457944
186081 1203353
-38935 212054
-587133 496224
245280 836290
436485 -152472
60964 290587
399351 -469152
-657989 -626506
-1338240 332528
-499656 -1093438
-211033 -98427
344074 -283266
-1064463 -933374
-258676 109956
246529 -398178
-486174 -36290
-600266 -680889
563783 13044
307169 492987
73645 110790
-794101 486783
-126398 42536
-119310 1311400
765647 186438
146150 826214
-191778 270162
-274567 329801
228075 196198
332282 364188
99319 -302763
99760 -556050
-759915 -105558
427297 230447
1744734 -413171
-672887 -335891
651000 -68276
-396076 -333621
-346598 -597328
-177118 634656
-577654 -991142
688427 782056
-159931 304887
-663242 -469561
853747 107409
170528 -186425
58287 -289562
1075 85667
69231 222525
-32357 6650
1007778 142071
883889 290224
687166 476731
463784 -9060
547040 153604
270340 -195998
-808607 750528
59433 270185
-376795 644261
-460944 467070
287160 -601529
-945215 -1073978
621666 223794
200065 967679
910667 -546159
912282 -164620
-514540 374850
60351 -207875
276183 -580782
-693003 -620751
178175 -527974
-20016 683128
591914 -1084726
376847 -474244
-376476 655037
-1030906 -456020
-745524 161172
168258 609561
126217 -229165
-295544 728890
287706 760215
-377723 349048
-563670 100273
578834 -62096
-265317 191554
175893 177204
-488217 -186116
-244312 -360301
-365296 35920
176316 -121564
-15926 974726
-424114 -434324
191173 -471777
593475 735895
246071 616652
-424407 -479799
-665608 252539
-63585 243611
-738601 854515
-454049 531307
-273240 -233480
419620 114116
368787 445968
-459398 -692753
-627156 -51464
-350356 -451270
-1107344 -1445543
-471393 -165910
167024 259355
-82753 339149
982100 888958
442856 -302440
141272 -483967
11598 193766
-238522 -392273
-549616 301783
-82909 -556535
240488 897567
276193 -273841
252833 282572
607998 -1185928
-840177 35451
672312 869510
-212674 518712
676742 548974
69879 207761
1055427 -382247
-191493 -1020801
351640 -392606
-115158 353837
87469 609011
-785759 -20830
343625 778712
-377414 326292
140512 -74948
398545 -231604
-366910 -505709
463721 -1129214
-15663 -68270
-807747 811998
1170290 60599
-418600 -355885
377444 679429
-599462 -475608
-618123 269498
147410 208943
1133726 932042
-329382 405150
855632 5371
-410253 -4801
106015 -132837
328520 -836447
-422675 -185333
-288552 609630
-382964 49116
-905721 -1242440
-470401 -306711
73307 -117963
3755 -223432
615354 -236991
-188972 -450284
389518 473276
-410244 368012
-241074 41844
788584 -169459
358072 60496
768124 -135400
335236 -731655
-154727 -567741
750441 -28863
-223161 994082
429961 185875
492449 213805
570858 -366937
77390 6728
28693 84423
16063 -169172
603876 162219
179294 243644
-302902 316317
-426575 -832072
-335679 307153
52455 -704608
271952 -210211
-116191 339979
-58969 45837
-133638 -368549
671724 582620
549822 -453108
107306 -138452
999688 -950434
455193 123508
-602584 -372206
31575 -556916
-1030641 -376220
-350296 -343720
-292925 113376
-431967 -125808
422084 -262880
539567 -216748
-521919 1148711
809684 122215
490469 84845
365579 -271638
249801 145948
685735 435468
-428244 795461
-12027 164683
543087 76952
-678295 13473
154228 127002
-562165 -206088
201426 792073
208245 254853
268335 -1352540
496705 -452758
358461 548319
-275232 140710
-118155 -884549
939376 515978
733677 219180
-150160 -581589
-195652 -6317
-136163 32988
-179542 -592219
865012 -267786
-277616 267531
912271 352170
-19502 -540302
377618 -1445279
20979 171520
-967531 -115734
201571 783266
595295 252007
-349814 423118
-203674 -589855
-379787 -234525
-55520 300798
-564560 -407112
-100837 531711
-948 -329695
-734946 -186919
722910 679339
899589 -697984
341156 488060
-504306 1939
-272737 -265322
809187 322943
696548 571811
76054 -433320
397103 -1151184
-138799 -1143300
-177823 370502
252873 -525438
-111047 -236368
-892425 -295006
397230 -80607
101059 -583102
-298936 -552448
192620 613311
-697981 796087
243646 600039
112069 633354
-617699 125413
-227059 17921
-415640 -550127
1233104 -333676
667800 296868
-134184 341013
60396 282749
-541429 -208366
1065622 264744
-209961 441072
189981 638881
424866 326213
767611 91823
242185 649220
-951548 -440016
127788 -353047
533961 -260237
198348 898328
-462277 1041372
-156608 -271969
-58488 462504
-231371 276643
-49353 932371
-295220 47268
5697 -191450
311320 1126088
716698 -173519
194842 -335277
-827493 841971
-245539 373615
112630 71433
-341328 853117
207040 -247675
-445771 1160475
368821 989602
381812 620333
229650 171011
-352818 -205637
99222 -228621
977025 -886504
546536 -874707
-228578 -193236
-368926 -384451
593407 102345
-2297 -863705
213859 713240
-508812 -270687
-191217 -151253
-161515 -349829
242446 459845
774295 -649617
-318090 367510
-184128 -106060
811727 562033
461324 193314
-131363 -849318
-253533 -41818
436677 1133152
-345670 492644
384711 -345797
156030 -548124
-96879 -83823
258274 -347810
-1384510 -40928
-668335 820178
1079175 683630
-181114 102437
48452 -1027566
-21826 -135017
-184980 1031550
-33310 173639
683589 -185628
134487 282329
29156 -157487
-1089746 688312
244761 293072
108482 -118117
-154356 -927585
-112835 786109
-181828 228561
691443 -709049
-489500 -996938
169398 -256601
-87488 263290
768400 -865312
863690 -529758
180504 -828029
539844 860584
-578609 -75835
644207 432890
327014 494296
441011 -132775
-179939 -164356
-416717 818938
-792616 1130538
-71031 -442888
716724 -105925
392258 696020
348484 -649773
1031761 -751021
173824 -18389
1709774 -852190
-965578 -60829
-241114 411126
-11996 -462933
936100 -640145
-844412 -790273
-300969 -259740
-618274 552046
291432 432260
293701 -803836
-302494 669934
-884655 -264880
551639 752162
54056 60955
-304024 436805
616878 101114
579766 -615949
-674841 -529139
684397 -89860
112497 -1304439
-567702 818521
58162 599122
-818494 -375746
-1291088 -3938
-368566 -778808
423752 -247371
169568 135500
-79878 608636
22185 -13462
405091 -355765
-115147 -322204
-173827 -901079
198541 -1070606
-745900 186586
44440 -680772
623683 39384
-675852 -36860
209861 57804
266379 344136
115256 -159239
-344600 -713833
714480 202956
63047 1007692
284561 701903
-159539 -277376
-914480 -600257
-334214 698968
-157393 -172660
-325883 -305248
-705617 408481
-165674 -136936
205356 242497
235853 200928
-359927 626097
-196008 834071
167648 -374605
530743 -638229
608730 43857
537261 -88234
-746345 -138557
-271025 -1351070
-450098 -178171
-540336 -150715
230800 131542
494104 -955288
216067 -453950
84633 92168
-214372 181287
-253009 36841
-70658 -136902
14286 -380784
-419520 858790
439514 397747
401416 141929
-8799 561924
768450 -617335
-721090 -938006
-305186 18812
187127 649236
-555406 8801
-269127 -248970
-658580 -225008
-36916 -783359
-407993 -467116
122825 -293650
788554 -143518
-1052962 473691
-885445 -644500
356300 207468
623060 518090
-224913 1306957
-823775 -1140615
458792 758465
187589 -124477
136216 -173062
-165629 -323523
-297627 -271754
536502 372100
-191079 181688
-91548 -474294
877747 497782
853108 -445343
-307191 -413911
-218986 216890
-497740 323574
-164060 95160
-531671 -1219800
-119495 42466
-141221 -19999
752739 -225967
-84533 -707236
-234841 277461
-260851 -558050
55902 1131704
1626352 -853433
74197 1173905
-695208 185406
119803 -232571
663686 157693
1324631 1227022
-310871 502995
814612 -477553
-478947 -413822
-607519 76578
-710320 641587
-596705 -251767
-177037 -414703
-436812 -1077486
-3023 -557866
466289 924325
209592 820102
-85344 521325
-512877 706935
817407 -40552
-310339 -870344
6646 -75661
-296892 -97413
-295755 157537
289128 -997524
160117 769691
-225582 -843788
222518 -416630
-245274 -396041
623547 123577
668429 83045
-345275 84166
-118195 -445466
-399343 -1164145
-497213 409829
-975695 -770639
710826 288604
891788 235020
466663 -766869
-255661 -916748
-713554 41249
-38063 652190
-245173 -650785
-1548672 -978408
-143616 516535
-308684 -2359
-333806 -629723
462310 284736
126343 301772
593007 585109
-808744 426986
-186095 319903
-276783 1227350
-141978 325900
-303849 -106146
-768083 -353371
-630002 162311
439151 520145
-553802 659195
98375 273010
420261 204257
580560 397206
-376739 23687
1156050 -272468
347056 -349821
377385 -556907
512202 -295545
-442171 -240590
-11071 256163
-28221 204989
547295 82737
-216798 -502743
238807 25662
305920 702069
238432 -123367
342902 -189242
169147 223353
-222966 -157566
670809 338982
591944 -75126
396883 -229833
179486 -567417
363444 -936873
-97021 -529686
-86112 736253
782312 -818562
488121 -328892
752673 1033946
262173 14018
-494420 60363
810778 -241960
-3121 713132
338849 1010451
-551175 -792202
1012675 -698342
365302 305825
140948 -1073605
437303 400237
1334218 -150061
-196369 -393759
-775166 -1030939
647748 858883
492926 328608
-1077341 -280497
157614 -26962
-781693 322102
-1079759 995933
17951 -154812
291790 -1107187
101377 -108532
-203814 993369
26895 -71095
-469957 70755
60571 -122979
115372 962382
-123899 785322
-400937 622373
205537 1047931
1014011 562222
-568809 -111169
-314888 602920
-606424 65644
716508 -76254
916284 -245501
316475 -1094486
-373124 189514
-724006 -868277
539434 -944646
-1212260 -998917
-91674 376184
-434466 -141931
-196588 -469189
905262 -666555
345755 -370540
134274 287339
432472 1130178
631580 50270
-254914 -899824
207242 12265
328008 -387084
-115438 -457059
-608796 889228
75090 -112097
-16968 -112113
133036 518228
-556075 -118349
761021 55423
686317 136606
-334494 -857772
728420 -987039
217154 -999697
-470702 -554506
100698 -567528
27423 -158116
-136812 -712250
217634 86710
718854 -153607
-1169932 816977
29052 208741
177607 220117
176924 426424
533146 1039099
52539 770377
931722 -297985
-922089 168467
-54117 337098
438417 954926
-78602 -598071
-637550 -462732
1141286 418719
-136478 193508
424819 220795
661098 20975
518072 292378
-318921 -501493
753477 -402704
391834 -608105
690956 -683617
-689475 472815
507480 243175
840991 375336
-588387 -70115
-262500 -86094
278259 393663
-153152 551896
-566385 -401771
-386679 -1028734
28846 -255225
462654 -93141
4519 -26163
572870 -1253888
607114 410615
-512591 -683881
463919 -218450
8244 401856
122557 471168
203487 109484
8283 -826176
-35821 78642
616863 -803219
-145388 220567
690937 727902
-710319 -956148
755113 -175803
-698219 46911
-378107 1041362
-1048591 -393360
544536 937758
180362 -263521
40803 873340
40650 -104775
577285 -204171
78274 441245
369500 -499999
-665957 -574640
-67519 836591
370178 -393371
260602 -48475
944849 -400631
666074 -230617
-633886 1228644
-577235 -389662
39416 -433881
-556765 -389394
427804 958332
30723 68615
-26957 90128
216154 1085374
-128594 -328232
123300 -405735
637685 -522770
177196 431392
196093 274396
-508134 -134568
-183838 -124887
131293 -157213
-548865 -795995
45172 200386
343112 345603
203928 -662076
-326912 -509997
-703752 168254
-442924 -833843
533248 -386293
64446 -1099072
-718308 -502107
-491929 1726177
-206658 713449
-102003 64159
-540888 6800
623692 667841
-70590 103058
181926 -428318
-464437 -552608
-267547 543305
-148813 473385
-145909 -475104
-29186 291488
-417894 -355510
476959 1446220
-36630 765784
3578 -820161
447531 139399
167910 -76708
-189313 144896
28206 131403
95598 147235
-65327 623232
144175 215853
-543296 360428
240407 792455
689190 -118875
39038 -606834
-735521 637994
461618 -94177
342598 958367
519771 -71063
-639690 241845
-1087196 1162417
49653 493322
-227798 711868
-890426 -125475
-265679 -209781
239008 -467016
115734 1230473
595479 126019
-1281288 -136219
264765 1057819
-26212 -776721
-389070 -168187
609328 72840
433356 -187097
140785 -93437
-13349 -66658
329195 -156977
-337632 491731
-914168 -900341
60324 449675
704070 522201
1169970 45791
-691048 769123
-467585 196980
-179356 109495
670966 317531
-732623 -193944
10437 -604521
-105373 656205
-11165 688363
-104470 568694
102563 -168965
-188557 415740
254357 894111
10316 189248
-218739 -376979
214425 24736
-127844 30598
-25700 30831
-323608 -58053
-494621 -406275
156722 -844580
-219103 -615167
-322399 1662387
555606 468851
-596217 -502927
-95721 -440048
-269899 -50628
-667039 148917
1122903 212863
-208809 -252161
575207 -33512
64994 -94739
297143 724458
246392 -307063
43125 -170587
-541483 67665
-3712 -364317
-195868 -60847
-76284 -235925
-326271 458607
-384292 -590821
-147588 -1490702
-125993 141410
-201018 -274631
-521138 -700028
-593331 464445
-1928488 -240784
393805 -271198
-1532252 566641
570860 -710964
342442 807953
-845809 279658
247292 -448314
649314 -991378
-679801 -171025
-460188 155698
234804 630153
436873 -721103
209184 750671
-1104371 -49287
618627 -322611
-244389 197705
-168262 -398923
-462965 256652
755585 351419
447610 745216
900405 -212640
499754 -679744
-1294722 -651872
-201263 249110
224459 15668
-648123 -222966
-11583 -219851
1063463 1035305
1007281 312479
-617104 -504117
-804437 204269
-941773 583150
-355392 -237244
-211754 1273276
433496 -201560
-992424 -290631
879466 1267974
-112195 523943
-58184 111735
-85458 -243339
-168656 1089
-484213 -288246
-36449 6324
455971 -328649
-765357 275620
-423661 231120
-449760 -365574
-855076 -436546
311426 40082
-978622 1953831
-124042 -916872
-347894 149059
313795 -442657
314647 -595599
92831 -317798
-516810 194275
-774087 756881
-80518 -1653075
402496 548016
-339782 -408068
446442 615607
932961 363182
-577866 -896351
27305 68219
119710 332655
1535177 537263
71850 -554478
713012 144833
987290 211349
903669 434467
37522 -546472
-149840 -255331
141753 -239203
-188665 185601
630875 -92626
-421864 69787
-248411 545647
-787710 409897
138705 -141544
189537 425709
-218799 -41740
-44845 391414
-1351138 -691620
-831003 -159211
275561 361148
-193029 -606562
105768 -302271
-357139 -256213
461702 487578
659832 349307
279297 12999
427561 -958101
-831391 729263
449453 819861
-776987 533121
-594948 -32381
-50363 -426874
-255438 436583
-23367 -94921
-222075 598762
338156 -176413
560269 -326692
-231998 293579
-301579 -496876
175347 -401338
-134195 388441
-149746 256780
-333563 442011
-148686 -147002
-217863 -784133
485095 584273
966555 424212
-826654 48010
638396 -650964
486705 90173
-309751 -360693
-983449 -468417
-68506 33287
-771235 412687
1085680 -248911
-659617 610441
1944952 97602
635307 153214
64361 -356559
-365158 373806
-422575 -273038
-61830 -129114
-418373 -1052822
1035313 -248666
628563 -722972
-424368 -857801
-755967 -1111891
-67973 254837
-565936 162288
-463651 -386460
-262529 466640
410890 -181928
-216377 -406639
-431701 134286
-37917 -870933
150990 446496
103876 -40461
-422368 -28467
-164952 -425570
-134044 606133
-257402 763127
573285 -1340229
1291593 -452399
-93037 -566833
292570 477147
428509 694314
732585 386370
-589717 598815
-742872 -800093
1131570 1201955
-65602 450752
-429523 -297449
-422595 821255
546673 863987
287046 465243
-241737 268290
-394827 101630
-466380 793320
-249561 -27288
478233 -410151
-324150 -508138
102659 -340570
-1215490 431169
-531144 59678
-350534 162124
1128228 -125178
473109 -886193
873450 -718530
-582410 -675593
-631193 506109
-515516 -348199
-318854 788260
506171 109113
-1043984 524258
777767 1165203
-830171 95611
-1142777 -391931
53507 -542894
329958 648515
-62020 -1127337
1194433 89528
-123929 325015
-156223 -128469
-235840 1210455
-255829 -40147
-227654 5936
-739119 -629056
628746 101307
-36017 -843907
312243 -384625
16693 719828
-636299 -350720
249174 -1002666
534678 271124
-64200 -131497
907988 475518
623221 801871
200239 726033
-686407 -1265302
44737 -364002
-59922 -173599
992123 -171501
292201 -704042
171 -290287
-212620 179093
240443 857090
-254409 189272
760858 -641801
-437038 -306221
-1055620 -30100
-713848 170543
-341254 -26838
-120114 -589991
239074 595079
197950 123374
-42475 -105927
-210761 49805
609407 452742
65910 -23218
125800 588930
-1333459 -37339
-134603 288510
-386766 588550
-27263 -716844
474059 -233121
36406 674473
-196960 722276
-888118 424173
49859 106439
764093 -73960
904052 -5769
-645114 -837087
-215615 -123625
358806 48091
-208349 -360107
462348 1057212
-765395 -231500
185978 -835239
314294 251512
-609917 -330660
-527113 118986
-282853 438941
-65682 -555649
271011 45031
-742788 -236839
110981 233832
-886979 207349
116290 -9989
21768 -50839
213132 206508
-505168 -186108
278211 327521
833581 1032393
-367408 -135148
-732247 210332
-749734 -102184
132829 -175248
408133 681490
158812 88008
83904 -1152178
-741218 -478181
245423 1158809
317537 39527
683348 -215026
413792 212324
-166928 -444606
-362921 -242213
399908 12937
548044 -924159
-97833 -512001
203595 -342794
83491 321723
-248904 574271
39919 101795
145144 -106776
84846 565515
-40946 -643105
-476685 258943
-789627 -151369
277860 109138
162158 467933
103107 -366441
-1136491 888884
22360 363749
680612 -542161
-271355 -135856
61605 -325995
-241461 -198411
49591 -464508
755379 915403
-833117 -13729
141492 -709946
21859 1214478
784488 5728
-919445 382132
-52532 544005
-760556 -607251
183959 -48588
-362322 197631
333174 148439
586561 1128901
-1061898 -69487
-532286 346065
35655 229529
725050 216898
414513 -176057
-288344 215530
-54870 -128570
297999 -422819
-260663 -316060
469759 18671
526726 -722103
-321092 -640561
-677146 1186532
516216 435921
388465 -100584
503582 -138265
640388 1229344
-64526 -136126
-466265 -371185
323428 401543
-53917 -714775
-292397 540430
10372 -2730
27458 -174157
16917 276302
-83913 177324
-860782 -54789
534294 57911
-280770 -195952
-9547 295562
252548 735416
-762942 -540844
-1276545 111767
-1275329 173447
-205418 -728235
96041 170740
-315280 134092
-709288 -1145638
687672 180405
163504 313345
-495878 1605263
-248281 -472648
162048 -715001
285337 371669
493373 -81548
612966 -238912
-104597 -398309
-624025 -125134
-381102 564361
-808270 -660666
593272 -445215
977476 -475929
331716 -368638
483789 -183786
-327389 53043
118724 -590430
-150237 138116
1427015 -4430
-66362 294946
-120180 334658
333478 265147
-487932 96743
757025 225877
747874 177376
169723 288119
-23487 -564399
399511 -593022
657037 36490
97956 -1422798
-264273 521093
137784 -181742
-751245 166321
-34309 -245808
-123637 -214976
-1224166 -1087356
429982 -25473
-403339 736587
437243 273137
900020 -619837
-366448 407733
-249454 -36505
-318640 788843
234866 -987589
-291971 -353248
440539 -764211
-128287 -19166
-333513 248759
-658746 -411288
224885 -743715
-251529 21815
251482 842672
-246007 -80214
593638 1091298
-408480 487566
-271898 337314
-358858 -840620
786338 100405
1003425 407341
1173635 867078
409665 -608493
383377 -426095
-127335 153791
-579282 29888
181673 -1998
223494 -427947
-8802 511379
34517 -278544
-260105 766171
11019 -340924
83419 -719151
553262 -1020055
-31640 447785
-245967 -745966
-26253 473247
-953372 -603146
-197255 -4761
-324866 -73377
-276943 -196202
-440787 -509956
-165933 916103
319272 -591131
515014 -1220494
269860 160654
73324 -441677
-599157 -248081
-733940 957125
-1031158 528418
-701203 149992
-202364 292742
-321346 -72305
-146052 -307560
-1096783 243286
-98876 -311624
-571394 -26825
-638573 -953113
73892 -755238
-9036 -253572
-1246310 786152
812568 -386806
51585 -583737
1552504 -546006
474981 1143250
1067994 123448
603383 -24228
-529185 -1724
-84030 393417
425831 561318
-445482 -784801
-657013 96790
361519 334643
374998 22976
-602517 -797868
186830 483998
330273 -269556
-266443 -506494
463786 -825960
-412968 -212025
-477809 656539
-573946 1106612
530427 300319
-1436285 316905
105318 -336165
-443836 421649
-751976 286223
399957 -7404
685974 2139
-1020267 53701
-455319 -524804
174780 489633
255152 202041
855386 -491841
262969 -505598
-735169 333157
-577866 197028
-404211 -483351
-15923 815959
930024 -468056
-66657 533935
78775 -873767
529676 -723103
215104 -436391
-379505 205052
173056 10231
-941085 27182
106450 481810
792404 -320572
-735998 -1063624
166716 -174987
366601 171619
77921 -242422
-384686 26897
724907 70962
-295799 -255224
136444 163259
317666 -572809
900622 -333962
172984 416435
300857 -102277
12863 -108982
36072 1150348
469364 -72166
743954 751599
40563 950158
293858 -111283
-602769 -27141
-839864 171295
604113 -867503
355260 -705511
89131 142217
-128178 -1063334
-1354163 -402079
-785124 600201
14521 75273
-836207 -878981
-168775 728027
527073 113203
-738877 -57897
102635 -611371
670336 -547099
-450168 -455739
-532871 289345
47476 61474
189525 -225061
-468503 566780
-1010668 -633839
-103444 89537
284939 152751
316656 -348682
261447 -411968
457494 594544
126476 202818
209797 32532
151322 -10224
-198654 141473
1157034 595019
9055 -930316
-913065 -459615
726476 556450
-256152 -37510
-199811 -449315
675856 -133332
-538839 106043
-654269 -168683
1138345 29698
-351872 -535870
-309984 194661
933980 -149947
1186822 528859
-392467 17945
230332 402940
-291268 -326231
1304024 -7166
165285 -277162
407621 -333270
-682273 -262443
790771 680954
-679672 163221
-10698 774116
275359 307120
825846 -1064764
-921419 667275
431704 -173981
-480060 191791
1097196 72160
-115462 -628617
476779 65505
-270182 -47725
19583 453590
85999 -998712
111882 880128
-30836 571740
211624 858794
102484 47273
171930 336239
197537 -714454
866255 135348
1373533 -371620
734119 -179256
4740 -458241
-174681 464890
429175 -26924
-68416 638490
318691 -437087
-200328 -181792
583762 680886
-556546 -657
-441586 321368
621842 -465231
66840 -552843
-301037 -28715
-269245 614026
276146 -351187
-312531 -825296
-582394 839838
-327959 373100
-272987 101763
-420435 163437
11264 108514
969381 -137731
184691 -264936
696568 -538995
-1182526 423285
413314 540151
544591 366654
-417875 -176258
-352038 322024
220955 477582
260517 -759084
1297218 506597
1198978 -483100
-728787 -172628
300135 -906310
205021 -279673
-388077 -190217
-266514 265016
675474 -104663
271510 -4004
329115 382618
514481 593740
-1098427 976401
