2522911 -1729881
-2160495 -5404187
-2877817 -352257
-2632688 -251866
-3930146 7994914
2715322 1193803
-5216381 1903128
-4866515 2252770
1751376 4009233
-7538884 -936031
-6135859 -4638285
4351822 -953542
-5287979 -4466754
-621865 -4368292
6512338 -1262168
-1797182 -2281830
1229448 4670832
-5547288 -3547420
-3004923 2192200
-4117139 -1073950
2735108 4562155
-9131439 -1751215
-4191974 2109916
4976190 1662
-5709976 -3859616
-108298 -2247744
7103946 2571654
-2862090 -13624
1781008 778322
-2363011 -5254411
-1729783 -877504
-740573 31103
-4531685 -7992720
-1760777 -3353753
-841781 6946493
388090 550198
2474750 -1699705
-8483008 -3989905
124246 -2579893
-213051 -550402
-1397552 1476016
2379232 580525
2922902 -1428597
-767636 -854706
4033861 -1429957
3637163 639558
-2099921 4856766
8166883 3930191
-2680866 -2932305
1211460 3375311
3894852 5456091
-275882 -5221389
-8197365 2122764
-3798045 924905
-1221934 5238094
-1189550 -1951885
-3916886 3875057
497112 2293903
4233773 571077
-5033430 -734300
4841759 -3585475
-6729684 6609239
786170 1547301
-2604666 2688681
3682437 4572335
747967 -1255680
-3485261 -1143926
10965824 4404505
1535848 470269
-313265 -3220639
-1197837 4856689
4652816 10724196
-1665753 1777609
-7228236 -2970965
-1178261 4177182
7596667 5120251
3760349 -1714580
1419929 -2430677
673394 112462
-8785491 6316804
1940536 -5246646
2994590 -1916357
4179180 -3317643
166713 5198277
5398507 4881616
3610540 -3369329
-860325 5511132
5226683 3303503
-7059498 461623
3253306 -2909454
4649211 5661899
1844371 -3435483
3644545 2174479
-2376162 -5327310
694702 1509125
-4472826 12064949
4084731 3925185
2209879 -5864299
-10805866 -729990
-4331551 -2421731
-621007 -3349271
2726902 6233016
-6356687 -948995
-566471 -152438
39495 -2202042
1904213 -7618904
-3510450 3911961
1075214 -2161072
-3545066 3547972
-2589068 9081568
-4344476 -496214
4947957 -809259
-3663315 -1377635
-2800071 4213682
-890991 9910530
3590899 -1040663
-8238309 -2368071
-1709239 4836800
-204432 4419062
4555931 2727779
6444759 1916654
-1133610 1145150
5142242 599117
816530 -11936176
-6610759 -1965488
11974983 2752420
3557603 -2385434
4576918 -4845397
-5830715 -7648687
2070233 -6497849
-3967300 6740588
-3972739 2366389
3272804 -4573966
-3703344 -217623
5675281 7289956
-2822103 -1364368
11591173 -2917149
1139154 4646046
6075019 -4620811
4752260 -1907009
-1150870 3950592
-2009657 1135888
-3259547 -1980759
-3124668 1719192
5391288 -6646388
-483429 6198475
1242380 -1611379
2292776 -3516581
2772276 8197279
-3585228 2212498
-2922691 -474186
-3609002 -8151834
-4104181 1297006
7524172 -3286030
4642427 -2184322
-95805 -1439466
-1617828 4834330
-11056772 147217
-3470250 2575804
4545051 -399745
-2382728 -1620481
5499389 1864036
-3899307 -426608
-3264086 2675416
3036365 -7090689
-4879844 -1611535
-846894 -96994
15210072 -6141032
-1505357 -6365788
-460903 -3750292
-3778327 -3862830
-6012144 -7787750
4367103 4635191
-1104564 1018319
-3538084 -1385140
3488438 -1299909
-388420 -146228
-951203 6475529
7498890 159874
-593322 1014969
-1589327 3140961
-5807204 -539659
-5728993 -4707255
-2463074 2463649
-1970645 8050878
-7624862 -3308539
-4898633 6057878
862861 -4455443
-1337012 -333835
7325061 -4640477
-92063 -4502234
-2307045 -5245665
-4018647 1910225
2461054 -1354149
543659 -2124304
5905463 504395
1160652 1014295
-8445506 4959604
-9694789 -1344075
-137477 1980234
4617506 524696
7207212 -2138908
634705 -782098
3054207 -219968
-5635511 4795064
897683 -5363545
1663232 6561411
4256364 -116664
1903724 -791463
1331956 -714778
4380714 6754275
2314755 -3343093
-870318 -662660
-9740764 6292045
1951543 731449
7607462 -1008611
-2195653 5208473
-6190219 -1769975
-1819172 -1985012
434438 -3117514
3159581 -2766848
2598133 143030
-510478 1213097
6014293 -1411202
-3014969 2776473
1785047 355170
-75678 1053416
8410602 -3039763
2321087 -143261
1354077 8044630
86273 -5197545
9020909 4365096
2628104 -1500025
-4391451 -7365453
2329567 2565619
2084551 -772138
-7729 -4656053
6055666 -3353799
-445133 2875145
-590200 -7124608
2479920 1840233
-3600176 944508
1399089 4860393
-4626116 7652660
786484 3854157
-310943 3956637
2377639 1737572
-432512 -10469287
-6864101 4552222
2247181 9874718
187377 1020890
-620558 -1214326
3250866 4279518
-9567175 898590
-871430 4254638
3976207 -652323
507275 1646795
7183371 895827
-2173203 6163651
-2607940 2372956
-9276668 -2150472
6125160 9273205
-4508681 2372020
-5459619 -3465374
6163714 -2380995
2268502 -120166
-908761 5907222
-2809172 4801919
1497729 -3607717
-1337288 2637682
-7012602 -2571852
-3750964 3201053
-5551882 -5063468
-6151290 7532684
4499810 -1633739
-2092115 7415746
-968879 -2773689
-11845985 -3876427
3569115 -245465
-455060 2575895
714995 6815947
2069377 -6275636
-1159894 5785738
-4385781 -10714521
-5034068 -4797443
2145264 -5312228
-4608942 -3874266
-11931907 -359761
-8817886 -3797914
3905253 -4145467
-5729059 -410644
820759 -3789016
1088654 5483020
-4722446 2293113
-5501985 4958905
4651755 8003807
-1455309 -5126796
5900408 -3580680
-5461015 5172174
-105257 -1034739
5864519 -3051917
-4708726 4513321
3908065 -1949334
-5216524 -764807
-3396362 -4541163
1784038 -236507
-3155353 -977492
2913929 1192432
1100042 -1171709
-3545875 -6779196
-20881 -1170886
848393 -121550
-10290316 4516413
582292 -12091460
-5335554 3168708
-3421376 -1422699
5814457 882712
-11673153 6877898
1651172 -12612432
-1703394 -1140807
4851581 2278211
-8873801 7939110
4342633 5736368
1876890 1472623
3306754 2168589
2993269 2720453
-3044333 -7359509
780270 1051464
-2726732 2327427
3573968 -2705882
3152857 -5942981
-91072 -5001691
-2160993 -2096871
2348482 4698001
-8294868 -5800296
2326416 -2666412
-2453680 -4296377
91192 2239100
4080575 4748748
-2322105 -3216139
3064804 -1666653
618986 -4596803
3270730 3579944
-5423059 -1758517
-45105 4584471
-2792552 -6498399
-1732115 -5219133
7822481 -2039512
4820963 -112770
-7963073 9346052
822422 3071516
4725256 3035141
1887411 -6502470
-148386 1432514
-2324073 4608014
-2005772 -5398639
3226226 3361262
3194948 -7111464
1137657 1939593
3126780 -2783877
-3046411 -957895
147880 -2186782
-710212 5123769
-4609537 5965749
-7398675 -2868580
-1524382 -2839379
1289831 705628
4206443 2052067
8110260 6857910
-1366054 8636529
1953723 -1906372
282402 1683288
-989786 -7227518
3012937 -4504081
1716586 5063722
-4058248 -4923170
-3082179 -6714872
1455609 1627512
1948919 4759756
-727018 7004244
-2404701 -1180575
5209597 -1365899
2838577 21717
-1087502 -5601971
1103997 -388655
-2007833 -1335247
-8141788 -90886
-6902121 1093009
4249778 -3498292
-2268302 1929291
-2714739 -752772
-4972699 -458688
-5486624 1738978
4483153 2120207
1423469 -2446546
-1599265 1539806
-3041486 4865050
5673962 -2833240
-4190783 10067997
-4514261 -5650169
-4769284 -2300636
-1557357 12367658
-4141772 5359096
8534239 6565721
983558 5396264
-4666972 1239554
3330537 -8234747
-3721937 -4113250
-3441239 -3587696
-10647789 -5029352
-219731 10704203
-9492632 -777656
557126 4509389
3131841 -4064412
7451128 -2583852
11653652 3891067
-7086546 -3411865
-1856505 8437668
2256996 928731
3781569 -1319474
1684851 4175626
-908238 524639
-4296799 1072138
5349139 2541939
-2878811 -2082087
1334329 -4160112
6171784 -2087104
-5738214 2198436
-707440 6411730
-171980 -300151
-767151 116702
4137576 324800
2251362 -1668583
1845146 -2786561
-4634251 5019081
-1181626 -2694418
2292473 -8284624
9979561 -4449370
493109 3119760
-1685785 -4170991
6741347 -8336965
-2474203 803723
1103790 -3095927
-3762748 -6434329
4129231 -3768334
3267875 -8753751
1174554 198540
1591652 -5506234
8609593 -1700615
5852208 -7852641
3970053 -2621650
3695847 7921285
-3140246 -1582681
-3908366 -9241918
-7340873 2361883
1679567 4838758
-3317320 -7774059
6755953 4715990
1842327 -4804337
2816525 -6915477
-1649460 -9132797
-3251324 10268822
-759364 -521053
2644230 -941655
3101585 10647354
-4056470 773343
-3235477 3224513
-2915565 -2114301
-839777 960624
878742 1862716
-3345736 -7404948
-7069965 4876624
577050 1326030
1650171 587093
-3042607 -96064
-4304623 -5852771
-3803100 -4090660
-1112942 -4596720
-658764 -3651781
-2642956 2444157
4575239 -3533439
1214196 -1147773
5235185 340396
-422131 -4697262
-2568230 3830250
1563138 -2990031
6896684 1499935
-1711213 -4460533
-353689 -47154
-7698866 9131998
1479611 -1359154
3724938 -3992084
4135553 -7026947
-1649055 8006035
27984 -6387936
-493033 95430
-1252235 -1803102
-2936243 -9429596
1958833 -5164817
-1028388 1059794
-4334148 933601
5371889 618749
-1520086 549428
-9149011 2350047
-4619317 957927
-5354456 -5096582
-4057979 -1067791
2033042 -4900136
2835117 -1914809
-3206575 -4141924
3760933 -4762650
3760705 5517192
-1088878 -939548
-2582422 -336365
2281815 854401
-5274817 -15904
-8747099 5363781
4130228 4919372
1492279 -3166980
-8640897 162633
-5653095 -12075125
-3109226 42564
-3046558 6892196
1446909 -816171
8015999 -3820423
-1016516 8729799
-3668896 -1808645
582893 2937064
-639845 902663
-204871 5606021
-1940420 4629544
-2974701 -4777973
-238018 4493342
-3110048 -1468255
103372 2289617
355491 -4416818
10177306 -3384249
-1551883 -1882296
2468768 7440253
-856749 -5859333
-3254581 1203701
5603808 -829520
-73607 2537630
3607551 -549401
-3266026 1481691
1731348 595593
4195682 -2835499
3184319 3425774
1844664 3973351
3058718 4674923
7078128 1865184
1968240 -1044900
8594670 -190100
699696 -4937064
-4321926 6449273
1177781 -814594
6258254 12675292
-1653730 -899488
3545808 2297623
-3807624 -1636288
1549873 1823518
-3528274 -5103004
-6920219 -8557549
-1323758 -1409809
4618634 -5626949
1845859 1713740
-1305218 -3618964
-4532250 8708650
9209579 -9765611
-3405573 946314
3742007 -14630
4758264 -2909789
-2224716 -2393608
4083999 -3757555
-5295567 -5398065
1986474 8141146
8238218 -608500
4811336 834930
-2365732 -5551242
-9529788 -1626661
-683723 1005247
-1712791 1781796
6108235 2059402
2525359 -1045420
6799777 2935674
2779987 2255557
6664917 -9094332
422066 2208674
5202275 7363428
3671489 -3596050
-180357 -1718767
-6964232 -4608095
5174988 2488782
-4306234 3183080
1241852 -2682962
-2961576 1659500
5368491 4223536
150463 -1530554
3681544 -4316379
2409242 6236567
238839 2843095
2599901 5459229
196612 -4384185
4700820 1330148
-286155 3747843
-1078439 -3183077
-1627274 -799816
-1284908 -4364633
-3897602 -2732677
-4760301 4162817
2479579 5657120
-3441950 -2777614
2246176 4255472
-4953589 4651553
-5505364 -2130551
568940 693440
1757848 172039
-4410613 -1869837
1674386 -8770949
-3423381 -4254801
-5213729 6924606
-5379629 4245957
-2075780 -7495738
-1765834 -2198220
-943141 -6299305
-3899978 -2565251
324637 -2996949
1041928 -1499569
3442794 2937208
4183034 77903
5085331 -4212248
-2267805 812363
-470119 -1070051
-2629395 509042
-5624752 2108018
-4868191 2894933
5589883 -4902483
-28005 -5382828
-63281 4711998
-1805948 -907447
225008 987026
154660 -3716013
3712184 -1993386
4960317 344604
-33027 4188671
2208459 -7078297
3290935 -607824
4048701 4606971
3783378 -6081979
10540249 -5256514
638431 -6086777
1281396 4138979
807744 2570956
-4295702 -3686893
5257482 5068288
-261476 -6170645
-5355919 3990653
1981275 1371353
-2410425 89295
1739622 -1550759
-5056489 6438777
4087848 2797418
-3186541 -5290877
-3102753 401238
2799881 -8567124
642294 -334010
-3960014 5048615
3860611 -1244285
6945135 -2010983
1410057 2704511
2452615 9990025
-425228 -4297708
8144080 1325851
1867623 -1304945
-1217785 -2817888
-1710625 2893295
-5792491 3165092
2113087 5251836
-267895 -4444577
880311 5026194
-2966996 4193253
-3789177 -559417
2369672 3415920
3571347 -756022
-734917 -2076411
45328 -789059
-2023170 -2092715
4248874 -1195035
-5569794 5619356
-5202418 6126657
9532651 -457125
-8331753 -887546
-2479129 -3243506
-3169055 3867943
6009699 980193
-1603637 6683303
537335 1009353
3809910 -1041594
4118634 -711790
-4694681 -4238072
-1296591 -3211340
448234 2299847
1457194 7121791
-5038179 -1007961
4233738 -3639757
-1237419 -1670230
-4016855 -5727082
101420 393877
-1644309 4919025
485173 720094
-5443322 -1621997
3296883 8586863
1676271 70178
-4570151 -3825851
2910002 1665181
-2328437 4478583
1309950 5128805
-479206 3769934
228473 6334956
962026 -2016648
-220517 5296485
-237877 821863
1302285 -5534786
-1906842 -778528
-2612501 1337653
-2380752 -3047120
1963436 5762034
633614 -2384393
-5570389 4589017
3532954 -681820
-2221774 6269129
6654395 4372419
515533 7550869
-6615936 1570339
-3207201 4188628
3202908 923373
4293038 696677
-844347 3810643
594870 10257551
8603346 -764983
1490484 -5498519
4710648 3483050
-4677660 944880
5774927 -2527052
-3749474 9298735
-3425483 -1160891
1621497 5205099
1012622 810411
-2419293 -1883936
-1192177 915397
819513 -4918264
-1955672 -3358654
-1708285 3903277
-2839195 -7349416
-379450 -6655564
8054372 -4093345
-1744824 8092164
-3570884 -7370965
-4684369 -5465540
-10182407 -3317193
245780 2583191
6600711 -446239
4151832 -407482
5664045 -1202895
-545475 6692682
3878653 -886650
-5005611 3760330
8508734 1375592
282154 4957816
1209824 3164065
-8024715 -3943863
-8572009 9003276
10586257 2433169
1083640 -3668622
-9141271 -6351894
8874751 1508037
-6127360 -6015399
11182567 -1981051
4649035 4304774
3872810 -172270
1342434 -363804
-5606872 2282697
-2260444 -6278911
-6023186 1881598
6813298 3123606
2780046 -1607842
2105215 2431773
5802265 2580970
9117997 -1344498
-2659215 -3981832
-3463873 -2561591
430786 2258964
2181886 4550140
-1763878 -2390172
-2218688 -6002430
-2861751 -971328
3999358 436415
-5559226 3803120
-3494995 2507126
-806056 1511242
-5403097 -1739301
1674277 3519928
-5802736 -4907582
-512505 -8571299
-9607636 -1155407
7834895 1255546
1651879 -6324977
8749813 -7570263
404197 1974329
4276130 -3576873
-3004764 -2798192
-5385408 -2478562
-3750685 781535
802212 1966761
-2477429 1497011
846759 -4255466
-6847392 2600844
-4373439 -10310060
3702893 6585393
8930763 2488926
-4483747 1727383
1867176 5210131
4600015 -1934698
3431552 1201801
8004144 3494938
-2829010 5763968
-3563157 -3193338
-4837074 -4740077
-819488 -2525935
4618255 -7040951
-420550 -2258559
-292442 -5337281
-6284326 1732960
209510 -4191830
-31886 -2190698
3755778 3994317
5337257 -2337341
3650245 5266756
-4839343 -4204544
6792943 -6003542
5922006 -375159
-3149196 -1944637
-2950953 -5930687
4214759 966039
3468429 603870
949626 -3739255
-1364849 272648
4078902 -7923559
-2812885 -14461856
3370728 -3182977
36433 -4067432
1532948 -888897
1799828 1892141
2584024 6395497
-3063707 -3710518
599861 -3461161
-1586449 1327526
2176796 -4328341
7688580 2334176
872299 6132
-555284 -3146180
-7353481 5627651
1090193 -731563
2827081 4637532
2345244 9472651
-64399 5050548
-3884656 -6054450
5765749 -3750373
-5111956 403873
-437461 -1842627
-1732799 7273653
-5901264 -1749836
3424445 617672
231883 -1505059
1026955 -2827924
-1575374 867153
-1745700 1902043
6848246 -8385604
3450466 4733521
2178002 -1603102
3226002 4798645
3857312 2132653
-4216758 903400
-3143793 -1042703
8603804 -782197
6023773 5704294
3649678 560584
-3752549 -1604851
-2030312 5033529
819103 3270433
465688 3609134
-389731 -4920542
-1497370 -2542186
2104444 -2697650
11241010 -5701134
-791813 2909739
2583348 1455570
270266 -1443531
-2857356 -5719792
10114069 3884460
2062493 533715
-3085991 2458859
-8371095 -794370
794737 489467
-4645024 4525387
-5715175 -7251219
3377439 7509827
-4660473 -3180585
2173243 -6022303
-4440808 -676345
2666626 -4945480
1386824 -350484
453567 4573280
914392 -5080191
3509679 -686580
-2347114 5797716
5250560 900393
-5649814 -409874
2339594 338658
4157161 -1303975
-2727460 -819503
1133025 2604136
-428462 992234
-4872529 -141466
1672428 -1337284
3728692 -1844461
5396740 -5471571
-2354265 2035980
-9215753 6694140
-1502507 -410296
-10153393 4729810
4992079 9159895
-4538449 -3925187
-6002240 -1277646
-7210569 5067253
1853629 2728561
4015470 2134953
-3136512 -13302
-4792336 4116
5933819 -321609
301591 1967061
-5473383 -2100848
-5524704 -844643
-1723686 270334
-4124009 -3984736
2385810 -1345044
-2101809 -1776455
-2853454 4236489
369643 -5049561
-1425633 -137434
7901000 1972972
-1010873 -3657683
2644679 3882996
2424063 654041
916648 1579419
3201436 3245675
5341131 -768381
6669842 159104
-1790466 1687922
3489904 3911612
-700342 -6479647
-1030163 -7980794
-6565119 -3173890
-1642738 3627815
-1432889 -4809867
1678197 -326982
-3330674 -937241
-1219309 1411943
2903933 2118008
-5658553 -970681
6077880 490606
-1028137 -1843117
-5028182 -2990554
3842097 3106509
4521749 -5616365
-2260935 -1885304
5443385 -2689854
-2975011 579462
80869 -7307684
4669798 5052036
2593949 8706471
539509 -2016408
1665855 3090664
2544384 1481483
-2788479 1053038
-732908 1768031
-5476397 -1369121
-4436916 1936938
900209 1257216
-4074425 -1684257
-2619398 2826424
-1440240 3874477
-5979667 -382839
-1968006 1430841
-6399370 7938139
-3531045 897042
52088 -1581811
-6085810 3236292
-3391722 -1789321
-6650243 -4668151
-1650542 2694992
1456182 -1658240
-2336638 1699246
-1633389 -2254170
2296315 -945989
45041 -667286
759720 550953
-2277329 -2596279
1579025 -1680239
5112854 3968968
8793126 -1157487
3376350 4869156
-1682510 3725722
1260691 -5489908
-5157401 3046940
-2793224 -1947686
-3417357 1871123
4074002 -2450049
-4565877 -3310211
-2510600 -3175979
-353537 -4980107
2245576 -7727320
1788103 -4567567
-6006052 3846887
2654300 -110582
74804 1184192
-6210985 -2831276
914639 -1444237
2052572 -1068537
-4183438 -4197436
3662089 -5484694
2752144 151612
1910292 7601975
-1716537 -3056656
5987918 -221477
1454572 -4360458
1286744 -949468
-7929486 -249633
2223374 -273637
-9547761 -5725789
-2668062 -853665
514423 -7199045
-300273 -3974451
-1913413 7109778
1646651 427876
2771466 -555617
-663328 3244860
4826717 -2660674
3028616 -7268571
-3907561 3488407
1349233 2396443
-2047406 -1738160
-2126013 7275052
-3803101 -3132724
-5032713 3157126
-1677799 -263061
4476105 3402112
4471274 1419552
-3523079 -1780550
-4484426 -1742344
-805069 -4066405
7141408 -3891363
-2755550 -8083420
674192 368907
7410341 -1257915
2310251 568521
-5728317 -799481
-2900282 3008707
-2040912 -640379
3343567 -4142092
-7686111 -2309048
626569 1583808
-4869403 5404952
-1468953 2220191
-194756 5373247
270286 946761
946568 -7142557
1841019 -1938366
-4057650 4477265
-3721300 497604
-2695315 354279
-1626655 -13671814
6409677 9246
-6063817 -796096
-5392149 5649428
3620455 1357490
1926733 378190
396822 -4768152
4484773 -4131747
1531242 1423687
-4746677 -432611
12259 -4516482
1837533 -50650
-1582730 -1718467
-1035226 -5890829
4301326 -1892205
7743797 1666405
3540501 -2789344
1854145 -2236094
-5949761 8748571
6269247 906858
6229820 -1282756
2889823 -731817
-5925800 224905
-1529485 1260823
1172366 1912236
3827362 -1050926
-817771 889894
176635 -5938789
3803212 4473655
1644257 -3204683
2217502 4798900
9240882 -2615514
-1160818 -2304454
2012859 -950974
-1409250 -10185813
-2550592 -507375
-3032570 -446909
-5813892 2788314
-11087104 -455677
4379510 -2076860
-4513103 -307016
4702878 1149753
-12500585 5013780
-1896257 -3884988
2353941 -1231976
4975504 3731968
-5206658 2115116
1541787 -176031
-3426743 3400928
5242 1886532
-1130224 2066003
-3141023 801515
-4491270 -237333
1497136 -1318521
-764642 3535918
4048560 6524305
-426198 -1484048
605824 -7727382
4485882 -6902237
-2329093 -1191010
-3841600 4072204
-2269333 -1039342
-1027440 -1383715
-491022 5969497
-640210 -923019
5143864 2429277
5834545 349263
4330013 80403
-205525 -3421058
3004076 5952837
-4446962 9093993
7018922 -3119560
659042 3465768
-756378 3942341
4734384 -3617496
-984475 3336822
2021143 269439
-2487171 7382690
-9573622 -4630896
-3011020 -5977043
8469182 355402
-5880054 -5906158
8050908 -5705787
4854066 -1200930
-664703 6139249
801355 -407120
-3039252 251839
809462 4612364
903429 156386
3525002 -3024936
6342591 -8744745
3233470 2436647
2065347 1474858
-3886120 4971073
2924098 4165870
4177009 -2201840
1053935 1177266
5121760 1808870
-743172 -4203622
7311724 -1710911
412720 4696796
4936405 -6882684
1051656 -2406018
7170405 3664612
-4673986 -5361082
3567861 3072294
-476107 2402896
269659 -3692390
-3754197 -4421118
6239218 -4377046
-667978 1548902
12639875 1094062
2127917 860852
2124066 601470
-2780411 -1022410
4702261 4133731
-1910275 7652196
135315 858826
5201374 4917639
251533 1954829
3392729 6159656
-5785132 -2412672
-4590126 6036480
-7312123 2001962
-1355781 8568845
-3011735 7794937
158253 -2541274
-2044174 8427904
29632 -2740248
-4037529 -2277296
-1419620 -4213727
4080087 6115022
-6654130 5988088
-3454759 -6133895
-5474244 -1111802
-3055155 -470219
7112950 2755705
-3666217 -4320335
-2933875 -2632429
1646868 3624597
6478996 7710408
-3806672 -4601938
-176479 -4738205
-330940 -8302965
-188112 865752
-432667 7566846
5140474 1222319
-2015294 94331
-4309215 5134288
-6889214 -2769281
-48559 3615887
4352889 -3635858
-334808 -5279463
-1139622 5412784
4328013 -7578298
2364549 3066250
-5090092 2428634
11472477 -4645961
-4019625 5449679
3271432 10771977
-3551986 1870540
386949 270801
-4824102 -3233497
367234 -1135455
2092207 6310677
-2719597 -4331963
3904256 -4439961
-2965665 -3846852
4920915 6635336
-8369328 -8283993
-6341591 559585
356621 1215774
3762728 1276634
139553 787316
-5255292 -1360382
-1978643 -1518911
-27084 6246975
10522856 -1830825
1059414 3067404
-4897946 3395063
1376704 -3926813
1795987 -1742348
4421455 -4013755
-4508565 650817
-4102705 -1215469
1510519 6088044
-8650996 6149212
-544192 719285
1510365 9268762
-1712712 3860268
-1328335 3234952
-510618 -455350
-9652081 -1063567
4324613 452445
1494481 464172
4480331 -1470088
-7007706 1134646
-128365 1574968
-2357962 4915735
-839348 -3803818
6724248 4644816
408433 -504108
4092601 4667867
-1397436 -1126819
2935096 4843592
-2684055 -1252398
-2228840 -43876
-4816042 -1317562
12196708 8122432
-5243590 -6551802
1415337 2194721
-3312733 -2587142
-1660164 2964344
5792063 3125527
1190157 8101061
4144339 267612
6450089 6265855
-10101439 1661974
-2160747 -862583
-2589074 659172
-1764521 -2814691
-5745734 2605995
-4581835 -377107
-1937839 4357885
4941607 -3090176
3186678 2762120
1607886 -2126446
1275611 -3519657
506390 3512474
102705 -5729967
-3161839 1881929
3138431 7373915
-702833 -2991153
-76235 843510
-1560792 -589303
-327731 -4921033
-5165215 119141
10333315 -5615984
-967890 4544700
-1249534 -1265571
14210033 -1013244
2366712 1304608
3090447 -1501678
-1106853 -198374
-459069 -486825
5475383 4897258
3885994 3402015
-109127 2387100
-564850 -4286652
2983032 -494391
-154960 -6728516
-9190197 3278955
-279883 2997120
5565745 -659835
-2052538 5335662
-458953 -1940057
4671500 -643889
-3840534 -3631474
4768101 -2261829
-3324917 4547698
5614342 -1774093
5808098 -3343690
-6001742 -6514472
1946407 -6310953
-2077828 2861991
-6240645 -173183
-964967 -232604
9846907 -7012294
-1487614 -2494515
6426612 1207821
414700 2419399
-2976026 4954016
2605084 8001608
-4572789 -3075884
6039435 998585
2545947 -4032815
-6362038 -1193083
-2425529 4837291
9064920 -6981769
-7040518 -1235230
3597394 1626204
7884090 3524691
8518683 5800871
-9116932 -5315780
394430 4645288
7819139 4841963
5954133 362419
4782448 114073
-4071618 505762
-2510922 1319754
-193275 -2352453
-46749 84786
-6293933 8961981
-94639 581640
1320681 3632060
-1083116 2963567
840451 4980235
-1851394 -4757538
-12972150 -8168458
98395 3906502
79655 -4107541
1367402 -363984
3790588 1056169
-1733399 4451091
58927 1031702
6026389 -5310121
2548293 4792320
2824019 1555636
7804290 -7343584
-1051614 -3985776
3462906 -1305151
5511526 3238759
765814 2749484
-1923998 4700923
6134246 1745534
-5406472 343706
5848128 -5771267
-2686029 -985379
-5161251 3175364
-2042533 8443299
-124377 2441697
-8184794 -6060156
-4133525 -369379
-8572998 1782649
-2903262 -561915
2848637 -822946
4694620 -875696
-8459562 -786912
1061622 -4552680
602810 -5688337
3707264 -3731906
-3118077 2185558
-259049 658333
4158593 2828414
3583602 -1490848
1690340 2963980
-5552152 1261798
460433 4130051
6735808 -2376426
309900 -6015567
-6791526 1745539
-65932 606945
2138504 -273675
-7273983 55699
-4288418 88628
561833 701327
4857837 4990302
-4125757 2434330
-1219505 -2774367
2593882 2600676
-4097849 -6196872
-2675544 -628587
7350043 2720419
3325671 2529971
-2267447 -3687720
1113720 -1562310
-4357346 -2549926
4522576 -3573254
-2539904 -6923250
-5276205 3242681
1393553 -4227953
7053973 -6267266
-1197415 2235623
-7451451 -1964620
-1881132 121052
-5816763 3106362
7785520 2501851
-2465324 -3762949
344899 -5238606
-2275046 487532
-1661559 1277935
7053518 -2377695
-4118278 -3867932
-3412198 -4019797
280997 -6771006
-8747197 2463326
-6625287 2214109
-4673446 -3797215
-4680548 -6761628
4839015 542732
242524 5837697
3695681 -4327048
7021233 -5784840
3290015 -560662
7279529 -8573659
-765164 1979538
-956798 -978391
-7953328 85163
4317552 4496916
-8849753 2303286
-3056245 -6380029
-2575081 -2647401
7059088 -3193175
4061051 -1456883
-4467721 -1527121
6722004 96435
2123652 3275054
2407574 6748982
-4079551 -520557
7605047 13947593
4066164 -6472251
953743 3369877
-5813034 -619334
-6030618 -1476879
661528 -1886141
-2705399 2263922
-3724785 3862935
-5217338 -3525017
-6287282 -4147323
2940104 -1328151
-174641 3758598
-6035677 -6403344
-5372122 -5474983
-1314302 6136765
6888980 82376
-1069624 1083244
6318199 -2969898
-1416410 -764574
1189904 -2367694
-3715321 -8101591
-310516 -4022459
-5270598 2384921
1312210 -2058580
5157807 -2315888
1414192 2463729
4401948 628839
-5130894 1076613
-4669424 2902592
5065509 -7794645
2253449 -3499788
206478 -3155016
-4384104 6752274
1449026 -1332317
1736913 4764976
-948216 1152920
2768428 -1461375
6260193 2372913
-4310502 3889209
2328755 -3563086
-7272536 580816
-4701629 615794
-1363770 4064879
192832 3410289
4282628 3572182
3589205 -439291
2925345 5590893
2778890 9080679
8157107 449447
5884910 8573351
5568449 2549833
-4040246 1829232
2751525 -3751007
-8273415 3496686
5340590 -3253348
-4256239 6162022
772415 -4603159
-3761442 13866991
-143369 3327898
1958449 -705548
-1005647 2429458
5243402 -5307819
187330 -277746
581089 -4605733
1597358 -5557665
1595968 -2376317
7461919 2458686
-1242934 -2432100
1859990 -2262078
-4178824 -2309027
-843889 -2354813
1789682 -1270460
-1100179 -3198358
593166 -2994955
-7422859 336980
6821710 2066320
-2474120 -4150168
-2751595 803117
2933480 3146307
-7372359 -2477445
-366462 -7293223
2077292 -3213515
5756664 4991169
-1380337 -5393091
-4620054 10195888
-5161309 5351332
-507077 -7923792
-1926380 -4202538
-2350887 -7709692
-4462122 1461410
-3758719 -8406614
-1226787 -276894
4332821 4193719
3336506 3139579
665286 -5075576
6960717 -1797784
-7209297 5030387
-2478162 -2943454
1023774 12290
-1153359 4980333
5062883 -1728803
-1602355 -2096036
-749324 4932832
7603584 1968946
6392706 -1537585
-50703 1500280
-5232017 -3411968
-9092100 2900103
146374 -3552584
-2535181 -2720638
4737032 -5415243
-1832478 -1834504
-2638587 5560856
2542915 105487
1666727 6931096
-899191 509087
3046225 3269612
6960735 2990262
4786064 -1007625
1494374 -2928278
3741623 3598123
-1957436 -7655778
781696 -3921303
20373 -1434984
709314 -4673358
-3015295 2677555
-4308023 96116
-2041635 1538252
1844222 -3998868
234397 -2175033
811022 -642945
-3446999 -1572053
322988 -3828709
-3278762 3036916
-403490 -5642493
398040 2305865
-3345773 6618821
-2486629 -423758
4477778 4466057
-4473136 -1240360
-4474488 -2624433
-6184804 1687278
-3732292 1614150
-8254943 1332501
-351825 -442408
-5711223 6820441
-1541221 8128920
-1761187 -4373016
4822019 -829474
1697956 -1413400
5413072 -2984024
-12400 915175
1645796 -2793892
-757538 2562270
1748452 6095728
-1756929 7274109
334576 -2429792
1457857 945360
6790344 5144354
3947480 -23250
-6772631 3554315
-5353839 -6975635
-5171291 -6018952
755836 189021
-5014315 4502375
-2289098 -7006352
-2804300 117540
-5508577 4557520
8113229 1729829
3305221 122849
-4495856 -1500463
1145491 2529811
-2242974 1124567
65364 1817921
2998379 -2156750
3866730 1872159
-4224954 -2900214
3329234 -157547
-3271170 811704
-1868198 2729206
-1573410 5322049
3777677 -1251279
-1562193 -5959267
-2527422 4383476
-2729090 2020582
-3659475 -6902892
1787932 -1325703
5728727 -3373022
1268203 -4022834
-8421360 371581
192975 6235837
1721560 -6497802
-5091840 2632815
211739 -300369
-4513351 -3350537
-8601016 -1457784
1128395 1372391
4761048 4530929
-4888775 6198344
1281228 -2771864
-2233261 -6126304
-4420746 5069841
8238500 823261
6435276 870433
927809 2965492
-3673038 -4184979
-3284728 -4500697
-2726459 2190484
2920803 -1204621
-10435037 614512
266617 -4183767
408171 -1054236
6825266 -11134959
119053 3148412
1732940 3430917
1834430 -1535075
-7236295 -488368
-7326940 -8801489
-9438559 2560546
429097 6626754
6492856 8393058
829026 6475476
4732124 404078
-7245094 1344291
1756114 -692209
1824632 -481220
5040746 -9333186
-8130043 -1937123
-2507064 6181291
-3804286 -572790
8330811 -2992027
-4294950 -5474982
-1865251 -1823907
-1694477 -3502089
-2383083 -298208
2467785 3927827
-454780 6136494
8397747 241946
10671652 1225633
-352691 -2792252
-963307 -5005405
-383042 4671903
-1613416 -1971294
7144349 -5034662
5126749 -735857
281852 3836209
-2805938 1127330
8920878 -2206599
8055116 -9870738
-10669079 2059305
-2530452 3294737
5792019 1475525
2213517 -3450317
3277001 -7626331
4279487 -2250821
2179840 1683562
-3733954 471604
6477069 4392723
4846425 -5681846
1760046 764492
5537802 6099538
-2233054 -615111
197633 -30533
257083 -1229399
1711818 6923438
2086167 3057952
-1708218 229280
4996580 5396416
-1085662 -1799063
3284015 -6298882
-1281747 5128610
-6339246 3978299
-4391206 -6741488
-7361631 -7319766
-122650 -485098
9970087 -6339862
4916026 -1996811
-4799943 3714313
-195642 -2026372
-3805117 -86130
10396852 -1328236
-1224393 -2647932
2993029 4112962
2190342 -197158
92622 -2116820
2889200 4633082
424377 2940024
5370108 1970568
6711102 -11588260
-4045828 6105417
4065846 276861
-1124311 -4151443
-2867159 -8084885
14132296 4954403
4907295 8104164
1584788 1143676
2572067 -5988294
-1305038 375759
5830838 2699005
1823993 2763032
-523307 3358295
95077 4047254
7266557 3727590
-356680 2808322
4229322 5128779
-151693 5931353
4107976 -847891
-186062 -2606300
4900181 7437339
822712 300229
3393690 3142462
-5852087 -706393
-4864715 -1349571
5260506 3014353
1635983 503540
1071645 2682692
-7675221 -1913540
-2910422 922285
-9335986 7462232
2753209 -4263507
-4874715 1236078
-3981180 -8444396
-6862365 1707610
3237645 1321832
1909994 -1852850
-2582083 3048887
393554 9431419
-2312743 -2006774
-7451462 4419816
-354145 1859795
-2935411 348170
-8901253 -9767016
-6492764 -4582876
-2649432 2153241
-66345 2048197
4509964 4107695
-2054961 2535274
2125249 8591902
-1056154 886954
6960183 -7025460
-3867807 -1013890
-1434325 1838936
2277533 4055053
-2279427 -1459831
-3216252 -3072711
-3649189 -5667081
-1587388 3008253
-5545965 2771656
-1112114 919324
-8147486 -212424
4185403 2703968
-5184453 7587846
129907 -4915678
1047881 -6103425
-5017171 -3864986
-1210974 1306367
1342515 533741
1173461 -516282
2210452 -438209
-2490452 -9515712
-4970194 -6776555
1032024 1835968
-2547246 2476138
5663352 1362713
-5358398 2200104
-1171485 8422294
5118031 -3856537
-4749110 -1073509
4983207 371942
2185035 -2347497
995555 3370171
4756211 3564967
-906062 -205396
-5760041 3267409
1021755 -3233083
2841801 4277739
-7569869 6354325
708384 874950
6506394 1433749
2036591 -2578494
-3051358 -1671744
-2745907 -3288635
3450349 666076
-461419 2566316
3048992 5719200
-4618532 9914874
2202114 -2013350
1020533 -6471379
2663476 -4568747
1684637 -2915210
-1696720 -2810196
6003875 -1140547
-8246587 3195071
-1984686 -1516675
-83395 -187249
6058169 524197
4754618 -4435874
4121264 -331433
-503717 -6679286
-2938560 1188540
326756 -3072254
3807121 -754809
949855 -2496868
4195854 769194
-4240190 -1593556
-2046446 -753427
932374 -5076038
4749732 -8137658
-142992 10140951
752873 -450824
-1778352 -9531472
6353420 -257237
-2613983 10845484
-3383856 -6542191
-1736126 -2964491
1647388 -633063
-3319021 -3198263
-186366 11654192
8356486 1457139
4348137 -3897402
1640974 -6718132
7720760 4156153
-3310113 -1092100
-143652 -5054247
-1597439 -881513
6682193 1387542
6345797 4297641
-2137346 3638633
10588630 -2045032
4402398 2065756
2331282 -6416112
4337972 -1988254
-1012953 -2594539
-2243016 -4009899
-1958535 -1674300
-3364440 -3745554
2650866 -4195305
-4297778 -3625556
-838089 7450095
24945 1363525
8427498 -6041424
1514175 44104
803186 -3608171
-2604757 -7165738
569425 1545784
-3149336 1683741
6486577 -1302683
-1796718 -5264046
3259494 -1461657
1046359 -1853075
-6596742 6120585
5567896 5829342
5874312 -538637
426364 -3693764
6723704 -393064
-721332 -190476
-2918291 -3544645
-8656256 -5486814
1176290 1196507
-571316 526084
-367008 3884755
6827795 -858163
1219471 1072522
-4538506 2378682
-6458804 -4966877
-2660628 -4406267
540218 -1013335
-8385454 892185
-4745637 -662907
-963166 -3018678
-8076766 -2869450
-2055816 -5221272
2408918 10522263
2715847 -4019429
-3123810 5464684
5686691 1576897
-1746807 3461682
1671334 1342134
-1553745 -1067850
456830 2853876
4563708 -3242100
10622231 570177
-4224228 -3386717
-6631477 7735112
1533526 2362558
-6332341 -3811199
-2723162 1223642
1839998 2049103
-1616358 4417921
-2493357 -1011204
-1111700 6497210
2703355 5840190
-2727132 -3722271
3012016 -1128762
2206150 -3790081
-33105 1206206
-1736180 974808
-3099934 3647966
686844 -591607
-2135621 -542498
-6783098 -974203
-2080181 -3252316
157 2679696
-243651 4273227
2946526 -4326442
-1582521 -3973089
-120602 131733
2050985 6550073
2115367 6711
-3956659 4599191
538187 4819621
-2658222 1340118
2721679 1894388
-847045 -6925349
-7556665 -1574887
5213479 -1758505
3647651 -1948658
4188080 -30169
8577842 -21498510
1530548 885614
1387143 9542304
1130288 -3541249
-5310422 -1750549
733818 -88171
-263696 -4594585
4781842 -1428339
3587582 -1123338
5551734 -6211851
-3472102 -3872261
3281117 806290
-5327208 1798635
2088201 -4934568
-3532227 489869
-1592965 -30340
2277420 -7386173
-1737518 -3577456
-2471124 -826747
1682719 -5363190
-447437 6036682
4981842 1391002
-3725346 2505408
261259 1935449
-1737568 1729389
-1047065 -8067259
1278129 1435784
1501877 -854375
-4779161 -7881973
2583381 4745097
2258175 128662
-2785572 -1911477
-51724 1874210
-5261886 -180007
1290024 -2667561
8357569 2237494
-462885 1025933
-7109371 7142155
-1460827 28299
-2006528 2574149
-2137363 3560893
1703994 -4633104
-3120491 -2504099
536416 -4505676
4542587 2498998
6587307 -1548722
9338433 10466642
-2855845 9546134
718669 -2514706
-5744611 -4435753
3302662 4877111
-5608103 2660905
2196969 1788645
1707066 -5023234
1803932 6481892
2953768 -3127465
1796737 -3566475
-283467 4322179
3466545 4189857
2210915 -5333945
-1363288 9252724
-9476478 -1905202
1937876 4679297
6204567 5094313
-4146578 6962276
-5688372 -5590644
-432021 1260399
-647460 -1616537
-573293 349270
9944953 3831663
4316505 8161405
-8228559 -1975864
3146293 1692769
-7393999 4342336
10505990 2271642
3840334 8525876
1189755 1704315
148570 -441775
-1588010 -133971
-6386560 962753
-7170103 -3132722
403357 3679393
-2868619 3028112
-4381737 5295482
-3276627 -7049400
3732853 -2340254
-61541 156350
-3399847 5660957
-1906279 3086652
4716161 40897
1432365 -1302044
-2243410 10389747
-5037514 2174798
-2820664 -1327243
-1905495 -1418294
2409180 -3132898
-472888 746437
-4080308 -4505273
4024467 6671876
-302459 2859807
-948809 -1158110
-2580081 -1013420
-2662167 587935
-5263667 329252
3755362 3253601
-4236074 1669743
387971 -4552337
-2343527 4773492
2717737 -3782935
1246351 7688869
1121870 1820168
4535341 2663409
5941677 5259880
1233206 7741212
-7770625 2357808
2994954 -119073
6470324 5761335
-5046601 -1018260
-975418 -6549640
-6809593 6606107
2851774 -2151134
-1813175 -784216
-1501481 3964384
1801637 6524969
-735528 268429
3442780 -843001
3603524 9894035
4712005 2676389
-655228 -378187
-10837743 368166
-4481430 6225368
4812008 -6250025
-236591 2584596
-5933788 -1466111
4627722 3215812
3129781 3714460
-844539 3347469
114590 4841147
-1552570 -6251526
1715465 2153061
-4021188 -421411
-1004288 -7579179
-703602 6268581
-1285979 6831397
1994523 841512
1748020 5843296
-2693425 1355398
-2168942 1494113
-8342438 3887029
6232670 -4106127
-106004 -9096681
8753921 6541914
362336 5080929
-124072 3238389
1365696 1678710
241016 3258964
3017964 6056090
-250114 3645577
2146612 -882768
-2012325 -888136
-1581553 -3045889
1234740 3178664
4766586 -1670764
1718924 122635
726652 2733451
860385 -5681833
3194854 -9052603
2668113 7463711
-7841677 -3853645
2683672 2931394
-121104 -2561399
1363959 -1523467
-3360767 -3755304
2549478 -187012
1000224 3712564
6460825 -2320663
-2274491 304466
3302940 -2002334
3760720 -4006731
-1669376 7978860
-43263 -2462701
200798 -1833526
4989201 5047525
-2018253 76774
4046804 1367736
-3650921 5447961
1106993 4854252
495506 -5198617
3998244 5348276
2410849 6065845
-2020063 1046634
-6183870 -3822411
-2055320 -1462201
2340748 -1949826
3066221 2727235
2004579 835330
1857050 -5804561
-4525743 -1139964
1102432 -1365427
933172 2060020
7426150 -2682397
916354 4155269
-346967 -107456
4050628 -5567305
-259352 -1954563
-11484 6189534
3454090 892227
1042945 -5196710
-1092811 2746200
2026973 -6265355
2192113 3527892
2505871 -7576833
-1574088 4966861
-5579086 -2705667
-686668 -93951
-438899 -648205
1992169 -5526833
-9173701 1231911
2047738 -300116
5337439 -1836893
2891178 1217065
-276711 2854849
-4835795 -2137145
3671378 1745553
8043906 -3034897
667448 -560024
-1743441 3783025
-4310330 3815467
-3678274 -2511040
1266500 3438662
-937335 3838452
4213265 -3284616
2244643 -5213213
-6518136 -6623726
796413 2109606
-4050271 3969457
9785 293854
-82392 39679
-357374 2770047
-4238672 279352
-1490411 10179029
-2093102 -2207798
5528277 -2627441
-3664809 -357230
-3830012 1913925
-3231365 2798323
-6220001 1096223
481576 38363
-4721236 -67682
2142669 -3744970
-317085 957793
3517695 7193094
-10104185 -7644111
-1940195 1065532
5475260 531739
2793796 -1169097
321728 574574
-18127 1701381
-7405065 -273869
962469 -5548200
1061784 2949401
-3928663 -6547659
-1067637 -8978364
-2748483 -5928095
-2302296 7661176
1299503 867935
-6974821 5697048
-3428590 1786980
3180189 3066818
1344752 3714591
3504956 6413400
4559806 -2015944
-2028646 -262727
-4842992 2589254
-3452665 782597
400945 1104947
1270485 838372
-2278473 -5003836
1386076 1180863
5075681 -5852893
-130006 1394116
-1853217 -1841424
861785 4007207
-5767942 1011976
7614710 9081245
7027115 -806553
-5329857 -3450254
-4112520 5591786
2504091 -1283259
9071140 -2245910
2018053 1357523
1921762 -4219539
4428952 -683538
3410312 -6252838
-1629773 -2375494
-3858305 3540883
922234 -4811638
1146335 -2841847
1861695 -651325
-6082769 -2715319
-7722571 2462392
-392524 2378775
6662882 -2677139
2041306 -5219561
3052022 8739731
-3555017 5350436
-4548062 4026391
-796907 5731703
-1554197 131591
7755750 -3584698
-2599496 -4809366
4659916 1107249
6174143 -2833635
3741801 256787
3019060 -4545706
-2764063 -1950121
-906458 1341027
-1147191 -1434255
3306265 2749981
9735598 -642489
-3271717 -1267377
-988295 -6228337
5208304 -3822964
-8538030 11293111
-511791 194328
-4303776 -4665579
-5229227 -1213204
8713692 5979719
3694371 -2795996
2106409 1643910
5610254 129733
1779143 2430897
6278244 4435988
-1856840 1556306
-7325584 -6620048
1821811 13649646
-3803686 2702115
-1564621 433603
5340311 3104774
-7011641 -595446
9519335 -6053062
-1581224 4186251
-242019 -974587
2952416 2131957
-2635941 1894011
-2238906 -5527185
-2508221 -8572336
9366237 -9853039
2390095 5226120
-1779867 6254906
-32968 1182078
-909322 -5836612
-3616486 5958985
-541126 4075458
1256095 -1034213
-3455537 2230244
6531702 2682719
-2198903 618755
316087 4724724
553899 -2185039
6277405 4161326
474529 -830081
-573836 -3217520
15945424 1125903
-4968424 2445597
-1268235 -6001107
-3466820 -6053779
-636569 -2517089
-937176 941551
-2860052 777235
829565 -4919118
-8771070 -2279153
-5548508 4767981
1185249 -11659012
-3801412 -2278080
-4504721 -9287025
4516664 2727314
5695515 -1970996
-3067427 -211897
4710502 2590006
1234586 -40703
3321169 2522075
-129378 136907
-1014107 -1545488
-4587602 2071495
3871347 -1316242
-1428407 1639459
1846284 -6334810
6890881 2812578
-1081569 1503594
9331264 1924026
2984959 -3356731
-10669097 -3219303
-858976 2150256
-2933281 4409446
-3211549 -4803683
-872586 -1294003
2207513 -7536741
1031346 4772841
217043 -5700538
867633 -11249669
-2563676 9696767
-6310544 -1043455
-9902277 224432
866622 -2885938
-5934344 2829004
-5070867 -6122104
-4282534 -3930551
341445 -861667
-10546114 316919
1387184 -7378410
2306854 12177757
1254767 -4163954
-75896 82013
9244794 -319001
-4679658 -1833203
5332676 -1558110
-2239608 489673
-1717748 -3564247
5818932 -5125957
-717918 -1254069
-1439103 -1844461
5649428 -876346
-3270622 -284862
6297407 7451750
2109131 1096437
4407504 -83308
-114068 2887061
203461 4087459
-1861454 -812832
-2572831 3399600
-3760288 601598
-4124465 -3903726
1568883 2722096
5074812 -1431059
-1406866 5017560
-6101137 -187683
-3991866 -5862554
-5440389 -2298355
2895781 -2677830
1600032 -972038
425507 -5429323
-4887814 185043
-1604585 -6273447
-3699894 3866863
-4221887 -5002962
-1916097 4185975
-7257685 8375658
-1545889 -3223996
1452691 1815527
-4509204 9949777
-1147470 9517072
-1168927 7715703
3727696 -4616036
699534 2284733
-2211824 -4654741
-5907537 -3272805
654637 -2457013
4370604 720217
-2647115 -5169336
3409641 -947847
513282 3146107
4659565 -7040212
-3003815 1813350
-2963732 -2888552
4662674 -27535
-484233 5631581
6231858 -117963
-5540292 -2599695
-1872015 94262
-5514663 -3039408
-1011398 4145375
2821848 -3784826
107469 -4349451
-5518654 -42160
-1183635 -1522961
4855484 -4590963
-3045075 -4180692
243299 -5948149
4158852 2137108
8846438 -10901529
-504493 8594388
5801336 5667146
6211032 8112533
1269288 3226943
3865158 -10138185
2314369 2495961
1754191 -3797304
1789341 4803267
-9102743 -413631
-4398309 4965897
8000943 5273706
-3213166 2185296
3254878 4366513
-7189324 4693072
-1484639 4286789
3792345 -2842075
2720858 -994026
-2142021 -361753
-252231 -2963316
-5250544 1566275
2209585 -1581983
-4446185 -3031879
-3099610 -4305597
-8725734 -307574
344335 7659746
3010024 -5821925
783203 -2407829
-1009393 13164414
-5500767 7144678
1241515 -663179
-885138 -1730754
2430078 3868281
-776339 -6091134
4526570 4548067
3284180 -156348
5532151 -2940332
1463514 1083779
18512 4428564
889854 -1391327
2770799 -5365265
-5876294 -933544
-8781448 1767411
423407 5572566
-1268901 -2078999
2428523 -1471165
2678748 -203187
-213222 5883632
-84953 -245634
3425206 -4930903
-1518538 2603253
-226486 2637493
1247307 427602
4759756 -422817
3884015 -1872001
3322964 2177798
5046749 -2595294
125395 6366936
-481940 -2110542
-1347576 -371148
-1597394 -5550695
4595046 -6906959
1810493 -1697664
-909312 4873752
3600952 5995363
-6319400 -2593929
-1610588 -6646810
-5364323 620866
-7994458 3798468
10176612 -3893616
-3292374 1812403
1160022 -3215289
-3455515 -3718264
-1941931 5345464
5213857 -1483680
-1066708 1034719
456782 -1344738
546976 -335972
2371866 4722366
-10047732 3549458
3303986 4927855
2937886 -3169068
-5239263 11463
-2659316 -354200
-4239645 -222710
6570494 2032020
7344739 -133108
1162300 4920894
-3250798 -5005785
7080033 -1146314
4717622 4521635
-2581510 -10300646
2110978 614301
3072707 -5254983
2538868 7641430
2667338 3051730
1156666 2889922
-5332680 2860385
4399663 464485
1127661 -518344
1364965 833683
749647 6294017
4651322 -1575699
3797877 737005
5312687 -4324067
4146196 2468498
1333450 -3985653
3769505 -6352521
3908622 2640465
-5475462 2260352
-954018 915649
7670635 2823569
4546068 4288529
478859 -2599092
5347260 -1117543
-7526276 -740432
-3219030 -1636544
-2502791 -374953
-753671 55561
-3583360 12253986
1815587 4093449
4775155 -6630808
-7001859 -1781090
-6190630 -4469876
261678 -858444
4250155 -619403
9707142 -139909
-212927 -107774
3068804 -938724
-4880342 -776796
-11573931 5148416
1293680 -1237972
2521291 -343760
6055002 -765420
-3026048 -7321320
247932 -1459281
8057316 2969929
2889181 -6369713
4054020 5703842
-2216741 -1405165
-2561686 2461978
180266 -2491687
3095004 1775438
3911579 5284780
-6262611 1650690
-640140 1654808
-1349133 -1278182
4640772 -338781
-1306902 -8951718
-6585810 -100122
196951 3105343
6546555 1287396
7567795 -1508485
4972144 4055633
518378 1620870
-6805939 2220451
1530532 -6246415
-3051741 -2782978
-2879965 6121245
-4463084 4636315
-8347254 2540975
-7456999 -7802278
9254856 416660
-1343248 10088522
-2217006 208521
-4256361 183684
-786297 3364935
-4767528 7048508
-5998116 1706380
-1790763 4072768
2593915 1933292
-3983995 483869
3932261 3360595
4156393 3498776
9960513 -4316339
-3374956 4128036
1284914 8763930
-3726855 -36983
-7586261 -6395882
-6663792 1613661
3360641 -825735
-4861094 -8732351
-12552 -853752
7551955 -2922958
-1125191 1498013
1971301 657212
9141334 6141496
183784 2679797
-315009 4004502
4906674 -613883
2164014 -161952
1905317 -2169535
-7531295 1404465
-2831937 3082967
3056484 782692
-1482732 7970235
-5485774 15896
-2919022 1754134
-455217 453299
2557170 3913358
810465 2466044
-2707055 1581857
-3300865 1569461
-3355690 7223975
8961215 -2133242
91480 3612978
-3077714 -3948087
6110933 4386329
2700552 1099294
-4262707 5467798
3189222 -776792
-2662327 -2103453
-1773915 -6337376
-10199283 10136923
627284 1788657
4727184 897624
2083814 392349
4562139 1761838
-769441 -5343463
-603034 5052680
1324673 9715621
6040155 7098204
-1378498 -5231697
-3756874 -1119753
-2070190 782111
-789612 5088882
10707129 1128638
5165300 4407364
-5152069 1384068
-128780 -5498621
3702591 6829150
2549335 232919
-3820749 -2198467
-3063764 3820545
321934 1708584
-10240072 -754488
-4497871 -4999195
-4970750 8049980
-7822674 -7060755
-2464092 -6552630
-1704780 10470876
-9473402 2488096
-3961961 6035068
-5846402 -1486244
2358684 -4738820
-3065265 2155830
2003729 2249015
-1143661 4155342
7518254 -2736755
147920 -5229917
-2781223 4042739
5998931 -5793887
849663 -2111250
212842 5006815
-2493086 4010284
740465 5499722
-3659339 8262065
4831195 -1046861
-1758316 -5617770
-1496245 -6982702
923776 11128762
956284 -817568
-628548 1471934
-7536045 -1386523
-1873720 -4637249
6352694 6134807
2945998 -896421
1211923 -1640027
1146280 -768429
3176135 -43380
-2233306 3309792
-2745566 451403
-1665971 604056
-8822047 -1174574
631615 -5301967
83523 2471405
1407505 -2764446
320925 401052
-1538729 1515817
4544986 -2049016
3557392 1477253
-6722726 -36683
-577901 6427215
-7998754 3319843
-2215522 5940033
-1799355 4657792
-5904365 -2675299
-1506176 6092340
9822501 -2288296
-1539836 -3168571
2313680 -12053093
-6194230 8269921
1650972 2236457
-2218498 -952024
4475398 1495156
-3116370 -3745779
-4191902 6363788
8528214 6272562
-7033438 -2692109
-3147748 -5492170
5031565 -3599973
-3139862 5421013
-7082345 -4794379
2245993 215580
3855634 408795
-5956356 -2350050
624816 4981352
2375225 -199063
3557523 -1211035
-6160820 -5061191
11697331 4482655
3332281 7974523
-1193974 5706430
7123741 -6418229
-1271787 5255563
4523130 2227832
-1188383 3248784
-1885073 -4576120
453078 -153364
1661650 -3197281
4351560 2405226
4406587 818902
4178155 -2036371
2422087 4601953
-4991235 9550533
1013744 -210691
2878562 -2812771
-1156865 2355988
-4582188 -3616608
-9323355 7409405
1180335 -2225542
-3362687 -2393692
-4942723 -1265508
-457587 1343559
385158 -804741
4248196 891537
4060914 1981738
-2837464 2897391
-891469 283547
5071532 3144574
6167065 4792148
165916 9018196
-2834559 -1468000
-84664 -11656182
-2526432 5473165
-3184433 2159828
-4671308 3821186
-6452660 54627
2722526 -572035
-795495 -2860799
1010141 3012606
502835 -1521539
-568099 599519
11190235 -597621
2586173 251570
1505849 -4052212
6670558 2994460
1503501 -1346881
5363826 -676138
-4940416 7567274
668321 5238082
9234170 -2165052
-1291083 -7562303
-2944718 3487802
3157047 6419836
486373 -61136
10091210 680089
-5177683 -207535
-2933319 5477949
6374844 10854810
9385674 -3943949
-2037275 -5103253
4048459 -4844873
2187837 -593781
2666503 -7913608
2465008 6187312
3828845 -3907109
-1933943 -1618816
-6267786 -4055822
-2809790 -4746676
-477148 -1681937
307945 10162297
-7183421 -408716
-2718442 -2357288
4554554 -1818344
6445114 7864769
-306588 1723445
-1470003 3731088
-4714343 159427
-1345974 -4407924
373132 -1298035
-1174490 -1469904
644570 3564340
856248 2183016
-291053 -6917214
-5514493 -6806993
6514993 2434198
1186741 -2573888
-3318630 -2519067
-249492 6560081
8072669 -6651068
6029464 3807042
-1570903 848076
-6371436 -1060713
1700146 3568140
-498498 1239244
-2577471 5388649
-5048381 -7960166
1665303 -11314395
155768 3102161
2031508 1047352
2530832 2257894
146657 7463959
-1759585 1488123
-1110735 330113
3969612 -2010354
-3933870 3837448
6640799 1859935
-1497384 74037
4059132 928276
4070949 2575260
-190733 -4037822
-2590684 3728074
-2619041 2553853
5402326 3135175
-4735957 -2670211
1884108 -824135
4193767 4030229
1575503 2795088
6909654 -1091411
3903280 494834
1141413 -645251
-1297549 -1063950
3045643 456748
-6613961 4007398
5031098 139950
-1095008 1328790
-2937667 -6617475
2315558 2495679
5958401 -5492870
-1543912 1562859
1737321 -3492305
4936827 4072127
-4252825 -2969657
-6761198 -5985287
-2365704 5517150
-4053132 -4983624
3536895 -1618946
2715789 -83641
-4775615 1620215
-4099410 5152591
3301696 -386936
-1588880 -167551
-1838345 -7265119
-349182 4783093
-1828971 3076925
5978651 -7034163
3789557 1482019
-5261992 622452
8991516 1772857
-450415 10440958
6064013 5192016
7901799 2731579
-4771922 4599994
-6697998 2942393
2657979 -999650
-3031414 6477294
6248359 -7511509
4477071 6510102
-4534691 -1298239
3319800 -1642901
-971832 1325272
-1862956 838399
-4786299 207372
95265 -733932
1567302 33804
3935689 1663883
-3534888 -4609048
3488533 3852263
-3811291 -7065884
-2026827 -1594923
-325938 12228348
-6228106 -6401399
4048443 288739
-2399892 2257272
-4760136 -3928127
5367590 -1981619
-3593393 1431000
4031151 2935574
3809429 -810870
4696711 -252986
6188959 -2717650
231580 2240037
11625406 4298527
1109846 886621
4222980 -1345386
227975 7199370
-2565460 -705562
-1052058 4346120
-1319995 2177577
5689151 -2541775
2853155 -1892192
-2911654 -7723349
-2580851 4356437
832434 1587291
4573404 4460849
3058173 -546092
-4228766 -4025021
4339554 -2458589
-1654707 5240353
-3110200 4926740
866636 -5518693
-2301213 -56544
-529969 520099
-5624017 -3087690
-4707170 1007676
1773440 910914
-1425523 1860956
-407815 3583841
-5510482 2450563
1954899 -2129389
161735 -585532
-5618878 -5894357
4023865 3952991
-351542 1972046
-5004205 4044046
-134244 -8660491
933105 -3699610
-3242025 -160369
-5976617 2597606
-2907575 -2031951
-5759955 -2181291
-4146053 -425900
658651 -5559282
3616833 -3835809
-1761748 1171122
962290 -1224653
347870 -7814915
4943931 5814345
-6886618 2416319
-1217355 3775036
-8351716 3012019
660953 2604686
-119128 1671503
2482690 5900617
-561368 5199244
83942 1747847
6712670 3129566
-6549013 -2363833
-1619160 1021648
-13690 61341
-2777129 1809293
397339 4476254
-3021838 -2838880
-168476 -2018559
-1036647 -5325905
560447 3959287
7823093 -2834280
1620375 -6366426
2354974 1415080
3982012 -1571619
5312061 797622
-6586926 -10128644
-274039 1032140
1872532 -2061000
2038316 -3615903
4676387 -787138
-2704605 4245189
-3267939 4451989
730654 -7704234
-1972067 221088
-2304140 -712668
1093675 1831069
9993482 1368333
-184464 -3633543
-3932714 2988701
-4720318 -4991155
-3603026 -3192370
1995655 -3556025
4699031 87162
6082308 -432207
-3577822 -9523009
-3327868 311655
-6876352 1541299
-4897801 574887
8559593 -479905
-1319438 -4290176
-739369 2515943
4884772 -4834941
4079831 5154424
-204448 3577178
-5333311 2711606
2730138 168665
-1322776 -3831930
1486034 -377882
-4161366 -2715599
7484108 -209536
5615990 -5866142
1166919 8888868
-5049651 2588211
-3689367 562595
-4911291 253647
-909716 -1348022
1559661 4598975
2225969 -6478288
1201302 2210952
6449411 -2842244
1310300 -1235094
-4636175 165774
2418915 -8118689
8220484 837503
3936446 -3641827
-410256 -4858697
2356065 -1145873
-437849 6433447
-113252 1850657
-364049 -2243238
4498788 1256990
-3103170 -4617576
6671948 -8961473
2542932 6174551
-2843025 7606637
-244597 3737215
-6079660 -3072544
4476808 -7560444
3202766 -3226071
-6812344 -2828239
-378554 655195
5125143 -2263814
-5016470 8587001
3683971 2308712
-4489792 -5057488
3424260 -5007447
-2052784 1248807
-2962648 8236688
-5321680 -185551
939391 -7786297
-5174267 -10209629
857114 6447113
-151037 3641184
8799834 8173896
2185233 -1411025
-2524962 -5499229
-3969222 1131977
-1730974 3694774
8054107 3709970
-4147224 -2768368
4995019 5753213
965355 5137295
-1680977 -5873729
1339145 5411531
4634367 -5834978
614078 -928400
3161974 2953473
-663508 -970290
-4874023 -3833025
-834121 4381997
1049028 -3863065
-3278517 -310592
656056 -1333546
-4733125 3106853
3434560 -5558618
-620752 -3733339
1927893 149000
489774 2414421
9422770 6045862
9450573 2811439
2910488 3310885
3436210 6524932
3630030 5912540
3093310 -4154996
-4303437 -95144
-2119615 4456035
-6223004 -5891486
4280387 377998
874685 -300874
-1181383 -7860503
-11870523 -11359
-4417301 -3498856
-3412555 -4621247
1228920 -1391632
1697208 4327980
13309566 1075609
-4301712 -1957104
-1657219 5147614
1687940 1215584
-1948722 1987833
4096895 -1066011
-5685113 -2605492
-857047 -10016111
-7125230 -3183302
895631 -5674092
2584367 2640678
-4533254 786324
-4825744 3177477
-2439369 6754253
3611285 -7874201
-1059778 -2731250
-1502429 3927055
5315568 -856618
534819 2686942
203918 1303597
-3757057 -9903063
3899609 -5243046
-158563 7070692
-7904017 -1510748
339117 1919310
-1572322 2761190
-2439994 -4951304
-1533743 4797280
-1585683 -1952466
-669385 -1034291
9358159 2045113
-6830974 3082074
-6576761 -702812
-6578297 3189857
2688015 -1124675
-4032334 8316629
496575 -8143383
102892 3056409
3035000 1038598
-1477253 -8470459
-3842499 -3750041
2724137 5012146
942517 -906689
4044766 2807390
5830971 -1922562
-2176655 -2521245
-3095274 10499914
7921508 -2358336
-1565023 1249442
3156062 -2271734
-4374442 -1501631
274047 5421009
-2264292 -1023858
2923711 -7297705
-10795603 245055
-953325 -510465
1362742 1522853
-4064596 -1581310
469582 2042895
-3185490 -6830793
-146112 432783
-1132087 -1152729
-5521005 -3151209
3404653 -4158627
-394191 -1997350
-6395048 -222870
6099385 -809755
-4406509 1902975
4228275 -883345
-5004236 -1141659
4708525 -4591651
5392560 -2105326
842973 5846570
7850970 -4106171
-4553836 -1906889
-3973694 -762187
-996606 -1809957
2655266 -539853
1135778 2300631
3145398 2224882
3451555 -5886638
-5014419 5823501
6780768 -355766
-399905 -3648921
-5395450 -2221146
-3913019 -603775
2868047 4998453
-8191536 -751159
3249920 5522027
6784198 6398224
-3332360 -3624870
-3498636 -3263255
-4001903 -864709
1066674 747320
1897871 -2669212
2702755 -4114708
939370 2985937
2145583 -2532915
5900145 -3339687
-3867820 1186541
400506 4957441
-2442900 2116950
3733622 2615293
-9801990 8007827
3875218 -1538727
1664340 -1275454
3321761 -5988475
2601892 4551079
-6778100 -5255383
-3509991 1442202
-4745153 4690466
-4519846 -592196
-12270726 -6157300
-419458 3920034
1974329 7347672
-1778164 3764573
-796022 -1076339
2017081 1344447
-335337 7930274
-175787 1328996
901919 -2660163
-4849754 -1224626
-3403055 -2606063
-4962064 9146450
-14500 3493481
-3249353 -480451
3369707 -2304695
3881223 -2232410
1127392 -346881
-1739612 -818047
-591492 -6559285
5730580 -7671066
4760340 8948839
8314650 290970
3975196 -1301755
-5359403 -4369322
2405051 -2764749
-5607763 3866362
1619291 -4018425
10583524 -7177720
3186365 -7137337
-6528896 -6993578
-746099 5474280
5795306 11221303
-9180980 1664279
-19744 -7864234
-445807 -7162904
304453 -1289937
7838765 -2919580
5411743 -1669701
-5924486 470788
-8279290 3492507
1993262 -3135979
6528317 -287243
3547216 5933054
307193 11513354
793310 -2713994
12161267 736017
-647174 -770009
-4287170 -1747238
3862150 -10856833
-7560040 8814677
-1165847 6095182
-4455809 11318139
-1166612 -3696512
-450600 3525036
4272221 6416833
5030954 -7823593
1099584 -5753926
2103556 110281
6190172 -1239218
-3175440 -2914936
14142389 5987502
-2124511 -3793949
-3311207 -7754863
-47137 -4964857
-8351485 9051206
-622262 5049670
-1602544 2593407
3919443 593593
-2928999 -5230653
-1188875 5221493
1701763 6041506
1804973 8135492
-3237239 -3327296
-700430 -6824581
3379527 2713007
-303206 2938311
400346 -2579865
-3146140 3127449
6993906 4310799
-494700 233988
3803331 -8435453
-6653324 2256606
-1039511 -4290916
-4257692 -96856
-4331760 -5906142
-959387 -8572400
1550385 1344450
7620624 6590016
321275 2429758
-3009863 4075547
-9412789 -1846901
-2552080 -5095110
2489011 736384
-2040197 385682
5643891 -3348499
952106 -834158
1957469 -1412065
2034858 1916743
-1554658 -3666883
7120964 5045219
-2902412 2862957
-911372 6105349
3911471 -1361548
3597711 -5140320
-4107035 4891472
-4657948 -2047851
10651010 -2747119
-3691339 -3173439
-857729 3609070
5672279 -1543419
907574 5532517
5035876 -5143053
1149221 -4256326
5917634 -2900740
-1988979 -6195763
-3949824 -2197092
4265130 1356367
-3972770 4849687
3375224 -4361711
8838297 5560861
-8175477 3424888
595268 7128638
7770277 2899373
9313180 1631382
8522076 -1189635
-2472081 5482200
-3123458 -3585119
-5425732 788134
357604 1532434
4490226 742173
-8176930 801376
5763499 1118769
7219127 3147263
571656 -1959326
2976856 3692305
9379030 4559282
1628101 1603576
-5803995 4202938
201408 -2458763
-2861961 -535380
1984255 9825
-1328847 -1078977
-543707 -2602169
-2304345 3111131
-2894949 -1682723
-8620188 -764611
-5480727 3642110
-1323688 -4758277
-3224113 -370069
-1851337 -1205602
5053634 -2234167
-472554 -2863156
-4262295 -2047615
-5404794 -2598335
-349015 -2435534
575069 -3292502
-2022908 1032163
1432516 -8564660
-5472061 2317943
-7369803 -4960204
2346358 -1315181
36170 -1218318
-526584 7954493
8703115 -2974242
1689960 -10286707
7071559 6776745
1228833 -837055
-3109836 2394976
-3192204 -827967
-6393654 -5811873
-4562424 -1336021
3772615 4589888
-7673400 -1282398
4176050 7041822
-2166825 3135558
-587134 -4602577
367021 2101978
2681951 1513094
-12070782 1519421
409763 2966895
1249933 -298230
-15978385 1906328
-4137942 -2325827
-1719367 -347193
-1683867 -4413391
-4733287 -1339896
1013291 1293143
2612168 -2802528
-2460619 -2274344
2478729 11892555
8066556 -4371482
-60884 -1688530
1230100 12894680
319522 -3776
-1286710 26922
1852432 1607596
-3189542 -1115797
322191 1638718
-627276 3377829
-1271574 2909016
-2071933 1631815
3445880 -1987575
-3453027 -4576457
-1110247 -3110067
-1137874 7068785
-3328744 1510362
-4189863 -3850090
-324367 359521
2435232 -4686660
1331138 1715508
35223 2882343
-1973198 1333943
-174813 -4187638
-1983693 1099039
2976137 -4100210
-110011 278441
-11394928 -2483198
-2016608 -5275239
3356903 4025988
-961628 -4254428
3102445 6011653
-1596350 621431
-3491494 3487864
872656 3569421
2902059 3109124
-2210030 1579618
5825866 3184957
6571621 1635526
7226939 1496045
-845210 -3912535
-2494932 6407729
4882548 4606619
4411148 1020446
3253775 -2716620
8217562 7960262
2244233 -3046589
3133567 -261230
606826 -3548648
2979082 2654291
4616569 -311482
1945766 -391711
-5150057 6875172
-4017707 4515225
2897162 732246
2716550 5826542
4570080 -2138816
425660 470995
3009544 -1527446
-2595996 -2349113
-2426240 -9360402
-3802417 -645267
-1699684 -5053235
1778692 -2324867
-6320797 3141202
-2373671 -8991396
-5703564 3876284
72702 447345
-4239075 -336020
1060654 -3726698
-5803776 -8867377
949361 1262035
1321850 1689551
-8536788 4531129
5965549 -804054
-5011333 -2072966
-4567412 935728
-4182221 6621173
-1611775 8597350
5527530 1939335
-1654903 -2233001
2706171 -2549718
-1109236 11136322
767289 2820340
5225258 -2853439
-123994 -1066223
1039251 -6361095
2035735 402793
-7770641 5526234
578033 3891114
8891436 -3518284
614843 -4425610
-347850 9279445
1262233 -670775
-763346 3295543
5658675 2880776
1550573 -1211691
917007 663054
-4717245 -4250794
3657404 153224
3244882 -5504228
1437686 -3786650
-3784759 3354397
2284891 -3844421
-1973166 -4829304
4192309 4605985
912154 9870915
-1213894 8963752
396463 -3547933
1879628 -4222312
3507908 -10535752
2796935 1876775
331053 -439902
-4675657 1080991
-3707913 -7228329
-2067804 -3023709
1544064 2227760
4485073 4013619
2685995 -1653156
1480056 1072853
-4237077 -6318595
-4075685 1475690
741825 -62879
872156 5814642
-3953887 -6307855
1094737 2884136
-3321582 -638775
-460140 -9026485
-4473354 1013730
436122 -2859282
9524384 3651107
-717028 -2022674
1391130 -756406
446875 2640997
117331 -5238040
4307008 2125860
1792478 -1895555
3347432 -984171
-4269756 -3531926
-1691256 -524116
8975326 2708836
2456653 -2204049
-384502 4588062
-3771340 -4916389
-1899251 -584467
-579441 -693101
7013932 752639
4848546 4698653
7589593 -3769368
-2666653 -1714020
-3943986 -8516182
3285622 -11749397
5663222 -1554513
7013611 -2131977
992297 2469031
-6322076 -3406717
3057404 4054812
-3486898 -1908919
-125914 -1744539
6741 10054200
-4205648 -2582312
-4882430 1129809
-2227151 1098390
-2502784 420056
-1517184 2349905
3703604 3446595
-351774 -4449047
-297310 3939770
3019666 1019809
1043395 2911881
-8996292 9154453
-3962867 2478368
-4994404 6188710
3737604 -1398759
5227971 4103564
3471301 -2635839
-4144361 -4898052
-165730 1679776
-955582 -68230
846911 -4173450
-6009365 -2323039
-1435154 -1801316
-326996 -5467322
5685484 -3351806
-243295 -736376
-398436 -673785
-1382800 5276985
1824120 -8470712
-7878388 7102981
-1195875 -3581058
4240124 -904639
4437629 1459617
4839727 317457
-3131025 -2147383
699513 4498840
1267790 -5209256
-3339541 4378153
2143429 -9499307
1225041 4770102
5777826 9100844
1205236 -1384250
4311310 -5656329
1113294 -4566952
2304980 4000877
-8117840 285384
298876 2507898
2887243 2192175
568680 3080361
-26473 770039
771442 2950243
3668394 1126283
-2163722 -5520142
5417400 -2137024
5453950 -4543715
4018290 506671
-4526410 -3077773
-2702127 -8692411
7690292 4466471
9338081 -5615034
4801221 5045496
1485391 6388028
-163070 -6221422
-2025718 5916677
2056459 11235522
1262895 1240542
3177632 -1904787
1166470 -351545
10203023 -3618413
-8092320 1595310
50961 -3138447
2165985 -6538402
-4213269 -4678750
-2102111 -1164926
-75579 -1975113
-2292448 2115902
-4941064 4600750
-2154203 -2054601
-4353382 -7534347
7873362 -1258738
906114 2275355
-1576018 3962234
-2585487 -4452425
-1254586 2661978
3019063 -5029727
-7842163 2957655
-1794281 2730640
-5348728 2516516
665377 378579
4510786 4913507
-4666055 -4730943
-508536 154949
9857262 -1246002
3531722 -5701868
-1796171 -1952542
-1873014 -247527
2632457 4536444
6081864 81902
-1937716 1185424
6427464 2022009
6171109 -2818271
-1065546 -726087
2805112 -3206148
754630 5631597
8012809 -2758237
-1906349 3798186
-14772 -869477
2343508 -283440
7052672 -7986503
7695644 -5586213
1061518 -1406951
6126447 -3475251
3734465 -3436803
2458040 -7014682
2831142 -1047507
2849769 7505386
-667450 -1491061
2115707 1755220
9458234 -4326588
-3122094 -445521
2564475 -88281
1214206 432636
3341153 2319135
-3476606 7436374
4964806 -193363
983493 -8227492
-221257 -1189096
-496471 -1997758
-2884674 4792633
-2933462 -10388068
-4836476 1116427
6041589 6858590
5079998 7688275
-135486 5419169
917007 -760443
3016408 -3516510
-7102877 3973892
-2422920 3206165
4131952 -4070921
-2046341 5730257
-4231084 -9184672
-2775551 -500070
-4724998 1280844
-4983488 -2807654
5847111 6646486
-4578819 1337974
4143185 6645808
1921565 5301053
-4955067 4237978
-9747512 -2623357
-3144112 -4824218
-5370120 -4820126
-620782 4444544
7943235 -1734881
-1600916 -5075692
2932523 -3988931
-3387486 -3203768
8406073 6971569
1083239 -8046852
-7255423 -3420858
-8401588 -2348084
-944167 -4310688
1934741 -4868637
-3692942 105338
4990069 -204917
5465536 -3132357
6885547 4157264
8017111 -420063
-10273491 -1251223
-10314542 2306505
-2918814 -2632758
-3621263 -5161497
300349 2140193
-884844 3557310
1233758 526815
3168671 -1513361
-1407080 -1661975
-160841 3080567
266094 4851293
3834623 -1730192
-6352207 -4661516
-3040846 179595
662446 6578255
-171597 -2239804
-849637 -217487
2519032 -695423
-894837 87052
-1291258 -3526117
3073284 -1890294
8743159 -3150171
-3387228 -1916591
-1157868 505687
5639000 -3500160
659313 1272183
-9150801 4593419
6065043 839965
10523487 6542716
-3256421 1252302
1932126 -6963796
-2362344 8521510
-936261 1177470
-7695744 -3878580
4824476 -1249689
4474638 7503239
-5420835 3207556
-5896025 8799745
4594314 -1730300
3428010 -768318
39716 7453672
4698605 -3235419
5130897 65747
-7024401 -5280492
-2263815 -2108460
-3138875 -5816820
-2888789 -699432
4519258 -1379925
-128972 1741795
-2793203 -2142784
2388150 6389765
856316 -3635390
5358722 4600352
2187819 585489
-3805965 7339818
-10045178 235233
2949146 2185891
1885594 8680870
-1623646 -5355670
-9080068 4266639
5015444 -1925953
2775045 -494534
3094933 2408883
2555124 -4537619
4004146 6021708
3046398 -895833
-664610 -5656254
5431247 -394353
7650924 -6939249
2606193 -3382386
415147 -1149334
-1290298 1871083
2547584 175967
-10025358 -3423979
-1804964 3593967
4564386 1028129
5404714 -1225948
2081382 -6113111
2142362 -3622464
3181345 -2229376
-3224493 -2368596
6178029 -757776
908696 952781
5152484 -3336774
395936 2297947
1158405 -1939360
-4906372 -11893842
3079319 -3220176
2125901 -4800363
-1084195 -3143504
1436924 -4359564
-2806632 2385492
-665489 -1300377
796525 174628
-1328752 10663160
6714573 -400651
3279631 -4250690
-3079659 -419922
-5563528 -6176295
1374722 -4497519
-1602220 2230564
6584185 -305017
1982079 299899
-5347054 436342
-2180363 1402111
-1038762 -5735784
-4687482 1073271
332566 -1473373
-2117895 -1323596
-3087444 -3816272
-670651 -1117372
2193366 3613642
9863935 -1622814
-6778844 -625607
1973044 1538656
-2766287 -2878906
-8232782 -2058206
-4294812 2389077
-4594765 -514516
-3660348 211309
284769 -188215
-1271103 4787367
-696111 4696975
-111117 -1012502
-2292151 -1819478
776405 -6935537
693667 -6355940
-9138174 4039823
755346 1632818
-6732146 1235339
-8520409 7568364
7558716 5446412
-2969456 7501408
-3423799 6535599
-2406162 6413252
-3712512 -5129981
3157017 -4106217
1091165 1573927
-11805029 -2629958
846409 2290717
-336687 1648283
2567218 -746746
5704253 -4588479
3441368 8078162
-4940808 -9655972
-8349903 968398
-2928359 9010803
1489131 -2790335
1736996 -5557164
5635345 1373335
-2757599 4407867
4248892 5188561
-1985296 -3003056
10871349 -577166
-2019365 -11814408
-6377160 -2443304
-2502285 1238469
-159937 1360481
3326402 1867299
8765079 7186981
2284196 7536833
-2414275 1871074
6163758 -6285251
-3502406 -10434113
6425813 -3917005
5364424 9393820
3465518 -7769606
-2854253 4552316
1955399 7918290
-2882190 -846296
2570569 1882637
417849 -4069461
-4344284 -1960717
-2717172 -5979770
-5182168 -2451334
4129751 -1796391
-5094386 -468303
1504794 -5800163
824162 -5406850
2074934 -1573551
-3743252 2459568
1526034 2510166
-6914317 6043284
1051382 -499607
-3460679 -1939098
-1370524 -5297690
-4403008 -2142088
-7735952 -1915347
2620060 975989
2298667 434882
3133114 4237386
-709198 2667056
-305517 5762114
-1062266 -875072
-3174881 3680928
2683618 -2576474
-4889202 6631502
-5915724 4064059
630224 -1437951
-4699054 3723328
-3941808 530390
-1400159 -5154627
1453412 760419
-5325795 4613320
-4111056 2692502
-6379032 -3134280
-1325058 -1519728
3814479 -6641866
-4908796 5435255
2203705 -1190670
-2540765 5139829
-5252414 383219
-1616766 3354337
-6145278 5151372
319152 -4394132
2528114 3539925
-1325369 -2974814
967654 -4945032
-389513 -193265
-2043242 -526096
8843779 -1917263
2297997 -4744515
898307 4362278
2471751 -1566133
2450655 4816258
7052118 1584120
-5939853 -854299
889750 -8866116
-7827928 5199993
-3698862 -7802942
2135622 4531437
8281288 -342613
3256134 965076
2488565 3716991
2386928 -422481
-8317187 -1595041
3662838 3409916
-2342871 -6579332
1580996 -2391778
-4256654 -4910132
-618637 -8067520
-584058 -2054649
-3760737 540491
641904 -781299
-6202012 1869694
1512231 -1864903
-4909083 -430342
-1801273 1391064
-4198954 3287290
-2601397 7718364
-2336981 300381
-5038162 -6022732
10299735 638578
-3169973 -3080004
1128455 82706
-4470301 5372344
2434222 -6584550
6956736 2440360
4311172 -1012128
-2510252 -1687663
-133018 7867311
2138300 -465070
-5027878 117881
-3752997 3478473
-5355414 -58493
-3066355 2612102
4621559 441148
-3968606 -1096827
155961 -2787578
-5192487 -7326084
3564867 -3141397
269816 -23022
7378785 -2541075
1266907 -3310614
-4684073 -8754308
4951351 2453070
723055 2684862
8128489 -673053
-363296 494846
-4020658 2537103
-8336810 6199414
4538016 -2916403
-2287130 2163688
4728204 2516308
3313370 1712632
-2198450 3226305
115517 2664872
3033895 10626986
-759724 8923884
7527028 -451212
6176854 -673736
1831506 5437566
-8001920 254143
-4609509 -4354973
2476436 881400
3691036 2621356
1049380 -11015173
-3195004 2513393
-3053384 2816027
9880296 4058959
-1291929 1324031
2059444 -3677633
525487 -3678477
2257926 -1420955
-2041363 -4427087
5109356 738110
2181102 6873579
-9504815 -2982490
