-2845776 1258118
-4520097 -3546911
-706597 967514
-93499 -2526970
-4839559 -106757
-3849395 -10604911
1635882 1821166
-5461348 5139456
308058 2543091
8602131 -5382481
-3891326 5025965
-2375069 12708197
2427737 2819585
-2946127 -3916857
517321 -8551337
6363195 -4779569
-1143676 -5752576
4778627 2487229
4302763 1711174
6221133 -2027930
9837805 -6488113
3357514 4246963
-6727655 174025
2263666 -278838
4147186 -6823914
1831378 -893052
1955615 -5814143
-723685 -1403544
-4071071 2952368
-1196878 -3956662
-1926245 -4678810
-3389557 -2110157
5818675 2749418
-465969 -1000555
-3708702 676979
-7581826 -1255452
-1273252 -1329464
577768 2138216
2193429 2563641
-369349 4340082
1620088 4400233
-3910075 3439714
-5364655 -11047179
-7796976 202326
837592 -658052
-908720 -106191
-3078926 -352981
-4405724 2738066
-351523 -2354327
5405434 48693
-6801231 -858188
702729 4166445
5582035 -1923445
4547878 -3789821
-568076 -5450322
-5009176 4878379
-3708519 434962
727599 6148831
1188762 8232837
-4681362 7043963
-692685 2051992
2532958 -1553440
-1217039 -1890991
-1555447 129651
-2658782 -1461004
1249971 -1855988
4382868 -6225525
-16742030 -8068140
-7473174 1604325
4126665 222383
-1393324 -2681345
2394483 -1542147
120447 3067728
1879261 823963
1775872 2048656
92710 -212137
-3377769 1753606
-894266 2579286
-257126 6724662
-3461351 211501
-9493553 8636394
-4403613 3150808
-12704090 8261713
2959352 3902261
416961 -2423441
6977632 5117166
-6463684 -3537969
-3568472 -4986757
-2558338 4931704
685710 5845135
-3210876 -6383087
-1593571 -1664802
-2088411 -2006014
-5026007 3312294
5842016 -2802206
1810734 -3273258
-3131118 4061224
5868300 -1033030
-4216380 31070
-1188675 4173279
1499243 2416312
2105409 155482
-7211903 876077
6256966 -1600725
-2246753 -2210326
1661943 3612581
3792794 4023789
2275628 -1633063
-2544503 -1767554
-1650415 -1221389
-2180972 -4403343
-3303263 -10211806
13626498 -1809024
4050748 -389793
5173109 -2666034
-6607924 2365214
3788832 7996954
7099154 -2472950
2322998 -438691
-2565188 -1013420
-2111045 2827411
4543982 -2696376
4572295 -5994542
-2021685 -50894
-236159 3904381
-7948402 -2375132
-4272794 9929
-4116266 2225375
-6801817 -1031831
1389367 -7065339
-3514254 -758785
-540580 -4030699
-7020573 3753525
-2629620 -245974
992782 6372002
-8428957 -155927
-7376769 -2586475
-3500217 2916202
83518 -1226189
-6445398 760063
5290620 -637152
-2218354 -242413
4966947 1536411
-306408 -2615439
-9285774 -3844854
-7100849 426097
-874659 5046
1782590 -10000530
6839377 3780776
-138453 6927269
-1569923 -621016
4162272 1591924
1191544 309108
801662 -1521639
9525964 -1032689
1181453 -1920399
-1713258 -423618
4081314 -961014
-9929591 -2950811
1217619 2793839
-184656 2595964
2263223 989126
2694996 -4847456
2296751 5134152
-4029183 -2850756
-195676 2396216
-1642255 6859858
2994757 4740459
-1921289 10638
-2531043 1413500
719633 2966337
353820 2724546
-3431818 -7334264
5480909 -275707
2650368 517749
-1868564 -2934707
-1331367 -863732
884967 -3692067
2957973 -3708607
2610882 -2109289
2709768 -665705
-1358859 3271239
-1149971 -1554960
-1555368 6800828
719280 -2521527
4077313 217740
-85512 740713
5498373 -3099057
-6494284 -5081197
-2189513 -4278965
14328341 -1310388
-6269344 -1038411
1201627 -3132521
2321538 -1338932
-5383968 4167644
2301249 -2381668
3642862 2817255
2171277 1578383
-393690 5461426
234994 -3875655
-1559246 1892538
3996690 -2232762
-4105078 -888933
3553350 -5642921
-1447607 1018927
-4050326 196064
8448038 -3966611
3748715 8763861
-511186 2094101
-8031159 8889054
-5843902 4135016
-1636633 -5517772
4215566 4907345
-845758 -2986071
-2375047 -6786749
-1026695 -3994874
-4510011 -2413281
-2176647 4627344
-4110258 -9079467
3020124 2258538
133007 -304989
-1588644 901328
51341 -963701
-2468806 -3653993
-3237057 -339302
2554750 5887945
1672338 -637004
-6226977 3235211
-162200 8385627
-230924 1281191
5862057 -6280050
3561198 -2391141
-4655121 2828361
-1070803 1809594
6884454 5411135
7691064 5027503
3731661 -1840882
4856937 -7045851
-1780092 441712
-1604908 3783348
9045149 1242072
-1929197 3215214
-1838190 -5045186
-2444338 -8196685
1349488 1462647
-3250026 -2664172
-41057 2626113
3427031 -6007362
122108 1841604
-7805576 475396
-3707211 -5737459
-5465092 3268496
3532281 4955241
-1250095 -1514955
44720 -5150753
-2302436 1349241
-1484956 -5219032
-1185289 905381
-5977543 -3102202
-13079045 -3767118
3148939 -1488751
7848659 664357
-866344 -1909764
-6745594 -6128752
5720970 2396530
3112361 -567627
2083724 5152553
6255459 6390717
1391754 -3405035
-5120683 9622
-3414067 5552269
2717602 -2628209
-2284233 -6150617
3689533 3807000
1654664 -2208677
344515 1094404
533215 -1870187
-3918116 -7901269
4662859 2876926
1962447 -7425198
4897778 3653015
3143792 5337453
3412322 -828121
-3982990 -5066948
-1154338 -7300958
-1564593 -4241828
-3535638 2576102
210682 7924299
-1797355 -2440867
2748159 3338544
-6924463 -542897
10887346 3019026
5528427 3126600
1586385 2043179
-251969 -1518572
-4024042 -2591927
-9393953 1164005
3384849 700263
3390126 -2790240
91108 -4953864
4337979 5804570
-904946 6687837
-1626788 295650
1022999 2661883
-7625817 6390711
-12347229 -1657347
2239091 -5847459
833719 1632540
357903 -3319862
-681502 -5383815
-5742344 1609664
-3480264 -3245730
1332752 4399134
-3722922 1189575
2727990 -1237037
-5970527 8935127
-2621003 -698314
-2168130 -2985607
673743 -1326801
4126633 2644009
498202 -162130
694323 -6348654
-3582412 307589
-2663852 3420290
-1194414 9842099
278875 1976519
2228004 3584425
-1343441 -2068737
209700 2459730
3720808 -810163
-1270152 -2794542
2084811 7706280
-1887738 2576682
7356902 585559
4111135 3675324
-1644441 2725810
3940059 7153767
-2185642 1934740
-6005419 1492783
-1765073 -23092
743831 4999147
-8428470 -604157
1822438 384583
-6878354 2829993
61106 -451785
-4862775 4465642
738825 -3332915
-2357627 9951374
6789762 176335
1650651 1031865
-5162692 43094
-4086323 521190
-1205774 8131328
-2531745 -2343346
11167977 -1023007
-9521404 5055280
-5136599 2954617
2499537 868416
3577200 -2219000
-9680474 251299
-2536957 4796490
-4484963 8731604
3427030 -3195369
7795528 10250169
1195633 -5321515
2444010 -1504160
7455625 -1613522
-3799565 -4477383
265856 -54930
-2420934 -2500037
1960497 5713644
-924808 -1679423
4818532 286889
-778292 5105355
436421 -3172617
-1392746 3017633
-7222415 3988631
3013372 5983897
446428 7058533
2024886 -364831
5598933 3810267
1002458 4589698
-3461061 6482064
1768990 2774379
4327981 -2141755
-286337 -691023
-2544746 -8691579
-5633752 -13402565
-325691 -1034197
5321612 -4058012
-3655400 -2475240
884455 -1135593
-40895 -2177383
5353188 -868218
7190298 5012826
2798787 4680497
-722494 95974
2702219 3355146
11756026 1275577
-1991174 -666671
2054897 -936439
-1940839 -4324133
-8342851 590058
-989600 -3475133
-339546 652339
4490184 -7804911
-436920 -2994460
757606 5351592
654996 4048216
-711233 499684
-3771519 3541337
-4901007 821991
-2044363 -2429049
-2008456 -949214
-782465 6513565
-1707594 5281105
3476620 -4278564
3820899 2394453
-3236095 -1610835
-2112058 -2718686
8562732 6190024
-2932265 -5062483
3076106 -1473507
-5189543 1518278
-3030233 -1957932
-4595129 -3195846
2883596 -5985154
9844548 -3651793
3001749 191560
-1257554 -2409907
3565118 5279792
-4058192 -5973194
-6209008 -448856
-421144 1828420
-2316684 5212690
1608082 3454554
-3144142 -1342235
2105250 -2654708
-31455 22636
1657364 2187717
3747607 -2628371
-739120 -1829750
10717745 -2290512
-855719 -4419417
-165836 -10155288
-5899494 556186
-542492 3865596
6597392 -1032247
338449 -3054613
-878236 -1783926
-1036156 -6243184
1782861 -4678058
-5051294 4493997
-338801 3545183
1133626 -2557638
-865208 -1897181
3120691 -3462804
-9145677 3000153
5280269 2541476
-2317041 7387620
467577 -679621
3224150 -3400867
2212632 8491969
-3585400 -1401812
-3724958 1536617
1260422 3433982
2252598 1958847
-5622701 8461014
-6496305 -3153858
936748 1315553
4172349 -7392868
-5553718 137421
-1151001 5394598
7343613 1390824
-1034576 2152041
1260731 -139893
-6003740 -8974519
-6416171 1949949
-3410769 6740650
6779850 -9520521
7980632 4215967
929511 -996241
-9461230 799614
-1112796 4315669
6589208 -5984920
-8304273 1983471
-329514 7886777
-2360771 -6936317
2329821 -316585
-5928925 3519203
-2478791 7834277
-213785 -2391755
-5141141 3762963
4276683 -817660
-7281559 278199
-2495841 -899120
7184107 -2076930
-359253 5144845
3487867 1764251
-1274646 -3095476
-4473385 -7037907
7032094 9341480
928748 -3403765
-3731909 -6536076
420811 -7233218
-5140147 1719152
119668 1453151
1298320 -1226601
5840524 -3655983
-5441476 -552214
3872081 3586710
370658 -3254325
-159893 -3281932
5184939 -448225
-5470265 2649566
-2511302 -7167287
1467741 -1041202
-2032741 -4669516
-445281 913237
168975 -2497623
3432199 585452
5027267 9243264
770675 -1913467
-6716802 -1443715
-973877 -193966
2645585 -4344235
116017 2216002
3651460 2993869
6322561 -335586
4232134 -2800027
1584091 -2276525
3703088 -1947341
7613299 -2212399
-3295577 -3175272
-6795416 2828581
3815199 4809923
-3840421 -6164161
522130 -8405507
-7990626 -466340
2121419 9603351
-4008056 175414
-2313352 1760052
5871486 2060146
7182703 1478750
219226 2005949
-3695645 -4444246
2599380 -572189
-1792454 -8030491
5981905 4689818
4813347 4934838
-1686736 -369116
-5612276 2377213
-3932956 -2360840
5477114 542404
6366789 -1894685
1666199 -3102198
-364894 -5348832
6269 835249
3624782 3120512
1012345 -9409320
2470333 3886177
-800586 -1023665
1207072 -4710889
-3451116 -2235963
2721614 2761585
-4647316 -729480
6937850 -5657777
1431443 4789469
1699665 4034839
-4338377 -4234824
3208691 -5678431
5923680 4578544
-5123082 -497359
10010442 -2685671
1620403 7716633
3298690 -541516
2602780 22529
-2309739 -3127400
-1898969 1784024
-2832098 4152437
3398701 2974834
2710013 2810690
-3131279 -3137693
9070641 4144699
-4453042 4921813
-2036954 -6113602
2392317 -3246613
9639012 2549090
9561871 2428750
393697 5010236
-1294775 -130209
-10367946 -154204
-2370526 -234278
1837717 1764550
3260731 4356247
859353 -1605566
9418531 -10805352
-1614588 -1530545
7397046 5745582
-2074516 -3680872
8047712 2521036
5267582 -3927118
3423572 -6696999
-1933262 -1380668
4480298 -192203
1856050 -2155595
3762172 978734
1076243 9772646
-3467573 2232401
4719833 3539314
1922246 -7401065
-8209297 13305
-2855689 11221182
4872793 776089
-2084034 220539
-330413 -1670834
-2334065 -5430139
-1941914 1095312
4346599 -4033644
3285682 -2557717
-907860 -3361007
-4883685 -1340112
-698676 7196657
1170058 1265278
2285025 -5128552
-404442 -2212673
1143996 -5011857
2294520 -3996453
-5237265 1043479
1246096 1864891
9439162 -4311622
1434566 -250202
-3175852 -4018413
-730210 -817587
2488531 6420402
7638433 -6201227
-1466710 -3002382
2474995 2037776
-2962529 2776022
-149793 -2298606
7651563 775922
-2307026 3623036
-232835 -8066374
2502938 3211325
-917218 -5123993
-5500112 894515
10167897 -4086717
404988 -1930476
2207144 259372
-1705156 -1065008
899716 -4783518
-5236368 422641
1182536 1078611
-5906423 379391
1169373 -2261148
-3483990 5389241
-2643246 -6533066
2672405 -885062
-4668628 7699841
-1087821 -6614883
-2526708 2893783
-4735249 -1061733
5398759 3983667
-1314342 -1388635
-510505 774966
2400166 1240527
-463967 2307603
8073 -746735
585296 2620273
-76252 3796870
-5539570 2252075
-955493 2732160
-4181102 3719866
-337774 399251
3559341 -3609321
6115259 8176261
421840 5129417
-1591073 731934
1468712 2888657
-1619605 1890947
2540254 -7993364
-1715389 4546963
3014723 -5965941
-2075323 -50096
-5406745 -3971586
-515022 -2588877
-8196889 -5514203
3422890 8234362
-580114 2079639
6138668 6491826
-1167879 -1784332
1385534 -3174623
-997034 -4534380
1731014 6467931
3949393 1264611
1335799 5024153
8124346 -5703429
3006695 556517
-1269640 2679377
-2608906 -2898747
1479351 5390810
9234295 1661233
249703 8376655
-1096500 -5744633
5966779 -1017144
3778087 -1105435
8386315 -496346
1299307 3369197
-2837810 1440909
6092620 3359847
2950268 552464
6627303 -4087433
1606215 -3487239
5337389 5236277
4448341 -5502985
-3173580 -3717677
7880610 -3595522
851118 2095464
256548 1966392
-4278048 1254438
-2099592 319450
2198095 -7232027
5592918 -3919998
1996153 447920
3869473 -428021
2282306 2504034
-5701483 -561598
-3872561 1309929
6284330 4446435
7125063 -3185208
8777201 1592868
-751301 -1848630
4479348 -950687
4676973 -12582
863793 6062138
-3680530 1182792
-1958540 404133
1537938 9841513
235482 -2553941
1259554 -2918294
4753421 -1866358
7243161 8425755
2712542 1240967
-3451994 311067
-1391503 4064436
-3697396 -2339194
-7666588 3800512
4721942 2042032
3313083 1482486
-2113473 1789378
7782017 181837
-4324186 -3056441
500206 5630834
-554681 -4377248
1111622 -3146905
-1110994 3706426
425514 4272244
982009 -1826677
-4587793 4937718
-3455472 -5424299
-2422201 -1216583
-2096840 -4082121
-993098 -7322904
-11363495 8031290
-3752401 7719931
-4359333 -3473402
-11330194 -179305
-1914775 -1320309
500025 2940674
-6579581 -1576547
-1186755 -4136896
1802822 -1806523
-1052549 10922590
-8059331 -8249440
-1326811 946855
3773811 7898907
10157900 6818688
-5217062 2012749
-119306 -1198410
-6259216 -571364
1563741 3029898
14512102 -3341553
3825021 -1604022
-7876244 622086
-2118328 5261546
1425776 -3566614
4618823 -8994265
1212686 3821221
5558774 2194309
6657607 -145675
2482570 10413924
9601482 -2587006
1180425 1604222
5734052 1781608
-12674035 69246
-4866909 6150423
-4947826 -3917516
-1716722 1096877
3375336 2622290
5517830 1832139
-7027218 -1209658
-4596396 -3841755
2050541 -899679
3602957 -1389784
2980733 -6889593
1552146 696209
3436329 5107349
4339297 -3525519
1900547 -3197386
-5741298 -3607558
-8544823 -3912281
-7385021 -5293478
5168524 -1618205
683088 -2123594
-3782985 -1874398
-763626 -3450430
4282557 -2007752
2275890 989640
-4745915 2380386
-3190218 644532
6411806 5326683
-898714 -3244316
-5425460 -3171726
269789 -148819
1440088 -611081
4202030 2817698
-1533575 -2645191
-6700713 -532289
4171727 -5430484
10430858 4134606
3328164 5913467
4603450 8896283
-4232464 6193277
2895487 4244466
12325587 1375832
-547854 -9694003
5002887 -310774
-2144383 5069512
8989521 -1339801
1335441 949605
3637797 -1942279
-1574685 1871140
4281195 -4240980
3791743 2077789
1999984 -3751290
-2490900 4999264
6580522 2088808
-2443433 -1756599
-1557470 -3142505
-500716 -2956201
1585559 6792463
9897159 -196803
-4768864 -258881
1300587 359339
4818098 -4040100
1791347 -687742
-2503295 -8804145
10375290 -196182
5680352 6600739
594294 11604042
-4712864 -8536239
-50893 2853386
1284923 3951550
3489274 -5133055
3103159 -3628420
-3337522 1045180
12044591 -8213409
862086 2622480
2255791 -6971447
-3037874 670169
-4126920 2459585
-2955634 -2998000
1563149 731890
8893 784734
3517600 -9315333
-2621357 5268938
5133040 -546985
3629745 1757164
36357 4547778
1141675 -6953298
-769443 2974521
-5922514 3230310
7109788 -3575536
3208132 -448664
10928570 -372393
-3403666 3940674
4564069 1005332
2579365 -1745717
-3186925 -306695
-2443403 -784776
4219702 -7257615
342483 -8281137
-2464437 -448596
905034 2484333
-1087178 -9291665
-4471904 -3803327
-5238503 122604
-248272 1287900
4125127 2765104
3984174 13326025
1268254 -5677095
7579304 245933
-8343401 3019057
-5611806 2490732
-3315086 -7916450
-9144149 -3117639
5032470 6627831
-2641282 50042
4555371 -7337738
6930451 6732046
-891238 3833470
3330271 -9416505
-314960 -5118360
-2808631 -129542
973480 -4972404
-5407416 1288307
5095406 -169497
3566667 538865
760513 -5507891
-4960606 -1328473
-2423819 8326074
-4797127 5930486
4034930 4883283
2378193 5066304
257074 826523
-594228 -679335
-4225873 -1862486
2799303 -2706304
4369734 1435416
-4388953 -4192258
1802798 452641
-93042 -2230166
672442 2694086
-5760420 229502
-2306901 4741357
-890019 -6237424
-2742210 -2858941
-1236826 2487220
3048168 -6925039
-4243996 -8785818
-858049 8476565
476339 -653235
2517243 -4907917
2411980 -750743
5499134 1355108
-11915412 5995500
-572541 1586470
2303994 -923843
-2700455 -2485221
173326 -3818562
-1492868 -4264086
-3133152 -16496201
-805799 -6773458
7474769 1072150
2822542 -1394056
1228313 441615
4754216 3212955
-1755382 -27786
209556 -60641
8712999 2671065
-6962727 12904374
4635993 2078133
3274043 -9717326
-1252387 -6238059
-527318 4416739
1848702 -1481445
-11169186 550574
3561191 -15883
410474 -2331746
-4576903 -1475547
-2060211 -613722
3135105 -2500337
3665544 6202447
12559371 3976668
6866 476847
-454130 6422150
-1049032 5575495
-758700 -5876030
-179623 -1294959
-1496692 5837426
8732729 4279682
745798 -1930526
3052505 -6578893
-3196242 -3520884
-7802745 -4051108
-1581397 -2948616
4278446 1379313
-2330649 1778897
7209603 -195703
-2938715 3293087
9327115 -955005
5397104 -4122672
-2936302 -5378598
2017638 1144241
10769660 332179
-2364070 5003305
4656037 1667560
-601577 -5478833
-7925744 -1628739
7823205 1128839
3144783 -1797778
-7511249 -271835
2387471 -4891661
2485966 -1891925
1402483 366425
-2055301 -5068869
9163496 4331594
-385635 -1175595
-9767073 1739682
-3125674 1085276
3148440 -6784824
-5536269 5193717
5311650 -1966420
5034372 3153546
762350 -2488168
-12889297 4266482
5507012 2761293
600986 2903738
-5303553 944209
-3820837 9576388
-11174016 -5914848
6165461 -1647607
-4985531 2640543
475575 -5280932
-10166386 -5865329
302064 5144524
1506818 -3264252
-250793 7467126
5200972 -5307423
4347171 3740402
756617 -9805013
700235 5536012
-1427978 -3558581
-3340883 -326810
-1548225 8821560
6281692 1480427
-1465592 -6432432
-13245511 -2793785
1905361 4854003
3621799 -3821193
4454045 -5750290
-3585721 -224854
3308221 -5976124
-3721283 1975503
137412 7431878
3845516 3949308
4542581 -3448953
-4135442 -4353068
-1605157 7266821
3689718 -1822233
2036199 -1995359
1175172 859527
3503637 -3150457
4499359 1870951
-1986184 6131869
4018125 7690109
3483835 2566170
570426 4098304
-5000856 2709785
7338247 3535962
2273770 5865670
-432934 1529945
7483648 -1061565
7615839 3015123
6743587 -1582130
-6321706 -5607426
-5909606 1244505
4584659 6459833
6957557 1207871
352439 2026769
-4904746 8091
3652133 -2966413
2397041 747884
3680997 -781867
2590345 -9537887
-4086701 -2057418
-707921 2966283
6358475 2123251
1977713 4346401
4265128 -5102545
542460 -1385091
-5138296 1441989
-638492 5901569
-3866191 3294357
-5195906 9054947
4546193 963284
178929 -6546869
-7068844 128976
246207 -2077633
3724056 2210701
8834873 4286639
-4939088 -2509674
-184358 -1588541
-1487506 -2010139
-5535844 10097095
-724324 -5663703
420064 683607
955099 5499952
-1036353 -5970093
10702593 2340506
-1987125 -850957
970062 -2045772
-5819559 4077959
8107808 -2133427
4120941 -4299466
108799 -680615
4848002 -1519104
4776073 1743983
6385241 -2466943
-2856751 2380598
10538058 5224262
12926 1599193
8205554 -1543454
4934003 -1427559
324813 -300436
-4584322 -305910
4697208 1080031
702587 782346
-2340107 -3386787
-4924811 1011517
-2696607 -3965143
6467310 -4773464
1192369 -658309
5925267 169295
-5769428 1906938
3776055 -11539748
-2823866 -186792
-107285 -1792020
-1677934 -4032928
-87034 -1145072
-2604245 -5627940
-2165099 3160909
3685028 -9272427
4590831 -236643
-2000435 6186263
-9178582 11437911
-5299769 6288860
-4738217 -4510376
-5792072 -5133220
5369846 4940812
-729802 -1084111
-6941277 -1038866
-1617131 -2084332
-2121445 -3140278
6659772 -2831508
992491 -366495
-3364190 -785382
-775541 -5912278
2203867 2374440
-2542850 5906603
270916 -5560397
-5550912 -3895293
-770 -1752069
202153 -2174911
-1213825 5347915
-1397820 -534113
4726778 2033965
4541531 690336
-4847361 5870165
659287 -2595292
1001021 4544555
-1326907 6871008
-527628 1142130
4300290 7534907
-5513060 729024
5833421 -526430
3417961 1385517
-364972 3510113
-1143445 439878
-2814312 -2130591
-4475728 -2052956
-2541763 -1136818
-8620756 -6678130
-7389133 5291457
1846559 -7114102
-4732747 6761505
-717239 -2643011
2812025 -113835
-2340567 -1389665
-1691209 5484794
4587291 1104000
1829342 844597
1243192 -6246202
1736538 -4569946
-1974538 7518384
843872 2065133
-2979921 4561133
3991133 298472
-1430474 -4393224
-1983965 -9032712
4143573 2490823
-6952109 -2784912
-3106351 9744431
-1751567 -979808
-5834242 257340
-1761163 1135930
3606721 822148
2197332 -2872954
1966231 -811408
-4816029 -801448
-2328267 4912398
921637 -2983100
2205639 -5298906
2441077 13570121
189384 -7008488
36011 321827
5799516 -1231684
3308053 -7735390
-2579199 -6079267
-112359 -1950726
1275546 -3752051
6785222 2333060
-189147 -1778953
-2319531 572712
2720039 -871269
-2926400 -5860465
803540 -1841721
3959448 4692508
-1362337 2481693
691460 1072247
-64290 480115
-6251193 -5121785
-11531197 5801753
-9186679 2715579
-113419 1323111
96960 2041843
1743670 -5640576
1741616 -1723331
-70977 -14971
-2155910 7248288
-3851169 1419620
-3373147 5335632
-4805174 -7164926
-7202539 -11924816
-715879 4777768
6700942 2529713
1406902 -2124418
-557817 -1596782
-2745392 -4173508
3672628 -2268289
2024151 -4898967
-4525494 -3811807
-803072 5207369
2281500 -4526770
4756795 -2549015
-2103832 208165
4111599 787063
2094585 -5924271
-161391 976813
-7414740 -7865109
815809 -8344540
-7168017 -6147997
4515158 -932195
8775231 6443010
-2995971 3038297
-1141051 230747
-6714651 -3819186
-3694794 285526
1443583 -5966277
-159481 -1693751
2946016 2268252
3169475 -378567
-1974128 6752570
1644529 1559388
831148 3020265
886188 -840611
-2819716 -3597495
1084204 986959
1243698 7521473
3334931 -8841595
-6407375 719409
2508027 -3149195
6692779 -7106297
283662 2911154
2150519 2097266
-7126656 3114872
-7511296 -7654279
-938849 -1504852
-190812 -6794853
-113035 546981
3018832 -6612459
-5826644 -5866038
-268472 -243640
-2791145 -2662744
-2902776 -4860519
5762235 3590102
-75021 3686645
5382433 -3812046
3040241 -3258332
-3700438 -1596105
-622797 -2718220
-7674737 7597666
-5715646 1749075
484294 1128125
-3428779 -1160007
-9627945 -3155045
7289078 576256
-6246194 -3647636
2079895 -5879258
-739537 3828519
-1863334 -174362
4538849 539068
-535455 -2164722
-1059174 -288623
667110 1207188
-1541204 2518356
9017443 -3456879
4604372 2245692
-317454 -1250732
-4235223 -4706840
1660433 1689423
3111623 1579655
1263640 -4855560
-5457602 -2732477
-5832554 -4125007
4843955 3702385
-2849147 5726298
-3546457 -2971445
414563 5237229
-3668726 3122912
-2148458 -2101872
-3299878 -137193
-522629 -6508020
2477568 3012104
3157175 -2078242
2224360 8910759
936918 -2786281
6259665 1530304
4436706 2371989
-1638522 2345720
-4965760 -2758469
382069 6013225
-10173791 771411
-631348 -1780695
3925118 -5227659
2061355 518779
-2562269 -706630
-3477128 -5954835
-1175282 4827923
-7672797 1885205
1244411 -2089809
2999250 -2539725
5390121 4668281
2129817 8557212
1142007 -219263
-2566704 -1153811
-1089341 -2855877
549712 -9906498
3935132 4568933
1973118 373633
-1354040 7768121
1649334 -1025881
186414 5509587
4637455 -9419873
-216742 1923656
386171 4772609
-4604035 -1473812
453912 -4737877
-1045055 7756856
6713978 5114155
2448557 1531723
3103288 -8841284
1512081 926528
2122421 2456568
-86497 4740207
3472658 5447226
2118309 -5958291
-4938916 2551120
-2154847 8146332
5112580 317293
4004683 389125
-7308842 -817008
987466 5951507
-3228503 542078
4349184 2307461
-8750017 -994521
6836660 -1863707
-1100382 4372636
8589957 3319393
927262 -465334
172691 -1663704
973564 9627576
-2328641 2493425
-1686036 4388543
7956463 -4564983
-6269574 -2601829
-7601991 2595780
-2717578 -3429593
2486583 3392825
7974095 -4512872
-5401977 1673951
-4873403 -3514168
-2831301 6923418
-5477960 1633415
2221691 -5518834
-3798069 -4999169
-20595 1301617
1574385 -7272060
2131558 -1473494
-7552270 -316161
1711642 -220279
2994878 844326
4360794 -1939677
-604214 2402245
-6878863 -5378247
-1707833 -216792
-1769783 -1640634
5282491 -9259989
-2739112 1666985
429231 2221761
-1198749 -750051
3841150 3836823
-2483902 -3902911
-6334137 -2919600
-666583 -6987417
-66003 -3817154
6026672 1089661
-861867 -4039324
4199230 165336
-2983421 6673364
-7992066 1286583
-374846 446382
698743 -4447072
-1500158 -533393
3184070 4733640
3082950 4741309
-2658579 -6051721
-10137536 1760062
1405330 -4956836
2423875 34822
3202876 196400
304415 2976565
509924 2742153
4501131 -578561
788334 2975947
8951435 -3664842
885589 1183249
2816270 -987689
2857917 615000
-329392 -1872771
-4415049 -4831829
-8002835 -1058704
3747347 218242
4572178 -8907743
-9862416 -3029676
942860 -2795635
-5771244 3363389
1232532 5483085
5076714 161128
-2084912 -7020235
1904315 1123067
4284944 2417224
3616283 398187
-2105388 5066848
9064164 -152859
3063926 -4598530
1550145 -872628
-2768155 -181513
202633 2961243
-1552468 3277472
4013573 3002831
-1162164 3346064
-6152699 4858592
-830258 -2356078
661455 3082683
4284477 -1406535
8723407 2597734
2032803 -2415191
3504986 10357186
-149639 -3894743
-2573340 -1755770
-5194384 -2903658
-3106750 -3315247
-1624572 3123394
3098505 3856573
-1668332 7951345
548788 8525101
-4814915 5233899
10487317 -6113765
734397 3133645
-6302102 350256
1376521 -1521079
-295548 -1477921
-3811372 6704022
-2963546 -5847657
6297095 -574508
-6542176 4325490
3792594 -3060510
-2317449 7166353
10493682 3857904
-3557949 -2212037
3265978 2782894
-3793258 1767075
-223493 3202726
2552777 163850
-2023411 -4573754
8724546 -4946594
480509 1276401
-3385552 -1255977
-904790 -1126425
2634495 3559260
1196190 289827
-1778594 1352608
7472416 9838504
5731898 -692839
-3421304 -1093023
4186041 -5292544
6992864 1947056
376238 1808756
2509342 -2145837
2119666 -6395222
3698589 -7614366
642085 -6441604
-7743099 3968792
-1673176 -10219272
6186199 7363302
-2832053 -4564459
-4012382 -4837249
-3598156 1410408
1503309 653968
2006728 -6066153
-6972768 -2419692
1221143 2768984
-2343605 8469765
-1118595 -1412832
-1330253 646418
889452 -1384793
6066522 6867628
1700853 -832751
902075 3984874
2820664 -9078978
-2193844 -8759984
-3911160 4354137
-4669940 2896494
-2534132 -6976331
3064808 -3732230
-9083382 6093635
-1417583 6665550
537329 7505326
-3800472 3995412
-6387393 -1878504
-7946680 778271
1733727 -6057648
1887557 330269
-1612146 744277
2092416 -5086239
2890696 -2572076
113184 -2243658
2143987 -3370882
-11089271 -4822502
-5368701 -1995373
-2930330 -6851746
4232001 -7427570
1883972 -840932
8906436 3836050
-5906016 5144621
-328516 1380934
-264290 -5800905
-4034720 -7586777
-4708838 5212247
5498912 1197225
594638 -2716966
3082891 4687739
5213525 -2397311
1578263 -1756103
-2573815 -3727024
-1453784 -5680233
2649676 -2002102
-8885223 -3712245
-1986793 -5214576
504761 -4063356
2244343 663827
-3288105 -7853198
4418312 -1266671
-7501295 1612205
-96748 -2150391
490922 5367846
2856254 -3096494
-2056439 -763042
10734304 -4212525
72 -317647
-1889369 1888522
2824982 -4075054
-350794 -3093892
5058915 8436921
-1601516 5668987
47262 4492492
-8107896 -739253
-543213 3873392
-5840158 -3105458
-15624 1960039
-516100 4549033
-1513125 -3847630
-69178 8591293
1439349 5246982
4494093 1551971
5852930 3889624
-960927 4472540
-5270733 3323424
-1856736 5580643
5927519 2062545
6849883 -1703206
-1169096 -3127482
-1884161 -717083
2838626 5041001
5693602 -1372689
-15612458 -1227698
6614327 -3823718
1314783 -530425
-4196532 1778793
-621333 -4049857
-3185252 -5943406
7413656 5125756
1767985 -2121598
1896391 -5240620
-6048832 1626154
-3902828 -1652171
3797094 6050200
-3975404 960712
1638266 3631752
-2041071 -4258348
-1451755 -168006
-2437090 -4595081
-1839132 7226436
-3279449 6669192
-1223395 2392861
3695800 3400366
-658266 3891903
-286946 -6830803
-1686885 -2829649
2101160 -5010420
5045991 524671
-851410 3230580
-4389137 -203438
-3330339 -3567405
4499034 2502224
-3545094 4929578
4052214 -1761933
1348001 -5038406
1208409 4650639
2192719 -1164744
-2794246 -2485975
-2284266 913217
-1453178 2081405
-545568 -3152989
-3908481 -2716450
351421 5109927
-966916 -1437536
-3413390 1974284
-2290288 -2621380
5124397 -4397885
19282 -2661318
2503799 233649
5860498 -263017
4937447 3052178
619659 3478175
-491000 3773849
-2603033 -4601448
-6095234 5085807
-1176970 485225
6293502 4959151
4488128 3259459
4774961 1608692
-2575446 -3744939
-5570431 1133454
-2855576 4255939
-4353189 6135378
-4657250 3606474
-708242 -9092383
1465996 -6251127
2406086 3111847
5681103 109019
-430527 3395199
100253 -3662429
-4718816 2441301
656560 2252537
-1895996 5983215
3284773 2612469
5116018 -816540
4358889 4055699
2346329 -739806
-3511908 -4196427
919121 138410
-2980405 8004962
-2382802 -5774690
-554793 1569727
-4985290 1929223
-1515083 7357183
1733825 529045
737264 -5449271
3763937 2360731
-3603089 -2084270
10124338 -4479561
-1146655 -3028644
-4168114 1015493
1879371 2158328
-9693008 3076131
-3814817 1297733
-2474325 -977941
-225608 -4858420
-6023386 -3177817
192168 5264179
622209 -933142
1227316 -3587344
1884571 251351
-5454199 -4501870
-4680756 5249810
-556940 5251808
-471033 -4580627
-828534 -3056043
-7227450 11273067
-2523280 -765901
3405057 4498956
9159381 1973086
-1479577 1154734
2470698 -1003268
-619815 -4465031
-1337577 2971790
3528636 -2471871
-3318872 -2823779
-2014880 -1919570
2969107 -4040099
3695594 -148297
-58446 2187288
658664 -6804688
-510839 788164
-2995398 4756061
-226606 1515974
-1554365 -3997181
1842892 -2660043
-3555310 -2254932
-5931152 -2372370
625379 14327150
-2038332 3487505
306787 2410334
2068738 -2852147
-4792472 -9308057
2758982 -1456798
-2595724 2373491
-3544317 -821842
-399396 740845
2197922 -614962
-3035529 -7582492
5475148 1753158
-194632 -1698076
-4283178 -6315260
-4882972 -2991785
-765527 1188222
-4401621 -2504964
-575632 3367752
5971031 552375
-4029551 3620921
6123669 4801910
-1358039 8528
-1426446 5629255
-2059058 228886
-2532982 -2243739
3879624 472628
-2186806 -740947
3979114 -471990
-1125784 4049821
9334902 -2385623
6172250 -4615475
1026839 -5090832
-3886954 3466023
1969179 5676685
5905838 -3730771
10761957 -1021615
3526517 1252716
-2488943 -2121975
-3592418 -4124198
-5253722 7802315
-892342 -921066
-13894234 2010867
-5356187 -1213731
4645512 -1749833
1815379 -1171959
2692332 -4177006
654808 -6305568
-3932894 -8395261
4917809 -3491479
-3634273 -3951569
-4241543 396110
-391702 4130037
-6459705 -363769
280051 5408180
-1779249 -3458130
-2231177 3469813
-3590078 805944
-7318108 958335
-238119 824855
-266335 3626026
-1691488 -829909
-697599 1983716
9343387 1884872
1821842 -2359234
4320873 3199916
3522806 -4562879
-2468697 12085898
347467 12223947
1497129 -704570
2138068 -890888
-3514790 -8988560
304279 6933595
-4934530 -1281630
1157949 -4604521
1469984 -333661
4197375 -1295773
3685241 -2839209
3328563 -4943052
-3840652 -372003
3710116 -333776
366979 -91711
-1717976 4817163
-5995529 -3452013
4133523 1943823
4280994 -379787
5781578 6604098
5933423 2183764
6414270 390951
-1661114 -497733
-794688 -6661088
-3968141 4382812
-5649226 -3213386
-2418494 901906
-901798 -4098470
3245958 2510168
2280911 -1502179
-495819 756907
-583259 581489
-5779904 283015
253141 4208898
-1145219 2397972
5160892 6859805
4886530 396776
625735 -5630050
-2721256 -6531434
-3364758 1180000
-2456689 -3720944
2468232 2642066
7839593 2519411
-454259 2409876
-10826525 -4825970
6757076 2147486
-2731620 -4241580
-1540199 -852107
4973555 -4078516
-1817602 3713846
3793109 4468336
-842187 -1940588
-7266132 2165981
-2393399 -774586
-47692 3670825
-7276142 -2738409
8035033 498901
-1399555 -3509888
2390273 -4476133
-1997789 2699732
-2780808 6045364
-1402015 1433751
4327576 -4622075
12306976 -3139687
-330324 -6077248
11258929 1714910
-2469515 776470
-154473 1327755
707442 90660
3356290 -4957480
7528961 -939531
591868 6839843
-2864663 -1048283
3483614 3251579
-897751 -2932188
-3339938 -2157254
-5557169 -1563395
7564429 -2608230
-3157933 -332580
-3081241 5544735
5155898 2068365
-2275271 254384
-3413393 -6065567
-664918 -10861554
-4597140 10212268
-3056476 5215684
-4730029 2729935
-3162610 831753
-931307 -3854844
958206 3202094
7852308 -4115916
6426497 3910807
8772251 -14630
-1480150 -4584503
944856 4075980
-4464945 -728127
1281467 -540906
6279979 -3617078
-4885065 -3270297
5528833 -85770
-2373257 6012529
2225558 1047858
-1908791 2000757
-5266779 -3051473
-283487 3161658
-2671983 4895106
-549229 4609547
1627060 -3310205
1907927 52861
-4519974 -286688
-528953 -1561434
-987910 4231993
1695495 5794865
5510798 -1756186
2091842 -2241487
-8873421 -762731
-239774 -3624499
-1159387 -7080391
2318148 -757353
-1388898 -1751669
2177267 536601
645819 -2749147
-120427 -2039904
-7830022 868415
315201 -3730588
935296 -2567160
4362858 1826055
-982702 6761487
268364 410511
-1381767 2352821
768767 -590695
613919 743147
-7480984 -1681807
372270 -2100940
-5916483 7682104
3799875 -5824542
-1749448 -1431832
-1899526 -7651586
624266 7626188
-1403690 25363
2532909 160761
-2093050 924000
-635311 1413156
-2278321 -5582808
93804 -394857
3025165 -1537994
-5885374 -4740307
-3156487 1351496
76440 -1046558
-868367 -4681447
-2367678 1202595
582737 -2450158
-2664885 -3445367
7350968 1095002
-1424647 -515936
-2434171 -2642986
2134985 1017418
-4253291 -524532
-1209106 -17312
9517800 8142106
-1668237 -1583339
-3890933 3591836
-3120581 -6399838
2695852 1450675
1912856 -3515979
-2722477 10129112
-215683 -578219
-8508546 -2847360
5237926 9195615
5541505 2220643
3238301 -500528
442252 4862155
-4368064 -857047
355212 -10335235
2787837 1240658
-6423806 9716166
778004 -5445785
2477152 -2971028
-2141749 -1052562
-909792 7587190
-1648224 2800747
4746416 14512294
-4415504 1585184
2695447 -1998816
868232 4302255
2485401 250348
-182635 -425171
82370 7835273
6054590 8392710
612808 -3274638
3489203 2884704
4499526 -10462561
4377043 -3701364
7075846 -518117
1970852 -2739793
-5903960 4708887
2502502 5048773
-6955463 1713584
5768976 -6181896
-4968066 2367426
850708 3779316
3448511 3103591
-2702803 1984128
-81882 -50549
-10515750 299771
1741540 -969847
2433602 2128467
-2222072 -5456739
7995504 8102685
-1336092 -781097
1698680 1227827
-8389453 780396
5576716 2354518
4120753 -3717211
-3527082 3224793
-3969613 4729247
5785189 -103960
2682996 -4568887
-7123606 -3604509
586902 -1396535
5485362 3107006
3254001 -6080754
80887 -4671304
3050876 4565663
6610770 5323191
-7289065 -2052570
6785761 905021
2518260 -3757746
5346341 1253090
-3707214 4240824
4406961 -2996194
-3068478 1882147
3512916 -7011469
6198650 -1055170
2626509 -5185913
-6214634 -3612833
-11759197 3571910
-2696248 6750234
1111724 -4082232
657473 365379
-3709449 2118868
6172235 7722781
-3103012 3461149
2691664 3247814
-2236527 -1999025
-5111670 964304
-2094902 6875319
7957709 -477517
-9425532 -5138139
-5858888 -3419149
-7835912 3121081
-2320738 -2524876
-4642720 2916004
4509559 -379729
576929 5074925
1902692 610901
-3236128 -623116
4013403 -2850286
591054 3432037
6646232 7220918
-1128842 -91622
242082 1596487
-7998104 -6499367
2808782 288731
-4324239 8798763
2532119 -3529473
706717 4080530
-1931946 3315307
1878026 4483754
5043901 -84802
-5479897 3182529
-6361622 7343394
-1119153 1534906
-108280 -3829419
-7676299 -2070731
-2146719 2457996
-4204458 960890
1984011 -409484
1649192 -8432600
3272094 -1266896
-3244080 -1936458
-2318049 3403672
1877475 -1855678
-889183 -9692462
-7193160 -2587431
-3743887 -3141874
-1941439 -5666663
2347317 812646
5606323 -6035520
6815189 2875736
-2572282 -176032
11656411 9606377
-3247713 2375687
4374870 1097141
-525342 2138294
-3581635 -4211536
-8754865 -3844916
4702641 -5046471
828695 5918337
-4712643 -4241194
2057382 3666463
2101551 -1264228
-3260693 8825043
4980200 1230262
-176125 5316808
6672313 174477
-4218664 -5005551
9230174 -3103658
-6599734 1264282
-8817686 3007967
-6848827 3631575
-1338351 5025469
3527212 -4940021
-7177684 -3726915
-3571347 5421509
4970397 1969164
3526098 5492359
-3239986 4136074
-5247421 -1440793
-1114077 792667
2298265 6322778
-532802 -1229409
-2516248 -2865974
-1064929 5114646
-1150520 3468811
8436130 -3574862
-9710189 -2116858
-479315 6509565
-6439739 6137515
-1428246 -4988277
234851 -454089
-1665335 -3773780
8106859 1168938
1432989 2024589
2370729 1148855
364071 -3623386
-1635645 -2496228
-9153484 1655553
-4464380 5453040
4001699 -2222507
943682 9255840
3137458 -4360022
4449120 5897028
2120947 -6639476
-432796 6626135
-4791563 -923459
-5120828 -1559887
4814699 1182773
941895 2100643
1095416 2710169
1692022 3911163
3003289 3101240
-2414268 6266146
-6429423 2040096
-94302 -4784245
2920352 1455520
3834340 11512607
-6303893 3308425
-89812 1456331
-272535 3591832
3747401 -1669549
3453464 -6377334
1297706 637178
2823278 -6601088
-4972738 -2157672
466551 -5922169
-3201429 -2861556
1962544 220280
-1006293 -9365480
9256417 -676334
-3991587 -6818964
-2647478 -813121
-4324426 4042331
-1009187 1783707
1441829 5694504
-453097 6689190
-1291401 4817169
3764245 782647
-5208208 5165011
6543787 4624197
-360894 -8736260
-2658395 -1111301
915124 -2643608
-2884266 -1286759
5474364 -31398
-1022712 7577785
-6114853 778639
-893247 3640683
3212778 8619503
874563 -194240
-4103069 7497524
6209505 4810572
-1646244 1156160
-8342602 3706144
9423908 151340
-3020593 -414575
4881856 3243158
1850013 -5275865
-3005922 -3756715
-3721252 -7116300
-2066750 3140818
3348860 -4225628
-2751579 4402334
1418506 -2567860
-4894037 -2592216
2013780 -5570545
641017 -3371553
2708380 -4057068
-2147597 -6456397
-3498815 -2926972
345645 -1274800
-6178744 3390437
1159187 2827577
3457913 -6539876
76230 -2595504
6322306 1776517
-2229461 10798509
-4875864 -2660060
-8081382 1164450
3658831 -4728981
-4381751 -443253
4455537 6043225
-487398 -1297869
-400840 6714597
1840805 1887690
-7120966 1041053
3018786 -4127817
4724003 -2501818
-2581793 -3030671
-1912492 5082078
-7150059 4063837
-4600777 -6943660
-3660722 4804632
2638590 -3973424
11637369 -1976855
-6225646 1977138
-3608311 476848
7418342 809671
-778853 -4747948
-1915445 -3093592
-4939414 6043564
5652673 -4740795
-2651211 3969747
1116663 -2352814
-1953590 -3987530
2695172 5460068
-2520509 -7577257
3930528 -3157889
-2869232 2437722
1529669 -5218921
253801 1785765
-3095452 -1640632
-241343 -3614295
-3148421 -3524939
3015632 345305
94200 3824605
-2254573 -4792184
-1527229 3529620
-17359 5557042
-6806450 -1524585
3456944 -1646795
2085627 757845
1718660 1414417
6695186 1282206
-693075 7931992
876500 1834905
-6248273 -2420434
5787498 3769595
1187256 -1988668
-1604827 -7311233
10401887 650886
-525502 -1960528
-948564 -3057794
-1671411 -7899128
-2214612 -7519762
5658369 472972
-8666054 2625962
-2466202 1357643
-3116743 -2931632
-2608807 2170433
2645878 -1510958
-14645799 2597423
4527407 1960408
-2280140 -2899783
1560395 4233972
-10347041 4449685
4578147 4548056
-1040679 4200275
-1027463 6854026
1971006 -5924895
5767373 -1475124
-3802334 1315930
2878566 7264935
-3776255 -9046576
-3696054 -1670692
-341349 556351
-2582172 -2307580
435603 -528055
-472700 5164483
-4851029 -8884012
-5100877 11137533
2733185 -2278164
-3650859 -5544523
2451515 9298333
2005993 9437359
-1275396 4342925
4924922 1711283
-4578526 1264914
4070326 -1590866
3918423 -6966905
-13289733 -3635067
1634026 -545873
1727916 -7402268
1472593 3384750
-2601517 2587638
636968 3039994
-1875374 -1466802
3309159 -7564387
1224071 -189879
-2192682 -1753936
5315715 -861220
6938801 -9652665
-479904 -766927
-53676 -7965987
-2495441 1977474
-9078331 795794
955957 -1581704
-1022939 -1225900
-2935929 -181522
1054876 34303
-3363036 2299706
-23108 5255329
8240 -5332595
-4070939 -2156342
-1749054 1127470
-4792280 -839320
-1069422 -8834221
-3946387 -416582
-5642720 2504049
-762781 717894
994506 2899796
-2168667 2369847
1092019 1623909
2593147 1428793
7293916 -10699875
2480005 -395926
18829 2844295
-5734016 1470753
5329217 -7318925
3795094 3283134
9349108 734785
10734266 1166745
-1234928 5420046
-7372256 3978145
4394907 -2172772
5253129 8355926
1484017 -7442171
8077450 2417821
1787622 -9168296
1441133 -5575836
7104117 8673660
1537297 633033
3877372 4584000
-447064 -5604460
-1513736 -855166
-3384577 618972
5089746 3424760
1501171 -2662916
-3647851 2749673
-4940070 -4915777
2689993 -1969337
-2694699 -869588
3188878 -2236655
-4016898 -3215178
-6087589 -1825195
-1451777 2565305
5815131 6337482
-3271386 -156115
2682104 -1483355
1660103 1405734
-2339652 95237
-1888394 -2368025
-1599168 5145515
-987180 4768206
3364326 1952943
4116400 -8380085
-1852354 1683840
4066601 1572577
-1763595 2723714
-6161447 -1815331
-2474680 5428279
-1963931 398655
7703106 -3019393
-5439914 3411359
5992925 -5100896
21237 919881
3019440 -295116
-3032641 1617247
1088765 2139960
428783 7465220
9141126 2298193
-341979 1634208
4582040 -944918
2279343 -1348342
-691951 -484231
1124641 619574
-4221345 1769825
2657297 1777238
-6199416 -1337473
1698794 -4691265
8282461 4451936
-2797115 816183
1197409 121903
-1338660 4943062
4741332 -2798652
-120571 699598
3706850 -2811674
-2383295 -11834081
2563777 5510760
4762342 7297940
-166394 1683829
-2634750 -5232824
530085 -1498103
-2331052 5184671
988595 -3757376
4536371 5000895
-6454186 1036364
975514 2416943
-1004694 -5446707
-4374793 4015389
635029 896376
-2438130 -3123373
-3212105 7962331
152593 2391732
6479302 -1990475
-3817675 -179739
-1067040 4786942
1225197 -3209661
-2841552 -4971906
567208 -3059525
3314912 -3846354
2689264 -4507437
-3135211 246044
384051 -4159033
1703969 2281797
-2676687 -11627028
-9464747 -12379375
-5003188 1285305
2626288 -3268486
2957982 -2353494
-4166158 -6211121
4272748 -6872073
-5134586 3314881
4557823 -2095798
-7599850 -1169179
2619573 -4149468
3853685 8868208
4520477 414964
-1679487 158313
4221054 5902743
3556570 3292379
-2636170 -1511999
634573 -4520384
-2038006 1223735
-10666371 -3866308
4122965 6279974
1067276 -8503571
1735035 6892531
-504729 -991926
-5426607 -171189
3711005 -3035223
-5458363 -223065
-6449598 1292537
-5059441 529658
-1057768 -2333858
5543870 -3322572
3305751 -2342311
-7696538 122063
-6754126 -8481194
336921 7214879
7122486 -8218923
5959935 -3119601
873697 255898
628558 -670064
7744338 5601102
4181738 4461695
5228005 -11043
6770460 -9371532
-3407217 -958887
-5845764 -2544120
-2708622 946563
3969781 -1745321
8474982 -2924256
-1044346 -1315890
127351 -1164386
-296408 -1314349
1738005 2977505
-870869 2705060
-1625467 2948069
290999 461846
-1200922 1531726
403088 1892080
2479519 -8334507
5839858 -391339
-7303420 8067194
-3651213 -4158695
4392059 3289417
-167223 -4736499
-10730766 3429058
-895010 -2531413
10226692 1999228
-632693 1418792
5283137 1950054
-1930688 1160228
-4020126 -11246
-1899052 -7460955
-3775694 -4216197
3907289 -5004351
-10774020 7667726
-3212534 4998777
1053290 3030963
-4533492 -8865637
4137424 8073641
-6838101 3202554
2180769 92638
-2770261 1065500
-2827599 -1934963
-10447395 -4402569
-3585456 339516
-2632802 -4911045
-7958364 -1020624
1065469 4806501
1707195 -343934
-4150383 -3855487
-195814 102428
5754853 1264405
2051362 -1446143
3480108 -1168230
3177640 1057988
4158680 -2474524
1122070 -4713301
1802698 3122249
-2185349 351133
3941948 6385864
-1343805 -4581382
3509288 -3453328
1567532 1135115
-8853030 486664
3412253 3803304
-2892458 -3744454
273818 -251188
-240335 7266319
-4899311 -857776
-994853 5682312
4537756 -1437156
-993198 100441
-3541226 -1668595
428506 145849
-1314150 -4928105
-4743683 564650
9114482 2880522
264647 -425400
1285807 2200582
-166266 -2167387
8413778 5096916
9434491 225158
2435168 6050952
-4423611 -926822
-1942754 7081231
-5507351 -2899518
-1228381 -11628821
549482 -2234164
3414889 1346303
7797382 6045226
1708080 2501245
2420043 -3144637
-1417934 2822568
8128848 1243554
4598496 -3318686
-1541120 1331137
1147934 -2076527
-3327118 632865
1790108 402401
-5629310 5717456
-2834816 -4844000
22354 -903770
763157 157362
486087 3759612
-7497832 11259145
2437541 -4976522
-142846 -2692440
1942557 1176358
-11420605 446170
-1735802 -1341116
2183129 4188676
648105 -2367043
3064279 2357381
-1970337 -3345967
3565646 2491219
4702057 1133062
-2526911 4703496
-2730054 -1386371
-2019749 716914
-6414884 438859
5066045 -4427954
884290 5026177
7340411 -2624397
-268561 -7125290
-2233729 -6463222
4408933 -739185
-2489658 -2460274
-4787453 -5633626
4834996 6913189
-3922147 -2449905
-3687475 -566471
1830262 -4759674
-3138381 -4229345
933675 -3649805
1739831 -4906564
2229041 -3188433
-3125861 5247253
-3167554 -1225625
-1364858 5439283
55877 350926
-2585818 -2097161
7679881 6384809
-3251996 -3129234
-1656484 -5091748
903610 1085653
-1632824 3459553
-4407270 4690690
2800327 1045340
-2317634 -4120346
-1266388 -3533978
4551775 6156683
4590510 389427
-5184003 5716132
3598085 -2601957
-3526419 1258609
2107960 5438667
1865972 3050663
6440495 -6560183
492514 6187734
-1832725 -832411
993063 3050809
4301074 -217569
-4386753 2476361
2931232 5440553
7315747 -5403731
-104684 -4331398
6736382 -2356070
-3455005 -489225
-733847 -2643984
2863867 -2529899
4563561 -4870103
-2147010 -1200304
-710780 -1318566
-3467876 1075421
-3363091 170053
-2335136 270904
-8225311 -2355124
2290590 5094047
5314247 1162019
87523 -1250343
-5306930 12015203
5320448 -6554223
4624955 -3094886
1427497 2384757
3284141 -2561750
-2705421 5706694
-3497160 240450
2947203 2224188
563819 1195620
2656303 801095
-3437785 2834029
1954414 2586302
-9261825 3872199
-3523657 6010664
7204278 -6961335
-1930673 6021729
-1674423 5361671
843414 4529714
371496 2848274
5243352 -4343779
6376113 2120617
2084158 2023367
3980730 -5769834
-1553329 -4007174
-9140287 7344879
-7943638 2187288
-382299 -562592
-404600 -5994473
1697364 -6710460
-1089074 4001655
17965 1406849
3075126 -3562623
2771689 554346
-1453487 3435724
-3791180 -3855445
8156283 -1455917
3584390 3763781
-4544128 -1663627
-9684413 -1406587
-237030 -7839060
-4743518 -934210
2118882 3641586
1222424 681764
1279120 -1292003
-4212763 -243910
-3942046 3685840
6813383 -3563381
1891513 -4881342
592590 1330223
5224155 -3777923
-3557947 -5295669
-9770627 -595785
-2725687 4087569
1794746 -771710
4053380 -2856727
6272493 233625
-796350 -5361889
-1969391 830266
5800357 -3409319
-3165364 4220950
-8198476 -9661689
-8506077 -308738
2101517 -2315096
3197266 6085443
2221496 1938751
495567 1860194
-716562 -8764446
-342240 10059699
-1525053 3358431
-4139017 4240646
4233956 2686614
3811433 -108143
-4452621 -2794146
7597214 257761
-2119531 2934209
-4577493 7623924
772653 1652277
5893554 -3259971
-739408 4306818
5438800 -2250430
967375 -182712
-2443980 931154
-1136362 -7726773
1736122 -2441756
1499792 4329896
-2270809 -2772946
6344125 -2517498
-3303495 -3780161
-1600695 7000563
1729550 -544519
3104258 -396245
3697872 5356612
2017748 2732633
2762684 -2546706
-72348 -7452666
-1671779 -7858872
1873380 3299023
700842 3447736
1288332 979957
-2507549 7358633
4719322 8073533
-2751023 2385860
-10374154 -8964532
-489286 -1126543
5698582 2460872
-2730508 5421225
-88047 -342753
-2517217 3623586
-5591819 -2088277
2999368 -1078343
2019274 -2120814
3224466 2634031
7096898 -2328239
8895486 4637296
8192406 -622067
-3670549 4928210
-2800600 -7805087
-1740799 -5791533
-4024102 7519683
6081477 -70629
1890287 -2776230
-2527863 10492875
2664379 1640300
-1180808 -1340425
-3101125 -1052684
12562638 -1659212
-354104 -4710444
3141723 5005248
-7260079 -7894570
33751 416675
-4654772 6158982
-6585726 -6562716
-2293538 1921059
-6515323 5092097
2620522 -783871
7120402 -812088
12483487 697762
-8801267 -7153278
631336 911403
-306388 4565510
-5574963 1984421
6568000 3181613
-5077345 4236387
-2976142 6067901
-4625523 -382537
-845484 10157938
5188252 -2994924
-4712143 3714533
-7946434 -4393260
-10346351 -334033
-692264 1064802
3526729 2414352
4017537 2020563
1733147 1459106
3274085 6377224
-3470048 4910455
-6959160 5690250
4058971 4563568
-2589496 -1936250
-620397 684226
-2779556 4311403
-3361135 -3065422
-4035477 -5948201
-1076815 -1076566
2026230 1594524
-409538 424907
399936 -3893793
6357078 -5508498
5142678 4650183
-2635954 -4532675
1147001 6580646
-3347530 2086597
225692 1320066
7409960 -1964882
6215578 8634663
946666 4685148
5294428 -8308332
-1692163 395159
-7260659 5300996
6391910 -7337605
-701849 561484
4036817 3087630
925269 -3357847
2160996 1573688
-1593054 -5870450
2821222 -1004258
705619 -2762544
3077834 5414232
-2448395 1085018
4921981 111855
4066365 -1493428
2636656 -1600259
8521769 -2519846
4028421 2716855
-3033922 -1530176
5449149 9001646
-8415842 2772674
-1518331 -9421729
2309017 -7545366
1832820 2752714
-1188482 -686389
4292572 36662
69327 -353833
4341815 -5032762
-647982 -7706978
3178955 -668403
1690998 4882065
5802520 -1085489
-5413966 -3857404
1281078 -1782092
386118 4569303
-2028234 8467928
-11613841 2878291
-3131192 4559217
-3221432 -3924002
-2675811 4169584
-2808779 103900
4001511 -3827724
2579188 3419132
4895044 -6217434
143372 1424465
3793226 899093
-1257476 -1657702
8356849 -2862580
114380 3904648
-5588182 2841614
5535366 7183748
1092644 356631
103053 -672792
612603 -1831588
5548769 7798596
-1901111 -3536960
9245984 1251143
1581825 -2046474
-4499135 -7020922
-2784846 -8585128
-5259657 -4439641
1048244 -6677754
3093018 230562
5468734 -2693653
10148755 -3189471
-9819133 -1337846
-1411919 600535
-4350781 -942085
437737 1030762
3262903 -1248982
2072144 -3994507
351645 -1503389
-1639057 -6007550
1101914 -4806785
1309716 -156992
12590534 -260785
-8504905 3227884
4975240 1010926
5062548 4420148
13902855 7494223
-6885355 -2344837
2536824 2355290
5109549 -436388
-5148453 5231730
-6746119 -4558268
5548384 7328631
3008721 -1095651
3034820 1293573
-478387 3694807
1755064 2430059
868523 -3812833
962896 364387
-1134589 -5356509
3871914 -7105424
-1259933 509421
-3485407 -581691
-313824 -7188348
6765565 1704636
8368140 2666345
4946320 -3969494
3255907 -3752105
-9411041 -1983944
778448 -3328784
3189868 2132310
-3354728 569752
429322 -5353656
-6681533 1046458
5290438 -1190159
1431386 1567894
-1125792 -7378041
1765447 -1149595
6693454 -1204913
-1482695 7408512
-4864703 639624
-67057 1155987
-5932979 1672289
2912728 1162914
5222299 -4571500
4489928 -2098796
1046001 8476584
-3750360 -2095876
-4721254 3181313
7064532 4145618
-196166 -2451941
-2017496 1001400
475146 3293213
-4522194 -13398800
5324771 -5442688
764641 3384656
5188689 -10366062
-10211940 -3532271
-3034023 -6204880
1424454 -120844
3052844 -3750891
5130146 365673
-1006346 -1795375
1501413 -2428018
-3531990 -4453504
-1002777 -4130969
6531553 8291670
-9189144 -1594133
1655982 4945822
-1433488 -3526247
-5712771 -7055726
816066 6213084
836107 2279926
65736 1699109
2512276 -3632218
1168992 3240845
2574873 -4268014
-586181 1144339
1459528 -1869138
-157548 5858874
-3274224 2366935
1251553 2526210
166623 606075
-344468 6711047
3375671 2994929
5800121 -2095459
-2241788 -4634388
1710701 3548424
-2687240 -3956707
4305604 3771951
4301205 1346860
-3173089 -2975486
-876506 6437257
-2582562 11010629
4863709 1063621
-5566917 4442420
-570689 3166671
2489466 7203891
-1085428 -7667874
-593874 -2742951
-2070090 9536768
287458 -5964518
298415 1667468
6010694 -6560225
1574484 225212
582465 -6545311
2484128 -1669452
-427345 -4594488
3869501 784225
-10430001 3362779
1318 -406969
-2773572 5405570
-6511820 -654729
5117424 -1123185
-1869179 -882069
2842286 -5705495
680842 -8626122
10015178 3494672
1617809 -1688674
33477 4708886
-3403985 -3025920
-2237433 -899952
-462473 -3865385
-69258 -4292148
7844629 1695062
4163212 -1462089
-1317476 2243238
-1137686 6945037
-3861833 -3256441
576700 -1393413
1421122 -1053639
7486085 1542419
6629080 7220347
-5494035 3598598
3183171 -89208
1034967 4668960
-2623207 6152406
-1033412 2983224
6883927 3230208
-3263809 -1743969
-2943549 -5147200
3618059 9584380
-1114123 97568
3421947 -2757293
4935226 2328493
-515053 -3764919
-1245790 1339766
9388698 2640922
-1368433 3901553
383157 -972753
-4766140 4617913
450784 -1220973
-4349491 -220694
-1413367 -4716844
-4462586 -6481837
-2688249 2150584
-125476 3117169
6422169 2371537
-10549419 -1497230
8527264 -466092
-1084377 -886978
-2587605 -8020785
2067318 -2752245
-802620 -981101
-267929 4569821
-980179 3813344
8545967 -116792
6975583 -7323022
836212 -3131120
3297590 -1724177
-2120838 -3804379
1055176 -147343
2912234 -1245088
-13439289 3238829
1698495 3001978
8178863 1139564
1884358 8980280
2541421 -3714211
-8233314 1930253
-3164915 -2242757
5330165 -2711591
1222001 -2288238
-788247 7033872
-3411736 4265852
4727632 -9149854
-2040924 519574
-1196776 5931872
1735147 -1323372
22648 6513462
237035 -1365314
2291375 -2403741
6319738 630238
-5179949 2342618
-3046026 679336
-470028 -1335235
-3221322 1798073
712586 -3703184
1145765 -1707164
-1566716 3532972
6843751 2983261
-5020180 -661625
223005 991338
2856386 -728004
-5285729 2754324
2575557 3525291
-48539 -7589168
1433171 -4873635
3935196 -7130125
3368774 -7694609
-2984562 -5006887
1248541 -5472503
-1472426 7912081
-6765782 2897262
695290 -1220498
-852722 -243136
2847442 -1259903
1858666 -4251777
1978188 -7741477
2174585 -10916903
-2936892 482143
2623440 -1410317
-864608 2013869
-2710438 9021745
-2650123 2180893
3888837 5902151
2220382 1438643
207126 1382886
-6685583 -833867
5071202 4059311
1171229 2627240
-4159167 -835815
4894002 5987800
-1672382 -1898279
-989687 5952773
4865139 7915072
-2050386 1179519
-4130441 -64655
9324639 1951957
4004943 4494559
1179995 309875
-3014952 2995254
-1490540 -1390461
2761358 -911247
7916113 -7504300
-2140287 1352920
382997 -1152467
-3529272 -3779630
2472577 -4415
-6177964 -3062111
-5825769 -1851816
3441413 -209279
-7496388 -5882659
1786187 -8089202
1803260 1050658
1441987 -2347567
6711617 2203056
-497856 1872950
8642351 3954441
170852 -862749
-10317188 3719212
1094806 -7084857
-3978331 -7514400
-2232918 -4437028
458477 -9280
2453591 1370397
5151714 -8576523
2637726 3270326
1522717 942540
-6696067 2144952
-440008 5341252
4276424 -5849392
-931620 -9484949
2123564 4677832
-1913990 -2550647
-1044618 -4234610
-5956466 -8418934
-717828 63271
-4398727 2814356
-6203034 1030327
8300229 6967185
2624161 -8865522
9346802 -1671931
-2583326 -3370395
-3771530 1246006
1048293 -5376211
-3219974 2340827
4114965 5530079
-2633459 951820
2702471 -4347343
-6391629 -2329399
-1648368 -5647803
-9347750 -3507287
-1048220 -11217040
-109776 1925861
70740 -4369397
-2966929 5362144
240931 4518543
-1946603 -3006869
-8365448 -275526
-3771615 -6803617
1919817 -995533
-4592897 -1151163
770942 472574
3628118 5692085
-1786367 -1901651
-4966467 3389467
7775175 3109804
3820664 -10407601
2100805 2864265
-1153258 -503473
248129 5374175
-5380781 724650
-5420837 1725483
-5140451 -6943164
-818214 -9005498
5739210 325938
-1781560 1327837
-2121640 -3522801
-338438 649635
146030 809533
5625608 -975839
2877978 1127970
-8526933 220887
-5390784 -1542241
-3917789 -2911635
-2389348 -873155
2881027 -21451
-3657541 813524
710235 -1491458
4070991 -4672933
7164027 1090726
-2328905 2357551
2332076 -2948657
-2873140 -4929811
-10409 -2864984
4657055 -726897
-4797670 2616365
8409448 3680460
918021 2926793
6758845 1077119
1168079 -4304222
-4399861 -1182190
-4992329 -3159740
6877985 6798963
6794284 -7193820
-1486152 -3177651
-6397713 -1601860
7689006 6923679
317360 -710494
-3455017 -301827
2213101 -3074232
1661816 2199575
4213822 -3944282
-1172370 -915450
-3204329 -4859602
2331462 3793772
5593866 -4890893
-92646 933575
1888512 4177543
56616 -9683203
7798683 -2512555
-549489 4538682
3194272 -1658858
4739951 -11456742
-2572052 -1735324
2246375 -974618
1681099 170643
-789988 1081785
-665515 4484002
-63103 2502299
739203 2621427
-2201958 3603718
2437766 1454358
-3662309 2043643
-3049703 449118
-3792394 -341916
-8948951 4563674
616069 -5845858
4789760 -1883230
2397366 2521427
1519372 -5521525
2593012 1240753
-1883773 2436397
7023351 -4687826
-384238 -3119041
-1306200 2355070
-1663045 2497817
2262898 -4545040
2683758 -541110
4711508 -3854773
-2610821 7017072
932057 4642853
-614610 1891346
5949341 -36363
6086294 -4345926
1677689 2408183
-2678301 -2408529
3140625 6568188
-317962 -1202940
67144 3852781
4282526 2215833
1982785 2889774
928154 2027888
-2941905 -8085864
-1781346 -2053979
-3809094 -6055353
-5082620 -3146501
3759718 -3004369
9517839 653969
348041 7777188
1036204 5115710
5871189 1550966
-4783828 1490559
958286 377991
-6947761 2000202
-616032 2927595
-786672 1667752
1625127 4297323
1173532 5215197
-3319564 -1640249
-1328713 -196949
-2251273 -3257640
-2447627 -2005080
3887855 -4037270
-133196 -2218250
2081438 7141492
2437196 1452040
-3707725 -1713325
1329749 1061171
2578906 2199355
-3664877 -8374895
4786584 6004781
1403889 -6960
145408 -3195995
5255064 4981399
-1227064 5186580
651676 -3627243
-1154510 1339301
-3586240 -4113836
2457153 8337800
-2312520 8986279
5626596 -8695606
8372027 -10044587
-370271 -4752103
-11032690 142290
-8000841 -5497487
1957736 4712261
4828270 2044028
-4001382 637902
4654833 -965203
3732712 -2289961
-5364617 -8183325
-354121 4457626
-1246804 -444974
4305399 4293645
-5377529 5554271
-7782960 218278
1436370 -2696684
4206195 4628161
1701499 -6331444
4729117 5489783
-2178617 4024971
489248 6006243
1591654 271420
-5328893 5458587
-1974963 6547939
-3007248 878231
738591 2648153
3648990 -1071155
1073514 1572515
-4091480 -6011006
9151897 -4259665
4279603 -1329524
7232446 -1796816
-3271499 -4320169
-1890251 6438350
-6579843 -1361543
1710666 1154904
-9748619 -1756354
408496 7320748
-592248 891911
-1413228 -818741
-53110 -982392
-1932395 8603239
2610846 -445465
490891 4569844
2877757 -7666683
4122740 -128512
-3046956 5372731
-8959670 -5650313
9625901 2543227
-9321729 -8684188
-5755506 10008973
-1606388 -398688
-3572866 -2166922
-4464269 3969613
-877324 -151367
-5431625 -199728
-8006491 -11393132
-4603240 5138726
1920419 5152728
-1064377 -1233177
-852597 -3057958
-8671152 -1843751
-4163770 -7249657
-1895505 -802331
-2053829 -2295926
3939544 -3243131
7323986 -3694549
4961651 8938076
-6959648 2475515
-594999 -421676
-2984005 -3856543
-3258304 4664669
-5708857 -9109026
-5203905 -5653646
-2462062 1586705
-4451951 940062
-2187806 1296840
-4822422 3797974
-2402263 -6515748
-3668193 -327996
1466095 450010
-4525190 1574566
4625077 4509386
4044044 -3467735
218263 216608
-3790275 2489210
-1008686 -535692
4527283 -6614434
3563972 -625222
-6362686 1553600
6842968 5410441
-845769 -1351098
1988669 4330279
-1936534 -793675
-6613589 -1713533
8015517 717917
1857381 -4248798
-1288301 6293082
7633276 -5315492
-3302602 -3726786
-4332139 -2938878
4681000 1656326
-1158721 4732785
271187 -5574323
-8833786 2277251
-5238890 3789533
-3011178 7781024
-1400868 333595
-6182768 3415153
3113491 -2527880
5425505 10197919
9024329 5636415
-3880389 3671213
-8338506 157559
-3146736 -4921819
2669760 -5075869
-8875832 -432118
2858484 2086054
6682459 1720459
7097227 -6044370
5619484 5247695
1448425 1363015
1674521 1601784
-1790257 -2054281
-3544561 1398101
4527582 1280154
2976302 -2250168
4340933 -3535327
1175717 -2344895
4761092 3830122
4531260 1713348
-611995 3871224
-4099923 -6217982
-3916355 -968763
401338 -634570
-517273 -6115198
1928801 1564508
5053315 7256228
2263893 2700314
337006 -129183
-1450206 -2171882
767975 -783772
8109569 3022141
406083 3340130
735852 -277538
-2861504 3107809
-426349 3042483
5631578 1037823
-1067630 454043
-6719325 -2920543
-1805165 -9106252
-834906 3804283
-322663 -3922695
-801147 -900197
6657071 -2922699
5603752 9504502
-1818696 -4353649
2941291 -3967214
-1527713 1118523
9858439 -597788
-2362626 5507704
-2409455 3819980
-6495696 -6563836
171105 -558834
3311130 4129514
3303405 -1379168
-371810 -6131160
-4189144 -1777300
433329 -4503596
934332 -1176648
-4030082 -2100337
-1169306 316357
4240794 515351
-5503166 4552239
-2053309 1749211
-1614725 4091205
1563422 3857261
-1476749 4411874
3588820 110159
2492593 3012043
4493141 1685440
1790235 2845868
-2720428 -802081
2891774 -4781593
3899281 1341897
-1428657 -740989
-5807377 7007076
-1125951 5182572
-4145676 -510082
1729191 -3243798
-617053 5464113
-492342 552202
2555714 8213274
5897476 5093958
-1342349 7474596
-6950880 4479059
-4985219 -408573
-104693 -793533
119619 2047302
2422529 -2356860
5958579 -1006258
1222436 7438259
1422674 -7025746
-4374701 -3343052
416186 3763904
2917824 3249017
-3092774 2583318
-947518 3790080
646265 3985557
5620365 -5881234
-2909123 -1848303
4393556 1374584
686043 -2887170
-7029306 -4741259
5138021 2398416
1749385 3738503
11410802 2291542
-2602253 -4198222
8878945 3818064
3245551 1376061
7621051 -8883087
269420 -4082778
665510 -7154653
1200432 1652866
-258706 2379588
-3549744 1293981
-1458962 -824523
-4807778 2220890
-791073 160636
-715230 -1924143
-701281 -3413025
-4532114 4630941
-9126833 -4901664
-2826277 5202007
2940693 4348427
-6907308 840272
-4515750 1949181
315059 -3659502
-4620815 6331479
4326981 -3880870
2803975 -2248645
-9614732 2396095
780268 3338148
2777828 -6781189
-6385855 1882747
1351639 -223700
-1523725 -319611
-946531 -5795981
4051440 166378
-5087586 -2944557
4142120 -2155134
6131742 -2094193
1314571 -3294454
1114698 3658221
-7120534 1124665
1893259 -370773
4036203 2360330
1120681 -521098
1588697 -6162377
-10567934 -1870823
3984416 1867092
1419318 2183513
8136012 934825
1672921 112087
3855335 7781338
1852119 203422
4203223 1786459
-4234647 8305427
3652507 4626427
-3725830 5152402
4450020 -5789901
1237909 1088128
-3500299 815609
-2523805 1649881
-4405866 1102841
-2690941 -3542646
-3190342 -1996321
2448899 -1522785
-1549183 -285362
1343998 -4583885
-3010059 6457603
-6050557 472851
-3590624 -3632670
6784773 1453378
-5167290 -1460228
-3199851 9890248
5020328 -2271607
-5677873 2166739
3559893 3020568
-6670050 -2258966
4176057 5052067
1598335 -2192792
8083787 1216349
1307338 -4720580
-2139876 3095551
-4986748 5655827
3844625 -3759239
5294785 658823
2219685 4045322
-1170812 -1552561
516457 -168621
2567055 -968483
448691 2180285
-977958 -1674230
-4187707 1619047
-2743958 -821109
4117038 -2485790
25387 -239580
-2641041 -2769042
2578719 -1088575
6921528 -590610
-5879708 -6287149
-7368925 4076906
5002315 -112663
-2503166 3082858
4599338 -686596
726661 3863850
1963068 -7207750
-713975 6678714
1731371 -5840638
-6899480 -201250
4813312 1081708
2315033 -3585093
-5265386 7987045
-4088834 -5415980
-1065446 174912
256163 3516468
-3820749 330781
-3477371 742420
-2434657 -3412961
-6023555 -1021167
6965798 1768449
-8658292 -7525928
4509645 5123713
4458491 -4925407
-6630747 3277753
7397026 -3030815
2163400 1278453
5668282 -2864274
-723922 2236737
1996744 3842849
-1600109 5730056
3895828 5664232
-1425487 -302226
683625 1942399
2968541 6353528
1394537 -2385092
1843795 -1301499
-8857829 -3846694
3696005 -2204620
-636053 -2136216
3698505 -319864
-1187364 -3474647
2295733 3132034
1828031 8565528
1419175 -10438139
-5422780 -4735746
1949162 529701
6976422 -1245947
2523249 -4402122
-529818 -887663
-2186485 11157771
-2370708 1335426
4446000 8688544
-3111576 2215239
-3231195 -682906
2675993 -1394297
8131340 788052
-8455570 -2546937
-1157365 -1790804
-5209199 9124308
2442883 3726388
2826453 682162
-5403765 -2313832
8537512 -1220347
2879933 4176656
2781538 -3847892
4283700 -2900485
394444 -4325397
2040161 -2482547
1640123 333272
4186419 -1170972
324760 -6715728
4574051 -4050270
3652439 -7413916
-898955 1699126
5084034 395036
6463096 6239816
7850286 -6168506
-1649521 -8659047
-2312085 7834239
2622556 4445130
-282192 7531302
-5080225 -1327628
-3469985 4195319
2280127 -1837082
-2143484 -7080540
2287088 4773020
-3609921 -763444
1753571 -9312309
1955904 1845628
3843949 1566248
-4400697 50278
4710765 7458074
-4823379 -1978973
-1755930 2885779
1998605 -10248329
2142684 -173557
-1586583 6574973
1233321 3659929
-3670862 -38121
-3804844 -2779376
3297784 -1315847
-2660803 -2679331
2829944 -1112285
-5140142 -6918272
2410079 -3888653
6978393 -4477895
-7048517 -2245276
1865756 -2309906
2295309 -2400961
848849 5387594
-6120420 1381864
-1143549 143706
3373869 3216264
2589461 7783192
-1020607 -4375054
384326 5520717
-4273321 977931
4238510 -5838600
-3944580 564566
1683916 -3609570
6361563 -2312710
2834755 -637141
-1881229 1340659
4291801 451598
-3180224 3022621
-3000166 5552159
4243847 2514395
-81535 3717210
5370851 1985290
8522642 -2524935
-12273279 3270110
-3231787 5353704
3252475 -6880055
334054 1707422
225361 -3716784
1622517 5608741
3820 3932516
-876152 4499824
-2878684 7033216
-2460912 -531451
3702833 1430198
2156112 615086
1497345 3555239
-2564714 1921079
-2395477 -3505650
1882527 4986963
2955705 -6411484
-4616058 -1262067
-4032405 -993389
-3432556 2870146
4256904 3429318
5792516 -1870718
-7675814 1258455
2818496 3886580
120577 10893077
2663749 1015972
-1441786 5929398
-2132635 3737066
-7719395 11920854
-743006 2270555
-1376817 -4221382
5760376 2302565
-6183309 3921056
-1442132 4127490
4683492 7237228
-82230 1973173
-1547282 3653302
2110473 3928552
7325208 -11297973
429917 1983555
-4624788 581755
-768143 2900930
-5038568 -3812217
-7718072 -4062532
-6379818 1896942
-2424424 1060877
748213 3598228
-420305 2956875
6028329 -828195
-1965290 -4159798
3131002 9748205
1435995 3536526
8176685 2021731
-2426767 8792590
-2720921 -2904607
5189160 4917038
-915153 -524207
-1335552 -51473
960968 -4079714
-5155452 6832031
2941812 1655851
-9256788 858267
-3376160 9133017
7728564 4771316
2373519 -162794
7034923 -227508
5592533 1866179
-3983603 1376452
-1754037 -4343471
-2183656 -1934480
4224161 2070477
-2461363 -60256
9210657 -7276105
-2045646 -2680842
898980 -4707942
6375860 1933015
134893 5480389
-4554616 -10813581
-4533294 -4823711
-2205820 -5017746
8515442 -8319537
3293842 -707291
-1783908 -3600697
168318 3721316
6799499 2495505
7527034 -2739552
2041429 -3615705
2045534 -2681653
-1330212 -5541874
-1676674 -163963
-1448115 -3322702
4645244 391598
-2129535 1091933
-6152985 -3681286
-4893674 -542965
5168646 -3641674
8450257 -5546357
-1728651 -7721871
-2757516 2929820
-106 -1397057
-4207194 7310643
-4423896 3615811
-1416170 -3176030
-1613100 4023603
-2548208 -1199608
8543442 -3305352
-3557436 -3655682
-4654760 -6949995
4583651 -5546572
-1405788 3138321
1539769 172477
-3292671 5258791
-3335277 357128
-408112 -2178831
1682097 3734165
3597813 -5238695
-821567 -2691621
-7245618 -989923
-7705195 1329966
-3432779 -1850136
2925100 -1858716
-2399115 -2633051
-5749766 769211
5575558 1381256
-4554974 4589487
6644268 4564435
-2038087 -1916862
6456755 -2149696
-1943716 5569225
1664887 9084261
4332262 -7019039
-4295793 2635093
-4054803 -6619136
3530530 3219903
-1506704 6337119
-6245605 3833622
-2799715 -5716277
4391186 -3348166
-1879805 5665537
772831 -1389482
3631257 -4588057
699695 -3719771
1900411 10017602
-4597657 -1507440
5757710 -7004967
-1570792 4255829
3693907 1031161
-697012 6064024
-2024860 529543
-2091040 851401
8287357 -3350944
-2228606 913620
1023374 5673849
-372401 1584077
3309445 -3134217
-3028252 4181659
-1177199 -3328860
-9894720 129302
626889 -7307768
-2754281 -2729628
2528759 4485746
2685627 8286434
-1676467 4359316
2806468 -1704700
-1366889 -3487072
-4111922 -3151746
-3200892 6255842
1345722 1013231
2534761 -2416952
-11679563 -4081577
1571228 -7136180
1407062 -1057657
-8779287 895381
-56211 3424448
-5223362 -93313
4326519 -2532321
-2750006 -1338150
2062354 463358
-4328784 -7548821
4634513 2951646
5054345 201251
-2491667 284175
-771321 -1296585
-7401757 -7430746
-1485236 -4915713
-3392576 1576076
180409 5684870
-6568383 -811884
2957015 -6499816
-3280441 561203
-2814326 -2894557
3932751 -3609706
-1384423 1028396
-1589565 3375228
-1746016 -4510396
1786741 -4461665
8168918 -929
-1124139 -6289019
9568220 8121897
596818 -5694050
4086223 3857494
-4782929 -2326727
1059116 1820605
3548879 1198330
-1086580 3678278
-30806 -733121
9598563 -10191953
-2929994 -2211936
4757689 -4973880
4046619 -552165
3020490 -6949683
-1732692 -1162166
-1029330 -9207231
1708220 6323840
-5090298 101783
2619607 1168868
4944908 -3111141
4675533 7387647
378964 -1756583
-3445788 3637602
4527815 3213325
5626555 793944
2130918 -5396804
-1406740 4845612
5502508 -8599067
-7012200 -1518550
2532425 4822120
2388175 -3896416
5185781 -8297538
-3852679 7175556
-3412731 -232868
-5141246 -305912
-2258651 3879663
6509370 -1500939
-1653462 2633990
-2635360 -1859424
1773659 4558096
-3783423 -3768174
-7748855 4389494
4602549 -1938530
5491723 -845336
-3502046 -6349125
-1358157 -1616255
-434550 -11693026
-2466800 158894
-8257660 6944046
-2608434 4892878
1997132 -2946589
-2038882 3470484
946622 -3685027
-1512044 4928167
-2340536 -2708714
-1862111 3027846
3599211 -1815561
3814620 1512625
-1552124 -2112906
-8628402 -398704
1702780 722443
3687240 -8475509
2162911 -4189665
1614094 2111589
1197789 -5425206
1727816 3710038
-5651916 -4647528
2900181 4117814
-2986548 -5912297
-3117852 -3009459
1309301 -2251006
2263011 -1318803
-1810513 -486253
-2118111 2521717
2467010 6107598
7094100 -6334630
1715104 -83323
262434 -7350296
-3539889 2036297
1419805 2553265
1406195 6973907
5254418 2832126
-7792101 -199037
1335822 2514295
-1042107 3486248
2617474 2791751
-2765284 800459
-4857440 -6335915
58794 10107288
-4292467 4752799
5769759 1180513
4336550 775608
2687007 4077842
-872559 -4258796
4663638 2498334
2244541 -3745395
228532 4121894
-2230611 1266373
1872627 9295052
-2225334 -819844
-12851572 4641589
680220 684838
-4711248 -7026811
3693046 2728858
