3709890 -454974
-2605647 4354163
-2056759 4325483
4695053 1521972
365178 -3272630
4584826 -2688729
-3479164 914074
-3155960 4795957
-1510076 3890797
-2860894 -325020
5260866 2538223
2625880 -6303970
3424957 -3498812
677520 2741157
-6070231 -5251746
-1322143 2542351
-3541935 5413559
-4686184 -6772519
-10347103 -4484533
1633615 -4405712
4654080 -5111766
-1663048 4745232
4729630 2723335
2077696 3596430
6393319 3158079
3837371 -225126
-5855455 -4764106
-3817414 4783630
-406687 2698067
-9785899 -1293521
695828 297004
3231552 -5093459
-196644 -7433131
4607173 345562
-2731173 9254
-10047271 -3734997
-3093646 2811704
1095074 8082479
3349011 -1312462
-2347368 3583758
3126728 5150085
2483139 1887945
-4931345 4301725
-1459691 9989453
6232787 -4441086
3173498 -7942073
1213276 -8734774
390638 -2544614
6770470 -494131
2897064 3137274
2436977 -3725802
324830 306469
-342278 -4448749
-342642 5344627
923382 -2447531
2098416 -541886
-2104001 5854538
1265747 -1351052
-6229653 -5066615
-4022615 -2616501
2740733 635343
11313830 9492504
2285544 1899557
862174 1482821
-2037835 627298
-2232009 2990751
-1719802 -79924
2882341 -3824397
-1855174 -244888
-7574834 -10756997
3850341 -789806
-266861 -5125791
1515546 -3689702
-1970347 -1466434
-5611789 -1382374
-5709324 5281002
601315 -6931794
288832 -1152512
-2116640 -339706
1180143 4517631
4904280 -2080845
2528068 -3240782
9066040 -2680494
3961498 -2567964
-958221 -442456
2082497 -3643162
-3980278 -1677274
668532 5209412
1089607 -1231937
712678 -533893
-2408469 -4809010
-2546814 1845668
747159 -3570905
-7981374 3884795
-1626709 4142682
8810139 -5903238
1320800 -4222079
-3340163 4365957
-4670379 803669
3356747 5204300
6134270 626012
-1948914 916863
1323806 -2643686
5218033 4067152
3061059 4415369
6455567 -1966765
-319131 -5653134
366477 -3647877
-840062 -6593089
1829956 2538542
-629422 835045
-3250014 -522251
-2352782 5660983
2236264 -968471
7545512 4248313
-3212573 87294
4628201 1144029
-740041 241452
-5905480 3090396
-295469 -935455
-1271601 1825170
-1109892 -1214543
-463274 -3779781
-667212 -5052753
2692636 8508384
-564704 -9925883
105782 2700701
-720625 1045982
570850 222566
-134202 -2618550
2429 -2273727
170912 5448479
-1878387 1946949
-610242 4705003
212551 -2204103
8455800 -7146959
2104338 -73508
-364403 -642112
-4304022 -4645105
2772998 2273416
2403903 5324326
-3047591 4549329
-4585345 9189899
3374179 -384531
2663001 -2104455
52249 -584120
2659290 1807980
-1317951 6912485
-4049365 635118
-3088045 6705710
-2695626 1910982
1901116 2767375
-899633 -806905
1971376 1686335
-3188657 -1041080
-1244123 1434471
11182449 3201339
3190091 -5905
1705397 6236443
2942834 8549102
3463507 469297
615091 -1886943
-8853139 5002593
676250 -3881427
3321572 7609239
2565230 1673778
6284255 1347588
-2044873 -4623145
-2915610 -55476
2113489 2150432
1966722 3006252
-884513 4452375
3894678 2701920
3809349 8387672
-4557681 -1765149
409085 2463000
737313 -2788219
-3249684 -4823105
-1039044 -6720932
-8941391 -2328498
-2552142 -4247177
-518611 7145217
7664740 2036546
3329263 4259826
-614681 4570529
-1161622 2725792
4270993 7064523
-6504020 4736090
-7954482 550596
-4163909 7538709
2401785 -523825
-972485 -5718243
3333046 50000
-3231934 -5266187
706026 -4383050
5234873 -1523641
-4393606 4881489
1612969 881894
5921489 -3967779
1931485 -3752419
1466382 811277
1080003 -1317482
-4764764 2501481
4978095 -1502036
-2532100 2739151
2577645 -4859517
4165573 3395313
3198560 1638595
-525475 -9561846
2379411 639080
-3732704 403484
2744593 5807871
-8094552 -7184068
-6376300 1761572
-4405768 580659
-402790 2432285
-4311730 -6611580
7080690 7962411
364053 -4815043
1190021 -2610756
3780640 -1934339
-2962559 1938357
-6221648 -2769201
7069563 4037860
-4391089 1021629
-858113 9951452
1670857 1859905
-1196372 -3013544
-3311219 1153317
1484925 -4359785
1330848 3188409
3792323 3084168
3056051 -210159
506790 6412059
-8227425 -1921093
-7833538 -452105
-2828131 801238
-1059008 6945347
9712679 1695588
5346899 -2451250
510644 -6895360
-628005 -7943468
-3715256 -6988381
1764031 -1447824
2596650 449438
-3649582 8885976
167828 -3606461
-1279669 -1875638
-3488677 -2299762
-4112717 -701160
-3378801 6612358
3199741 -3625119
-7280177 -1460487
2026083 -200138
-1111666 7988226
-2687905 -3320522
-318384 -9478892
662977 1394821
1270415 -12783235
5661433 2569946
-6389470 401424
6748460 1660977
2204512 8877756
-863600 -1713315
3299343 -1567939
-4359053 -2402095
-1476590 589060
-2262932 788278
427516 -6041910
-2901940 265849
5997910 -49006
-3175483 -1095298
2342156 6052577
-71323 -139405
1719832 8247028
-3434612 -2153804
-4330971 -1444937
-1694395 -1343679
-299895 -166340
-4660186 -1867694
9231881 594084
3128790 620516
2848546 -2621672
1518528 7673524
3475781 -2827840
2070575 4335411
6346056 4720622
5553696 5003960
7676092 -863220
-1558724 -5050712
-4376538 -1441264
-1119942 1111557
-1874229 7206885
-5763075 -5053871
-649159 -2133152
1725969 3763623
4346684 -875718
-5390031 2922252
-187534 -1874954
-3312541 -630764
-5705692 -2658838
-2987207 755352
-6345927 -3217037
7012177 2730778
-11682592 -348878
4496446 4382438
4844490 -1058742
704359 2312527
3066612 -783014
3024851 -5637365
1513371 984047
-3962516 2492362
-4509546 1408339
-4448152 -421837
-845647 -5424767
3819418 -995302
859351 -2792574
-9653932 1407674
5702116 3214507
-3621496 -10799499
3381197 331628
3567875 -2365407
1883416 1520434
5042471 5139521
-5825852 5145652
-2940682 -629737
5189877 9587770
-307619 -294951
-346824 -1398100
663470 -1062347
8588583 77661
1709897 1389094
4475731 7269884
-6173176 -903163
766768 29211
4340049 -3411400
-6579416 -854692
-2372027 4307594
3241209 1315345
1004467 -4065860
6370228 -2939187
-10087447 8888464
3480510 -1374732
1378915 6627577
-4606607 -680245
-2023102 5095854
949848 4527373
-2728944 1957920
4024194 -2535052
354035 1727446
171669 1259487
1474838 -572106
1919083 1463607
-5300702 -3014382
-2270922 -5634780
4639553 -4237469
1334130 -2083515
-1928066 1134521
3256586 -8718073
-1330541 -105092
-2992824 933625
-4773874 986649
-3000414 861319
1779766 -5187209
-1556977 -2564322
-5421033 4135459
8124161 -4980930
-10326067 -1208809
-4580870 3263120
-3987724 7344607
-3530681 -318572
1660210 -6255258
527161 -9774131
-1171720 2124158
-3921407 1406598
-3919312 -361374
-193573 783240
-3573778 4026295
-2675222 8012326
-3827263 2465288
-4788065 -8382499
5584719 -1799487
581900 1590708
-870239 2758521
-7147324 3031908
1194480 5344426
-3008361 -6441633
8387978 -5188681
-3077437 270741
-6920976 -1112143
3396649 3545725
5437864 -2598119
-4363431 -5339388
3935533 3539339
2195398 -9745106
3398857 -6585649
4813000 -3633303
1399544 3320775
3895011 -5531708
-4112124 -1726737
2068685 598189
-756366 2757238
1501968 -5446100
1717972 3478557
-634199 -4632568
5250621 2042143
398726 5538941
-581274 6365790
2854003 6537083
-2462665 -4823771
-697758 3980249
-1651823 -3265970
6259547 5366749
-4091164 3231132
-6106405 5749162
2858820 5355733
1905069 -2492530
8762739 -1085959
7461953 -257938
-1244021 4724063
-7041650 2659539
2881115 -1136745
-1727327 -3815626
-1501204 -1148748
1957911 -46689
-333323 5003906
-8921393 -1341785
740697 1926648
3979336 5382239
-4059450 1771636
7820133 -4496227
-8506924 2387356
-5048943 739929
2794165 12703365
-4138083 -1933573
-197830 238672
2238626 1187831
4250662 7643782
4772691 8911747
5807033 7474114
-14035540 -3055737
-4607975 2183590
-574549 -2717738
4085087 3228603
7203767 3703900
3193743 -10384711
-2198537 -4146317
-10428703 -3306606
3424088 991754
-5033884 22127
3684724 -1444708
6218643 2374385
1925036 3668311
3622423 2405732
4087745 1808267
-4180853 1255741
-5103386 -1138726
3593783 1679732
-1256467 -9263950
4784033 1406506
-5116775 2871791
9817110 1562598
-7732707 4443201
-2169963 1580639
4335728 -273288
8172283 -17494
1863652 4880369
3590627 -3143709
3409609 7250144
1135580 1530839
1281085 -2040979
2427262 -3312639
10262820 6382902
2911222 2326181
-11491765 -4917708
3923672 -6825980
996363 4798982
790430 -4521225
5811621 -1883406
12280622 2071128
3062326 8809828
2642818 725968
-5362988 -2598358
-1048919 -3998259
-4589180 -5711990
2756102 1775641
8185628 -2006646
9287981 -3366661
-12704289 -3193958
-1640682 -3971260
2045881 -1695804
4874750 5411654
-5539597 3881581
-5292385 350333
-1304598 -5846165
3268892 2681853
-1637593 7793420
-6526736 -6281
6495388 3496913
4292427 4391442
-5624575 7581796
-5822381 -1995319
-773124 -3420125
-3710554 4120299
4448023 218329
-4406562 3168886
5016836 1869841
-1010510 -673982
-195320 -72705
2057522 -6336196
7500817 2892802
2137359 -1497580
-4329438 -4433684
-800927 1774269
1942873 -2887052
7036793 -1331817
885331 -9186624
-563190 294217
168821 7227545
-1586951 867964
7676065 -3744469
-1987105 5096957
8059101 -1047321
992741 6954380
-7417361 -2964529
2977258 2356755
2576076 -6891885
2358478 -10328077
5259934 -1998457
1571203 4468020
1215173 2539451
7097078 -1942692
4076763 -4389615
4048083 -1422795
-515021 8953717
7904233 -1026101
2055595 123697
-1042150 1129877
-374175 1727018
-4147718 5467155
2922327 947017
-5459284 1428563
-3598903 -265417
-1546028 -3558454
-1359323 1222789
-4531507 2080209
-1939188 4687339
6724672 -3027642
-4614729 -5520098
431900 -954161
244603 -538296
-5840182 -67504
-6686152 -914567
1200917 1317220
239608 2063853
7506580 4541556
-4779767 445372
7453238 7288475
-2376526 10531480
-737667 -1616634
-1711598 167410
-5637492 -2120459
-4585380 -4713541
-850315 -3147971
-3050005 886074
329682 2639608
11440301 1898230
384843 4873453
5983366 -441246
-2973164 -558738
-1214044 -3786424
3705445 6213302
-1919675 321242
263963 2938060
-2103815 2083125
12934058 -3970524
-548947 -1240563
205958 8343779
-2877173 9997631
1179466 5046916
-8685195 490724
-2824230 6084730
-6999130 -1299452
11484354 2578879
-4475750 1177394
3353882 345133
5944623 -2396997
3000925 -2392372
-2417317 -9700124
4263927 -4290723
1819586 -220670
-6733267 -252922
4583387 -9064306
3405749 7489265
5668668 5676922
3341713 4787519
-2351988 12017192
-165352 -4289812
804254 -5209639
1823643 -4930681
3588615 -1333581
-1656515 141507
3979243 1426753
-2019993 40773
1390310 -2409714
-2375451 5191942
4490804 -3174104
-2685778 3569738
-2350325 -6691555
4155356 8496335
3835740 -429115
601145 -2126564
866718 2046481
5934600 878670
4061145 8909763
26233 9591696
5136217 3284215
-1114260 3714980
2058278 1368705
-2582581 7232379
5314574 -641547
2373116 -4153496
6658586 -230819
-3872427 12301575
5153661 3049250
302263 -1044517
-1095720 3776231
1140568 -1052242
-4001722 937001
-5781356 5007167
8055358 -5673537
6904109 7032700
-2792929 2036397
-2970711 -4968000
6128529 -1386459
-6446289 -1717973
-890700 -2592537
11068396 -263193
-3271769 -2253387
1165930 -3418268
-9240084 1185254
3718619 -6755215
4248040 -5782213
6013080 4502766
918995 -3138514
303007 1465746
-12454345 -5252847
428398 4217145
2074639 -4681288
-4474887 -10737168
2243845 7053759
4413860 -2867071
-1646465 2744639
-175872 2504306
12341808 2602811
826313 3545160
4250988 746238
2746061 5426901
-1383835 3370270
-2705945 -1475567
-6915 9947124
-1739421 2116869
341169 2065556
-594548 5175461
3175630 919143
3325876 -4581720
2195948 -679853
6407252 1327583
-6377786 3635362
-7344185 237290
-482092 5948921
9057420 1978858
7810095 -1662450
-4740620 1824505
2033837 5348156
1186894 3258622
5227104 -1687890
581186 142559
-3049071 11585382
-2571122 1447731
-987621 3057115
7249517 -904887
2589682 1261705
3084114 -6425122
-2776771 2640114
-77945 -1758612
2603648 3869522
2438315 2606631
-6270618 6474242
831817 -1201274
-10419837 -2840144
-8589376 596185
3938 -976788
2876553 422910
-4324571 -2079917
-2008149 6063963
-1173570 1925362
-1101524 -3547241
-1182433 898336
3483044 732866
-7769542 -4577145
1926056 -1831681
4570738 -224274
4614845 -2890042
1187328 61683
4424451 -9018540
4449702 -526596
2409447 6849031
942855 2461078
3992318 3817734
5003634 6033330
-4712479 339766
-11404556 -8557320
-938124 3445168
-2150390 -1323598
2227777 4852461
600558 304588
1161429 2534429
303312 2808370
4350025 3654214
1021339 -438120
-943106 -3852911
4742412 5005361
-2735156 8037143
-2397634 -4784179
5372106 4530330
-5258967 -66018
3525484 1158828
-4080898 5624783
-5288535 -7229440
-3103181 1278120
-3973612 -1960359
-8234710 727016
-4444577 -5887
-3132231 5066949
465740 7439504
-867442 -3595785
1249923 6313714
1944385 -4983014
-4296265 3937452
-3199529 13387284
-5155607 -4691842
-3903927 -4090045
4401900 1558402
7572092 -2696841
-5660166 1641272
-1288622 -2822512
-6586539 4429221
7837483 502947
61706 -2345442
-4112896 -5834771
-850970 -295536
5130178 -1555478
-1589260 5665023
-2367240 -593539
-1612435 -1873317
-5312024 -1465948
6214510 -3889669
-6142914 1933735
2325325 -2579457
3141158 -3888868
-818114 -1642935
2022072 -246868
-3381469 371848
2744226 -1302413
-5468624 7962238
442494 -5592817
-3705055 -6034730
6231852 -10020814
-1937087 -3714739
3040991 -4147696
-2321575 -394771
-1771391 -182898
-5760566 625815
6329821 1992909
6584091 7351680
73735 -2724377
-4536629 -3270086
5613298 -1229271
-9499469 2831279
2267819 -3538130
-1733603 -9399099
-6757684 -1224159
-3197763 -6842091
3030325 -297725
5861109 4272726
-2018807 -3095618
2712179 -2335201
-1349017 -6338952
2421014 -2004449
3120121 6675552
-2321499 -673156
-5350535 4215247
4601386 -3840506
5168 3274031
1504886 -5126907
10067085 -1497629
6117469 -8421120
3263623 4498116
5342972 -7377467
4763331 -3492247
3625045 1709108
912794 2360705
-3639626 -5221698
2119955 3472126
1232218 -3332298
6503928 4952410
846034 -1246427
-183521 6666396
2973481 -6210019
1310559 3758952
266077 -4066760
4859779 59877
3571022 4980154
4587426 3687963
4276660 -5607673
355393 -1512947
-659646 2059310
592751 492730
3138615 -3255169
3812178 934271
-234129 -5294510
1474339 1536672
-594829 176166
4315193 -8877349
536980 1591606
-1232088 -266368
-447920 6562398
1026905 -2098067
-4917989 -3469675
-7019834 -2345843
-89147 -11227332
15799939 -4572601
2296254 -2411743
-1586359 1998677
3302928 3562728
-3495039 -2739404
-611654 3241590
2417304 2393090
-4160592 -3323833
-389807 821473
434648 2732725
1291397 -2877738
791166 548009
-8930469 -4302031
-8199586 -2452144
-3237772 6619842
4664198 -8878411
-8221126 -6558541
-3651179 -2657639
-4910044 -330511
1751193 172715
1299959 -1833391
655792 6196298
-5456604 -931407
2134083 -1543432
6768356 3461443
4390015 633609
4045876 -2478223
9046029 -1963353
7320154 2892529
-4064032 5788422
-6557748 -2114573
-460105 518714
-368434 12420508
4124999 5919998
6427286 2074315
-1247836 -5489525
3094939 370147
4612447 10624936
-5645852 -1323106
-5715508 -8616279
2877229 3306169
3014928 -7771809
4021804 609140
-7870050 2719752
-3437024 -213079
-471108 -6296544
715663 981677
5927783 -3628928
-2024096 -1932351
4149652 1360519
2458885 -1133614
2110185 -5890253
-2440708 -1613491
-978536 -6716321
-79236 -4300097
7834730 -13955748
4265059 1926873
3266228 -2004178
1348251 2329144
1035782 -5048495
-170846 -4816780
4188717 5486616
2326462 2665444
-2259942 -1599475
8755382 -2387992
-3281185 -2359499
1734460 -5925771
-8464766 2997030
-337339 2655320
-2691107 -2021594
-473729 -760519
-11499858 6511143
-4060299 -5184726
-177877 3020602
3174408 7442444
-4813696 -3284684
2695421 5253593
-293401 -7266075
5098805 1739134
955201 2127642
5119574 1563204
-6160268 -1738119
1260933 501716
7770434 3327406
-9502097 2292527
10619906 3757316
-7970543 -2929606
-5276125 2351743
-2784566 1986470
-2905568 -2665316
-4921433 -1724265
1133838 -3816677
4783274 -6533738
-2613739 2458565
-7618954 467744
-4847053 1068784
7880773 -8024788
10522135 511994
5071774 -3799768
-6321976 7915622
-2052373 1425218
7549832 -4338604
1279064 -4905013
798442 -5254935
7035268 -208882
3193092 -462462
1084434 -5361754
-551305 -7133268
5879752 4722407
1875807 2291973
-5913020 -4883708
-687685 -5898306
6179728 -2386720
847455 3481790
3890819 1502248
4296535 7183556
6683596 -4297568
-5497301 -984268
2259059 3050967
263733 -443674
2193484 4195611
-3109286 -7174681
-8495484 3455284
-2284535 -2765956
-8103686 -4736369
7779776 5711440
-2186024 -4276794
1340499 4304541
1161016 -3549947
-1791331 -6580032
6854658 1307532
-2636485 2210885
4080367 -1930282
68694 -3530086
3348784 -2199704
-1727307 7065280
-20016 1790155
-6500905 4466705
-193648 740179
-2117364 2318660
-932458 730713
3971465 304315
-3894581 110513
2713837 1788713
-206966 7113323
8365598 338149
8635483 6720674
4343119 -6642715
-522399 2805580
1735337 2838445
1576103 3376157
162472 -4904726
6811901 -3668438
-3630920 719313
6290880 2476558
-1495620 17802
38690 -3308662
1168247 3399851
-1880914 3302073
-6077366 -1820399
-3005963 5301104
3667310 -1862639
-1867 4066598
6201320 -4883946
-9473612 -2721324
312632 -1401300
-2799882 1069976
-1452126 2481676
-7379 6834369
-4872191 8747635
-1942729 -2272666
-673772 -2544756
-3488859 -6912443
-3862268 8893680
4330657 4692316
947546 2489955
-12187465 -2307326
-220853 -2429072
1885929 -311931
2697830 8782443
-2340116 2597857
971785 -5752367
-583552 -5397230
-15124723 761093
2630827 3883111
3856179 3331789
5386517 4714351
-790816 4576263
-2843659 -1346255
-2006422 1567049
-3195006 -3631097
-1593758 -1607929
290745 -1452548
6790607 478876
271606 -5585426
-5115059 -108224
-5436046 -5072203
7077549 -793746
405957 399754
-6675712 1512247
5908784 -1344514
-2707704 2075754
1520311 3281301
-1258900 6754468
-2104388 3379765
-5338440 4477536
-1420579 -5674692
-5574466 1421990
6997138 5778915
-1379705 -2604185
-9866938 3309190
-2703997 4929182
-3955517 -5290941
-1016995 -2708028
1046838 -1041232
-83853 -286304
6376996 -2641473
-2816723 650117
-2491229 -178618
3595918 -2402346
-180366 -2661023
-8162794 -2325113
3434866 2707065
-4776046 4695715
777008 -3010862
6258071 -732368
-1284944 7444181
3193876 -6205485
-1795924 3124530
3394548 -4191541
5265731 -1435227
-2732300 -4346586
1132789 1247385
-653009 -392504
-327789 -7804167
3082110 8820303
4152762 4663078
6162033 847574
3394105 4470686
1200015 4694349
2056612 -3592504
97838 -5817154
2319582 1021918
-1258943 -1495885
4084392 -414647
7861979 -411511
-173225 -1714222
-3770033 -1251645
-6628257 -1706283
-1108076 826535
7038152 480186
-6164304 -2546805
-823851 -5720328
614008 3285554
3124793 5056851
1691354 5994905
-7741166 4767009
949013 890387
-2416609 1220933
4764204 2940640
3082105 -477374
6042413 2851756
-3480613 -3945389
143133 1539741
92594 -5213941
-4441193 4908040
-1786692 -3891205
-1549639 -3201352
1414505 2436432
4671239 518233
151295 -118675
-3857147 583732
-5995367 2440437
-2779333 -4409661
6617498 494031
-2462704 -6239457
-852029 7661394
800423 3572026
-6266017 -6938630
-537114 3405670
2880274 4937097
7954507 2528206
1961663 6112257
-8213601 -8770173
-2432943 5453860
-4170099 3704233
-9116543 -5174269
1489351 4000589
-4751975 -361107
989119 -4791003
-825449 2104774
3129828 6899200
-7235899 -7807278
80214 -1180769
-8011764 -688362
-1285223 -5163685
-5708094 4851985
1566322 -2723658
-3769620 4142695
3333889 774872
618004 -2611427
-2375463 7899373
2375509 260125
3071516 -2071250
-4723549 1545350
-1975207 982121
2644157 -4202882
918984 5068645
3768579 7237754
-4895112 993670
-903664 -1814544
7330586 -5705646
973770 -3446141
-927589 -1497738
-10566085 1211492
3496478 -2287156
-3885430 -1269551
-1460933 -3842230
-576153 -1584480
728703 -296651
2727852 1932941
-5510296 964781
-2110490 -3306918
7515368 -5268335
-3887156 -4419803
-712353 -4743082
-1203677 -899930
-2989359 -5901982
-1627795 195655
-4664360 6253773
5134873 -3779840
6102265 -4016285
2189184 -2097973
5984141 -828942
-202766 -8547755
1126614 -4954282
-2166357 3247342
6716061 184287
-4370571 8211881
-5837999 2743381
-5717528 853292
-9994896 3987168
-2593620 -1687724
-4501703 -4133381
-1292393 -1600056
-8066845 2969814
64216 -1112467
1018461 8441468
2529362 1397383
3078509 -2733980
-3016454 -2191818
2711701 4596970
-5024670 2871521
-644376 1693398
-3166070 2753759
1845358 3310922
-6963864 4641277
673956 2784850
-169777 7365947
-2414547 5004542
8781040 3327540
-3508035 2006556
5602003 -3064663
1896074 2240510
1035622 -8307115
7995597 912902
-10152143 -5149045
811278 -3765739
-2618521 -5495562
-79941 4703716
-2091377 -1390857
-6443822 -3622657
8791069 8198167
1670362 3039275
3637425 -8184927
-1090836 1397759
-3705250 -8911751
-4351990 362068
5136489 -212660
-2506838 -2505490
5103973 -10164442
-3274028 2214090
723715 983905
-1666090 -4839896
-3728237 9148662
1395614 718096
1752968 -5579062
6949140 9886074
5483661 3231893
1652899 2001120
2319899 -1950417
1925106 -891479
-1748387 -3498294
800892 -6365861
4771302 -3936569
2186759 -1887447
-2956845 6178466
-1304930 -3318335
2951995 758530
396473 5926807
-6642774 3580711
-2589038 781105
-7617634 -2151044
-6364536 5313523
2020086 -4276512
2461198 -2684642
1257023 8715225
-7459622 -2425089
130113 -5086697
-6425952 8751015
-4266511 -3309780
2277765 1014637
-837881 1370729
6438096 1218673
4870739 2863128
1222375 -2734700
-3225094 765658
-1820102 -2082082
-821910 -4522002
720841 3309562
3688839 252738
-1933994 -2580175
-6654545 4569689
2547604 6265657
468810 2195051
4294331 -849174
-8662463 -10037896
-3518823 -1425940
962213 -1634414
-1828129 -4086068
3083261 2325644
4247883 6980213
-1121967 3521090
13474103 1888007
8473610 -5301579
-1410016 -1017831
5043924 2838281
-240972 5560877
1863958 -327045
-4468100 442537
6068695 -226960
-5074213 -5207497
-2844248 -3353759
-744960 -2676815
-8579527 2386434
3678281 85245
-319857 435510
-3712399 -425528
-5876231 -2268098
-3960125 1289974
-9152058 -453158
5958745 -4635606
-1590182 -4714019
689489 3110630
-7417717 863844
-3701260 1270205
108621 4763523
-3580703 -4203979
2233147 -6673052
2739481 -13184437
-2400598 -3162582
1705972 4386208
1841278 -1337593
7386548 234741
1888455 -1533509
35429 -5349409
-1292110 -653455
-4530175 501171
2287224 -3371073
10408437 4236982
2395109 2740379
1546695 4774317
-745592 2012025
2733938 -1181842
-3773880 -4233742
5226336 -7238840
3384510 -794907
-2881492 -1472941
-2698686 2190030
672061 2115422
2796598 -493113
3566546 1340754
120749 7309868
6025384 -1935502
-2684208 -3699190
-2474366 5184440
3856399 -805302
9442394 -6573249
3611755 1157054
-5019481 -1385355
6253205 -1816757
-6591346 2336690
1927659 -2452562
2213694 1137871
359602 -584776
4009330 891409
-5969086 1871171
5304751 2491582
-3094422 3767812
26401 634876
2426726 7255766
4279263 -1070829
209813 -904301
-3356304 -3762654
363107 -7861670
1758675 1091772
-5149542 1981977
-786863 -6195001
-1122953 -2442343
-6130812 -2960713
-749160 -5714621
1550774 -940660
-2990470 -5207457
-4959445 -1826599
-542437 6789005
10540936 772324
-347123 -8148830
3057351 -11877914
-5464461 -2535995
-9042953 -3824885
-3006405 741895
1372719 -977132
3324396 2789065
1376865 1586836
5326784 -4748247
737166 -5489099
-71005 -3547583
400932 -4279732
-7327439 -4186957
287086 -746885
-4434655 -3081483
3427021 -2714878
-1458394 8529732
9618552 -2170618
-1532099 2639693
694909 -524178
7063491 405917
1007777 -8168223
4166680 -5182356
-1009307 -4744194
-2638513 -5895295
733767 1399052
-1196634 545196
1045112 1150873
5739989 11692631
-5403548 -718467
3735929 2054248
4707518 -6935319
-6083514 2934618
2288737 924962
-8416350 3219116
-3404778 1109110
2865180 1237936
4636335 -5961980
222121 -2875292
-1030053 3138843
-4462984 2167214
-4606671 395554
-6306053 -2186823
196543 1072512
4461121 -5768556
-302752 -4538037
3817829 5977922
3605906 1973586
-1976812 5867012
4171405 2315694
5778203 -3637537
-3891659 -399673
1601081 -6065697
-6250220 4525446
-1557964 2475517
1528583 -4684044
-1767506 -2405885
-5408601 2597421
-9656346 4507053
-3752895 7006611
-8547450 3075577
-4288346 -2816059
-6020634 -3988966
-4010878 -3367863
7411144 -5462759
-5127325 339414
-5237135 765296
-1623013 2008770
-4345388 -4769531
3208994 3039266
3101968 -887032
1934758 -5177822
-3418694 4632482
3058868 -5883669
-1686466 4960876
3549917 13666583
6175643 -3917190
-5612307 319212
2108065 2516469
-3871012 -9205844
-2506364 -1522831
-3944157 -525819
376210 -2510421
5845190 -9998067
-7732358 -961904
-1485048 1771367
744587 4638904
4869117 1104993
2292846 -1296173
-2768412 4571970
5405546 2751470
6056293 1622300
-3626455 -60334
863007 -1346836
1441934 -1770944
-8571438 2770297
-1062576 -8523797
-3991841 -2658222
-6067377 -5989826
4704353 -6701815
-2780117 -140356
1791883 -2537370
-4889942 -645568
7562592 2666756
-1830634 4188851
530667 4709158
3353040 -8410712
-4235411 2305014
5250906 -2174816
3439476 782364
1454085 3530818
4231316 1520314
-2813256 -1964149
-2780936 -269568
-1884798 -7505647
5204160 1234608
-7624686 -3356781
-457464 -2630596
20038 7759457
-2005745 -205271
-3246305 5485221
-340911 2650059
4869149 -5618625
7111442 5656
1696077 6384634
-923734 1778064
-6531794 -2208496
7623272 4580158
-5937491 -4947537
3469737 1021678
2573731 -3077107
3127562 751983
9587096 7575607
-4029093 -241009
705555 -9162996
3394872 -1160500
-1261201 -2137999
1732891 -6521511
-275947 -3109779
3812705 -1984837
1361516 -687013
2165501 1541690
3885000 -3193798
2352515 336881
-1228351 6574507
-4309426 -238046
5130684 -3948339
-1420813 -5970215
-2876316 -3771532
-3548535 3468686
-4232798 161727
-1841352 1860744
5635212 1394467
6870 2974718
147964 -310915
-4584819 -4196561
-7196776 -3346938
-661829 -4358532
-965110 -1076804
109385 -4045612
-4855782 -3539530
-1565060 -8731515
-4432845 -514971
-1573679 2596753
1369085 -1347505
-6245468 728458
809768 -5403161
-1991047 -1005317
5515298 -5898193
-3477755 8611585
3341193 -7650205
2388936 1021355
-8711612 -10086573
-2113083 667841
982616 8224064
1987478 -5236527
-80757 -4209960
-4869093 -33960
-7519390 5749446
-5486909 2025769
3634845 1725428
2013534 4876103
-6052671 -115624
2665304 252675
2214907 85404
-6431594 8502170
3280579 -438456
-2675316 4761707
4394384 6816296
3046719 -13262662
3295452 4385282
2594295 151545
11703041 -2640527
5080715 -1618035
-6072386 -2185962
-5047866 1233432
2887025 -1459125
-4642831 -3484441
-3236112 7234117
-2492748 -674210
2139576 7912332
984828 7902199
3813649 -2874695
1476060 -660068
5492632 4305199
-1462060 2234143
-654189 -524753
1337837 -4764933
4387901 -8597570
-6146500 1135431
1580398 -1193520
2499322 6203352
-12143022 6432788
783384 481298
-118800 308591
-649550 7376890
5458539 -2269107
-4868621 7132918
-2872020 -2877015
2153024 386081
1572511 4468307
5033774 -4433398
2697741 -4863380
-1802812 4917761
3439223 -1916879
-1724714 889178
-890323 2074927
431309 -1611647
2365042 -5330322
-5664282 36562
-4866330 -3032923
3372453 3674513
-773996 1489290
2384254 4077516
-6186607 -4920165
204519 -5839531
-4648725 6383837
4643743 -10399121
3345915 3743617
1811202 131087
-102522 1658052
4094794 -1431939
-502488 -301027
-2071776 1522019
3499671 -1509474
5183282 -9339562
-945734 7667875
3155986 2486919
-670174 -1449980
-8675473 -865000
5224823 -1936456
-3142905 -2501735
2056635 771331
-4156539 9625536
1427399 1563780
-5522936 2183658
3181675 -1812757
-2281615 -382937
3778444 -4229738
2197853 8481950
112102 3941346
-1180935 3918810
-3043277 -2583785
2903165 -3245006
4345182 3641056
-1387881 440426
3046840 -94726
-1063664 -1062694
6342696 4492572
-8954177 6262390
-2651282 568171
401692 4177584
4507506 -3426171
-7094750 2483235
-7291110 5253228
-3772671 4655845
-3215881 -3693387
-4637687 1515874
59192 -1609470
3647060 -4535946
6392167 7422945
-1340855 -2153643
-4042405 -2271006
-5713427 -1381105
3727946 -4071165
1151948 5171350
4075035 2494793
4872777 -1241686
-476070 5571063
4403903 -2444498
4169551 272497
-3326585 -5361807
2893639 5367468
7388921 4026015
2360332 -2221720
2264860 -3173879
-10468992 -7218438
7563376 5471992
5400974 10939199
4060713 -8293083
-259822 1268263
-1135304 -3180300
3802403 783475
4616382 -9166271
712845 1437657
1691133 -2220324
-4325960 4611043
-271168 -8409715
501623 -2658700
-1117512 -4868694
-1010584 9532642
2521239 -2337391
-4015512 -278572
-1872323 5446659
847002 -601769
-4166123 1578233
-2448184 2384688
3107934 -6678027
4932018 -5627836
2992285 1853909
307115 -1090745
-4600539 -1812839
-5433691 3913657
3694853 -3407365
-545198 -3674977
-2714997 -2564850
-1460553 -2251012
4954968 -11257142
6524512 -1907448
-5948766 6810051
-7315042 -1970119
1542017 -4474420
-4779953 -1413264
-2530280 5663404
912085 3157741
1383473 1147186
-1704322 1436788
-3594537 10670217
3249830 2173428
-244410 3877169
-3935625 -1462525
-1919914 11156718
-2843369 -5554149
275868 811684
6218688 -4737581
-3515938 -2817102
-4026575 -2329741
-7224372 602321
10915048 2622447
-6052888 4017332
-2552933 2082761
-4717674 2561713
3864414 3072546
45662 5768015
7578407 -5691749
-257398 6698436
-3311359 -9354422
-5214399 -123311
5537732 2660800
-2334888 -6088874
2847361 682410
1116953 4945266
-11593777 694456
-719492 -4012749
-3444466 -4565801
3888731 -3373606
-1376798 -327274
100540 177827
-3430079 -1274478
-3990453 -6805886
-6096988 -2958323
3181712 3103822
1426182 2118268
-2525922 -5008884
-32183 -1661397
605009 5349509
3417923 5060662
2521093 -2281961
6195340 4121083
2614491 2725967
-8390454 -3142516
4181225 -5882644
-5924298 -388929
887933 3931162
-2303553 2260054
-1716628 4703221
2134921 1546059
-2824788 -942116
-833532 -401400
6394796 -4494072
-1328734 -1040166
4365434 5274746
417836 772701
4079825 1649759
-5883387 214984
-1033366 24154
-527213 -36505
-3481852 -6064573
2284791 6873720
1513401 -4197959
-2035336 2544636
7629594 -12403
7195916 3730484
10514084 -1561342
4840114 4566106
-6519242 2620844
-246921 1906125
-894887 -2502114
1206396 -4093207
-8843216 -2105553
-651881 5166810
4211259 1873270
3021139 4838690
-150824 14068194
2355301 -3294131
-8882317 4919779
605900 2232030
6614905 1733049
-2519217 3140265
2433952 2985130
2455134 -1755014
-1566582 10868414
-4513904 -1499662
-2857974 -850315
1337015 2150500
3597490 -351990
-7071208 -7723380
-2186900 21152
-7661634 6021258
7447520 -2378146
-2748737 -2054433
-2386502 -2061852
296052 775699
-2443488 2757185
8337632 3130003
1715515 2834395
-4415703 2174246
8580191 -875053
870407 994236
3903960 2740402
-4832141 -1585387
2906906 69976
-1891049 -3571194
-3114459 -4136188
2643248 823880
3583559 3474612
3905732 4070390
-4231609 -2781687
3890939 16661403
-2145987 2169631
5658156 10543034
3756982 -3869422
-1648870 6455657
-836043 3007702
-2464388 -327414
2988658 208945
-2871467 3367586
-5774132 -3343135
-1354929 212416
1622345 -4979129
4033238 -4526558
1736064 4044288
-3064390 5671755
-1087214 -453391
-6072864 -363088
-6990541 5836930
2125012 8705000
1581064 -3379442
795295 -3507240
-2283718 -1593226
953722 4753343
531874 5903308
3816740 -2388655
217745 360710
-5046074 -6185399
7450347 -773565
-126685 -5475570
6107877 442737
-1885950 2979167
-4505198 -7094799
11241308 1267602
-2154850 -5009767
1801932 -3479568
1886885 -1479979
-2743427 270876
3761148 -815597
-928491 6360899
-4195291 -1657237
-6899177 1246874
-3100492 -2726881
2268073 377253
3030963 9371817
981485 376883
2049729 -4286724
-2442406 -6542562
11329472 288285
-1398684 -3460392
4221968 -8059289
-803630 -1145345
1214130 4372385
759646 -1807382
-2954316 -2441358
-8624838 7330915
-2875369 -1258025
-3208285 709704
-7162476 -2297226
-3119501 4930665
-5603564 2393571
-2954801 1446547
4122221 -8457978
-3495201 1998466
-1426938 -2901296
5515237 5149673
-3365627 2634571
-5378274 -3374222
648123 1961556
315635 -2196644
-7194442 2639340
1442360 319636
-2255629 -988463
1023374 -3207847
661284 -237920
-1370978 -5175960
-2312306 664908
-8322402 -429746
-855281 1208310
1545248 -4448824
-1906707 -1432430
-459865 147767
5303663 4753748
-99213 -5095364
-49721 2720446
6051341 4643365
-1837516 8549297
5675473 4171775
-3999678 4219613
-4981676 13778
-4159156 741248
-3016894 8476643
-4140987 2175400
-2196334 -4870399
-3184205 1197171
-5081489 3125880
2480847 -5166199
-8884519 -3861916
2778287 6586866
-1653171 2527715
542403 -869626
-46756 2777074
8407746 -7598626
-1625324 3550238
644690 2133968
-5519559 -66259
3235429 -1015794
323932 -7263523
4128468 -7804304
-4074630 -2616609
841514 1788504
4017530 13926002
1898508 -3827904
-5397210 -11227221
-4124270 2621572
-1195127 441962
-2476709 -2315786
3798590 -1931584
-2679529 -2357967
6062098 -2161095
-1794017 5737416
-6131446 1291085
-3193341 -2449677
79759 -4004489
-4609813 -7869548
391584 -4474348
-732440 3644577
2520862 1390200
-87575 -4030195
-3534463 2752789
6338095 2913923
-7325299 -4602729
-2001609 1815327
-2685817 997142
-1024056 -6149913
3234430 3124922
2750906 -3095584
-2572757 -1770391
-373804 3824648
-2359880 4445533
1505420 -5059923
-4728363 384668
-2543984 -3162242
3119898 489668
-4013761 -8125686
498215 -5143076
6902797 300530
3779731 -420101
2558069 7795775
-47402 1981527
-4006239 -2424483
-3837642 11831516
1771402 3530776
-3947040 -1833490
107183 1750344
-51983 -7865364
-2236988 4143069
4768054 -2212789
-8287779 7717825
6697270 -7489048
3094224 1724121
10307470 1286811
-9118877 -1848921
5234896 -1764974
-4849352 2451942
-1515655 -2574813
-2175334 4006559
3339300 -7286468
3122734 1539982
-4062487 3450981
-4887379 3453205
-13010767 -4945331
-2842172 -4637128
2107530 2198501
1815836 1974934
-4728991 1709508
4326630 6900228
-1290757 -2852851
-3912584 -8964503
723601 1718065
1134843 3049100
-1422734 -4323199
5988815 -4949465
-169891 -4003101
-486389 -161764
2342271 69113
5317248 -2174724
-849518 5781960
5151828 1806947
1737012 -3902574
3103745 9493578
5487292 7227655
2582489 33264
10832041 4093102
2170370 -5052247
-2388615 8116565
1921452 -3147690
57503 -3018175
-4133480 -1332650
1944475 9895351
-1604422 -1578776
-2244646 -3725681
1485614 10907430
1604025 1698063
-663113 -1021925
991691 -1420462
-132198 7425176
638398 1548385
-2183249 -5342434
4987317 3521970
-1150126 -249535
4416523 -7320323
-5752105 -4349388
348931 1108451
4846479 3707984
-3828495 5533872
-1717604 -9010683
-2977894 -2750779
2320180 -3876761
423361 -79826
2125880 -2754659
2959569 3375558
1491784 4292949
2697033 -761129
-2185520 -9542955
-4516511 -4906153
1596757 961959
1266989 -4585618
4182409 4311991
1611734 -469438
63745 -5840996
2280438 5350131
1293147 -54555
1558097 -4586256
613961 3433308
-5738823 3064955
-4372644 -3807029
-1972258 1660277
-3710656 1549532
-4791317 1925772
-734312 4939447
-2542102 1637975
-483341 2468615
-343040 2547079
436828 318803
3641215 -459517
-6136091 -2086314
2770732 9335618
-3847032 266766
-7107470 -6043073
18132 2499424
-1130513 928442
5935617 3792452
-4198613 2757333
6323215 -478144
-6049357 -5905449
1811597 -985530
-7307863 3316537
-250816 -4971235
4589701 3432658
-7764945 -1188579
5757158 -192741
-6802286 -6138358
2728598 -2816339
-1052404 -1365330
-2111875 -6337616
-269574 -2102125
-788827 -63123
-4762358 -7007455
2304054 -2581258
-1734302 -4068279
-3064589 5962774
7934944 1282906
-453604 2679641
1283623 -6772959
3148245 -842014
1710773 4892744
-2199072 1033226
1866215 -1065068
-2184303 -2624460
5486381 171999
5142270 2502564
4745478 -5071492
-892103 4716073
-5733498 -274099
3029483 -1086487
-1158614 6623754
-2729475 -7808143
-9674298 -1023750
1102051 -6476099
5967007 2318033
-5909754 -386257
687387 -2958932
606492 210268
4840956 -872935
-2594469 966859
-5195267 3435495
4812322 -90306
126650 -1953782
9156893 -59624
-5543416 -2068353
2271120 486983
-5864908 866596
-849416 180526
3325287 6780103
4536886 -5183605
-5921969 2367478
2222835 2740225
-4631321 6921945
-5508195 -2021085
-804566 -4605791
-1465607 1894232
-6601987 772314
-1743250 4570479
3382140 5966976
-323247 -620662
4501174 -580180
-2365287 2054560
-9117536 6975
-3122924 -3279064
747020 -2830427
-3800249 -33758
4699833 1194960
6999274 -5823102
5157950 1488721
-1600722 2113335
5195709 4313758
2314303 3375366
3582991 -1436874
2290727 -3515453
2980396 -4971243
3374636 -6026866
585784 -127730
515708 -2249598
372332 1025042
393855 2347515
-1667965 6173132
1841500 4827964
3148885 2188024
4284493 -2866690
3876053 -6907367
8421544 3840110
-1489042 5972637
1077398 -3606098
-2049205 -4761181
-151634 -3916511
8285961 7278508
1061355 -1783522
11655352 -9355831
-4054747 -1876499
-3091821 2124627
-6097808 -2867092
-4636781 -3263015
10426883 1089429
4408282 -4395757
5155048 5370799
1849279 -2105916
-232100 1092069
975634 1019787
1264400 287644
-1244079 5226982
-1532578 735617
2192115 -1569738
5612568 982491
2432332 12006453
109383 -4119287
-10283210 1465195
4427281 -1360332
-96175 -2199339
2267481 8973670
110324 -7630510
-2920487 -5894569
-860590 -3680971
-198717 10623711
3444530 -1931344
1085865 -2322692
1893372 1834202
5278546 -942365
5151347 4366416
-6975451 6014697
-336268 -3400840
-1924707 389149
3755794 3047213
-9337885 812511
4291721 -2428134
2461955 1227977
1359114 -4379343
3482428 897545
-5498266 -2045698
5769632 -9148237
7053044 5267551
4756857 -5242821
-3061124 -561602
3895390 -6262160
3807856 -7871202
-2761779 1318857
-5560751 -5275034
8917460 -5953937
-6432529 -821549
-4019019 2109197
6728858 2186382
-1419677 -8998263
-4008610 -107115
3995684 2356011
699050 6059561
-1201294 1269585
7547572 -3898757
-1967393 -3013104
1637284 2618173
1177093 1962396
-583737 -1213943
2706255 -3771886
-8213015 3474839
2711074 1679453
1798103 4045894
525616 7817913
-2079465 3567325
564642 -2411521
270934 -5769594
-8917779 -692130
3704633 6795010
4715358 2301446
-1002009 -2987426
1333148 -803489
-1090705 1452624
-474443 7236737
-160 4877134
4401783 855371
193135 -7372536
-2352985 -25756
-6257584 -275262
-5559662 1459912
4230414 -1025407
6758961 1783332
-3102205 1346634
-3141975 -7341037
2308919 -5010031
13644095 -3637804
5187164 671476
4832123 -134743
-4745939 -5182518
-1931105 6237587
4104297 -2727596
5244463 -3973324
6320544 -1182068
3354947 -1646420
-5103156 1827120
-4157606 -348333
381912 -989663
3373102 -2491282
-6328989 -2136341
-1257565 3280928
-1854857 7763112
352706 8900386
1532948 6506822
855594 -547630
2512242 -2311408
2132071 -1501520
-430117 -2852148
7310692 1279468
5392739 -3150519
4680811 3225532
-2581120 -1013131
-3029394 570104
-2998838 3958936
-4005438 -1072688
811445 4961527
4214480 1626090
2916187 -4559720
2940341 -5133716
1445603 -10115854
-2658043 -3112659
-698436 561808
-3456751 -5578186
4853329 1025176
-6074315 6215412
5805735 -4195018
1863982 -6408186
-5935887 -350225
-2641920 -543928
203038 -33479
3795776 -719254
-3007639 5889043
601298 6727886
1622444 14323
-2921857 1137814
-1205321 1905392
-4618693 -647185
-1218631 -1952785
80431 -4276667
7160090 -1281694
-2176682 1410961
1990698 787940
2567366 -11974779
-1214481 3408948
8258255 -1932934
642226 6664435
-330101 -3274845
-5862337 8448206
48862 -376345
-2735162 -2713322
383808 5152837
-1615383 588972
3151497 930961
-1648264 -2712489
1642526 -3094265
1182927 1951
-7881869 1426552
7945304 -1598303
3959759 -709187
-11894587 -3558280
-1681735 4386837
-3204437 3178612
-4907601 -4116577
5693442 1580079
5159465 8026112
5084531 -3127025
1200867 -3350088
1830760 -126456
6654524 2671127
-2625873 -9068366
35333 -1159520
9235727 1157840
-574576 4611170
-3251778 1399699
3725115 -6684505
-725553 1845261
4650344 -5847957
-308742 -3055291
-3039722 4922937
1594280 4006539
-171454 -217767
4576045 -8021201
4967081 -1592579
-3925526 417254
-1617071 1837297
5826285 -7068926
2781005 -3306709
742313 -1632177
3302517 3961120
443260 -7152499
3480147 -7035578
225754 -5691222
-1686172 -1100187
-9692 -4722932
-203907 1007734
-2424866 1003584
-6028163 1091339
630954 6631563
-697228 4384997
-1865287 1530978
-1719829 9569414
-6555545 -4043274
-1915291 -4769997
-5928633 -5179640
1704690 2441868
1387623 -5780632
-13566044 -528477
5067832 -3120009
607728 -564820
-4317038 3430234
2018564 -1248105
-2444112 5605336
1720071 -5763944
-729496 -1361257
-2641559 925320
-1587330 402504
320321 1257529
1980022 -1593882
1655764 290158
-2378744 4964254
-6579868 -7986864
-5667688 -9415006
989213 577426
-4210160 2674865
262772 -3411836
-3402512 198109
-491071 3487730
-2281375 657036
-3670862 -5157534
1817792 -4298113
-7131562 6444074
-5674630 -3210180
-2870792 1014748
3141733 -2301507
2870243 2825114
-1403934 -5645366
2519282 2425499
8953771 -276601
4909054 -5584406
-7102236 -1808253
5607635 -4835407
5070684 -3193053
5080940 4878304
6243914 -3302049
1366469 -2108467
225979 2915907
-7058784 1158860
-6828312 -7664433
-3382201 -1080143
2365883 188437
-2377931 -5822288
-1677961 7139003
-1569181 -3577757
-5191388 -3872109
2311214 4923793
958147 -50194
-2717981 2979191
2020761 -9545082
-6311223 -4764115
2268807 -7549587
1520080 -1013612
-789427 -2955114
2128151 -1743076
1691080 -3911861
6635684 -1444494
-2495768 -2795489
1978594 -3755529
3396363 1135516
-4329748 1032775
-8593410 822764
8070114 -2289213
-2661094 3475149
3522840 492587
-310890 -2191412
1358409 3794346
1375785 6181137
1237523 -2160346
217249 -3618913
91795 221539
5544035 755125
-1240381 -2958030
-971630 2142793
2252943 1026740
-4393418 7155525
10446736 -4895385
2423102 -3775141
9544493 -3118803
2030414 -1467289
-4385955 1993281
-10501573 -2215788
1558417 -1670837
6375788 -4975569
-605682 1502241
1159284 -70754
-2631949 -1155616
-1517742 2971881
-2118897 6123376
11877704 5800029
-1264083 1231368
-6014897 9176320
-1656592 -3982754
2116820 3001493
-5545468 -8412576
845772 -3728597
-638710 3337205
-3895859 2101120
-2686675 3631008
-7579636 598759
4043180 -3274866
306508 -3019324
-3911401 -1421818
-8882773 1257992
6417911 -3573432
-1481788 -74722
6895686 4377920
-2112489 7312880
-5776544 -3301718
7176047 4524127
1102296 -2040812
-6070351 2616042
-2010265 839794
3642528 2697921
4187454 -1436330
1317493 7830293
-25248 2011764
-412553 -5249497
3799498 -4838283
3707941 -7390719
3484311 1685237
-3780504 -3765711
4532801 -1287536
-2304183 -598319
-2482990 9541150
926498 25941
-2323100 -2567630
-6343902 -420784
291133 2184233
1648800 3377506
12479829 -369849
7359212 1772584
-8335262 -368802
1707422 1476582
3323517 -1103663
4946705 200937
-700392 -983537
1486163 5923163
3864180 3566009
-3160206 -251355
1684291 -1402277
-1831250 872612
4125147 -1942410
-4584856 -173332
6181978 -2901947
-4181784 1523469
3026366 10287962
995283 874701
-1244415 5346608
-1289161 4354496
3191044 5131041
-2973771 -2243209
-1750735 99156
-1384167 1998666
-2338288 786295
1668114 -358319
-1134409 3263634
-1831982 8294575
-2314901 -671220
3492612 -943326
9231094 -282224
-1119450 -3728291
6539093 6567633
-8076892 1636017
8009431 2033855
-6747731 5841889
6023536 -3356769
-2827200 -3521494
4828856 2837106
2833576 2438767
2692338 7361730
6185889 -2712324
3354564 2070698
2228711 -4668643
-1967345 888604
-3337354 1883172
3064877 4983526
924014 6121900
1854452 -1618796
-5148539 3610657
242877 -404124
-1378180 6072548
-5634722 536354
-233315 273295
3359099 3189306
1039523 -735866
6692853 -155628
1369243 8686813
2093412 -193374
4154263 138604
3322937 105088
-5165501 -308456
51137 -3705661
8581311 1129112
2106131 2455991
-6950234 -7162425
-5639199 6619195
-311995 5404230
3494488 -220442
3864082 3816132
-4698565 709295
-2468820 2048077
-3800512 -681753
-4098806 1341364
4189100 -2790420
3771301 -634178
569323 8124573
-4084286 2026069
-164141 -2101804
2383203 -2976712
-1127392 151562
-1288218 -6088343
-4278173 2345223
-1429991 2288337
-5366144 3631102
844967 -5607245
-4373 -1779049
177243 -4243560
1319921 -4321121
6194645 -2248123
1244190 2392180
-251729 1740307
-4589975 5961297
7437718 -5437322
-1640319 2454930
-881493 3032248
4799793 2700058
3575197 8984384
944168 5461774
-1165543 2070277
5029793 -3608550
-54127 -3077871
-80690 -7156650
-349109 2365957
-3902224 -113322
-3593400 -2638826
7034492 -6454240
-1961931 -5446493
4958733 -796656
-2802213 5223770
2861760 -2406969
338141 -10772340
-165659 -11008348
5223127 4315081
8765547 -3267132
-4991723 -1897144
1997139 -2425789
2187152 6284578
-1929146 6004989
3072484 4966998
2084287 3570975
3054285 4715310
-2241331 -1862789
2567639 -4633486
1116455 1179370
-172577 -32209
1353121 1151750
-4531160 7163977
-5650714 -3890748
1777772 -1912537
-12225531 -1208460
-6492978 -5394763
792450 1289278
2649461 5455535
5689907 691428
1232088 -4776429
8823343 3414588
-810565 8024770
-3113034 1534635
-3250570 -3605407
8059275 -7828910
2757055 -1365408
-9323362 5410893
91194 5438132
579658 5280236
4639567 860017
-451478 -504229
-5051217 -5056759
-2825425 1866762
-190778 3148318
3246746 -202733
-5072134 -5189690
2167299 7393269
-1197967 -3474855
-833705 3520346
-6323195 -1712017
1123909 3962533
-2168254 -1360435
3183237 7505038
2818393 1942260
1722298 2657023
8617672 -5910185
1680007 -1445151
3008509 3090138
2559114 -1102673
-442510 7471999
-2558898 -484857
6790826 2807390
-4585954 3182956
-1917430 3269395
-6538670 -6581303
8472132 -1827048
4954106 2796160
-2676542 3471398
5162903 10493079
-1363196 2957969
-113899 5064184
-195340 2539745
-1744590 2838017
3775899 5944137
8797424 -3022411
1882356 4640340
496122 1466387
4786994 -4901147
956857 3675819
2872514 -5210316
3120246 2428101
8233954 4782638
-1336983 -6194846
-766899 2028380
1902861 902015
705892 2125313
517415 -3557927
-3506154 3768601
1981446 -490826
2175758 11918519
-545814 -3007774
-7618234 -2683403
5853426 -2631079
6212284 4640011
68586 6811832
-7326162 -5882269
1498967 9253209
-2895251 2933420
-10515426 1968944
11680381 5067952
3238919 -250594
-516154 -4831973
11121 3954231
2582663 3781020
-2550805 6148201
5959311 -1663061
1376632 2251098
4352945 -5929775
-3322565 -1606692
571715 -830067
28240 -1184151
3470463 -933294
745201 -1350824
2536456 426824
-7949178 3382795
3543854 -8460925
-3138237 -129356
7273372 -770855
-563288 2605320
4863251 4792187
-1164276 855355
661815 -5491595
-857914 -1182990
3387848 1116159
4358109 3193758
-827512 -5902273
-4805460 -4097463
-1819379 284241
-3523802 2494351
-8926800 1413593
-5677985 275868
-7996715 -264537
-9575771 5553102
2357719 -7457189
-3119322 -6219306
-8498575 -3074777
3446414 1058490
746169 -5315873
3841932 2786989
3631357 7525987
-1586910 915957
-378468 392541
19869 4039582
-1354055 3399148
588000 -5943984
-2919842 9637794
3979002 6023960
8993042 3648594
5286418 2477023
2944789 -1093860
1559946 -10860497
-6123101 1994609
53564 -3034832
-1831150 -2391752
1780480 1061618
-3028794 -1206519
-6068749 3637085
-1842960 -6442884
-4381497 -7398442
-1824522 -416572
-9744797 5609334
5928134 -5970584
3036864 -2915183
-2179745 2347339
-10793598 -343303
2124411 337295
-4542909 -835273
1001799 2032834
-2880452 -1909622
-773971 -4758200
-4900029 1839509
1506621 -3718424
901824 -3015683
-6722380 1265181
3857384 4536607
6730217 7192032
350486 1716626
1544170 3722784
-4640261 -3116220
376909 6532609
-1703772 -1326246
7887643 5517416
3418362 -1079817
9964238 -7971392
-889108 -2321292
11180275 -2324610
1659716 5682476
-6154605 991796
-305208 -2251715
-414256 1205506
-4051113 9868642
-5547666 2382975
3186508 6419189
-994019 -2107143
2719834 -4550789
7176692 -7339113
-6274915 -496303
281629 -896680
6003 6705533
4347551 -5764244
2759075 4959784
3577477 2094119
3685063 1807163
-124259 -953541
1115154 3867756
-763085 -5811025
547150 4753240
-3609655 2773704
-275482 886120
3983948 771209
4306406 -7862829
3084441 -2830652
-4255259 9471337
-1158329 4615704
-1404280 3493247
-1276984 -2880372
-2578136 4761203
899721 10241668
3193037 793855
1057830 2166633
-4577570 2753339
661525 -3437940
-1787746 -4289145
726804 1700061
2202416 2105400
1709466 6791410
-9196529 4097219
-356290 3129847
-4862419 -4313282
468899 -7688078
-975936 1793644
-2038316 -459987
3111345 -124743
-1603051 5961425
5187085 -2010917
372869 2392647
-6522949 6659271
-363669 3936834
2847888 2651303
-2111221 3456238
1779380 -960953
4812398 -669288
-3423508 -681161
1048540 -5448415
1101776 4080041
348656 8684810
88918 -5687205
4174735 1958319
5708896 33047
-1216304 -2709824
5099674 6208585
367935 -38159
-1057251 -541947
-11413612 -2666880
1980474 1215397
426140 825226
-57261 -3287180
-628628 -3591608
4829317 -9155150
3751222 3250144
-7006021 7466937
986988 -6035985
-1209297 4906441
-2646796 -264236
119072 799288
1925394 -5955757
4955327 -976483
2640477 1863695
178458 3470836
6761155 -2122283
-6879131 12340663
-1483450 -11780785
3390691 935176
1534516 3369363
-5105512 2458388
524601 64353
-2525636 1120847
-4821742 -3432804
-189321 4157327
-321177 1314003
8971958 4658107
-1363178 1238728
-5856164 -7410166
6984362 2362546
-2456521 -3226152
-2893400 7200590
2239855 -2243717
2109105 3946091
6422051 2840117
5298638 4682394
4052343 251478
913675 -982890
-49810 3705965
835552 2388238
5127250 2299954
1346451 3970057
-3861344 -1450773
-660451 -3979765
424669 -877433
-5274734 4055311
-9177552 -4003416
3217104 8033944
3565605 7022775
3776420 5272095
-6139573 -4360543
-3557554 5067332
5994079 -906018
5901019 -5527037
5239433 -3271659
478627 -4466962
-6978025 7517491
3209667 6414848
-2368167 4842522
9038816 -762961
5680113 -7243088
7742463 1938267
-4118131 -6711816
7265536 45183
-5901158 -2901028
2166729 905269
80042 1147955
462450 -1062108
444365 8756832
-2162450 411841
166240 -2284804
-67457 6816688
10067158 1691758
-3320957 7535855
1041626 -5411151
5240380 2996187
649238 -7046302
-6224693 1043451
2158535 -4148841
2690151 -1707854
-1132947 946606
42002 2483767
-220334 -1125004
-6604202 -6052695
373437 -1189693
74909 8084458
1805104 445117
-1462623 3565209
-618994 728541
6579259 -3049611
-910471 860434
3826722 2496830
-5834922 -3330129
-1221357 -866535
920073 3716452
-5300056 3744665
-821834 -218733
-274994 -1114962
-2711290 -110922
-438668 1976448
-453384 4950164
-896161 -5877452
5391601 -6872060
-146088 -6374569
-6457953 4978743
-1680361 -3483714
-1088783 819251
-148037 -547369
-1980508 -1008278
-398358 2240938
332306 5143806
9306070 -4436969
-2776845 -1846845
-6757421 -1464554
-1146182 9501745
1172344 5287546
3845259 3006701
-1775636 -1501535
1003924 -4798393
2142293 4005527
321499 4500096
356095 -7480452
-3241417 -3039581
-1829249 -1059367
-5587119 2191908
-2260284 -3638584
2664438 -1199256
6155495 6163411
945269 3388893
4572899 4601325
-1566655 -2977103
8723395 -1294475
1680147 7185090
-6071598 -116678
-1510684 -403710
-719540 4685766
131066 -5187067
-4334732 -7096580
-1989508 -3683461
-2332243 -3642075
5573755 -3582555
-5668489 3072098
-1620153 302661
3853478 5498101
1835339 12549592
-3244204 -269651
3658611 6668980
-911424 -2939740
-3079271 -3850703
-3023154 -1519275
-3225804 -8104546
3674709 2541127
-5007969 -2168219
6810133 -2102864
-1141499 -2536586
3168244 347791
3404883 1898834
1293317 -4009986
398278 -782838
2660427 4563462
1750786 1870340
5431788 976472
-5942037 460565
-3650426 -1999811
3165646 183811
-5731293 3896343
2975386 217625
1611143 1027715
1226721 2647767
6085287 -2436772
-4553102 6014796
-4521977 5114376
6565188 10323823
1883385 7535378
-1397597 -66093
-1358848 -4513447
-1311411 -2118091
2326875 5574171
-4696969 -5177774
-462805 -4930664
1706595 -279151
-473848 -2105995
20318 4376420
1703965 3932019
8101156 -504159
-1028431 7334315
-2402207 310646
-1656855 7203839
-5025723 -869924
-2958336 -2083215
3241003 1963419
910860 3656247
6335406 -4170577
-5275958 2815565
-468942 723916
-7211562 439488
3586251 -1479578
-4499588 4183310
3757752 -3093685
-2112685 -3013573
-269938 -192123
-2002623 1314700
-4230107 -1883121
3656528 7314012
-3121938 -4136631
-5352674 -8262398
-4728846 61917
4362493 -323524
-2027570 -4454862
-6408920 -3484072
-2922973 -3205613
-1848945 2909566
-7098647 -702262
-409499 -2860114
458675 2889584
7768591 -4230858
-1333899 901948
-4012797 -299020
-2365931 -4509161
5572852 -5969893
-2385507 6282150
457320 4752406
-2759577 4702542
-1201658 7168881
2371236 -3387486
-523853 -532728
-493157 5818811
6161240 8989909
897656 45548
1135061 3984806
-2165211 297890
-4113731 3268330
-7824074 -8470135
1727361 2054798
-568321 -1362844
1803880 -8287028
730351 -3314343
-5680394 421805
-877997 -2581470
-3054866 -1948755
5879516 6573302
-4628998 484785
4424020 -4535192
4196126 1010513
87978 5182134
-258483 -2768519
-3517845 -468985
-1995621 -1749756
17520 11685968
-338802 6247935
5248103 -2411928
-6092910 -4891812
-1735686 -126965
-1651115 -580331
-183909 2920024
3112684 6482206
-1805627 -6894625
-1223946 223207
1543433 5435451
3285379 1235916
3809898 4723429
-7315346 5992945
344742 5973872
-6701637 1472554
-7260201 445247
-3331593 2581367
3963211 6520918
-2857274 -3690759
3272603 6043665
4214364 2755821
7392774 -823402
2170579 -3195084
-3263849 -3424154
3263007 -959677
4279872 -4413082
3998481 -1369222
-2831942 5708786
2478095 -7085108
1560182 -5108279
-2084806 3396903
2323160 -4041022
-2242584 5794220
-959797 -871459
2351649 -5034911
4343295 4904285
1153405 -800327
3803987 -886515
2359487 529670
5520339 -1826263
-7940285 -1858609
-243363 4380669
3994327 9233566
-112238 475236
-5402849 -938814
8296725 -3803539
3519506 -8245093
-821313 -1889117
2285908 1392386
-5434804 5212489
-1317371 5262251
-1057791 -2374777
1437389 -3247026
-1249141 -2025948
1129601 -8519378
3076678 630083
41839 7411257
1839528 -69820
4209747 221534
436931 97193
-5686607 926689
-2893169 -4612385
379873 -2132832
3644473 4709542
4059433 -346539
-3107130 425083
2001670 -5144480
2525830 2573734
2124126 4249544
5009028 2785458
-118535 -3721055
-1484255 6185772
2485307 2323914
438084 -1536816
-2688670 5370526
-10126961 6303585
-529110 -743664
3646705 1093676
-240813 -4557974
-6217105 2366482
-561769 -5295615
-814949 3377107
1800993 483832
-4488171 6613260
3580294 1558432
-1296777 -1151589
764770 7098958
-4570610 -4315506
-1581005 -3760585
-1105902 -858829
-3705889 1002919
6758840 -964277
9614818 -243843
-2772904 -2570659
-6680086 -3745003
-338414 -1973757
-8617279 -2403820
-1201241 -2691859
-7918089 4027971
-585232 -1886546
1747138 1807411
2339829 1929675
-3868379 -463950
-1493744 8960831
-616705 -559461
-5743333 7906330
-1321796 8079518
387643 -2658143
2820510 2621257
-2746518 -1749803
-8021104 10749675
-1377441 5635146
-935100 2892763
128463 -1733460
-666123 1087293
-3814233 -3949127
-2803099 4011978
-3138996 6039493
4188185 4103671
-4862120 -2955486
-3210064 -957595
-623386 6865990
3735435 11682966
-5122620 3476153
479843 3855819
-1614227 -240118
7026136 161626
1623181 -4725989
5127109 -10566767
1860693 6243067
-11245297 1760579
-1302810 1405106
4063162 -3447435
2056394 -12479176
-6906477 -1193786
3605491 -8068106
-1825395 3492490
-689587 -5383501
-2781218 -2461936
3971939 -7886581
-855424 -5546215
2565257 2528212
5706291 174555
-54919 -4173740
-2046485 -295979
6231980 -12948196
6255506 2814341
198943 -4898428
3663144 439916
10661902 3822920
223885 5217048
-1073744 1192696
-8218018 -953594
-4173302 5874678
2296813 2567474
-6300426 -7492955
2401476 1847617
3949225 -7278630
1495189 -1751937
704659 1525079
-4314147 3696294
2708874 1954250
4619529 -3570649
-2228272 3505259
-7758911 3516177
-2462172 -4967687
-4423446 1724160
-2075039 1654361
-3649091 -323786
-9613350 3846952
-3385832 -3405847
9866256 1541605
9873875 7106579
1859342 4038823
-219417 -4593462
-1344198 4690942
-3838898 -1894109
1825402 -6254219
3253657 -2250533
449585 -1135827
-2840409 1517155
1591264 -5357714
2350990 -1007604
-1545495 1162455
1604499 -3950600
-725083 -1241998
-325555 -1267148
5098867 -2141012
-6908411 -3230098
-2352617 4909466
1862194 2008179
-3043705 8414679
91929 -184631
2336336 5415538
-3312818 -3990864
5401556 864066
773438 6891409
1797137 2773224
-7762533 5974789
273903 1254375
2776660 2794405
3083292 5821595
2856728 1421969
-5170149 1782044
-4870358 1186323
2642834 3919101
-7936062 6354332
3671449 4072193
4636428 -4946334
-1169021 3481778
2554675 -5266518
-1619850 6662276
-3543696 3038094
-4651235 5179996
4336683 6011052
-2637849 310614
-3501178 1652940
-1508702 -4781400
-2125497 3589039
3418752 -2574323
1338995 -2862630
-2684925 -4925604
-2991284 -2184628
135196 -2591470
1251393 1982949
-2102984 -511400
4046306 -10622284
4019544 -917512
-716397 11068817
-936338 1808026
2047490 4439055
-5390871 5908251
1942628 -10302976
1177659 -5956901
4049575 1528026
678746 -4260928
1922735 -1857330
-5389797 3647198
3047015 -6730742
3974686 -56721
-2957995 -10677416
1185039 -2677684
5718922 -3799064
-4019946 -840301
1347823 -1511150
1587175 3074668
-2612306 1423465
2931437 -4841452
-7956902 -7162140
-1605708 696831
-638535 -4610022
2645800 1247956
91687 -962946
-2616406 -758871
-4500622 -5095883
-628885 669495
-915733 -11890890
-1563906 1384228
-1476261 7334189
3393087 336929
2362152 -2208138
3658822 652600
5734339 1333235
2940438 9464062
-2152636 9771344
-2932313 -2541446
3622802 2574158
-9819081 -1641288
557177 -6036722
3007144 4633713
-981227 -4067732
554767 5336831
1424603 1601315
-1183650 -1941245
-5145069 -1337409
-10200957 8060744
2787492 5459290
9737885 -1045941
-6873984 -6121681
-4924577 2261405
-735034 -3699465
-1051593 -6527624
-1914984 587667
-2082550 408498
3597977 4005494
-214090 -717832
-4329165 1389535
-2841911 298080
2211880 -7503429
1731021 -1816007
3159998 -997352
-597290 140593
-8281838 -1946997
-805111 -8128323
1518949 -4798269
1152882 2640838
2133647 -8547112
793757 -3379140
-6163070 -677121
-245696 -9519924
-951625 -1620412
5962055 -1649993
503340 2663011
4336311 2874123
2679766 709744
-7878760 -3484071
2543625 -1522971
-1499424 6070765
-8870103 4163896
-295762 4122918
-4680701 -3997009
-8033712 -5569099
5802722 -699063
3590067 2836139
3171810 10371580
2104165 9698356
919092 2113450
4730463 1664665
-3046186 2385781
5823166 3329932
-5405447 -146545
5891239 1007598
-7453046 2713723
-205724 -3070410
2135006 -3576904
6218228 -3930810
1659007 3731808
7510587 -2230592
-1978994 1220982
7369885 39417
7938316 -3211239
4264644 3295888
4115365 -3324886
-2643598 4721417
4594469 6106135
4231725 -7067371
-4929259 9470045
-175551 3991792
-1235802 2217808
686524 4297301
7675843 4437827
-412509 -3934156
6892783 -1000945
2807729 2204937
687995 790848
-10446612 -3407509
-4849538 751588
-4269733 -981850
-2068616 -1391746
-2993860 -4082872
2579805 -3857506
-3532823 5404038
-2304344 -2099842
1720826 -8880379
-5205226 -1108056
-1123206 -988771
-686781 7311769
5883211 -7286886
-6685467 -7882256
-185860 -4364948
3277670 -5693177
2798452 -2137634
3477410 392625
6870519 -1257757
-444238 5184987
-4878338 2674075
-1645896 665945
581445 1704354
5466286 1538511
2574823 3783096
-595999 -2155485
-1709922 2669024
2077849 753529
-474323 4952723
7340284 119044
-2944838 -4295333
-6607397 12034457
-4443383 -7601316
-9534123 -1380697
-1713621 117803
-4907234 -935031
7392706 -557879
-1191919 4446740
-3475656 -253321
-1348771 5730232
-156978 -2670221
2557445 5300481
1517546 -425059
2089073 3965326
-2683785 7135246
-8808137 4675221
1778582 4977980
5619483 -1346290
-1121151 3604522
1237644 5578853
130465 -693607
-2262495 2951997
-5353406 2944098
3829533 9904882
1677605 2988285
-1505513 -6065500
1732403 -6171621
-7926647 2737426
-3684822 5880636
-7304837 -3870322
1066027 1143887
1999510 5897213
-4255689 6698192
537161 2290045
7218410 -4331949
1050675 -10964347
-2922921 327338
-2269011 3949119
4186503 -5803323
-1479704 7777946
615264 1644038
3010299 -4284342
-1502700 5655539
3938609 1746341
-2580131 4316025
3485329 -3159008
2402186 285782
-4966188 -2810709
6549030 -4164214
-1249384 2659986
1981315 2819420
2929058 8783845
1994450 -5472709
3993451 6614519
-24186 -860387
1620423 371512
-2852464 484280
-6967496 -3484357
-778938 -4639787
-1163063 -2282631
-1414326 -4166245
1275491 2637999
-398698 1419105
-3215982 -814227
-903260 -2292868
2396374 -879865
-5493596 283822
-3749076 -784453
-4379260 -5451375
1068937 -4774202
-3317570 -3231933
-2254711 4068345
1646889 -2223674
2542402 2049397
1686994 3399996
-4311871 -2059241
-1757390 1005244
3985944 -6663855
3311174 -3927724
-6316354 5541137
-8033472 -6284264
-1035541 -8704684
-3892117 2725989
620352 -205124
1621830 1870627
6364247 -930697
5501627 5153022
-527698 5104583
-545921 702576
-1045332 4513228
-2021183 6491387
-1764805 1912342
7323163 -2815663
2632819 -5453819
-2011395 -6543476
-5942360 3502792
3553055 1096532
-5442985 996747
579962 4400427
-944002 -2399887
1521036 4710391
-2696205 -4866303
210404 -3299065
3226653 -1647879
-5246627 -7512530
3924582 -1737804
-4573880 -383406
2054744 1778491
3912563 -2874361
-2292837 -534706
285991 -2273329
1274169 -8124696
9327535 2687086
825592 -6359576
-7753125 -6762459
623603 -82023
-2895906 -4213086
-714314 1677408
-1196790 3870373
-9679272 -532329
-6969910 -3074409
583434 -1969069
-503155 4310836
3735676 -2208978
5008824 -1316669
-6025005 3056269
-3378398 6802941
3458893 -3233762
-3568237 -732431
-4505690 -9449241
-1891175 -2349891
2010855 -1173784
1527119 -1465751
-1810014 674387
7845463 -4878786
1062570 3175119
353402 305084
-1751927 -1390738
-348195 -11120138
1829559 1440142
1670717 -4789251
3672740 -3150993
1263002 5780660
5869006 -486688
-2069183 -4353738
4767890 -1598864
2170416 -1754940
5275796 -2350936
-1761603 10101677
-1379331 -11278528
-7501674 -8013135
3477746 178452
3698261 -4662728
3055660 -610702
-4521396 -4857516
-3972007 3693315
-896723 -975606
3916238 1465603
-2846510 3040006
4465181 -2629978
8794169 7875328
-807464 673045
1121047 2381323
2191405 4896251
4328881 2037159
4690264 5667718
-2984815 -3574503
-3815495 5254445
-3121394 2833121
7881692 3350792
5215665 -8084
-5136231 1012082
-1426113 -5748496
-7145086 -1996537
1782377 -177452
551400 -5956484
-5135550 1876956
774439 5961090
-65662 333806
1258456 -1987080
2496047 6127772
1823040 -1154131
4164085 2421596
572136 -370417
-2932610 -1693988
6662884 -1607257
2242931 -2345617
-8462647 -2976732
4097959 -3089917
3116238 -3471631
431333 -8209724
1223430 4448090
1057437 1784683
7389232 2936756
-5480299 3016700
1911549 5725773
-135743 -1463964
-2514251 -6593073
384646 -4471142
-2217319 -9603791
3979077 518416
4835747 -92666
1913939 -1005118
-6742972 3706064
5313832 3545699
3224128 -9585327
-669900 -4973625
-2258816 1915923
1075558 -1831415
1539215 -329443
-102529 -7254751
7495806 6031765
-3805106 -3419959
652006 1885233
-4425284 -1993246
-7686462 4129464
-7780274 -942242
2621083 -1723342
-264849 -5048392
419450 3517104
2041572 -7245448
719611 -3353849
-2986065 6119347
4756663 -2162080
851060 4417362
3027131 2788435
1266798 2834415
-7058253 -3472681
7813668 1426455
-4233516 -444122
132030 1157980
-400089 -5141435
-1257351 -625028
-7823836 -146886
-874764 -305134
-2051158 -3650001
4556386 3348543
-6674796 -2107123
150707 -956939
9223875 1939824
757972 -1891077
1708193 -1234520
-5722019 10247637
-5688379 -203347
6139461 9571211
6755255 728165
-4425226 -480927
832348 -3959525
3589478 -1881461
699531 786888
-6645264 5329085
-405903 -3065293
-2661211 10239551
-6471387 -1300387
-10443045 -7610575
2023006 848416
-3223268 -381009
-3174678 -1315560
2930233 3820226
1667600 4207105
555365 -4950523
6208040 -961313
-1546728 98307
8834151 -992403
-4198409 1767563
794087 -774887
5035507 4047531
-2225915 -5198819
318138 5913684
628092 -478136
-2772486 -3002516
-7079674 5444108
4991612 -5958729
5511087 -2446213
-3457870 -2210770
-9516398 1279163
4380507 3705538
4421165 1314718
3861040 1806318
-1426843 4067716
-5351155 7198928
4287004 -1790566
9668318 -385908
7596785 -5590126
7285449 -8773426
3390018 3743672
1502390 -1195864
738954 5254290
3311162 2136931
-2509941 -1112813
1424916 2262585
4692072 -9464090
-5051695 2262962
2053895 -4102423
-3021746 638877
7494046 340894
-1011045 -4446682
919361 -11009246
-1841602 -2436061
8255729 -1832234
-5331625 1396052
2798479 2143850
-2576365 8721996
2501814 -1449106
-3008296 6077890
-3654038 555791
-1044917 -3360697
-5639826 545571
3961837 4548390
1037519 7061649
-5322469 -368712
4177790 -4811055
1119170 2812592
1496853 5362955
-11784517 9643166
763567 7383380
-336536 5636327
-955072 -1049200
-7211369 4856693
7363790 -10881836
923783 -4274264
-3449170 5863451
204662 5428354
575997 -7814329
-5595029 -5760962
-2834611 -1868905
6281157 552280
-2378805 2326427
1551302 -6819491
-10318312 371829
-5967280 -1841234
-9161857 -646949
-3741799 4443239
-2750111 1487785
38227 -1147538
998234 6468553
-250286 -65133
3520975 6253813
-1453336 -4382349
-3432776 -2602522
-5087775 2702797
6400149 8649538
-4095189 1234573
-2729186 873096
-6865704 344141
-2541488 -1293497
1212120 -5906413
1332822 -2137129
1564640 -2495731
-1360221 -3209269
-3795879 528460
3520149 5452058
2974847 726784
-1307725 -326160
-1812542 1334450
-4029945 4949813
5697429 -4527141
-2220020 -1501984
14606 1935483
3905061 4790598
-3763271 -2153075
-14350401 -169323
2408122 -2412481
2272419 65062
-6383352 -2354817
-479426 -530945
-7193399 -1249567
4298243 5536440
-536579 -1170704
7056191 676023
7376330 4040546
6322170 2493127
730822 -665256
-4802746 1961486
-623638 4562169
-5612542 4779285
5923920 -5676339
-3832846 -2194171
-7451227 -282926
697368 -194716
-3016213 5112378
357610 -33859
2730670 -1830897
-3887789 -1488869
1842656 6209940
4439805 2320342
-4791365 -3078075
1319634 4112222
4715365 813318
2565725 -2444245
-806949 -5457980
-5629388 3456637
-3333674 7102745
4473112 -2737924
6092394 4937075
-5525834 104231
5701800 371206
13882091 -3481793
-3369816 -3196915
-4334460 -1670242
1910537 1652754
937874 1370995
-2947468 -2368899
-4487162 -3840287
-5334563 1009121
-5858687 -2937348
-6434267 -1637665
9495731 -3344419
1061888 -4967182
6298066 -3723513
5474409 -909939
4811471 838829
5812005 -8892315
3614362 2957037
-5371590 4922750
-3063461 -168796
6509763 -5676082
-2009941 -221805
598460 -77525
-716654 -933297
816394 705399
-5002781 1281915
1927733 3317004
-4595302 -3384429
1897785 -3228092
-4042396 2187835
7439336 5030719
1304096 1635084
3018414 11039098
-2359960 9183582
-1788196 -700699
6129966 -2757553
-6603288 -5266709
6279136 -1075041
-10037804 -2518154
-563088 -2217070
1503 -4976004
3267502 -726069
8029277 -1957620
-1279072 4106111
1178710 112370
3960202 465067
-696705 8572263
-6438009 -334098
7998770 4485826
-2943283 -4842533
1445092 4963859
351783 -2154619
-993246 800452
5424167 1267434
1385473 6824104
-3534023 5516154
6080536 499014
-2457175 -3831863
-620341 -2888950
597522 1731289
-3916689 233990
3012035 4854937
2799335 3149952
-593417 -1205830
-3252426 -1656787
-3649364 7832323
320103 500374
841273 1297334
-3540097 -4596382
-6279856 -1319400
1069883 2023929
6741410 2215119
-4123485 -1489270
1598107 -6866797
-3334132 -2009352
2135155 3405366
1828432 -4732576
6996014 2635105
1523432 421719
1541431 3152309
-3920141 1058560
3823525 -7170861
-1532307 -3557463
3083119 3829735
-2627814 3916212
-550845 -538365
-3140115 5616738
2010971 -1624162
9612046 -4290615
2808377 7045980
5309985 -3277756
10698193 2325313
-1735506 10385821
-2073066 -1200641
-2982079 4090401
-1493774 5429154
1785132 6655470
-5737255 -118316
3476696 -158116
5648724 1912897
-394182 5875633
-1555278 5363477
3940927 1784779
-3788189 -882549
1697675 -2162737
-1964711 -4598951
-1603122 2391697
-718910 -5709999
-2528892 3133717
-3338351 -1629900
1831378 627185
5629799 1653947
6494518 643845
-261176 6734999
-7835449 4718201
4390027 -4806075
3190417 2549996
2266726 192923
1239140 5754040
4317553 3927094
-756685 3786206
-8962063 -854576
9889696 -536330
-8542865 -9025956
-6273532 235657
4523480 -9457228
-754876 2555638
4482584 -3449414
2701779 -2503774
-1950042 -2645914
-11248385 3033160
10993776 -11093986
4268230 1604526
-5432423 5872563
5050100 1428882
1668410 -9077338
947140 -8424
2175086 -4449786
-349910 -6817442
-3285798 -1519336
3156346 -5167694
1605290 6289741
7998805 -5330013
-5827289 4062546
3198112 1364976
-5206564 3518595
-7110105 -5369005
-2562871 -1551500
1577146 -6163455
-3783032 1952477
-1758136 2507208
-1433005 -4563581
-4354464 1621131
-979561 1846424
4682091 6333642
2654625 3226027
-2221793 849031
-1101438 4749563
-691113 -7098881
1589224 4784993
4915038 -6912567
5439926 5768414
-4786962 4273011
-3927563 4313910
3808757 4572692
-2521003 421023
-2084138 -5892855
-3453765 4128256
1259817 3019166
-2319409 -3527893
-1741245 -5205296
1191202 5049473
3727862 -7345282
-1784259 -526073
-4300801 -7909520
-1276771 -6535006
1134528 1946227
-3451660 7322355
-5567497 1656780
939570 -3619696
2220400 -979825
1160934 -1223642
2249276 3139530
2388065 5240462
-919975 1151206
-7389676 909572
601864 2113864
-649722 1962495
4411642 -4128907
-6368118 1513996
3885152 -6372251
2430645 3009608
-3804391 3641732
-1689131 -269893
1388300 -4349841
785714 4385383
3409741 -4324290
-329300 -914793
2903505 2160720
2430227 7647160
483646 2415288
2688826 1557034
1694961 -2685107
348984 -1081722
8904143 -2299399
1139132 1803422
1849545 -2179754
-6344687 7181288
-1935167 -958163
771292 2355027
-4687432 -3292133
-1989034 609006
2620365 -7185214
1951274 -2166975
-549797 -1192614
3862452 129147
6851973 898074
3962229 3437101
1656972 3973515
-561646 -123436
3274639 -3237688
-3137652 2277387
3666972 2378592
2392792 -10218819
705494 4991448
2027315 1037070
-4767055 -4972779
-1134712 -1222168
-3954258 1425245
9083056 -850404
411943 -7351799
1561867 335576
