363637 126524
76862 354421
795752 -327606
246857 -844087
374133 -167995
295557 39904
-237305 -14784
-301010 617440
257336 -667564
-685443 430378
-476849 951715
740002 19936
702315 464946
411316 -405713
-377716 -871013
-341346 942185
-134972 -882661
431083 393525
264952 -278839
-119804 302812
663852 789352
199824 43539
-764009 106621
253876 -751230
86269 -20799
-468545 342764
-540336 -299639
-580737 -589135
-200122 1216
-948765 1033641
66110 844774
-177769 -408461
-938019 619885
-1198273 473810
91005 160443
-237849 -35308
351285 -22143
-310400 298541
1302616 119548
-213776 -328815
301943 217721
151226 388484
114557 -148347
168503 425175
-310583 -487473
-511193 278346
171707 25407
-415071 -64135
-1038560 -789672
911940 245935
337910 293175
-931701 1017864
-550255 -1040352
-863532 -291617
371061 -360821
125680 -414701
77886 -359669
-856882 -199664
-288567 -235001
-643455 492090
-295479 1100446
559903 -62657
-76734 225145
-124919 -168854
513392 -345909
-115479 731845
70526 -74558
250942 402250
522480 -215097
-604604 20284
436595 -611693
-443168 -515405
-141884 -489073
-418828 398307
-428083 1122206
723818 -222011
-1285849 155451
1562795 790382
430899 -874725
256592 -587377
-247992 -135484
285949 942040
416371 -445618
121381 24217
-37887 -801448
-411992 459798
94525 -439411
-334332 276869
90877 -652396
545873 -574619
19647 -284535
-377982 412238
147132 -978914
-207374 661587
1293913 -641772
-508761 -468108
556911 -326454
-501290 438628
-250552 -902308
339111 337438
-163259 -773736
337240 -237101
890533 48639
384806 42496
-407988 -301943
456701 -188942
-377780 -154555
-1195804 715669
-783592 646188
-61362 84767
195642 598958
240624 271683
642412 46207
-16929 235813
519600 -75966
682569 -431879
-799464 -475889
606996 -1255807
479345 269880
239580 941600
545391 155259
-810582 372739
41983 583342
-227078 450764
-990242 -391028
-495231 297210
-204218 336374
-48611 -265700
314806 1014881
120892 -164347
186683 498040
305499 1013536
-831431 -1039122
-509400 22484
206654 -680395
717149 931697
-80069 -480496
-354690 303623
310982 158168
633555 -125573
645387 -577983
-961724 95992
-81676 -173187
87079 -321611
748363 366878
-598926 292630
1385369 240338
672806 99618
-410498 -178633
350676 1421513
369865 1096388
-233537 -422225
-285012 -202493
123879 107511
-518228 -574606
427778 95050
-13554 196897
412048 534848
-232091 689516
315118 -338889
141340 561544
66624 284133
-509573 -422945
-52389 268919
82105 602095
641902 -684174
398912 198076
196785 -884875
-258327 128396
210587 196314
-34989 262117
230084 235321
-445902 198935
315974 1101124
1365804 706425
-43223 210535
536090 627297
-233952 122703
-32922 122884
673840 10917
-92652 -126802
768372 -224107
307392 878475
134134 533856
-533700 -186722
516020 427463
-280657 449110
317201 -975025
291919 816363
-423607 1104992
1141236 -226149
-400401 528549
165901 310894
196598 687022
-212330 -364371
-103940 -560307
83957 -153145
-345602 -19887
-1266607 355398
-38787 -281486
-384165 852363
-247363 -1454263
754810 -625665
152797 -118768
530563 548107
437557 207811
-53868 -618123
78574 -89146
322940 -986277
-211180 738557
392241 -376714
-357052 302200
-872219 379748
167660 -1014911
226553 910482
57780 -40319
540248 -834350
-521289 236340
140790 -266188
-370936 847907
-425645 368960
-227959 52299
-794312 308550
1038361 1359673
-22220 335692
654197 82174
281698 -10023
200068 -900366
-291501 -669383
-807954 457325
130414 -157735
-261834 -423388
287018 337888
493444 321200
-57274 -146246
166013 280683
937698 -108667
1092191 23634
396588 -145736
443990 437547
-44614 -478176
-41883 53376
-664696 252002
-935839 82532
492531 -684536
-147976 194080
-25575 -958199
156899 -12502
173477 -141976
-231343 -1056196
883824 338702
193755 90065
206184 -376016
427592 -214684
295413 -1261255
-32229 -19282
-210554 -435187
247672 468018
-238275 749285
612038 98958
298121 843070
203129 325749
-368495 -396275
35573 558209
843258 -838724
-412469 361822
-362502 56459
-390117 261498
388531 -327493
-462541 747759
-111737 -864639
620470 -665785
37852 875438
164116 188377
-430057 -350799
-386132 -367158
-287818 20106
-117780 -541901
-729427 468556
233309 409363
-296642 215521
391809 181252
-727790 -312030
471552 389803
418378 -462475
579137 735950
-735247 -209741
665975 698599
690439 -626812
400086 -797206
643526 544367
35436 367881
-709682 -250562
222270 -843077
-369322 113028
93708 626842
40250 145140
337939 54257
155303 -917808
304889 528567
-463360 237587
244523 916805
-180228 -49203
286375 -529913
127623 129327
-182469 206078
-280816 926494
196525 613154
38880 -728812
6527 320959
-404512 -137249
-476279 151058
303681 555648
105742 535029
-227809 -187998
595783 427326
230585 172081
-52242 -453334
615183 -420588
-1012779 -371096
-595182 -683051
-278522 1102884
-338747 -464998
-641913 130805
462068 53487
417816 36836
-544995 622184
22557 -308597
-183013 349894
-714434 -20291
-105220 -654065
-1168622 795417
-98568 602514
723392 -864953
-432473 -808306
-428153 -996441
31574 -109675
731564 593999
692258 -754442
-239221 -770824
-70592 -156166
160503 -118456
93201 57130
-1276462 951661
-221637 514182
-646749 189920
-354704 -29597
-979630 859287
-100832 113884
907671 -86806
564415 -191012
646692 878667
525488 -434256
828667 348115
493479 -691379
402487 -301197
-86888 131002
-315943 -1080540
646784 -63267
619039 592715
-841669 523046
323585 464509
-93938 -271630
198842 330940
652210 1089714
919187 1028875
-83720 -339877
387218 80707
-31580 -712425
799748 309546
243108 171455
-49172 1458526
568521 112583
-701776 -1022058
129314 -681146
174790 -94251
-944673 -26570
328992 408052
499898 -173402
-200346 504806
590187 465732
-202592 181893
612844 161740
-90669 -338518
-224953 1239642
-337526 -248824
976977 -138281
574640 -69166
296032 -739083
-1287894 679049
162873 -656036
-1279220 27074
-858382 -77671
-9233 -510321
-363990 1023802
-127805 -1250475
518427 -788373
-549280 588275
737807 854947
418510 -271070
-465439 -254
-302767 505112
-510590 273734
403698 -438753
-462415 367421
-879449 -242524
-110478 -50696
-70750 -465304
200826 89445
539138 -315758
-681846 -79184
52301 2390
-511975 -775879
1047846 401114
-49798 491082
-381148 -472133
-485043 -363047
72176 -575667
223764 -1274152
-395718 -425850
306624 -752149
201999 -113982
-538809 502459
327037 517339
-79146 -1359806
-632082 559382
48879 -123860
151713 734472
-112986 -238347
309918 887283
606670 468056
-189958 534126
439093 45910
-36759 -420669
283230 -52104
-136276 -107286
250991 -492326
213097 315840
-493170 -791607
396509 1053101
-689868 316239
887906 566880
43125 194117
175175 -715742
-204518 -647138
608261 -464800
-104488 -406407
-261117 260069
1102430 -517116
-596536 -844108
644022 424728
583049 -696206
-55384 -686973
446868 -713401
-45326 37642
-1880387 363962
566704 -1134997
-363331 -287097
335240 117142
-294605 398326
-609998 566144
-153849 378967
1027397 -8282
182316 1092378
164781 -91441
-407211 5887
-1179802 801778
568722 227846
43500 83279
168611 266005
-151237 -953690
-1066700 220894
-271723 117032
116627 -259322
598147 175823
605950 -722099
487389 -551082
541996 365355
-646853 398851
-156842 -49813
-282748 326720
157496 1137260
-63086 863519
35475 -309180
-79749 194178
205811 821861
430290 151960
-9125 485578
-519963 27563
544244 408250
282604 185998
-141905 296903
962896 149776
-331577 -346075
-578615 -138490
436504 -191782
1403277 104120
-793591 -584860
-872466 -453080
-1134564 128050
-167013 -34285
-649879 134246
-520612 698761
-82088 148651
-960766 1057484
-19113 716561
-549206 -478363
663060 -762865
-315377 728198
-703287 76061
-391952 487374
-666381 1470110
593326 -617581
736618 300983
-711786 -698027
599499 467748
38463 -910244
-263144 -218041
1351895 -83837
-582712 16773
3584 -347637
447375 351213
-468530 432179
514242 -344476
996962 167995
-514386 432763
-841254 -976034
-283867 -445319
248248 384116
-643311 -116613
409524 276536
-771736 233406
-290615 -81278
-385784 -1046528
-276216 279543
-432 478731
-18815 243193
257496 1023312
696171 -110141
-156827 -97379
-238969 -385396
-679937 485734
-370101 452210
-660898 -605504
-329334 -159163
1091149 -375511
-268280 -243961
-10063 -198128
-764521 860390
37124 -443085
-107005 266552
-243900 -555408
-6400 -654188
-394824 -37078
-287223 -619949
939442 996946
590510 64446
-174517 56159
-1058592 464178
389590 534796
346229 -671596
432049 -93723
402612 -86205
222959 162741
860966 505009
145607 185401
397812 505073
-168197 340175
-3264 -157371
-82220 -350595
-459826 -452850
-680677 82305
-344054 -371637
-200666 -398984
476913 287735
385945 -418374
-104445 -253304
224209 199761
-1189532 877605
-548813 410594
397172 757801
-401806 -1031834
337270 -388596
490281 -279814
-118268 -1334807
-177232 179684
-396852 501617
1224551 -628680
113789 -398068
400315 229592
-1207771 -636909
70625 -249238
400564 -101373
130478 -134541
243769 672171
-41774 560629
184762 753065
124911 102683
855014 614893
-468478 -227107
701227 68990
164864 -9526
-317558 -135612
109650 -1294
-2560 -301239
-433553 -455145
-85821 -150715
147808 833636
132412 257016
1063385 -595704
-548591 -62014
283874 53115
-1182940 -533680
783939 -210810
524272 443250
749364 28663
431539 315318
58420 76156
-241273 246008
110104 490521
-256632 -276280
-12742 1239385
-290295 290935
1491924 -439424
-54334 -432947
299473 -593507
-322230 337654
-918353 -185726
24383 607469
-377441 277553
91901 308791
-180453 702530
647148 984482
523223 -73043
-696171 -147452
85943 -184672
-931428 257272
999652 392388
-899173 -769129
232226 328707
-247608 -283319
-783272 1054880
120978 -291390
-481727 -292425
-383662 -71201
-106563 -245689
318229 -68611
-60220 -1037978
359024 271764
557085 103663
-71090 -392974
-286711 663684
399631 73837
793335 -2487
236770 220494
-850229 249409
641002 -5998
419935 -351206
-27961 465083
592495 -212683
-50806 3966
270479 592327
587493 -540849
235137 -412749
-61652 -45454
-328322 284934
-206066 304252
558992 481673
-146559 250794
341405 383761
-336179 12245
10509 110066
-587506 319080
-1215395 230966
173704 -305166
-806021 -34947
-959910 -519486
287069 -142109
301716 -228878
-613635 365758
541934 5054
53459 -661648
-466729 -858500
-530251 588798
648016 -23995
-137232 34159
-617510 -649131
-992533 593051
-206385 -171846
-148656 -608076
-1445548 -454439
789978 27742
-105369 -328186
430284 -390942
-611985 -664394
-305945 568729
420661 712256
348032 -353878
294710 -337339
-132543 73753
-152030 -576071
-171410 -594183
-215489 731802
-584264 -20863
649620 -350854
-332623 73492
317581 345814
329338 -1065690
-448203 -869021
-225985 -469007
260343 -227785
260164 755308
-290431 545187
53821 -158368
-295844 586702
-564196 -349875
324520 113426
-246669 141730
58884 221549
-235024 -1485053
-60992 -188856
-670976 314323
-733794 -918800
-710304 -252346
-518018 -833889
-1141118 -95678
32997 -226633
348086 -1019181
370645 893405
799785 174243
730229 33384
-528315 173492
102150 -339219
-351372 -187268
343443 75633
-767666 354758
-380089 191868
164337 802223
-600970 126252
58915 -689057
-450876 474749
510063 489259
50844 724962
-355242 302086
440098 231595
-730628 -268891
335712 90571
-286574 344314
-464606 -52392
-82344 -679857
-291330 -468909
303384 344065
542553 754331
-287938 97038
-96356 544560
-704918 443717
-590996 -56032
426472 1541278
-338672 356653
-87931 48410
-735091 -469144
-133208 -532817
434553 21332
-1283136 -400343
98475 319269
597883 -396912
676417 265722
-412682 380117
271032 -381364
137596 107453
63040 716287
82678 1086205
-1457635 -361710
421122 -332784
-247657 160856
-718988 -295967
90413 -285247
-370953 -572772
543470 -108314
67302 -428818
638198 834168
13517 38757
-287582 85257
125655 -387907
-578399 -334072
-6397 368355
116715 -464875
162526 -972444
220943 -324287
-608294 772250
-806916 -6554
-446263 -115834
18623 -155512
-487768 -719027
322597 446024
-280698 1242817
125578 -159976
130398 -562046
-695830 522786
502062 -967102
-54712 -334834
221535 -521726
-328145 -285705
-110016 34043
-294084 625680
541534 -112880
-680825 -33558
394332 223698
400679 1239020
-223494 -784800
400131 417608
-521914 87257
95073 124510
544183 69853
31907 286010
-442545 454498
-128422 -616754
263855 -647088
335914 -873000
426511 -471828
159431 657419
779955 -240454
412089 -873178
-173420 260899
572729 -242413
382557 -365871
812766 685724
171855 -308378
99281 16845
267377 286163
269327 753975
184161 -451503
268024 -93565
393178 -758552
507783 -386626
-449854 978877
-312455 -410265
77799 -45666
499857 -321815
374751 -382511
737901 675664
-457016 -308185
35325 -127329
-299333 42720
-495665 -272881
-456890 256568
-217376 -426142
-155927 100995
253227 -103762
-188861 -230327
-570072 -275851
-84762 594841
1364448 -543189
147501 182563
414813 717884
-618664 -401202
-59803 18310
-81523 -257092
-621156 -456133
-138601 201690
162273 -641112
-628681 290869
494833 510439
135589 347214
-99649 483945
147591 -800458
-28427 846430
416778 -107049
-115597 -266857
148337 -149174
-779790 -292273
93257 245278
562043 -319120
-562096 82214
655542 -87439
-317909 -473122
830487 253340
-396392 262567
-777979 290571
103657 267341
564990 400521
199145 1060997
-12994 -76784
-1719444 147442
340295 66179
-285783 -1035359
-732317 -554586
-145977 -748804
-65947 -34321
-196259 -213588
363920 -39360
-833399 -137374
243400 -402949
-181218 113412
587795 -614168
162222 -175732
-979682 219833
858982 -263928
51525 -659240
255938 46768
1121399 -369175
-408323 -110797
-302563 -225308
99930 99737
-556533 -304387
977441 190051
556326 168367
-455734 -448935
446102 411627
250512 1082682
11511 -469455
590728 1568498
260402 528068
223290 942057
382171 383082
623104 751412
114127 -24136
1068469 645760
98229 -953433
-62587 704292
-317005 -516610
725308 571233
-346164 -264555
-919841 -191001
86338 -362373
-702640 -577080
143234 -102336
308518 -300113
227913 -1357824
-754526 -506160
-423411 -1014986
-106623 -480064
-745545 46350
-134143 465958
-14992 207476
-311341 -1096468
-398011 400879
413691 236830
274680 -580096
200816 489199
306706 -89251
317300 484029
104509 -241378
122756 -311072
282954 215113
-121095 312490
129060 546245
765413 476036
10938 -229101
257654 719590
-401042 421624
-75321 105438
999075 -514029
1131413 251932
-269755 -391416
-272284 336232
-166390 26558
756357 926557
-107731 880237
220505 511432
789816 -391401
-389699 81200
407573 321206
-883575 -666957
-679234 -684858
-179345 45523
-30596 223832
-881477 -291381
310622 -322130
-324043 -410840
-175009 -392446
-636865 -444799
766298 -35452
-1006858 444780
-32554 295085
213137 5871
114139 -203000
339160 -377715
909272 -159281
199433 16134
-690988 -566720
49984 17279
-215949 709984
550103 438502
253373 -1086373
-601575 336796
436383 -28084
-309735 -279173
405426 -268381
942793 -999159
-677702 639126
180575 -461016
-73761 411207
-11271 528945
7519 13959
277987 -116766
428477 573336
-175486 -98348
1150573 150023
-286632 -347823
611939 -496863
745375 122594
205111 850268
398516 275492
619576 -240251
604027 462215
-99067 -92199
-174606 -584466
927824 1039664
2626 -174213
677186 -156918
105504 410239
339152 -761402
-218085 -117065
508812 416564
84108 822411
48630 -541898
-139609 1362021
348263 -202905
518771 -377384
4194 382011
735240 618942
-315333 -333797
289458 -775030
-396276 53118
1219931 -859046
-265144 393204
-152397 -766930
712682 259640
111588 -253145
-342454 75710
-451771 -314570
41599 55486
10893 -179973
252280 296951
159438 1296937
-411059 -391156
-126649 138769
659756 758057
479715 -457298
318262 370421
-1092663 -1009563
-596270 333622
-100702 -333900
193722 -241977
1201533 -1602342
-236601 21503
270791 218464
555439 -702891
819061 74394
-376245 80638
-1160367 -757260
124220 129788
-77033 -7520
66302 -207354
-637417 498393
-356533 -509616
-374217 -265763
456754 -320630
598266 299105
-584750 -283703
-220516 -523770
779496 -261048
160896 -210239
178683 1737675
-397562 145587
87293 -182586
-622577 431321
-16959 175867
-777074 -1149384
-84349 71870
-717465 178951
-368821 56894
-545775 -1101808
-516528 -759849
-673388 238492
-165755 278775
-596608 -731934
1083295 -275448
-61133 692949
521904 1038112
1033764 617775
240121 20351
419964 -309831
-1064544 66366
-193290 -488880
-177403 1184796
-807969 288894
49790 -608877
261127 -26505
-113533 -588462
388817 -1108027
343862 -1323544
-339312 -32236
733610 732714
-710624 -61513
-741353 1308056
1241726 -853861
1315800 -634413
55943 -204792
247736 -252664
252515 324505
495345 -547311
-25145 -20185
179451 40063
-799350 218169
159099 -394292
594413 57374
-597166 536304
313038 353202
306615 774888
144519 -255341
18239 -1401109
849206 -279991
-980130 231865
-452234 -640029
410419 687723
712526 359246
-1122590 486641
-592706 973386
-746473 -355253
18714 -294463
17279 587054
-134442 -615050
233017 -185914
573434 -139879
-516464 276920
1073677 385706
318134 -58046
-449818 367035
661932 -583918
1348693 -569511
781800 -303543
1185116 -104136
290615 289719
236664 -157333
10560 256376
-85125 -177741
-535344 687723
510695 -79499
749033 589614
-133047 497667
262712 588206
204323 -46922
-379764 297335
621675 108615
418547 278520
106744 -699344
-192058 -652588
-185527 379286
216377 508400
16171 852549
920996 -424691
-260472 800488
-25182 512174
-256797 -635229
-237107 -826531
-188513 -83023
-42415 -635881
647379 -9142
272106 414458
533603 -101360
654806 -702356
-1041996 -340094
146634 -1460905
-385709 -741844
-81612 -739601
688934 554196
96848 -688603
-302393 -127778
133559 714407
-17376 -262697
-890140 335991
51116 824553
237797 37920
-30921 -854136
-8214 -401964
-425806 -25529
-158179 -202024
-708714 -319979
-812868 -442557
-391312 -1148615
904888 -104843
-678980 -431014
621812 -233657
-152960 582239
-313034 727989
386676 -383993
-226025 -485807
280521 -408872
189553 -507955
-770 -56939
553130 491741
578772 -373815
129842 -848829
-340344 -125711
430366 575662
-607950 324412
118956 -499712
-966856 169245
-406257 -547320
-94180 -185578
-487442 107366
99409 100641
819268 809038
-123544 519267
257322 -144459
354278 -7382
408657 311949
576473 552473
83663 -999210
-913009 491113
-161466 -810672
31097 1506133
1130489 -260063
364035 330319
60731 -529652
-134349 -430376
829641 -492711
1078470 373271
-2363 -692758
-932799 98882
989298 585921
126782 -251005
-316080 -476138
138861 31260
-235701 -182602
787276 245732
-1020018 173061
871898 -608842
1086719 -580366
1306253 588470
-652827 124614
-758497 -467160
911419 559061
302064 -649366
218895 327610
167346 -615553
-9167 573186
735647 -487531
382439 -309283
94576 263522
-353847 -733281
-324686 552484
126868 562233
276430 -375778
536327 900074
266491 289267
318878 284668
-884834 239128
-935545 1170725
19504 282944
-724827 541770
370810 -387520
294946 -132017
87269 -415980
-219569 441600
-288396 -26647
-1253118 -706796
-866290 -34605
811358 1269180
-179932 487572
-19992 295074
-594090 -177583
-398480 36852
809949 916971
-674688 -976226
-425309 -635965
406788 -514532
787112 -519831
-926761 -855179
-239967 565948
-311733 314438
-103486 17593
-307031 -205613
697471 391397
-568888 -446100
384138 -281496
561728 -98100
1058411 24229
943843 -475249
-356085 262712
-558627 481142
331520 -363586
25820 879787
412398 -1047394
754903 253930
-1044009 166849
521081 363624
-359638 4461
575905 -365813
-565808 -406898
452702 156118
-460100 723114
-613407 -16502
-34719 133124
-338300 793476
-399145 -418141
-123134 -119265
-830024 -90855
-442972 602275
41208 -208009
-130089 922022
256893 -593220
-55995 -42340
1163542 -741762
-90616 438055
847082 -139356
988529 1142945
624712 -1112858
1207949 674552
1420980 65221
-117162 -797419
158216 89565
-498413 468941
460240 356013
-715897 374002
-184611 222973
55488 -330873
353326 23743
-689722 -241986
561034 266859
-574970 -955550
718625 -292906
68223 -46554
704294 568427
270478 -154262
-1055246 342528
-1645516 -38087
-600679 -621870
-621802 -924381
-186826 337090
187876 771916
-421663 439576
-219886 -94492
582739 331402
91527 -535796
190382 -137197
-354244 -463303
15257 364870
-27454 800526
411051 1011631
-236879 -88324
363435 -98117
520304 507057
170489 -324796
972840 670251
179584 770909
-212663 374684
-852852 533628
134665 392386
69780 -26985
253781 1120834
-147153 -116704
1354 -345712
238380 345530
-384102 394245
-202834 347344
334635 -155972
-18952 -126004
3023 -379408
-381374 -214408
-517620 537283
235805 -545922
-494528 824720
-280019 -20392
-655924 131178
485528 -38062
-136217 -870827
512935 -844232
240733 -98435
75523 23906
270096 -260610
-336550 765254
42257 189719
-342475 -297453
-243511 702205
-349013 95267
-457231 -570786
347095 597768
-27904 -449439
-28959 -1168390
-166516 -663198
-211553 -27231
-168903 -210045
-987209 827318
-900394 -1073735
-87171 561294
-906802 793340
253035 529199
811610 179758
598691 1007829
103717 -808577
353802 -66831
-194602 133387
-971563 -505820
1196135 -60880
-715886 391203
-15678 877467
-79071 -456689
458408 -8512
282410 382818
-747575 -893958
280158 -455404
-554849 958583
-485944 884631
-187783 82788
185551 885796
713322 -1123806
744617 424563
84913 -193251
1876068 259110
-26997 -209685
205990 401255
-70990 339187
226505 -466412
713258 187672
382051 -526731
388438 -532005
880578 -19523
-549235 1029097
-609158 -148979
-216886 -700565
617803 78636
422339 -391086
4082 124560
902915 -489654
724687 882453
-764247 279211
-249655 405863
206205 -396833
734579 -143296
855009 623255
-573565 -860586
44021 -284394
-41119 336274
-823604 1493119
-349004 -979439
539679 -781449
62487 -28784
59859 -74741
-145575 -141027
530084 259621
11202 452269
-193558 -1239723
143883 -131697
1019425 68071
-140554 274584
-42875 -228319
-122630 713303
272117 -149825
-325102 145787
290909 1265226
696373 -1179992
-141039 -714163
-438817 554742
185109 -992223
632159 324474
693537 -171304
-162636 -462747
-494394 392935
193720 -641251
-899353 376314
115961 -383995
194227 367463
8493 -457115
443208 1414005
-535721 6473
-309104 -62073
-172155 779887
-272208 -739902
249988 526706
-366738 726868
-548861 -61386
-813817 -687509
13812 -115551
-387306 1008995
-197583 584412
327199 663355
21911 -520131
356562 138805
33978 -229211
166746 -285402
552505 -521654
-579263 559906
-330123 -275378
1690931 466367
-517860 -250616
-808202 -74990
683777 659661
-773403 934151
-517411 -20397
-566418 644965
-770065 350520
495967 -96980
660484 255586
-270606 490907
-39374 688807
177671 -561256
-272913 -839168
-659186 -31316
-101067 853275
424560 -865243
918366 -605076
1086403 -477087
52109 351816
104661 620513
-810651 -638664
-382178 -376582
119603 83146
-750083 204751
623145 -725380
225184 384587
366748 -500529
-519070 -961845
241436 193612
-37346 405269
258918 563337
169923 615334
-287804 -372844
-374552 191688
-384302 -282164
757557 -750874
510260 4128
-470640 182664
601634 -36701
-176015 272793
-688455 -253310
928852 389442
18167 -109214
122914 53406
-272433 612216
-170266 -73993
201814 -1903
-252301 794537
468003 356234
44351 538544
324470 -450610
-807463 1066719
-427428 88524
-230841 109053
316340 -439089
161851 -540464
-405395 -481745
539952 813735
-291443 -1076990
14784 -78526
960233 258268
596142 -427315
215269 -419664
408500 226233
28752 -72809
780392 -630317
344976 524724
1093727 79486
298243 -384761
681579 -568047
-28255 1186986
531056 -993378
-483358 831605
-635565 -546735
-221160 -86248
395828 657068
-562443 285095
529008 104829
-682469 -33518
-274424 331574
-765615 124030
-769385 -851622
988034 175662
-512816 -668076
-277401 -447649
115644 171451
219231 328535
-326774 -84157
-522618 -124636
408244 -1123422
-740226 979148
-10944 -535856
-312413 625118
-553455 115388
577668 90209
169019 330678
1223415 -824995
335414 -83325
851481 175161
751145 48895
935960 291068
699051 354613
986894 180987
1077599 1315160
-189256 87988
153915 459122
86047 366307
-457970 389556
372425 -528378
691307 903908
1050946 -1623532
536816 238713
-26215 -676456
-341174 222521
-299759 -548191
-1070687 44223
42028 -807130
-220345 -394292
261863 181531
602606 555119
-76962 -536326
35967 940259
-633963 -600160
61182 -39167
-344583 -94190
229817 -1486099
-581710 -914596
-110077 32575
-194748 865762
274808 257336
41409 158492
-49790 -84093
934387 -19449
898149 101949
477951 177777
-407476 263608
-617167 -21680
-705834 -951843
381627 538839
226425 -576
330484 -316490
611309 414899
1232810 -589161
-366325 -245049
606699 128611
-191738 380404
1111194 -397345
-61182 -133564
3050 -50375
389236 -166843
38877 818551
-408564 275448
-638261 -63729
385524 141436
-442572 -150062
305399 134716
-309284 234645
126460 238393
189266 -725423
474098 -169595
-36905 -323736
-566895 -154747
-1041769 -109490
4864 -229689
-222674 -282882
-64702 -554095
170717 -353014
-498097 401716
-276304 266395
-369077 336566
574838 139324
796776 837030
-63238 -572123
-600622 -323510
1087895 -315287
-55934 665516
315202 -185762
359733 -296503
452210 295031
-34356 377317
-524246 -1113367
-454015 476478
-206664 -534604
1081647 -60032
-991393 -555479
-348578 1094488
-196460 -1125541
-605710 -14151
-128968 -828248
-247279 427863
229081 -1333781
11110 -45686
-840635 -435399
291372 272514
516617 -230520
-199231 309994
-485192 -45903
-293508 975255
300585 139066
453506 217081
118022 -395058
-256620 -219362
120629 417056
77149 -878441
-515633 -331918
-111270 498882
429303 398174
-450945 114153
271999 312165
1215411 -476298
-369875 -608450
-203308 307515
-97263 -265190
-166242 889030
340910 357620
-324219 167538
219143 208648
-200937 229973
-317971 428291
835695 175361
928487 46121
-557096 14097
-45903 -31321
-647359 -28753
-592773 -604492
361025 755327
-223347 775025
-501208 -954249
227400 1544621
250346 375946
-673251 -482349
-731321 -675529
-359333 -339096
-424240 -613771
-745925 224212
-112337 -619238
214669 -596283
165579 66810
-542292 -882323
-398097 -195748
-171526 761120
-502047 67066
256347 -765048
39522 339261
-634526 -320751
155840 -1732220
615280 -176374
308400 154207
-25218 815816
251810 -237539
-1188612 184516
-154180 468110
-931196 847546
542678 1280955
92364 -119828
25456 -286191
656628 102450
-1486241 102797
-1445275 -575079
580418 359829
-34881 -606484
-199655 389552
306457 -213983
169904 -493299
240827 680327
-49147 -431500
101428 -275038
884783 -766149
146303 -794212
34631 111693
165158 -637450
161946 -122190
-865324 -207089
-450671 -102959
44788 -31939
515638 -710767
-694624 336806
-108874 633455
19000 1247711
-355457 373221
-846756 710309
-544854 350603
220534 -645629
-882854 48033
488509 27518
469107 118297
-667003 -267099
243644 -112045
610028 51545
-155034 484873
-954397 143567
-27241 31684
-930396 -291718
87517 559027
1052127 220002
-159198 98436
240340 723718
139181 -79497
726686 35036
129638 328887
-466867 -46253
-172486 15907
-434802 417145
-279111 -933333
302047 -450220
534896 -404148
302647 634733
123636 110265
-394338 -410225
-203193 -798093
3446 -67156
-416475 651664
516908 -288557
-255914 -502265
-58504 -201568
63882 -253186
756067 -80514
-626860 764152
760108 -623988
-109113 -136175
-262470 37886
-409572 169306
-544639 -305197
370624 24846
-524822 641022
125151 -351034
-756092 -567325
171926 1024398
-112070 -215275
159703 -290624
-1030864 -23773
-76231 270715
-261371 498156
319241 -329068
562391 419160
742150 -597238
465137 375333
-522728 -444710
-434384 59633
212320 -895893
-746255 551746
-146357 947223
-590311 57399
-887172 -242276
1508475 456862
678742 -244458
226448 -423203
831140 -386912
-442694 878782
-736390 -693409
-458341 -79882
51989 399274
-19084 1683609
477458 694270
954074 550856
-873815 496583
-303475 96419
555440 190721
-309622 -74563
-355319 679962
-118190 -971410
-503356 -875147
777427 177108
99299 -273140
-505043 -16055
163589 -190134
53592 -206366
213420 33408
35810 349580
440755 200826
16962 981226
746514 -178754
-49347 -702144
313455 -308936
-1146215 -209304
342472 -762538
-609113 201718
514344 -323528
970466 268024
-667348 -207606
-211081 649774
331911 233306
-122453 -221390
-413922 -272355
-286612 -474604
683025 -755220
-467202 -716572
329858 196364
-1217730 839410
-445280 -366313
559163 -450223
718799 119086
-104005 -189895
540411 -948297
-338192 -319275
-472478 254372
-71 -148234
-488836 507067
232390 821560
-182270 -212022
-23225 336783
187758 -78697
-298272 -119069
-417146 411175
-770198 -108339
877795 -265608
137151 125416
-1407123 -249408
-264401 -1089782
-17604 -899672
-225393 106253
45290 492849
703418 -317610
850865 69079
-542986 865591
-173884 58665
393425 393053
874201 -705846
-45822 809390
409065 -376929
-27339 418151
-228292 89850
-335391 -770883
521312 -583055
-400751 978067
13334 396046
-423454 -33468
42063 -621921
354189 95769
-106898 120627
-574990 -893848
-694684 993572
-255540 -1312049
64638 -760425
-1741195 310455
-438730 -195177
-1685480 -130029
-642976 778068
479149 -444898
-1670430 -438430
-555176 336305
1106090 -85213
-18266 -8031
-91290 -253967
330885 290872
-230038 88655
-172612 -419439
-701271 -324880
276440 -958490
345806 -295667
324905 -397609
-55758 100993
-137576 770936
-370575 558375
-710934 282444
136058 716408
-1030525 845056
287755 941502
-744623 590390
92518 186276
-119824 502594
-134691 155719
-557947 567122
80853 -522764
364320 -469360
132371 456204
1091784 -19529
-79531 239736
-1008281 226700
-301018 -798204
177617 217659
-254598 354346
-54351 -228977
-522834 -22844
-48613 -603936
-86524 -173545
301559 -95400
243857 141355
312843 505069
-683275 440644
14919 610596
114124 418920
367698 -191272
-885259 87832
-183295 -48391
-747600 -111078
-997991 -940303
-317484 1330589
958821 -418486
-240906 404401
-482595 -282189
109226 -619882
72688 -163947
-114382 310230
258011 -106951
645717 816900
48560 -385701
377237 272157
-756488 434787
-180058 668695
-164061 1364390
-126362 -472500
-335022 -357360
-3972 277120
113100 -1074213
141465 91150
-462200 -405718
407238 -421967
-386413 -451138
389701 145922
412348 560293
-41443 316471
-220247 -783123
692750 79816
-22766 -426309
537212 -425763
302317 444853
180899 1228717
189864 249262
306336 -1194822
-143200 192012
-72539 -269012
-707445 -370726
256975 -47196
-606527 -105646
135933 598617
286034 -14030
-66926 8558
146525 -446717
-493204 358835
149010 948882
-343679 294309
391634 159138
-141258 -163684
-1030976 167104
-19691 -773101
-141200 -150545
529130 -71620
55531 389739
36912 288495
160676 30092
-55945 753554
-477897 806368
55215 308353
-1083889 241253
228917 -882196
931122 -307391
455865 547116
-28913 646520
340060 -644521
-374892 -284707
927630 107251
780095 -776481
-636680 35766
767513 47601
225270 -471641
157257 109578
418513 -790533
684205 884141
-246668 545577
-407214 -978984
-192058 -232057
390452 719018
-259896 -724202
625026 -595522
298743 951011
279747 814466
-522992 150971
215314 -191246
39743 56062
-87498 -194995
231161 -286519
-174057 -177916
171195 -356533
-539460 567346
15616 -410739
-41381 469410
328310 615469
-645332 -254755
-94717 475185
-950438 415262
75966 -284471
1027118 589877
-165755 2624
351908 480534
310071 127100
-281951 187925
304695 -48831
1013294 125
-152635 810151
188640 -335835
-650284 -4672
436496 67797
86141 836838
-271298 -25387
1443284 243257
-151215 213048
-156283 -31935
-498007 498651
-342646 -513392
-129094 777111
134844 -770856
-193631 419805
208698 -318454
728220 89471
392628 -448818
93364 662272
1149725 114237
386187 -93841
666028 -18239
-562807 830130
-537456 -238649
-1275067 123477
250808 94141
-100031 -1056614
-882981 -172475
-317842 -449720
1669133 1389398
336205 -130532
-982562 1109662
143581 74605
-206650 -689387
1048507 548370
84861 487409
-266105 397923
896229 -275256
-72415 117627
-517232 196218
-120836 125627
219193 -642156
185246 -753830
4224 209402
-1257546 239451
-167291 -748777
-664128 308768
519280 -37759
120840 -442959
484593 -43903
-69641 -157864
391028 -297591
275293 163959
208314 534960
520840 -235976
257656 439475
-90113 -302288
132476 699179
-527856 -482983
42367 58814
-503187 681367
504305 1166876
-577461 194846
311798 -486769
105315 -45010
210874 5632
153744 -723198
222521 -336630
-341025 20481
506353 445682
-657058 69608
-144060 437171
-396039 -261704
564719 -1058528
-28726 91474
-1057888 272120
136881 -303004
541743 -495665
414889 267539
149819 593390
-92534 -35020
-1016097 482289
-239747 196006
-350453 815911
120231 1066861
-359093 -79294
-1110381 439589
500977 735658
473845 -687801
69950 -542191
-66651 584522
582574 -398708
-185494 298765
-82429 119164
101611 601202
-629485 35455
-319481 184716
931556 -99069
506773 64247
-118332 68670
665814 -200522
350901 514224
-1459219 1457748
-1091795 436189
-817956 778749
332577 1067926
272381 -874548
1028284 -374441
352563 -670174
520403 1082394
265278 1334183
-852461 703451
1007900 220083
659299 -29725
991251 147567
-73008 225725
263349 -338759
-238240 190587
-142084 20168
523799 883447
27764 420383
692512 99505
243318 -943928
458461 164863
260784 -141678
691384 -17797
502442 850101
367121 300169
-113366 188344
-211007 243029
-182585 36912
464379 -491118
692333 -266648
-759725 688189
268422 753030
-176094 676960
-726116 417482
-503567 467752
927030 -1120381
103168 1101325
87245 220870
5854 -24665
-387179 -1553034
289843 616703
1300173 129538
-122911 -125826
-477555 -130233
-79435 -312029
-645941 -884427
154332 -246875
-14996 -490004
-192593 1019064
-226784 -239835
92200 1024635
127863 -488571
-438498 -233092
598857 -59451
528552 -163830
1164394 -278942
395924 -90964
344040 -306679
-302289 166359
-434063 622315
-1387811 -631431
678019 118428
-590473 -465301
-52418 35844
1375448 -417297
95486 -480262
512776 63423
-386095 -195910
-284208 636827
145910 348708
-713103 1423770
-176408 -635774
-275966 -348941
-1161536 -382905
166839 753238
113091 783182
-173200 -960627
-343739 1304404
329108 -415104
-578206 3254
27513 929869
238530 -397640
228878 385348
171253 344380
-437944 -1052001
-359218 -81982
-840365 94614
218539 -178037
-271652 1084605
-1125839 -1868
218495 -168968
-492716 430162
-68245 -661550
-499150 -207425
-45388 59672
-416061 -45570
1292773 9820
195781 669949
271018 402776
-402257 339903
-70083 225898
-421680 512654
-742034 283077
-24477 -600132
-308687 -100176
785641 21860
-671765 -488008
108556 194783
-1104795 -73833
-218393 281113
209937 -124894
-86964 26522
92855 730570
166743 -54900
-1002801 -132304
96448 -206256
-272957 -349187
391633 331250
33524 -518870
108464 -60834
221212 22697
-1150134 536566
915950 -692190
-499204 111242
124059 419545
1265378 -453691
585454 -153467
-411315 -615277
92126 -1006499
-302452 -1363302
-24250 171118
-471573 1205631
-55755 -43726
1024788 -854490
897603 -125526
429764 -402948
316927 -559604
284710 -451785
-621781 111341
586040 239644
471156 -103999
-1420137 667882
-131555 299705
-522112 211203
180272 -110068
172262 25560
-929822 22376
-421109 429547
244133 -293904
-408060 -614226
-487235 185697
-242214 225301
-365650 -668711
433014 -175895
-665033 -507202
329484 -481654
-227467 449945
-252576 1048211
-306867 118973
-177046 -461616
190273 -295632
869758 1255682
682129 -628616
-345009 41399
93675 -1034573
711449 -120992
-503392 -854186
538370 211684
-458411 7637
41555 203718
347827 27290
-498309 939119
-336866 484070
-236636 252830
631667 693780
1006765 -703800
32341 225658
355099 -664916
-845394 -20837
-550634 115036
606518 -609808
501004 -373307
-223424 870943
-575531 73466
-293302 680734
-91327 -507693
25008 -64072
-371061 -372697
421129 -770661
-879971 -385306
214137 -604590
48833 -850408
1274923 -73528
-224989 270843
-1331140 436802
121406 607346
-143259 -641073
53395 454974
295934 96063
-389346 155388
31162 -390697
373514 -328001
-92145 -104997
-519768 785942
873917 -253746
-939858 339077
-357470 -770774
112047 1230510
308656 -3400
234455 -378011
-364684 552611
-402354 114195
-262288 -375309
-186021 900123
236226 -137428
267138 -277781
640890 221844
313432 -348803
593539 -613965
1073978 -785707
115788 447950
1103782 639395
748907 -78335
-434531 -347431
587774 605696
-555522 -84663
-148190 309725
147657 -174922
-24880 1081242
606156 998221
-921997 210559
433134 -24087
526436 -262630
746607 -9728
229110 60703
-287957 -483292
283346 61106
380023 -211417
-792781 -411602
285711 -407438
-236204 -166788
-640827 -491105
-130613 356296
154698 575697
1067038 -192330
688194 -263873
-873547 788586
88985 1412752
358578 -118989
278525 -134346
-627354 172855
52348 572278
-569302 809275
-577950 -886170
-900389 351221
-597166 -740137
368741 -380105
200548 1078003
374440 -414953
147268 -449673
428468 -432602
701160 695150
110647 178493
-616874 -400641
47626 1027966
-28547 366778
-846723 63893
686112 718713
488993 -209047
-252335 -308483
-1006633 -294359
-219844 745461
-491488 -407992
1164260 -829028
1122103 -491342
90968 361289
-420971 -10287
-346917 238585
476986 -92901
-861002 -524747
757789 46522
1159891 -183898
196272 -432293
374431 165824
-740115 -420695
-1371396 -185015
-660570 199080
267782 522136
-870096 1278597
803932 811680
5047 -332536
-900977 436700
-437687 -543617
328455 335582
89248 985753
446444 88868
112669 -477530
540093 -142290
-52075 -60421
-288475 -414181
-163853 -767082
1117477 59259
-712505 -561900
783543 300165
-34802 668040
443817 167027
102805 3340
-609338 852064
-52407 -24700
-743986 81615
-237643 -423907
23362 -166633
979647 93654
-167316 -605704
-421859 -230637
-557783 -324923
80152 12511
250090 160450
630885 -555220
688936 200034
76208 753940
-565600 -819249
-154788 -56039
91862 725968
318969 -664082
189113 199727
-1114737 583944
-33021 433893
-254473 364822
-333648 601123
-868781 -858920
-1320637 -541408
-81976 292626
153944 -239227
-11607 700063
323905 -138700
333205 149074
-302399 543664
-733820 279166
417607 -570424
-191959 251621
343943 154052
33119 413942
168218 39738
44169 156870
-2359 2185
-405345 734531
20598 -223211
341994 -74866
-541410 -6636
245957 -171337
-1141742 200439
-395733 567821
-308613 -483602
289609 -716353
886368 -615099
-444858 171721
308132 -362657
-147928 31849
452374 861963
-587279 136050
-339232 275106
294130 213488
-829419 -493716
-23350 513521
962513 -72615
-356567 279659
613081 214601
362159 -140281
922655 -12960
-174269 471594
590554 507948
12824 667910
293590 816158
-357842 -111016
521915 -568668
633905 -519919
386268 -660987
-360803 -278971
-470631 1264356
-802266 467526
-1642206 58435
-518384 -618541
-56958 312054
-618925 -208058
255815 356066
-255416 386676
-902864 -247635
410867 -234297
-153690 1081227
-86013 166651
-12423 7656
830695 143100
-31267 260586
-67390 238521
579643 -891923
-941923 404980
-587932 -914923
-398068 477937
-185576 -851599
600942 -74750
837005 849626
1061024 898725
155498 -143971
855206 -60222
-33011 -56541
-404660 361269
523996 -203651
-206074 -105789
-875865 529680
-253304 -960547
236246 500173
229753 249400
-626788 -610741
-743017 -440563
339651 96406
-141500 -454002
929676 382875
236537 78270
-532407 1412136
184506 315830
-140311 -1043689
-163579 -643052
-458833 -147393
427187 -315126
56752 -973986
-894053 679275
825080 632552
42111 -40959
-223662 544660
76478 -335222
-368646 39923
699243 -968802
729265 982734
-633261 -1127838
24306 105763
-661292 371189
-876300 708891
-400244 912740
230738 -654961
1065247 116796
-637040 57489
410931 19775
-628381 -324779
-866534 -228025
195379 -134714
-392884 -205946
859663 -179886
-366069 492913
515495 -1112775
-298999 -337014
-179949 -839963
872101 -1082655
299530 297699
-41983 278775
544178 249020
51070 475825
462310 -267392
-481393 -45439
122249 -534525
-199098 217145
-82926 -1850314
350325 255608
710235 -353394
-701483 256760
-1215439 10721
670956 736426
-211686 1086536
-46335 1152
-317716 -163835
1664781 -1189980
121940 19514
-46847 -485745
73477 24227
-884325 -474738
14463 -448466
118076 -124028
756233 -289021
61822 -537136
-407147 -32890
155515 -267576
-153290 -796637
237881 -702059
-82120 -170165
155387 -658604
-631164 -355750
-163963 191994
-539583 29305
658156 263544
169402 116422
-553903 -237753
232872 -558577
-433011 183290
-747231 -121612
-587182 528176
-138365 -955650
-533168 -531120
-184432 385892
691307 694379
935306 63192
694827 878309
-128797 -517038
-338742 351157
-1347025 506873
-560367 634285
-229316 63017
312886 35903
586167 -896985
602798 -393972
286711 210277
-944291 89149
172987 336502
86222 -299477
-221108 -632186
9060 -170067
618570 -1038576
22030 116304
68960 -199693
-524220 -454725
542138 379331
-333553 -927816
16237 -379500
701640 -308188
-736188 163368
-768075 -60518
38967 112063
-593968 458424
378060 -868851
954963 607959
142093 -47496
524976 209947
-17346 -401735
23913 -393544
897525 353248
-549766 -60363
48602 -182396
-226601 11616
192613 -447529
206554 125632
66052 -21942
-296809 964520
-136267 1016814
-909115 -1256904
312048 519548
-302853 -490997
338179 -545234
683547 1197069
-520597 -263958
-309280 178712
-830764 812380
-442491 -10392
-126784 -57388
616237 -301876
-522818 755572
-505830 -133804
-1210062 -356356
681089 734390
-480479 122595
-293525 -783889
69 -606025
-1421682 103438
-130367 -524691
398855 -260607
414615 986304
169864 198969
-305460 607735
225520 -570081
-275402 179768
-1062030 -367493
72110 -253369
111344 -305913
-461054 -1080918
-360115 130792
-197462 363158
172689 743160
-766808 645014
-459485 15160
589233 985827
-307836 -660502
-143104 -152638
-142084 -338242
561561 7863
-137337 -92287
859716 -341761
651264 962795
629720 461609
85127 1264596
-693505 -13610
373449 -667712
212516 -688434
265934 -533843
1253704 671119
-263183 -350050
131003 -201369
-129353 219151
402039 -172156
-305076 -263141
1054103 433578
-575224 -593776
65701 673870
-737125 -54059
-191854 -422493
47134 -372314
-112174 -196845
-53173 560097
-969984 -304373
178695 325207
-242845 276393
716783 213279
350396 -157015
-288996 -671502
-326983 645948
-220097 258000
-227467 -326098
-168742 -1374889
245430 -25771
-42614 634016
-138233 204506
419537 204872
595224 810592
-33097 -76987
416042 603659
-101037 107799
88000 -317915
730713 1038932
-188689 -192788
-266218 -686828
205887 -65898
899051 -460717
47153 -324055
-362698 276242
743913 508928
241783 1186122
544841 -458509
605843 -282041
-253679 -243251
73166 213564
-53509 -218300
-15168 -52350
-168507 118844
-454230 -228648
39174 91918
425311 70831
-1225656 -459791
-155386 -118352
796031 304192
169489 -137248
-143335 714192
302749 -274901
588499 95801
12881 -934281
14507 -188050
-465747 -205590
-517989 -182845
585226 500387
-861121 -1091277
-81290 -347548
2530 125822
445205 439496
-591223 -232891
107236 384897
258341 -99817
-416358 -103085
-94562 -37856
-317419 -628240
-594849 134760
-283242 198241
1241726 -996828
-389619 -109907
-117868 -802311
1388616 309672
-37241 460241
713943 41404
-270390 -227021
649973 -652565
-231466 307676
47116 710635
397659 -56885
-118679 171666
-219075 -690946
-275339 1092126
524902 -224929
-110524 -60010
59914 263288
548992 473383
297382 -481641
-96497 456238
-265041 142763
-294862 -10804
-517437 70548
-57409 -328153
-561383 678203
-545 705566
444851 -558196
287496 622228
-642869 -100666
357593 -591021
870324 -303971
1026984 -416914
199000 81170
908785 14943
718975 137363
-209722 535472
-712132 -414267
-63070 359007
175960 936358
441746 -807044
-367132 -336917
-773125 4559
941770 -725378
463504 -512762
479817 -520403
242032 591215
-343360 -142036
-465372 -468210
622299 -142296
-405389 -838788
319849 418134
535278 96335
-52097 374759
-1019098 -432363
358131 482486
1373863 41458
38392 91969
-2424 290368
-829349 -492787
60991 -1142011
-360107 -200803
142676 -414026
179084 441959
449488 379321
-806200 -501907
-537010 8203
263303 503573
415929 -260708
-407212 -524025
-414737 -503318
-372561 -437167
-575940 170966
-25901 336961
-220709 403767
-280572 -44562
607879 -315032
176730 594677
344992 -20838
-535534 643764
77470 -127549
358089 -695462
811322 -968224
-171051 772081
109830 -751673
-604850 -564225
101891 -588948
94620 27592
7839 -532400
24012 -138189
-157213 -6540
709580 193241
527441 -276210
-207638 -40361
843566 -83658
7500 1022594
504940 -88964
557375 -56347
-155137 -434389
-962971 26070
-839782 -130876
214393 -166907
985137 -371528
46013 -149435
911066 -317301
307330 -350513
383043 13276
516265 -274550
107347 -222917
378083 -1014912
131542 519320
214743 277940
-201998 186094
135842 -1000043
-636589 96161
308443 -1006154
-495639 -846351
648015 -135169
-1001366 403487
1125628 90225
833732 -166133
-396957 -179072
36983 302531
780399 549288
47774 -221437
359835 -242686
1111437 -576168
-531390 143206
438627 74882
675848 401108
-64387 -1028233
738345 -1173630
-387094 1198135
-746544 124753
1000752 -125779
-207309 330076
580501 -36744
-193338 -195634
-197468 -172950
288689 -455472
-209653 298981
-170471 14309
-1244869 -261629
-633578 -18310
-253763 -216236
254892 -640971
443399 702767
-34788 465344
-522187 -535200
-149659 252156
285571 246573
313810 104209
1733033 327236
-217656 -167585
-429057 366852
985243 454877
-1034158 599486
176288 896083
-44578 667563
-1410064 -201069
-722242 134635
-140967 -196170
-443085 -8882
1087905 303721
97839 -1046270
-688241 162882
516757 781899
540345 -182322
-50845 -211774
-546287 -92076
299700 12474
555354 64406
288846 339589
-995394 134256
372240 806754
1211963 711267
33910 713354
-229910 -106512
-170379 -848397
144197 -483344
86701 27452
-603307 1253566
-176177 -216482
228811 1138502
-7345 -655543
-376353 864823
-346186 -19444
811207 638785
19156 295845
536917 -449450
667712 -803871
-33579 702800
-228755 -501196
-624990 -353585
-1352566 341358
-244440 -257591
-142008 -4858
-1035661 -679
-972449 244276
872574 -155242
193693 -140284
422121 -106326
674466 -858096
-90561 -937649
153002 401518
-877807 629863
-533080 1217406
791033 -207518
1034613 -469160
-23582 314458
-283290 -654807
207184 266309
-461690 480599
-439964 -139478
1346976 463347
-755580 439350
-277079 203473
-611168 208643
-349321 -134696
347568 -143171
-383898 48036
-799833 8760
-452968 317333
-793963 302261
-374407 886798
463727 -408144
132884 -968365
396158 -349346
751849 -738025
-39423 126588
-112957 829223
-142051 -879837
38783 -1344471
-609835 479515
429043 720490
306989 -105061
-411955 1385750
-863697 278854
-182138 -195258
-666318 -68116
89981 66174
-501797 402182
420979 792488
-295622 358166
-324342 169211
979614 -334190
168699 -691819
-6454 166188
180922 453362
-621917 234377
-763561 628781
-234108 -193718
-513200 -743785
-662794 -153893
-870245 89981
-507149 -305168
-471538 -653484
-515352 167615
98429 212858
116933 -613336
106429 582702
410371 -309627
186426 724074
345467 -261352
-264568 -31295
-119467 -267758
628269 -173307
78375 207333
-839398 -24959
1157382 420611
-756393 -210234
171303 158656
-270392 328118
353725 -284273
375669 21631
276140 14714
-351349 -1072223
911422 232870
18687 540592
-631870 -269993
-283831 -504945
-217421 167651
234873 -214777
477963 168628
335414 -259960
-325507 520112
1021601 232313
194458 684060
-757289 423347
788128 -161544
140220 -762665
-580324 850494
96957 -375797
113042 160918
970786 383284
-567180 757220
-415667 -32063
-164599 -521141
-451890 -1052512
-843659 -630492
-53118 -532336
99786 773078
-520304 430835
-567886 555782
-138492 -687147
141795 -192729
-205818 -147260
497763 -478831
-585710 222841
593954 329017
28287 -161211
-190349 -125878
-745321 71166
-209483 -185163
242617 -876645
346005 406108
-837286 -549743
-556456 830922
58302 -550063
127448 -749966
-153915 687275
271626 117390
167163 256248
-836841 -153346
144700 470578
-867866 1059483
511088 -174779
1034936 -274254
56190 -36607
631914 517679
-204986 87997
117219 -416081
680555 -719274
707028 1141413
837286 52030
-1299258 -195281
-1240730 -453810
-658665 106869
-701227 -862182
-508245 -391848
169275 882533
179677 -433009
397172 186234
112084 230813
131708 766441
263322 -130462
-170427 15360
-325986 -551033
465906 -180730
46210 793360
740777 128572
-519030 -373917
-130748 449010
-1055327 275511
-253752 -88253
-234641 130689
-259512 -369205
-916772 -130684
242145 909315
-638695 -221226
-91470 513193
-943153 346967
345992 -555373
147267 -345485
-35831 -74977
-546298 -32446
261909 -14902
-398046 -362763
-92557 -124495
-72527 -980921
468897 472985
560893 -284166
626173 594385
167010 -86241
38208 -598629
373148 -346892
398208 340167
-235386 -435768
-180480 1338399
-95760 257676
473188 186476
-366206 -460354
891733 -711849
-657738 82189
-294481 387040
-80198 -1518
145351 -378761
-181958 -327873
-60672 330105
964048 -352571
-533630 443569
-79565 388021
-388777 10392
221602 -300604
-85586 -199637
806227 96316
313854 -240154
997607 -909005
589858 450141
1014232 -187557
1145247 -162916
309979 43234
450059 427644
-298117 -767387
-128389 -18204
-1121319 194150
36122 -446429
-788656 514632
173251 -288721
-1132254 -437294
122714 466611
210484 756607
-406592 -854292
443744 -263656
155782 368499
285311 555015
-88570 -493417
-324011 -441420
928799 923270
1113324 513670
53083 -653240
-461061 454290
-519897 -618361
-432999 154736
399229 460192
317372 359416
105971 598358
-990149 -254800
-930423 -609219
380992 -817160
-842974 269474
147591 450242
216320 -149038
-367028 507146
-1113488 -42517
-135533 824399
-124360 -255124
-408537 768672
698240 37960
-1140821 278722
820932 17950
135957 -504222
280485 691850
-68706 -326376
60750 942647
-542011 127286
42401 -229774
-412414 -17717
-495186 82414
-1127338 251489
-361517 707207
-742407 96223
180495 -1064066
649409 354894
301405 -968638
-131425 -256504
-214562 -84262
626496 222589
7012 337255
291964 -365971
969674 -135641
207337 513092
-267762 319804
728154 -710664
-290459 -689150
-412241 285958
-524626 144579
431393 694190
588739 -358421
-697779 -565429
-65112 47024
-363913 655422
145674 696363
83280 -254366
655626 -42878
884174 -1043466
-338309 -523403
59088 -338170
276440 -242949
118458 -424243
53286 -653972
-236869 230701
798748 74952
72190 684827
832935 321718
-625005 -895461
97275 -217892
400236 -308967
209071 -250728
-123407 16056
528585 498179
329571 -48459
395760 186329
19975 -165086
341760 -316063
-68488 -221422
-200738 298184
-201762 -443445
1026936 -420387
271401 -76595
109882 -924875
65068 1215707
-592328 -90481
644611 -330108
251275 -50307
349862 -209895
28593 431328
-118680 -248190
-250910 72658
657009 -550285
-928407 291536
203896 356691
-154412 -395059
-658052 624860
-326276 583929
140857 -16217
-505396 971782
195555 183693
18057 862169
871582 -663234
73541 478717
477714 294263
-384214 -517522
-835905 950393
-371723 982387
480263 -109163
231030 -449992
-84382 -136322
97220 293756
-169970 -126538
199119 46782
-233201 184732
107271 -351456
368293 748812
547095 -559952
-285458 -475131
496764 -484220
91052 -295454
610686 -693257
383954 1236785
59711 -403789
-314168 -5324
198139 -753509
-389446 948041
-243294 -759452
152272 458771
-798335 263753
-538286 -448333
390580 -712362
-435197 350581
298951 -130962
309718 -551247
-762138 2038
378807 232168
-984748 516127
-611020 -451640
-430815 -415555
305578 -870902
-80710 -182983
-83057 -224456
-396430 144522
136366 -318370
-159159 70573
-433070 -95883
675728 818572
-212317 133428
-186163 -287625
-460742 285953
186853 681304
-28561 3466
345409 853720
117570 670204
-416553 -477996
-144589 956323
212824 1085250
410871 645308
-802704 -901272
125497 432713
-9444 302223
555988 -608111
363072 229664
-1558933 396438
-412283 -630788
104586 107608
-279429 -136294
-1002254 793395
-461482 474924
-562195 1092883
125371 134756
180415 517068
-583216 -137972
160122 -735432
449474 258593
273606 -65551
208853 -218993
-786089 953801
258096 -84671
-423476 -571270
-115826 387565
-947475 1035926
156138 -670549
508233 579795
567128 -969348
287221 -403778
-1090037 562024
252344 -196310
295848 542876
325854 -18594
-1398763 -509627
412677 239651
-601634 -667868
679732 -691630
-66942 28991
64126 977122
-578322 -443753
4520 -1303610
896161 623679
1361006 -436285
558729 257648
604421 -286593
-469140 908503
1013408 -222801
105686 132000
-439694 152620
380745 588435
-173030 -1024300
444003 79033
-811314 -914277
342737 912987
724523 218723
533239 755728
128778 1029844
-106094 -483042
284151 1261125
-586183 -184370
351523 487657
1057476 -700696
419047 836950
-80636 616096
409289 -278247
-11128 1165073
-165980 -73920
-102002 -221429
-35762 651016
-23088 -184681
-216228 757537
-97743 -427458
-278732 -199545
-198790 -499664
70787 197490
558179 373633
-729402 801258
-617911 165558
-377947 -483469
364488 -371870
-264528 -498738
-1035037 743076
-386599 824806
282313 199257
-154208 -394488
-503715 479380
-418432 1164599
696200 33830
30804 -271393
440948 386229
-117945 -365469
-307219 -272203
1424395 669159
596000 -481944
472742 643363
-7193 -543462
-623057 -206932
-314814 -357782
550715 -764778
108691 -370174
575529 195141
516754 440999
-207649 -141068
-68694 -182810
-62313 303855
232419 -64802
113484 452174
-134330 -650194
442598 -594125
435537 197899
1598774 282211
-692986 -133440
-456848 61500
457187 382796
-395137 -105351
137264 -186670
416606 -412588
75988 70040
589424 317441
-562104 608232
-377970 -980618
-371881 -1004993
-1493924 -303171
380403 -511330
290599 773998
697754 -370827
-383210 65676
475354 17977
427265 -270456
-410471 -272511
-300210 -481827
-365361 403887
-414510 -1449760
-255410 -590367
193251 -306470
-463773 527338
142379 -1360882
974061 348639
-231304 -781928
-544529 1105304
179781 129894
-615096 1443669
75112 -33594
-591491 -89057
37033 488447
-233097 -456157
674668 1244862
789113 779393
428909 714190
380251 372562
584153 6862
750091 206410
83495 -25727
221242 -201631
-455713 -167356
70915 118754
-87448 111085
-292848 -1053806
317351 -227609
1114152 -770109
348231 1511004
-203156 -881935
318864 -872131
1153720 -704459
411886 -747964
-99965 -638189
159931 -556271
351285 -266360
107336 -281588
-24191 798440
-93888 1473
-905444 -975778
-482387 577585
871013 601838
-345259 -168123
361461 -298231
-212122 195424
-288631 624429
450549 1036146
17599 884645
348730 665582
-967394 -1314648
-53117 368212
276536 548591
747057 469848
-36991 593134
1363923 554872
-75518 140732
-67280 -217950
30399 -767721
-324403 -771591
464434 142908
77978 -177256
-502641 -50814
795448 -805547
-111805 -921700
-289488 75126
-841638 -658220
-457200 491569
-792808 204218
-47545 -174662
-583406 1012641
415663 -520750
-1198171 209338
694260 672423
-88573 1221275
-2962 -920070
-335798 196474
342446 -447768
766313 89661
-680980 -49473
-143356 542831
-785291 -681806
-334774 631021
-325267 -120939
911972 365109
-415782 -466384
-128444 381108
636023 -13722
273848 720106
16418 134651
-619053 -122492
1097540 1177792
833511 600302
-449887 -726499
74558 196922
419507 151396
311670 304119
-127458 -1522079
-540783 -194234
873552 529968
-589934 -101693
3422 -160846
-214009 -8384
488837 -132785
-733674 49406
-741422 -609640
407412 -333302
695409 326989
672619 296375
494954 337507
379572 251640
-218859 59574
32831 -361781
562263 -1545198
-187002 -227769
-294253 184883
-708138 -91645
-132885 -251388
659500 -293687
164368 180275
86397 -178619
26512 779407
181114 -505457
304567 279624
-462066 -20095
219412 -785387
674859 605294
575256 -518316
-344373 -697451
-604196 -779711
156091 -215865
-214763 -479100
-1130462 57598
361043 -698415
936035 291447
335193 -544303
-259640 251320
-1393739 -319812
918500 -17919
-596732 -448776
-44863 -54334
165965 -339264
190074 1381334
-206632 -755841
-1133533 -17535
-22664 -364472
-500913 268984
343560 -207274
479217 636461
-134407 -1018012
-650220 53246
628995 195873
-706026 -1368982
-221011 -962600
411187 485873
86864 -990783
30271 931684
-569287 -318311
586286 -85245
842609 144957
698155 -725226
426570 152350
254264 -720106
1112990 -24767
-682443 229532
93229 87459
-201830 30966
378429 652393
-48102 -489215
43992 -1275101
-254395 -1089827
-1247563 -465660
-70392 -460855
-113034 248009
742834 895771
-639054 -8913
380914 -181978
23756 38692
196949 200027
1030309 406907
-97205 -394931
-1044632 -339889
428534 -327448
59815 286481
642725 546426
275856 -338475
-270268 -174814
-21144 -45257
-261204 649467
144520 -204337
152410 -789026
-750070 1119316
796502 -495874
-795143 21750
-834423 -345978
146433 145566
1082635 85623
-938429 -386659
291591 826484
131946 -1081818
-107321 837239
-620770 -740886
-304343 263090
-316038 1091342
434689 275960
-502122 716125
673193 783137
-290294 -181272
-215393 -391610
-335409 -412078
-47437 -163320
-142965 -91477
-193380 -202807
88784 4021
-607177 206505
-346640 587070
219938 -912238
75270 2798
737302 393721
-316276 -726112
-1009021 252717
-298138 -1181179
-603509 -22876
-537781 -77378
74539 963928
706181 451170
-691118 468740
-38592 204688
75597 -156720
107347 -704050
30281 366000
-336354 268234
-165284 -568156
-168580 1013789
598617 387414
-482190 -383878
-464546 606567
-48912 664159
627147 256317
-402922 327986
-344307 231368
508085 -785802
101003 701009
-701810 -216793
59314 -110056
-140880 86495
568605 -118453
141015 9663
11802 272604
331514 837614
649106 -980564
329488 -282993
-866819 112896
-277430 -341023
-611418 193670
1366403 -506257
-185034 975369
-240298 -783672
837683 801303
2827 -663717
776937 61046
-530481 -479869
48847 -723523
338923 -329408
533320 260642
239515 -370368
389059 161672
-866654 -208258
-37471 -15661
247921 153252
306222 -375252
696510 -667145
344180 -721432
-156711 -818357
-263044 247955
1104424 618853
43457 269177
-88902 206049
-77439 697044
242011 878439
-235466 120546
336780 1029325
-908233 -99161
-325063 -345144
-356071 448340
-672848 461641
12461 -312416
116270 165037
522039 1031465
442250 100455
483185 45055
-655916 501169
-436573 -580210
-978578 -356280
-411596 235860
264568 -97116
-361426 -227589
911584 353830
-1295530 234495
-741515 642671
-81727 275964
20935 1395314
340236 89231
-515997 -266336
464119 -159944
-799515 689
323483 -297793
12624 52684
551100 -892780
-430836 54915
-234168 303140
460456 -771629
223764 831473
92406 -400910
1117436 -442283
-148949 -157203
1587575 -253347
-648386 -392517
200138 507514
819934 -746329
-261307 112377
779194 247686
-31723 362801
703320 -473094
85219 307394
-435148 -114553
-3721 14231
-64719 -214975
329267 104248
639960 158310
751395 -108191
-255081 -135767
420857 -91455
-544594 -466113
50741 -417184
-723340 208423
63367 37429
103217 2128
-325113 -276474
47468 -436062
-262836 71677
89274 225989
-480039 31387
-262241 -773896
-135337 883886
-498225 663316
-236240 495871
636598 451313
-72476 -9241
57985 -303243
-74503 -226233
-529334 -217347
146538 451087
-299373 28176
-304567 80254
-352381 -413290
286899 562989
365820 -309288
236882 70857
-47537 -389630
235662 639251
-49465 381645
-106451 -767152
220916 -673052
-456176 218391
1009081 51458
-339691 680854
-229007 -1065839
514095 -214320
-222814 633268
-1027429 790111
-867321 -229981
406180 -1337962
692627 -194783
-31343 382307
-269653 152805
823319 1017052
385748 -219617
375574 -74570
164546 52868
295266 195476
840978 -473128
-612420 -329897
-302193 -488316
-439688 179767
541622 592507
672473 828961
172027 595801
36051 915566
238360 -296990
-185324 473913
302595 137660
398286 -531879
103576 204636
-139193 -334117
-81949 269844
-221311 -156486
250694 247766
347896 531250
568947 -1055
242328 185144
-251169 -990422
1031700 583845
-941664 -54245
-105116 -323808
227582 -982946
403060 197686
-1044268 683180
-42545 -166162
92582 -991808
-263479 -446711
17284 -317277
247547 496405
787206 421340
334895 -447524
-802131 -53314
-367641 399904
-219796 414949
293495 -353717
396084 -681835
-785019 401630
413588 -915794
-351934 383612
-867489 425585
-242953 196536
-230470 537707
-653314 279007
-252637 -735669
33368 -410502
-70529 1031228
265910 712532
10674 -374749
111445 193324
259996 -395813
-179727 -373021
-710274 -439265
-1275873 1024881
507813 1173726
437757 -24398
349584 -1048206
-372576 382473
28352 -271053
51954 1008181
717527 1308918
444399 141281
41288 712601
-210089 643155
525558 -29047
512003 400815
-635052 -1187475
392887 -671558
328782 121222
-551680 285853
87749 77648
522256 -488944
697825 352839
158026 -107901
768781 -2854
271916 779077
-447179 151187
-565626 17532
-435302 189080
-1203696 492766
-164820 409949
386973 378602
11489 -408553
-268584 159429
-887141 856374
428817 483375
99999 888581
341772 846750
-711620 24302
-33479 350802
-15709 -264163
-252980 -166717
-91190 -38188
-102300 -489454
-472412 709805
-87541 -252414
-583489 -993907
843422 -273854
-390629 318541
-1260140 282565
825643 -217995
-997955 -712164
101188 212181
-419841 665156
312392 801335
-298338 -476264
549382 -1694865
-162259 165105
763096 564523
-591124 -155070
459387 -448680
-1004986 936065
-282822 -581526
510374 -54785
-348027 -182343
-906750 -67524
-600006 716854
-387628 -749301
-109458 -38258
-310525 -605212
-1581908 261499
1139242 -825220
353119 43636
-210304 72598
221020 -412975
-425490 298117
705765 222784
-319342 546067
543228 97486
802391 882283
-80672 622715
-282854 339353
-7339 299248
-328541 -652027
680634 1668679
-171826 -806834
-613356 415604
765778 -691868
277034 -154800
266411 -157658
438534 -782882
-467867 344206
333795 14231
404779 141443
-853678 -297159
-38706 356319
828008 279303
879526 -578823
-194299 595659
-398800 656138
326855 -91214
343982 139615
-402776 912377
493684 1008277
295845 -500718
640145 -339180
79986 -548583
676845 173677
-950941 -547405
162147 321961
-35420 1281618
-286407 -942885
-812772 869925
