-508400 -123772
689131 791272
1163625 752491
-560738 763630
-331349 -812186
-117574 -335484
-667218 432631
559788 1128905
368423 -816259
327605 -251691
-279231 213789
131083 -194379
744875 233912
-95063 -77396
-24735 396145
690163 -19875
1274987 -596556
-799669 -312384
-377972 424585
240892 53893
425441 -132957
455730 -736885
-217930 484185
104986 291580
36652 -24125
-4023 -185988
1015434 826465
349722 -175732
-135513 544660
233644 197906
-150664 -856014
-279812 310445
-404368 1229188
1082519 201903
-929934 1155183
-84685 250665
-345178 76474
1113966 265101
-240936 -954220
-316145 -1225408
534574 731461
465100 -583771
487118 184570
139395 -924388
366103 148741
271485 103211
208155 1115737
-517470 -288992
-24973 367419
221037 735993
466059 216795
63001 -150536
-176230 -371661
-1036127 -503195
450335 437742
245412 134927
119853 -394521
-1029171 -182927
110396 960778
-614084 231218
-133653 -108128
-170017 -484361
-781171 -1045269
-139904 -1204428
912530 -846650
14226 -163163
637721 341555
690819 -510715
456488 -30167
105916 139387
125506 -326305
124383 19279
-667416 -1118917
16979 147579
-826792 362474
63935 -191761
-77192 262182
1319536 -124578
903612 321232
269742 179722
204803 499621
-37186 -271662
428798 365046
-41568 1074467
-553990 -88341
-216898 -386064
295762 -121444
-800204 501502
-97409 -752674
-707706 -60989
-175852 -391919
358281 45607
-187132 -2248
54480 -271092
244607 -129405
-116490 848209
495469 238194
-217669 -240874
219193 350558
62727 280974
-45489 -208769
278332 -204974
-474563 -190260
584685 342061
566396 -460301
-695832 26945
116281 147320
-765910 -852756
-1080744 -587261
359191 -93574
-192220 1084802
-239621 -196032
-344251 413935
251627 865777
200260 1191827
-158017 58162
-247086 517314
378104 55981
285093 -50913
210226 182826
-558285 326742
-665783 540350
-14895 336263
7280 -437021
-663419 -198065
-352116 -100801
-85358 602865
330064 -218290
396980 267896
536560 -341750
730075 -126488
44341 -411446
129918 -175255
-534251 78888
-625843 72868
-195775 -354029
-412793 177701
24891 -213667
219912 -857160
-944592 -291701
45903 676734
-149055 -394103
345836 334933
-500512 -303068
-850791 370630
-52679 -247430
303467 -62319
254261 -378521
-344028 183239
443475 488300
-386539 290422
1336878 972261
-420330 1105546
432397 -598746
-198719 142696
-198390 457457
-665611 29709
822807 438968
673122 457363
217817 -558503
-409460 159095
-872028 250237
-288041 -267273
921477 41007
-222827 125785
181280 280950
1367911 143970
-637472 538553
30239 544434
273692 164141
24937 -1235343
-6703 -814943
-266377 142021
753470 463610
102434 530409
-222700 -693803
-324313 -950967
287566 21283
-489791 227866
-438333 11838
-636952 745195
-899224 -225454
1093508 -302755
-664045 -45436
13815 -909306
-1081961 170415
108483 34922
-463674 456011
451404 519883
-756716 204197
-725141 -87587
-284639 -213035
-311059 -276955
-846709 -132575
-401644 -394979
340022 138262
1330647 225353
735235 645718
-801022 -351694
-336705 796629
-343922 52365
237317 -1057606
1160349 33106
590884 -776821
377702 790355
125656 -880810
1084182 43158
402832 -529627
753866 -578416
-82552 607377
78534 -12824
521710 535934
-455000 -275630
216373 -499921
-5262 345576
-23205 348687
829646 450965
-69918 -696226
-950359 -90671
-159089 563481
-217353 210836
-94582 423526
508953 301145
112386 -435135
106456 -10157
-368563 -762696
253448 -620320
-640888 -549294
-308258 117210
-385142 -311526
351736 -893667
629608 305793
637720 892875
-41118 461051
525238 -120290
-310733 -406806
111653 -1362507
133723 12410
45130 320467
225634 191488
-1094641 279521
395453 -685525
945144 1203390
-205049 -650952
-3160 462774
-303581 -1112396
-792902 -187722
-402360 104200
470754 983405
199876 -1070
423454 -1165814
-381185 286335
-1414345 -538347
-1351575 825319
-9021 222312
-759778 141721
-578990 -359925
59838 -75966
-279724 -839389
690297 672506
-7826 -439141
-100627 -519827
-320899 -996848
701212 -421093
176133 522886
-220765 487620
-122699 190268
349595 256107
143681 184042
-840620 -556407
-148531 1271127
-593805 424176
18159 -448760
-707277 298929
382348 -573586
-175177 241276
-245430 -835098
-221090 132094
-314585 -258517
778945 -415134
734032 -223673
-67451 -85403
644018 302485
-206389 723617
-34329 538815
-274839 -677572
186728 934399
-12563 342146
103069 -301054
-632520 1047819
-430536 448579
-566723 -979517
-13344 -937201
11153 -791327
-287919 -456403
-282843 97269
258053 817457
1376627 670636
-107376 370376
441963 -429999
-214957 -1071908
720001 52296
158464 622148
550738 691710
-304188 -728347
372937 -1610033
-152393 -977331
719520 100702
-142163 483561
-6210 768689
291832 -530305
-1026838 344924
206947 -240807
-312172 -1154365
-629406 856062
-1203496 244628
272075 -439291
827671 803772
1038365 -256353
-110856 -455939
-170467 210997
1112644 877305
-181546 -538801
-433043 -61390
-122434 -547431
1068641 70614
752248 900645
-562616 -96140
-509866 416054
444415 713868
-9236 361174
583530 27819
-162888 382259
410526 -1315745
-555026 -1217746
298037 -466522
819182 1982
-386986 -39332
-185517 -1032363
-818571 -249281
-464743 176948
925872 -906072
653454 -60005
-426808 330159
1215952 -328888
69181 758757
1023101 254259
-264543 -738952
-433112 108221
39244 -578220
-58051 531262
-181127 28325
393352 -247198
-167389 40897
755774 36587
-278651 -58002
233364 271578
-389307 -428977
423886 1465328
-361622 354825
110510 -733804
-293851 144210
-547729 -570348
-788907 397822
238540 250749
-539068 801128
437591 13001
-688557 801473
65175 96103
-584916 -464840
425211 -310566
256310 -1008857
257436 -542621
-72813 454137
-422362 498860
-23640 -460825
104659 346916
-170129 -50767
487290 803702
-107825 -333269
-718292 27603
-229094 -603404
1014531 -253712
552904 584661
411635 551855
227705 -47423
-591988 -571218
-165602 -161487
103617 -488448
4299 -178138
646093 537132
250209 -621729
-609533 2760
636442 -565966
-904937 611649
-856169 -1062528
595745 -963721
-440257 -600011
-544969 14128
338534 792643
-148976 -670314
-425169 -701953
-271670 110180
-341050 -547891
-1336319 -503523
696676 -625251
-67393 -412205
695961 397533
366768 -66428
-1091666 497017
-948783 503346
-685584 687868
228002 -164637
-351632 -1047878
567106 -192573
-9228 -883
314455 -888647
-414711 529631
90688 -396267
245218 -289133
234553 159914
338975 556368
199456 440883
-229185 425834
486549 -216298
370070 -260174
23755 307278
403851 -1319928
-335845 732288
86899 814868
22705 -637359
-125577 -153207
-450451 544559
852956 -732229
358186 -420202
871461 342704
228212 857727
-13828 80278
392509 -268037
364018 669672
448392 167014
-87088 -441261
89190 184163
-161804 -717238
-551997 255402
328963 175727
-65710 39731
30430 -684173
-434673 104523
-573406 5541
137232 -243806
-210597 791240
-195771 -740074
-28507 -359294
-906952 -161482
-171683 433755
-556305 413078
249787 424522
-763632 -382624
-1272221 418611
-663107 -330329
612109 119446
2477 -1071559
-889820 -395653
295280 -269503
-91871 64090
-357397 181702
799805 -209886
518952 -440202
240867 602274
454970 -400838
-849859 375041
678993 -1087773
1331580 -197873
58057 526882
61286 439730
521380 -585244
-463300 234970
-2907 -352130
210785 -66039
-123702 491758
425619 -515391
437968 -420139
868014 691867
650825 -27140
-955225 500589
471789 -375526
-849632 674123
-106354 -659332
412993 896993
-117670 -747032
-205508 265608
-22984 1022732
-166118 136117
-989590 -7928
68218 -342515
-427234 -1324297
-651150 -35153
-985195 27829
39212 339540
60974 -452384
-198849 -1022098
-118742 -714756
-83185 -342310
177319 -754036
-30981 695204
-268711 -79053
-249139 45011
361540 -971060
-372800 478936
674179 1120030
-669436 366087
-86461 -536880
535216 -740393
-793056 -213701
-4208 -334707
664859 943
655536 737547
-531108 606622
322769 776878
732524 -142254
-132922 1060124
-541496 110448
-760332 -72837
26718 805730
-258668 -493244
163074 -722996
46445 68091
-31197 487121
-456308 349966
-161038 -494455
-227059 154826
-300252 -182961
162565 -215312
723275 10498
164572 1053840
484208 -705095
168250 437533
270684 -146574
-77088 -53053
311799 -125976
295752 -1029785
32407 -645062
-380166 -158759
-509038 -263383
-286094 349673
-49472 -68268
-289113 -805325
-1247309 -215677
689508 146688
1006561 -1262544
-1167190 -57805
303489 -669781
-133677 476240
739616 735795
-266889 -893253
-208067 -617726
-958209 -187166
305723 -1347933
1184713 482401
282184 198972
565354 336898
-353236 816033
709040 89322
-169058 -333733
-345589 -6411
551190 440986
-29403 -822043
130667 -37728
91665 972143
-319755 262964
-233921 865019
558856 874162
278271 970703
189958 180975
250555 -551590
-135219 -334563
-170784 -641758
501308 896588
-75609 -972548
-132232 1576326
-208908 -527509
117748 486882
19872 -360998
-634301 -28195
463068 482141
-381272 188157
-573981 -640410
273741 1458532
-719794 -22169
358571 -204555
-553855 -712653
41297 -441365
249419 -1139319
-471760 -369014
-181692 318045
-710385 72649
319358 11858
748099 547324
540746 -53326
169303 -207899
-220827 1176962
-57676 -216679
683010 366789
104202 -806227
78810 -646314
-468087 1152201
478063 633870
566167 541440
226385 -484973
-446400 555391
-321558 39802
-557039 641077
252665 209174
100323 -229690
118177 34950
-423096 216143
963150 258686
190769 532283
-115668 -378988
181986 -420833
126448 95586
500587 249073
-322707 -228401
11206 -438040
542950 1178918
516947 -391202
776931 187626
461198 -148247
-70941 218712
-431948 -26043
676360 -549911
-566090 -213614
435659 -22679
108552 505735
299081 573748
-667412 461987
-747438 -364934
589848 99440
-503632 257664
635117 156987
-701611 343414
407811 -132555
-38475 126195
813968 130970
-518234 782536
262342 -666619
-491700 1046058
15233 882787
553829 -363297
30795 -460638
184339 -857214
-634026 -95770
91525 -787722
150709 -220172
436906 778849
-632994 -439026
-247649 -1044865
-699195 563533
-115003 139267
-109488 -337070
187502 -312496
-264399 501994
250978 392518
-597756 -33135
-62109 -272067
-117028 -726710
538410 -960703
-399846 -534243
202707 -1622240
-816424 424565
320422 -99078
-574871 299526
734925 -109299
-1404632 771409
-304883 652025
650507 -81551
331315 564325
708051 -463509
257931 43885
1091882 -850910
85566 27368
790113 651838
501985 458790
-542739 148807
-169796 521079
196049 -226062
-241175 -251001
-875452 449580
780363 639352
-27161 -60783
335780 -909580
187198 378736
-47428 -135464
420988 -46646
-1265 -415827
119202 -331747
-126792 653893
-79219 690753
-146055 -315621
-912380 -879509
1030710 -250735
-410309 -41665
-432573 -215304
-63423 426001
-206036 386181
865091 249814
42430 -472797
129775 191491
-764246 -951036
-89836 43523
69531 -488987
742807 345319
618662 -180879
-582842 -183438
-317819 263384
-96780 -645738
-654787 -368283
-234297 -242125
320187 810504
-637592 591383
290582 -727124
445193 -389429
545213 -980763
10532 -99687
-177650 1487566
-126838 384185
-313417 358438
-364884 151031
297009 464431
-129792 -451445
270832 -140573
-29225 -47317
252362 779656
446463 379778
178966 648276
37500 425393
378590 266596
-180405 -273318
-318689 -807179
-966902 105862
410484 -296501
4106 1162042
-1054787 746190
990649 445509
267952 -1320398
576154 703114
477376 -44543
-591512 489302
138029 -252023
-267519 -1693971
-541172 -508977
149863 -312356
907444 -105615
-573140 1241601
-387787 -90755
666682 -242034
636400 -480665
-401116 157636
343511 324164
-333352 -918312
319334 -138691
-15050 -302223
-376116 429373
889412 56313
186321 -104934
258824 -254898
342978 -612909
542831 -1227035
-787112 -57790
921372 57706
176485 -274342
-787509 435927
-91160 597999
-743113 -1012537
571181 579998
-618176 915131
-299310 -485918
-51834 -29459
220371 -76228
-675065 -9206
451786 1086939
-584235 51013
1012742 -39358
657627 135721
-135771 -182540
232043 696485
352079 -401475
933839 -503794
-197777 -346621
-575252 -1057085
88196 -337366
333083 -268003
997510 -647468
626755 592740
-266318 515568
-160382 611445
-473873 -204012
-170720 -66639
-117297 -980036
-1072162 -77726
-932442 -242131
165395 -489774
1043286 -162894
203165 -605116
245881 -626750
-648167 -609733
134628 489781
23069 -247395
-166044 -604389
69472 -443631
-560691 391407
50178 630018
-116933 -171592
719981 669782
-95553 121847
-412146 825343
308808 126808
175522 -73952
-101991 -593920
-463607 272786
584436 -671142
-137636 434805
24396 -318069
-180354 1083995
601175 506264
1130998 -106235
-445730 -253352
-741430 714998
30802 -341725
548143 192352
-224084 -461949
-1090 -117397
18971 176494
-664154 870953
-593469 612924
518547 823667
1545290 1368602
33629 303764
589839 337823
853225 -701083
58610 81375
291548 -173449
472323 -325802
-901772 -612333
-397944 -123806
218345 -711861
407586 325027
-817458 677827
-689038 246209
-2179 491619
406912 -174137
2267 707793
1247194 716092
380397 204759
1067058 -299397
-380505 -37677
493788 -394854
-314035 -36441
-478513 -234386
21631 -214116
-325542 -12734
-886509 631320
768868 -777022
-182733 -446826
-774448 34320
-450286 20740
452931 -155086
-286459 -43400
143239 -100120
447398 356600
-467244 -348204
-778552 -932857
-1099403 528356
-208033 -261729
-837499 214500
95043 -1196913
-831558 66051
289842 -719801
63582 -601928
547679 -330217
65740 425102
92025 1685
754853 113996
516454 380960
76734 -967596
172641 -757809
90522 368397
508828 746088
-441639 -459879
414218 -331195
-688751 301749
659053 -524489
380618 134028
-58486 1007640
-121967 -98068
-303415 -640364
421363 360181
123573 1584628
10719 -569107
-631691 -186664
-965365 -131453
-82822 618041
349617 -942305
-66620 -256254
295372 -175843
1018278 -322952
-1153243 580505
-249421 -332112
-22363 376786
-334946 375791
265834 -55193
549170 -240407
661871 681697
-411992 1836
-1135048 -45419
337018 2995
-374515 1109040
69302 -452604
-410829 318781
458054 526370
398640 546803
-465708 782626
917922 719223
534647 208142
420213 -95150
366837 -163369
690913 -219265
542215 491184
-93150 -506396
425322 -758015
360452 89753
100883 -120775
214407 298307
532611 -478831
399389 -906328
313826 -36613
252105 482793
1467909 140004
-59696 -697701
-488311 -459873
-284072 -235695
218137 264173
678021 332812
165378 -560818
-837155 -200567
-444855 813500
573029 -652901
-326940 -65876
-3755 -383519
79211 287750
-1627473 -217141
507826 -441553
762726 -174846
124348 -125832
-1524164 -123953
665728 186750
-82961 148195
86332 -8638
594566 -203675
-211140 -1673451
67374 -424022
494972 -72543
194940 309955
909474 -557084
-177165 34327
-400062 -454533
-466862 -139447
-496749 -810473
-472318 -304376
-283297 -728602
123966 -93568
421948 -1248022
-681181 -532245
-418497 -866779
-521869 171973
462449 -161144
430969 637537
-399777 444570
-445906 271035
-461620 -125626
-148822 -51431
431389 751580
324263 123004
-206220 -383019
24354 -401989
-751238 58904
238628 -238088
392969 -433221
-141128 -412455
-328072 437678
435269 841159
-1156397 495361
565552 -706562
732198 -1313141
449855 -91818
15566 -209655
-709960 458051
-1047286 -9827
39291 -870122
985777 598004
-769468 -436691
-43317 530778
488234 -368100
289243 798315
86995 -338634
-56166 123109
-59057 209244
-940177 284867
72932 672277
-589304 -90838
202597 522957
-658141 -411511
524843 -150128
153678 -297111
-1248500 1176772
-72749 -293939
1062182 64371
-936739 -525032
-333178 -50307
-598629 -1139892
-82552 518766
-850404 425834
904952 209418
86141 517232
-3840 62526
-310227 -22933
834721 -162254
979468 455900
-813472 431152
-333951 -39554
-259401 -53193
-215318 -421436
-9604 -302966
627469 404110
-1629507 -589505
-85435 394853
-527408 -383333
-764936 659810
-399098 -265387
319924 371452
166278 213311
-103602 -1087403
-266734 -212913
-308442 534855
-149747 -225407
-343451 -407852
390077 485766
-450917 267610
-747307 475433
-424129 -242748
209897 54399
617077 -27651
-906937 -785565
-172939 -300900
-1024431 -253618
248400 -470355
-169035 208152
-124336 -398973
-484806 -510403
794263 489923
348173 -2060368
-430106 442539
-624628 163217
-537520 62149
-38827 -509235
-815365 316138
1005950 236923
-667311 -121317
523328 -191593
-481491 278115
-252860 34355
-1043872 -256468
956266 229692
107003 -237410
213704 65116
-25790 3797
-382799 247669
960942 -396147
89557 -213762
155199 134015
-51222 -166978
-672330 569825
573515 143144
-816832 99788
1037252 523390
-75789 -299708
-288064 1028264
921711 -546958
203393 -96341
714170 424150
111376 -459367
-677531 531904
597203 550894
897149 -925256
207465 682767
-696710 -715930
-398282 -191975
201251 458074
66790 -64126
132241 1067959
195369 383427
365422 -317598
-658853 -543132
602208 -90072
977910 -241998
-204943 -223003
257491 885314
45153 -614549
-678099 115840
-220895 -441422
464641 97575
-59502 -1258105
534809 423499
943258 622723
-174834 -100645
42194 229806
-289654 -231987
-434836 -654948
-787254 -557545
1055661 350878
-358126 9499
61720 411874
-663373 152004
1222692 490426
-337782 81829
159459 -142902
121474 164131
-196117 -433625
-73206 248567
-82607 619238
436075 675427
946370 17421
536465 -1134496
60364 -659137
179869 335122
-228557 -586809
-773159 -245052
483148 328256
-161710 125813
868162 241308
-478504 285668
583742 -198966
-25593 623059
-356346 165509
549380 -1278847
121884 -1134465
-198883 -409887
-532676 -54202
-72606 1298184
342770 50303
-697119 -167350
-788840 646956
-88125 317366
-441680 -40986
-664411 -163079
-349832 -403270
-140012 -305434
157614 260003
100445 1200442
-143499 202412
737663 608770
16880 -132652
-402117 -180285
-469948 89391
-1023979 551782
-262984 -806448
-1427435 127596
-1004180 -1139842
979307 495148
196115 573708
-396345 325021
-502373 -85634
627146 -117476
-821814 -503913
168981 119714
371554 -257213
-95316 -341046
-926782 -709771
903642 -214385
316622 -16935
122866 -250563
-616751 1225180
934293 59752
14641 -346369
227950 -128250
-164266 -1169174
-556554 42041
108802 614664
-125201 -44687
-490749 -540840
-832212 602200
627714 -146203
-683870 -12997
168736 -744205
1488061 301695
979569 -39964
-666244 434634
-176068 351263
-351328 506818
-10284 -1202804
682813 -889952
-493500 -848929
-92260 -242476
96280 371739
45226 209265
-1364750 971977
-238520 -38464
485300 100777
670354 -381886
235482 917462
-1182604 -471828
42874 -413858
743200 -519593
332388 -690855
40518 819589
-356398 -829945
-518676 1287626
-120004 -520790
367900 -515106
325943 12905
57754 -435450
845792 12671
1030991 -222385
264142 223187
398469 618668
-494416 -253900
315403 -231204
-377191 -256135
64738 445374
-201896 506857
191890 -115552
569698 -71720
-199540 -87777
-697580 -400525
-39066 -170631
-446431 89966
-572312 -174820
440285 237680
939383 235326
-170881 -143972
74475 71213
-1306867 368378
354076 374146
132269 -539282
-315997 -386503
405684 739090
-131160 -956359
195090 149134
-668702 239273
712030 -57405
-804788 -1315800
-256159 47049
42800 621194
339833 612254
-766989 -104325
456405 -201183
97560 -528170
140153 -257501
-896992 -200519
-322637 -616598
605284 -23412
-475646 -731277
-123897 254018
-113933 334953
213250 23301
-1104461 -326774
-313411 -430149
519662 -617532
509636 -1128763
328328 -1332388
360978 300573
-154977 -307619
-180967 -676281
-114980 -124148
-735889 244815
-239023 8751
269117 375654
-101687 428325
-581675 323670
-412595 -204794
196474 -435059
454166 -727791
-256736 285203
355385 -408999
817529 1033945
898650 831034
-171641 1212528
390774 -395108
-746677 40258
194922 442387
474611 -52991
-213230 156137
400696 418027
-394481 -531379
-687689 273661
124036 147694
352814 583935
1058152 262583
1259750 -190129
-1076625 -298287
-221645 -124832
43002 -368145
-191044 836597
507117 566099
293200 -795652
-377911 1024822
-494966 300325
-625297 199067
477659 -301658
526752 -98310
-274930 -351950
-202970 22101
124331 169359
-716578 377837
563285 1251977
-338347 -362433
-72706 -53964
122219 -638405
-73686 -610390
-1343144 -84768
-347512 -513408
-236362 112027
-537174 -638552
-248959 391495
-743947 -691194
720560 44365
795164 -589945
1069493 7956
228435 -88598
24089 -3501
362435 85420
-226727 139558
-596660 -525957
264223 181167
-18473 -339516
182452 -428572
-657705 602966
-1998 -14886
1054145 -1678
-420295 193951
204999 171108
456949 139374
369657 -1217600
-747731 -1251828
179083 120619
-624719 -549984
-940279 -1006757
172522 -687966
-335487 988
-108049 946442
9558 1100448
-82202 -173270
-1002234 -133373
102338 53431
168153 856392
741892 -1127773
221943 -248696
512799 -258815
253563 254210
399288 -329976
-471254 -725747
268104 47349
342882 -471368
557961 -1179744
-187650 569799
-290607 -760865
164982 -68427
-281207 1172252
-141100 345102
1066076 411791
-405275 438396
-1096573 65517
-640215 26981
110708 -47632
-25686 519271
168182 1362426
348396 -201047
117209 -641241
197414 256335
-38292 538859
143731 336655
-104167 -857161
-210301 -321453
-33267 -204022
-322856 763185
-723334 -820088
-639257 -149980
1240206 -1670676
-513866 -507978
103061 -225962
-862428 -789625
17475 431592
82852 -440063
-707087 -929721
-161218 283125
343318 -31958
164339 914628
-708879 -136474
244153 153679
648879 505666
604137 -652954
680082 -963788
-679208 -323454
706635 -119114
173993 -620881
578039 124709
49721 61097
-764905 279415
293879 -64318
513418 -61053
69620 334641
223255 -738786
-397567 219507
-441266 -126957
-808827 854064
-843892 -137784
66763 106516
789873 -125832
281431 -1073795
-209407 666813
-120451 -803405
-604842 -63839
-143216 548913
-500747 27451
-5566 74700
-23980 214995
-106939 -973201
-434651 -157058
-366722 -490378
-189138 72075
-347492 -208542
-118071 -899355
-319427 -284867
751172 -478906
613112 439903
-331838 437311
364646 -101678
265157 670118
75763 -217764
-184015 1198201
-223735 483895
-638558 120331
357472 386835
754675 -1102101
1007953 58566
-917229 -474666
180320 -790582
-36329 -423908
206265 -70757
-525866 58021
-906297 -273359
234805 -384851
175404 23507
629848 -288469
323336 -39035
-270720 81269
-790235 164434
-443326 -977455
-52680 -41646
-31576 657419
-215047 148098
-354290 901712
433009 -7614
-219900 -652205
-28443 -136115
-195132 -556885
367594 742400
68608 -289868
-555956 658048
-81474 -5859
-118306 369406
423955 930598
888319 492813
-551384 -465624
254793 -261530
-256744 -685959
6628 194152
-322825 -43891
-551565 248623
-1234231 -210416
-312966 562170
781027 573873
536980 -207962
-896664 448086
329203 136711
-105778 382328
-105963 -362338
-502311 1174331
-578718 -590542
-173642 188582
738939 -576730
180310 -138988
-143465 541118
428378 556016
63765 -878971
644768 211436
-229670 -74337
-242662 428508
117269 377737
433382 -407209
733039 -676383
434100 -422485
-837182 625166
-235367 -628471
-611817 -792247
359845 -590985
-24123 -620482
110082 -217578
-60330 -307230
-792086 -386389
335839 51738
137044 357076
707364 46797
-828394 1079047
191501 -5772
201918 484207
953210 1582542
-622154 -354708
92438 -44847
-786170 53000
989371 802147
-59333 -27225
596185 -58214
484527 319417
450581 -317296
-255764 -9733
-49082 173986
-486311 335850
122905 -31077
728306 -356003
-215219 892178
-74502 -635176
600369 470680
-709562 259608
-893987 -205902
-705770 307127
511920 527920
571039 242181
271332 212351
-653470 -375579
-537992 -143295
760384 -885407
-850666 547226
-480900 295260
380960 -86374
506073 891744
434777 508644
-310094 306566
-509330 197916
127600 -792590
362115 -912304
-348053 -9360
-421984 -424430
50234 888285
-1313549 1052578
760223 -1624019
266657 -303469
497946 258742
257420 -1084849
-353982 1114701
-477215 -1516414
90373 387980
-605477 -93866
-137408 77072
31003 387227
-148512 -127154
-115860 28271
-385320 62056
-650698 459939
-102553 -283765
62006 -490696
-480870 460103
-310880 -460683
-780751 583921
-431054 106042
-1071010 217801
-343902 438826
-31943 566922
414723 309227
126503 -575888
6784 243153
-138480 68828
371339 -120536
808987 207559
-811878 -566377
457710 125699
-405573 -28676
706701 27777
-186231 340254
-8172 -40428
-620907 182548
-238422 -153641
76781 264491
692194 -173768
-138332 447521
-202093 -890623
-441366 301276
-770018 -35411
462404 121701
915114 -29240
-51477 -668517
78560 1052868
199318 -682127
-268993 120195
-752005 -179626
23261 471012
-278989 -88870
225239 1246004
1054888 -256445
-308463 -135189
-502907 -645996
-692324 863591
1061481 -329981
-265607 1031177
952286 -199461
427724 85888
-104820 -34544
-727607 382240
38402 -296961
-67355 63249
-526913 -190715
268840 730345
174876 306879
867729 840456
-446548 31243
585040 -704431
658252 297584
-659212 -14280
561796 22204
-294200 77161
386280 1759466
969425 1019665
1040381 -354993
-824261 1352974
305967 -403475
131778 856518
-29523 -1294581
538336 248018
-759404 -788081
-198459 -378662
-499412 -133534
942265 220701
287307 -289766
-1492719 181545
-123110 -221199
358347 804332
-443097 -849365
-768026 513842
-104802 -900593
85791 -159
849131 490739
-285801 198597
672222 1063312
-944495 -121958
-505992 -618036
162975 126534
-44951 156592
-539598 716429
-1049892 -60327
312336 449306
624506 172318
560777 198895
-760868 -401181
-349109 -349365
-469682 -578350
-470833 -110537
521163 571579
212326 851375
-298161 146781
-651249 429453
129391 223517
-484824 1189905
-130014 -317563
-112518 -565309
730725 -584493
328975 -367437
500236 -217600
975169 -163048
402406 8455
-100434 -681445
309960 1149009
-1403882 815067
8509 -224205
-1691196 -640672
227769 -1384978
1153881 851142
-627659 -471031
-1111660 -131060
249906 44112
-641536 33557
-152699 -298001
-640677 565240
-98697 106193
-317001 -1246256
402650 -284760
370148 -217646
-675785 -264835
-41910 -556846
200390 437039
-629887 393846
-119475 -358554
435228 299131
-782599 -262682
-166225 -60764
-77338 -218799
-316403 58849
-327106 -6316
-1059909 570745
258264 950342
641289 -664966
-704858 -727089
-245548 -42673
99630 -354798
466326 -300191
-357288 -492453
225053 511831
588507 -494824
124173 -350355
-261224 563435
-123187 1454877
-198821 -377753
141402 41653
98493 -448479
99261 -281974
248660 477755
578731 -276634
160581 -303664
-50457 -71902
1350957 -191467
22449 -905803
230905 658318
79360 -129856
-22487 166543
-728616 398671
238974 37887
-71470 -438054
-375186 298301
219937 283787
599560 -829481
-147987 635942
123685 -324156
-321916 -566080
-174149 725976
-257610 -187394
-82556 773043
-929960 953542
455185 747634
-310663 671465
-621460 373975
321826 -798583
228098 -862856
244097 -682432
-613352 140845
-394748 -872273
273343 237350
829572 153405
-107473 92473
-270821 131981
248485 -704734
-182908 305920
-345793 -914667
-387766 -502029
280268 563799
258471 -576478
-548528 -1087220
-563245 -1164023
-501126 -437705
238558 14821
-884357 -720599
-291473 -596000
-64603 -113752
785203 144241
-174865 -283321
-162643 -286281
-16367 370921
-368543 -16996
-407680 260197
776788 -508059
-428899 327039
904175 -383210
-156418 -419325
1094109 1152416
-403318 -796091
-17065 -140862
10584 399386
-300654 520899
25910 -834076
560073 128504
-540398 275372
159735 -1197797
824280 -350621
164283 361845
-181498 397428
-81459 -20336
489359 21809
-124401 61259
-37800 604563
-428951 140711
-369329 151080
-550964 -718620
-148219 -232693
-895181 533607
180961 -131050
272796 -324294
-393688 53095
-96204 73981
193352 377438
1325647 -481110
204880 138444
-23428 130739
-318134 -106594
100229 207128
511470 -486063
-97541 -446647
-841625 -589200
128609 -571852
-407057 -239136
-371392 -180554
-286612 602442
351086 863046
-961092 258515
-838763 634215
199646 -973196
-129787 -295179
-705435 -632289
-280358 -449107
-82206 -730329
154318 -171519
-1257246 -607436
-242373 364456
1082845 440005
673644 -372039
773345 486695
136389 242010
-410942 -1154416
536171 -1223430
172326 124580
744583 582014
-143919 212957
57587 -554392
-229673 408611
323969 40477
263127 341676
774572 8535
-320341 -894556
-33802 -391944
838123 367052
364587 319558
-184100 -948784
-609096 741467
22543 809533
318097 -730551
563256 -232932
-459056 750862
468968 -202573
608439 621954
-709541 773863
545502 -518711
-71369 699734
349951 -686686
-936568 407480
-1054546 207131
-643731 -189779
-70005 -294025
-1037290 1067608
115438 110283
-129050 -505143
-100461 675140
137788 -87148
-305112 341419
92750 568142
-95940 -920757
-89216 651937
-878794 369933
261330 -673376
-94149 -273007
694806 -586119
67914 158965
-326481 363835
114497 627537
917208 -517859
362128 370453
-862687 -286601
-244272 -371600
-421733 708992
-539722 -388871
450961 -1470950
145754 -158735
23154 -1000753
-91022 -194616
-62319 680934
-401335 1384524
229911 253645
89028 444299
717315 -53900
-590048 -301165
370371 -261967
662784 281129
-532590 248765
-469458 -619742
-79462 -443789
32400 -243874
257026 -275324
-329248 -31238
-72470 317686
267309 -4827
873477 -295312
-196080 -441544
-408753 -6235
-890916 1028399
-138314 877300
58207 -608500
820479 -318383
-176486 -189973
776497 258364
-352119 -863448
-209668 -77459
6529 -343458
1343122 -989874
549423 223161
-139964 591150
225633 14158
-356529 450258
13825 122240
-236612 128921
150329 635356
1121696 -707640
200735 -335561
-716653 -533096
864879 -704875
590854 -657221
-610116 432348
231107 8593
335916 -132772
1017946 428905
845753 -910545
-643835 1023492
966581 -204496
208615 146162
387856 -257056
387871 -385337
86504 -620768
-419954 778078
-36549 778963
856034 100494
512862 182756
221354 70045
217163 343560
439933 -382754
-789281 136159
133571 -502427
-17408 863981
42107 119716
-74625 220186
-357601 -583669
270778 -382648
-1231852 204546
507620 -30786
78388 -70049
-90934 325168
505083 393921
-154072 352893
-243438 425027
307348 839675
128509 -27947
760636 -189441
-21032 -134748
101725 486728
-157520 538768
608373 60507
115228 244135
-861066 -43948
282776 156619
-48697 539278
-63218 -702547
396081 177412
786376 50805
-496197 -50094
147441 -190646
715773 -487087
149632 -663661
176803 -558117
-40015 460834
-592193 54255
185513 -526850
33328 -779171
-287663 -175764
-415969 324247
648795 516222
-853271 -421267
-696731 242341
376731 -330515
484926 -364436
-278442 -162988
-211958 294817
4511 -41735
914369 128134
-616434 367242
12663 692028
-494472 232519
402460 928311
-10912 259367
429479 -605804
205736 -237929
721602 177253
41665 -132572
-536830 854726
-267790 195914
370555 -364629
190826 -818239
1248427 493000
-160111 -43235
942450 -145969
-129189 -45898
213054 -125046
-282179 -189649
-234046 386959
1201376 545782
-38418 291787
-523524 -451624
-828885 176769
-92749 -322208
-318161 -218252
58256 -1184179
361730 20821
752523 -781373
-57706 111244
30759 -616861
22403 506271
293618 394283
623637 212005
427785 -299
43281 342051
-172678 -17408
466686 -263514
578911 65331
-502924 -472438
288958 618071
-520976 -78387
166990 1136560
693865 -351883
26157 98507
206522 -563429
441769 -9754
453424 279751
292489 49324
-222645 -629221
393268 26687
-189562 -247736
-527918 663801
-133582 -83673
-99249 -203550
272944 -402661
-398173 1145277
-336037 -150700
826292 -427101
-37284 -395474
118441 -89457
91640 652593
-521521 411424
113010 -129013
649563 -1095622
-326527 -248011
281658 -156333
-456341 793422
258601 -364965
489542 -19481
590482 -741172
740513 -1180291
-292722 -227775
144020 128431
-36345 876449
-29221 -1010341
246425 -577590
466182 155728
-594252 238454
338531 -325590
150120 -388845
-189609 51172
72089 -931873
-124174 1060800
658209 -1162811
-16159 172858
-235688 -358973
-326966 129046
-299161 -794212
-305897 -450414
25299 103306
-137330 152645
303341 -707404
107722 -79974
-216649 437428
119756 456285
64637 -109819
-441208 391562
-767927 862679
-150214 -167932
143039 -562588
625317 759627
508533 163561
-531199 -727140
27446 582735
16607 448588
287261 508327
-644776 -454944
-515289 -712988
9649 436779
-527999 -248540
-295460 -28426
-602358 176565
101806 -782906
-306579 793613
-578617 -1124673
-304083 -309855
251204 455681
-200704 -412508
1036746 -236834
410721 153875
238817 69028
-529099 433099
715161 -504288
1077109 189042
36480 -619830
-753814 -85413
343464 45938
-331334 -796630
-295158 239396
-17219 -182684
-528923 36713
680877 -226581
336143 -266223
608034 -238436
-191725 -314832
-992335 -792249
-407289 -803896
-645852 1271733
-207994 117153
1307761 -697977
-191012 -259121
50486 207367
24310 -190755
27010 -64180
-433535 -674576
27607 -427577
582349 -648030
491860 -150203
454804 -541249
47415 -285210
241843 150699
-254216 14367
477580 466831
331915 -208284
-144250 407711
-107723 -200260
87065 826286
132075 367346
1091822 514647
-87450 -475385
-983709 -380896
23814 416163
60585 61315
-401816 -169645
-854297 -982693
-157774 -148042
336707 -923878
-703552 345119
277191 64122
578370 -400210
-43444 -317419
-313684 500487
-78834 -454907
103944 -1306631
-182021 -1175968
1186255 263750
547915 133624
-217785 967906
1252570 -819495
307951 149966
-138633 -784657
-196157 503983
-426078 748508
661488 80462
93511 313007
-479248 361622
-436839 -339862
-170367 -346557
182613 776240
50479 355449
302679 495149
-738862 407612
-129781 -384542
156079 189804
398801 -92516
-321282 774074
-593540 423351
-141444 -261731
-209077 -558565
-421444 -246015
-446893 692725
-137088 471485
594002 -301250
-95175 -587125
921144 669542
-1007267 174226
-321423 520561
80216 -68548
221373 827549
206253 -225271
-675127 987444
-798016 583839
196802 652642
564065 118798
-692947 68146
-350743 -283161
-40514 952510
-470661 30661
98244 667181
331601 246773
-744683 161386
657928 -69133
-144015 69327
-305554 58226
476489 -46243
-277935 211029
-746167 -976548
-382570 -350952
188305 -850604
-735568 242956
505607 -77227
-79577 809626
466371 81476
-1078829 -459189
-635555 -399746
42996 717430
320476 378715
-547857 433415
-273696 287400
-52984 146198
267177 31686
-34966 756928
-348572 -74595
108143 -662663
40674 1061
-742671 -355297
36444 -972919
-208575 -307376
203591 328135
183896 -525967
-297901 99702
-337293 564648
635278 -1476191
-634981 34246
-1056628 -723306
665481 -24587
17902 -153213
747031 153219
-13009 461446
-1094969 -567369
-222067 368774
-805947 -207298
-34211 673005
578941 237718
411299 317167
878132 -217566
330046 94212
-408011 -244704
667786 -45291
434916 221854
-606713 488206
127195 -641444
485288 -32331
331077 399397
662563 113498
-135574 -364975
650851 1147354
-537098 823068
616797 -925541
165913 -379613
1283573 1161643
-126004 97601
29671 -283238
709089 -238914
704298 413336
-894745 -131011
-807211 121577
602164 -262285
-221743 468000
822682 -635036
-1010929 383272
693995 -652968
372440 -242805
487800 224498
301131 612773
-508252 -325217
-645642 208533
546050 -362388
13899 -223126
-679424 334074
-317787 867278
288512 264765
-186071 1241004
-875810 162885
-699710 82795
55422 -82685
-314870 -432627
-742169 -138834
-648265 -262120
82561 -776031
-265241 -369099
130101 -1066544
375792 -278376
314564 40183
-449288 247154
1705129 48559
-629276 67695
-745953 -130562
41649 69979
-334162 52813
-218269 30931
37673 526355
-223219 -19276
-268359 281274
128477 155032
-210518 -1125122
-144340 125446
-542282 170889
-405409 -1001900
1079508 -66286
-110353 -262616
315815 914822
-27305 457875
-206854 -635992
-624106 743003
96354 -251286
295272 378711
927935 423073
-1068041 -1266806
-398744 24146
-487452 -556661
-470706 -98976
-360902 273431
-436594 -27665
1245461 -77605
111989 -1014180
-94576 -547690
208414 -613403
410232 167100
-79698 -670063
87165 203340
-647800 737117
295110 220006
409310 -348468
44301 651354
43655 -131522
-363008 24248
425234 -132061
538929 104064
-108281 -653598
-48785 700532
512277 123553
-496667 -145916
882470 -857249
423191 -941578
-370408 -32080
-258127 -264498
741692 103359
-488951 -689470
492909 578614
574353 -389963
227798 788845
-226624 -37578
-41337 60993
851209 1083981
527160 -56181
663494 -1044721
1089313 -12182
-615691 -509674
-123737 -268344
196706 794268
-1247132 724750
617333 988873
102293 247819
-593793 -434516
-547218 -735848
-223579 -125763
118126 570389
284386 -255973
143067 1006128
-337346 477941
-528598 -343819
-82667 -395015
-507710 -467344
521794 513476
55415 -521126
-392622 33861
647575 418580
605112 -234975
-204805 -47466
170197 -633578
-44290 491580
202582 -642708
-93524 399433
-159649 739383
-7289 -558734
-401952 374068
-98956 -493642
-626985 -1185915
-1066401 -290238
482346 172056
522453 -16172
-266170 107812
287969 -1132270
-369173 -105206
-433496 -287045
338676 -480181
-679667 10866
542355 15908
625276 -745082
208585 226167
404044 896077
-169237 -64685
720523 365144
-680480 221623
-269078 -501245
-1768 -94364
-419832 662098
160865 -798360
292605 723335
146967 642212
-218030 641910
654374 -690992
-137084 536112
-366517 829351
-96481 -28749
-739850 -585693
914542 -47257
-230130 -338807
528928 349016
609746 -61847
664294 -508991
640559 53838
-608371 -622309
1062711 142044
143016 -18096
164435 -360259
505173 -853685
175815 22814
-477198 -307324
165945 116576
-803013 -267197
503596 -629197
-305259 481174
629189 1014213
-378288 -248595
36819 -1134289
-506609 -114598
455108 -182826
404944 276196
-249388 745825
-443501 -144938
-39442 -304742
-356080 -260570
-888813 317511
58979 551276
-366817 503863
-599985 -285543
578576 -30676
198867 -185297
-193091 203174
-36130 -152311
-119473 -505023
-188617 -220413
-299296 -75263
-655601 -89626
-183489 -50294
-1144059 -657452
-258818 -103201
128762 1222849
616015 -817461
-618492 68174
-360967 181089
-962802 338154
-955759 572867
217177 142681
-476149 -38591
-164903 -765510
1139255 -598703
-643910 -541118
-20843 -1348504
548269 8233
1564476 -64903
-240128 -362919
1072094 531841
-806561 -701809
-318511 324682
370751 95076
363529 332383
835286 68628
167341 -722298
-59191 -399905
-118432 -143776
124929 -394297
-380017 824427
-11174 469244
-221170 -61475
-766614 -888449
787340 102300
-93207 -391642
92552 243472
132848 -132937
344736 -157617
-510658 248719
18911 142262
21864 -135815
215410 341413
-50259 -882627
799317 229099
731086 103088
-446771 2269
-97387 732058
462919 334790
-890352 11233
31676 -418355
-712202 -677547
130636 -349685
114276 -532124
-740117 106221
406287 -372822
-89409 -384357
815207 -492087
-587762 452024
-193865 107977
-496663 -934148
-542876 -143745
-300427 939613
50239 230014
35039 -328921
451688 -751354
-327079 -877645
295901 7537
-466248 456528
-65801 -206215
728295 -278252
319405 -1172902
-691566 731003
-462524 -134077
534078 -158677
-624453 -549329
-331836 -4833
-643217 -407480
447865 -387929
722768 -33082
577727 -104590
454671 -409577
-295053 -78310
-210296 590368
-898624 715601
-156781 -188306
241860 33359
1324440 280951
-258936 -219385
219354 202161
-942917 474518
796712 -55188
-272106 -215641
257442 -747627
843374 -1173613
-107030 678456
-907750 621977
-23034 433372
-394797 200404
-108027 169756
471033 -501644
-518989 852788
41646 954798
-224889 -369553
287020 -220596
-341150 -143916
-931630 251790
870158 -141889
153369 89816
-249880 343252
386612 -228578
-268789 -290482
-1765041 -555043
183050 295373
-834603 -219369
99969 190064
1200895 -172504
21454 -82044
-964532 633427
-267061 178786
78625 -27115
-222935 -355666
9247 -305280
20907 451346
248694 1230667
-120614 -89144
206744 620065
-793454 -507334
-611341 -482982
-235713 -12050
153266 -34123
-803858 -464748
266259 -123127
-772575 947307
1163446 -752101
39871 -297962
-788099 -510575
-80521 -197428
-373205 39095
-57886 45577
848297 53883
173715 -259444
165301 1333357
1519626 -616279
254235 -85544
-104328 291304
-76847 43548
-202606 513640
292940 581926
33481 80652
-530990 526474
-276967 487123
-113858 -1035631
18701 623252
67935 933167
19798 193223
-502251 145295
269626 857477
-140952 -126163
-512713 -512432
-341030 107685
-495778 -240000
515745 -240999
-1092063 215330
-25863 671674
-271041 -193254
-252754 520762
457314 395476
-86742 320602
-1068181 -166052
458366 -470143
-150527 -325144
677939 -5715
-245734 514899
-104380 589496
-290072 525007
-517788 -1442812
-411510 196260
-176329 338152
-43299 -3217
542111 -311565
278483 822878
523823 209036
302313 690843
488058 346014
469942 661735
543824 -406163
595591 -56963
487510 -215386
-44201 -257138
1075101 454647
-265144 281031
-481924 -27573
767497 274752
88375 735607
-1063128 -83428
580872 926039
-84565 -1016582
-260646 273774
97281 100495
275392 -266092
-222626 -289121
461353 -95249
-5486 -502843
490655 -517363
-222519 196750
55327 683631
-314001 -175978
-902301 139874
-375025 84429
-407225 613569
-51630 829960
244250 -199176
705072 -220288
-166528 507338
-222777 298807
634733 -139580
-454952 -284099
421666 28046
433218 70734
43659 447262
92616 83863
-355861 -796539
-158260 908862
347261 -481867
41085 -95269
-134419 90718
1359819 393496
-84978 -911014
-114524 -446540
118455 -388088
-88677 -9942
-102146 775964
629970 333284
467085 -338797
-431618 768747
196511 1041015
36669 -229646
-399986 -207244
-137067 478713
-488938 190781
-303670 1055815
-17554 328557
835239 -348861
1277473 -144045
-278955 -588503
-74859 -110490
-109016 -448738
473088 -1269081
830021 -161039
658680 379304
-561017 -636050
-346026 -334884
580687 -286120
-452513 684739
658152 -376655
-479773 -826355
-500218 704342
308763 -621584
-290760 -48605
-131664 666851
674178 40623
-94676 -106624
-482404 183851
107659 -391631
58712 155767
-646125 -176396
140265 298905
-266816 360059
389363 449933
-519530 -14144
372671 78079
-803598 -50916
877212 -179591
-174003 265308
-453854 392186
-197337 91757
525663 -444301
355767 -768470
161795 -6926
-697381 213348
-243855 199568
730481 247070
502316 -306644
82398 -539825
493102 253126
121645 -221450
793488 205254
188624 424787
-1225939 -1093806
622196 443550
884876 -261806
-49608 376543
-1091908 -1136058
-52277 -23019
-309447 162934
14009 243891
-252631 -700071
-20451 -71593
-238223 -84333
694037 -258838
-422588 14591
-119275 207588
513978 114159
439394 682022
969337 246865
-633803 398882
183937 240020
-1161310 -313331
126803 -575395
-378325 167005
447995 832511
-741561 -707094
-44345 -52597
56590 -573691
-630905 -608155
-850187 -235768
438869 -548362
13570 906980
-199213 -401069
5223 362512
-724449 -195523
387971 -509358
-330427 -518384
-164861 -405587
-418967 -900548
610803 440604
-684885 1164219
1300371 -467569
-415663 548097
3239 -163223
-347872 345658
-134324 154458
-141619 623076
216840 -384717
77404 566849
-928858 606353
697168 565137
-221268 172953
590068 384555
-153442 543179
-168672 -2136
318050 -341233
-291895 -246264
-1140893 228409
-172460 294405
715288 -442713
-261977 -438988
-1251632 -40374
642040 -330435
-15788 -780065
-342394 -31515
-280791 -155211
345203 231961
-304063 -554532
107825 -197120
-363786 38469
-312878 481177
-944908 217370
586051 545724
156300 -158620
-862774 167412
-370757 -791293
122313 462333
-1807333 48610
705849 58429
-68593 -1203775
360009 -361281
-654628 -412625
377060 -952108
-161632 -264260
76576 94087
-42707 142283
109206 804303
869965 -66408
-415900 -523295
15646 391057
461780 387651
-95938 148318
142260 -348229
-519511 770282
153498 -89675
-476261 -398184
85659 -445021
-589991 711081
95071 -635602
865239 346891
-463627 58096
117872 31404
-263063 -979951
649136 -256380
1356488 -148776
412487 425002
-522658 410386
-64975 -399519
479633 411269
922185 425971
-382202 28553
752464 317958
261013 -580647
414660 43987
-595774 111141
555339 -267000
673573 -459196
558340 -363491
358802 -296349
-303006 -505387
-368828 231003
-160184 425477
-894358 -661476
629132 -45755
72754 -255377
-862347 -381405
586135 805761
415784 -545343
522660 -180582
-65612 348127
-409331 -458778
172585 -187966
-781727 -354383
693212 -781533
86457 758268
819228 137517
46976 -146498
136129 172872
-310026 216792
330099 514943
-66591 8539
-659470 -244223
-504781 -553543
-221550 -637509
89862 364451
294942 1105985
-535256 -103365
155890 825682
-372294 834088
-628132 187441
12892 626491
-901981 -751582
-521832 476277
-457206 -175494
503915 221831
1039451 184185
289530 410707
-155915 925125
2766 -197135
499796 22099
468016 384777
697587 -319042
122253 443794
-42750 753174
-452562 810763
24555 7329
-608196 -138035
845760 835398
-833711 410789
-116809 474918
468302 -591089
-98239 -231253
271087 215639
211964 1045799
564627 205634
290481 663288
572615 -549083
41625 1448705
104545 943267
48290 -554474
-1069089 712602
457882 303499
556132 304052
-12920 570447
-339574 539888
-231993 -575534
-206231 -244451
-521556 91984
400633 382235
-98332 256443
-473254 108937
-3435 -611954
-367758 -14125
476071 -331332
-666227 -19717
-421961 -801337
-282542 -321283
-674982 -963769
-334417 -280853
-832741 97447
-436725 -608703
687279 -1332
461674 -188368
348629 -253733
775046 -37628
-302740 170129
-279204 147753
33447 60995
33845 -98946
285570 592101
-2298 262678
1180518 166772
-396437 -324739
-1083801 123386
349821 -148177
-1190316 -241198
10436 -300354
-786536 -223296
-1241017 208399
321429 -52232
1007695 -316501
117992 -23630
-643107 347901
-355776 -129699
-403749 286511
3821 -1280903
874050 -593184
-678522 -434654
-582271 -316878
-333166 -167416
260185 -1167256
72838 298627
188914 672854
370698 981811
122679 -409227
1449639 -584673
-649033 -555495
-325480 -121823
564661 574203
-541034 473554
581993 -800367
147013 381367
315677 1038672
-93144 458894
266581 -277934
263092 1013693
250947 476324
1002992 37059
-313329 -295272
186478 188960
-479348 109883
-696530 -429114
206851 -187709
-59911 1339630
-1299400 -737561
-39314 289955
-1106107 657549
-347937 460772
25727 -121002
-176972 -554994
-355998 -262734
384906 -736410
-313539 422714
939244 -186778
539213 -268911
398378 -67434
335662 -262415
827799 1132565
-540109 -361369
522579 426160
-205340 -237784
-355894 -137782
-407650 124877
298958 -185344
1055592 482961
76553 -25447
416734 -168616
311734 561889
-1298874 254063
-347241 138202
990193 130773
-333159 512171
-133577 -570905
-537159 229369
-1103384 -433493
-358283 -291126
150889 47774
90298 633602
817688 432746
116953 -1425432
113561 599508
-1187469 -216858
47879 -904805
-386519 -1387795
-1294450 340920
60492 617116
531159 -343140
-639875 517728
239911 679329
1273869 79310
212091 87700
-596157 102765
332962 464436
458911 -15473
498458 376294
745319 -289864
-75901 417324
-805436 -705582
-84626 -518144
-510281 127891
232813 442613
-309593 -440826
254840 1464147
449330 321206
783185 -213477
704406 -124705
163033 -619779
684925 -627537
186119 -31676
-603932 206635
8260 691908
-705985 -342535
-344230 -538938
176285 578246
1002886 -493330
-170222 -850934
-782405 738968
-362529 967939
67265 -163972
232782 -859373
-265674 -496742
618239 355472
-154226 -83148
-216793 -54786
-1036428 -882307
-48787 -375515
314546 100526
-51651 -389356
772725 158030
336221 -825799
295034 848471
749701 -597159
153737 -871729
269689 347673
596502 16414
247235 -518074
-210764 656003
51663 -133293
-107311 129937
513616 15839
-198835 274826
-37782 -294424
156251 55622
734967 -305194
572940 -357774
-569166 274402
134717 384865
-707952 434750
1141222 -79106
-176804 248465
478177 421483
315797 476425
141229 703419
12380 646864
30085 -437943
245301 198305
1129364 677793
218164 -291507
-1515955 409663
400307 -398360
-148972 -278040
834205 -875620
-829228 614466
374767 1114353
100087 386670
-399971 518472
-358345 -83047
-1102591 670497
232544 -423780
-431383 845395
17921 -182607
-283622 -15561
39309 -291032
-550332 772741
-334827 -132683
-830879 -508272
-299242 -295691
61638 63893
-679382 251066
770879 -315137
840545 -119512
-327125 -219552
119236 -32027
641456 -279539
-663342 -850674
-357081 158872
-850534 411529
924039 -1183898
-1082572 276678
695067 645443
-47105 -404495
-95786 -24918
-337797 384852
-148227 1303934
-1042078 579598
-131908 -209500
525372 175783
46821 -262491
-69707 -280787
-227070 287857
316534 42741
277549 -1582193
51770 37433
-291072 63657
-929835 854637
425806 660166
-3845 -1537849
784964 -224504
318247 326647
499547 -358065
315583 176013
330477 -56242
-146522 -461182
-217809 -487329
-46278 793611
180944 -118386
31835 -454721
573690 -438190
-989253 1606214
611573 392889
-195836 1107022
-632062 476949
-29357 683953
-502856 185094
-426995 -437363
695248 -76336
57266 330469
792157 -317275
-502939 -875622
558527 -307616
-1136605 -1118302
-411763 -263416
-1300063 -1122332
74484 603028
34141 109245
551456 90606
-947967 846164
-347602 938029
-29781 51800
-1029823 71329
778180 357423
52054 -770429
-744994 601472
1294028 -590026
992424 -406911
-81028 -275293
-122249 -536123
-343627 -804244
-39073 -216049
435549 738431
-356680 81087
-118924 -697484
-841431 -404217
126997 650064
148309 -737774
45937 -262531
-193931 682606
-1233403 -27307
-145924 -1062735
640091 -250652
-591987 -414357
-1348733 -921058
-292101 -174691
-9297 -336372
123121 524497
197275 -502682
-231136 99384
-111337 -103575
92450 28645
540381 212440
237985 10874
60910 221626
-309819 -31067
-336975 343470
-264116 -337869
-535120 244668
-878151 -543398
-190960 1057095
-66378 434957
-516123 156345
-30770 -388349
-1118523 -241683
497236 648235
203642 -761003
-31081 -803595
557955 -737366
186545 -438570
310811 3161
-187167 1469097
36310 -119909
-36886 276452
34317 -22912
761995 150702
122539 -248269
542490 -600022
113964 -915743
620733 370457
758158 125927
-140095 950356
15611 -678492
-11749 340451
-393578 128389
23345 -273312
36881 -332189
-356894 587002
92457 -130936
-1012986 -38339
-357927 56560
-60349 326314
278158 695432
-290298 -150265
128851 205988
470708 -391722
-879648 342791
313616 -682127
25184 491276
456070 -88382
589838 -248627
138365 -72087
240502 -10413
584572 403136
486106 -385279
309496 -102008
351208 561280
418468 804414
223181 314419
442625 -132859
-373654 41449
609142 -488757
92608 336446
-389698 388212
-85139 442913
415354 736699
365061 189845
-47477 -195565
915655 157940
-166450 -429474
602660 -305139
-297292 -388620
-976684 273957
-635193 -258921
175927 731252
484978 191437
-5592 36299
-298510 -475717
158414 311002
-384798 -217467
298570 321131
357111 -931239
-5627 -1130023
-592936 -562541
328599 1140383
256952 -648449
504220 -402341
687781 -247507
545134 271204
729680 248386
-517862 554962
-155515 -8512
92733 1172188
-148420 -234157
563218 64979
-490528 297618
47735 -239577
-765769 84302
366908 104181
-78852 -150827
448277 -1164875
-348546 499252
265186 579377
480004 -452282
153445 152689
964935 915122
1153242 76949
-543065 309911
178255 -127527
-272860 -83980
225769 340829
1009290 156395
-399794 737241
1271175 -299812
-121087 22801
179081 -144833
-232260 -412163
56014 -305281
-571041 286936
554182 -116701
-814124 294792
893910 -442056
618762 -380037
454339 862196
444394 353912
-2546 143208
-498633 186598
139190 13464
35154 657735
547659 175389
93036 -354617
376036 -257347
-69710 -423174
89192 -257381
-72425 781275
-603326 -45051
336200 -325205
580497 412420
117943 408215
-84295 -23665
-498509 -435595
104240 -523841
-835495 -987108
947081 121232
944733 213242
-681258 46853
-10552 150093
144565 -568670
217038 177773
-4381 -563515
757758 833150
64466 -337730
96191 -96541
-384444 -22197
461998 232625
-545729 428235
-597011 -310452
-1113653 61045
473492 -70823
-29146 587599
623049 -792331
-1132602 -796097
-143873 1427432
-15601 -400095
-202494 -270957
1275324 -737684
-435141 184202
40033 250162
-22886 -218772
-966957 -371062
-37676 -207469
-508194 -71475
-248340 -189863
50219 325050
-1018120 798744
186428 -443982
-133543 246208
547027 -239972
-148092 -583690
-230724 489066
-130278 -495889
-226086 -25054
328806 813920
591709 -277207
-491491 823817
211788 531143
-311330 456934
-495638 355908
-566630 -1426871
425515 439058
-454361 402370
108558 685735
19667 -750622
539689 117493
-1017827 1371505
194581 526200
-819554 -25487
94656 -496708
488671 -47056
-6927 -697367
397704 286833
-1958 865638
641762 -674329
-332663 -120099
-1071770 -427228
140940 557119
-795274 652579
-309556 904012
-1061992 306450
507761 888867
765219 -135225
303318 -257227
-261473 -849928
-469810 -192673
-617864 -3648
-315076 136920
962176 409066
399188 -514708
460206 -1112237
73534 -409715
379828 104573
-189731 -132290
-101950 447788
-282561 53003
129968 -833883
131474 293403
-388824 -11514
-67097 -149587
-456305 -578146
327619 -504840
136905 598709
355355 142783
-378199 553426
-157923 36225
-721040 430677
1028007 -498879
-1064182 -384390
-613620 161929
-101255 -468006
268514 -303574
-376985 519607
-410226 500313
414432 56980
263893 87740
-662905 -207485
-176778 1049965
-35284 -148631
787663 298129
741561 -1090371
660554 503025
-783234 509960
469239 -683924
-245720 -460883
720089 -84603
-993320 -42921
179633 -562263
631164 -304607
-159284 380529
-38229 -510381
648444 -533517
-493476 -60518
858960 1047370
645400 -718134
-584990 46810
135483 -56096
440641 584426
-166661 -333601
-439773 -236797
403824 977761
-424117 -357218
-410606 -630858
-232926 -610407
-432449 -782163
-284881 54200
362804 133057
580021 146382
388017 -443221
-294402 30800
-650735 -169526
-290367 117899
-552863 -463225
273400 110215
122781 -68292
-242309 -417505
-470733 261084
-1029232 -286587
-5924 24698
896881 -971597
237904 -150544
-611326 -686190
-167568 -360139
565388 -273162
558122 744745
138942 -15164
-1501567 -1153717
-881888 120565
777965 -349096
-1051081 71623
452917 -230446
-346981 -355263
912521 -248208
1526219 -349632
201109 28973
-486067 337105
-350434 382636
-537222 -356486
299015 574052
251115 100775
941343 449802
215178 404753
196790 129834
470546 -659818
438850 -319802
37553 -75353
-201199 537603
708182 176080
-546859 693314
-917269 -143546
138169 442034
107849 161914
97924 609971
171682 259028
198893 -221377
329981 -133900
528890 687001
-71362 -344780
124834 -840522
523586 -893339
-61226 602565
614112 -226484
281150 -532753
180274 343804
-48860 249560
-3847 -619284
-44304 1034984
450071 -347929
77146 166576
416612 104928
395743 426732
69841 -69200
371189 -100926
-637396 -650206
-559471 -834906
767489 563603
-544237 160049
175299 799814
196973 -63732
-420019 -717290
86653 472562
-656219 -867720
64826 -765151
-707925 241169
-452636 -253180
812133 -1379526
-28838 522410
384639 -420955
40659 -292127
-318727 -615107
2797 1023445
-541098 -133717
486545 -202225
581744 -282344
69133 305444
1257264 348975
84659 -238134
81244 378090
-370589 -290315
-107479 579729
1573032 286867
-56842 103753
483955 492127
306222 -179015
231970 125570
212910 -232099
-207054 1380
1106034 -610175
-661404 -112281
203721 469954
648597 -749922
363678 -562860
977812 532978
570201 -789473
-347749 -55738
-85002 -693449
406796 224413
-190602 -1307143
-121829 196716
242164 -182993
-499243 -598901
105386 831713
205505 788587
-564819 -74623
-120016 -206328
39721 358527
-731838 76384
69272 540074
332865 82798
169852 -141820
332217 204939
-457233 616205
213059 -271322
195360 -439459
-279603 449628
-715232 495484
823852 -471763
445277 -29594
723853 -565466
103712 -142796
-54806 -216472
835755 -789541
-320893 -754641
-608952 -561795
-481596 1104636
-505458 -201017
365047 -200801
142003 -861167
133980 -209690
-134867 -700781
-683155 949373
-1168823 -45027
-262636 -1102606
464546 699594
-539655 -20759
-129813 -80777
-665184 -374255
-362672 -647573
503599 816904
641050 155489
607469 -257966
521371 -78122
427660 220722
-1268581 291689
352332 200546
-641520 221049
-24763 346579
-183754 299930
-153373 -314016
229013 -439816
-572673 -211857
36544 336212
543968 734664
-386427 -467584
-1128003 563332
-49033 16801
468055 24842
411848 -67045
13916 37989
652345 -883518
-170992 320805
-662289 41695
-607204 345654
188919 -638764
318984 -518881
383916 -497498
15734 418184
-344348 1038850
-32419 -343202
-167909 -514972
68799 325387
-419925 -20926
305173 70970
957883 382296
414758 272926
-157523 444071
94705 135759
-167639 -481016
181063 -24726
-286556 224398
-310126 136535
-385237 308812
-1480033 329754
77127 3548
94552 928741
495694 642244
-153432 283409
538544 160443
828199 388596
-231794 -214654
91145 558047
620012 584051
504785 -1026664
262038 698059
190686 -886939
-96522 196895
-255446 292887
-188956 1266832
1011436 69398
341985 72444
-562587 331919
1485473 746920
302363 7326
444865 610764
998881 134097
31871 1688675
334161 72467
-578271 -862513
753123 -160250
-259725 413587
-1095152 -665882
7885 -236783
-462334 346024
306598 866525
-2075 -407523
376663 56434
-1003034 -32954
530187 734177
-1078841 739228
-658402 527960
125596 919913
114181 -2090
901963 4366
625697 -415866
-416323 -311199
-24802 -469676
888399 -57878
1110358 -176552
-33660 49648
-671463 18935
535263 428859
-470993 -384476
36821 60534
165090 -67823
-838959 -117791
632393 -724438
873664 452979
757640 203763
341791 459678
-669623 -54399
-451972 245548
1028479 286049
-246305 -110539
32825 -239091
-970125 376984
309302 -575740
99557 278523
302436 36432
-490653 -65121
1457411 380502
205587 -243608
971017 113161
-306454 344565
24178 -147248
-57729 -510240
-216632 -308576
-231158 -158591
-1026886 -54530
350593 56016
312468 -70237
-306357 362590
-191586 -138343
118646 -468381
82268 -400154
64292 -219893
135039 -21268
409593 -528942
-159369 -22697
172193 1323771
-240447 27242
-850672 -141099
290617 735489
54618 630616
-30108 876518
64483 306664
538191 798442
-559636 -145026
-348123 331882
-338373 -132360
-316338 343596
-342423 -22633
79367 130857
-78532 190486
-800010 -236966
-344826 -505752
610641 47872
59319 20226
-59807 428541
-146541 383107
-112610 -831922
-817111 45441
350342 -572982
85018 308107
354905 934368
16085 -414052
-379246 -190221
-16491 -291834
593430 -581515
203190 344135
-797459 -472882
-72316 -569026
-11436 495589
-108338 87706
551175 -264621
645225 -226698
-36404 -192744
278783 286237
-1049348 161264
12671 996405
507962 -407895
-817662 311526
1025294 -366509
-247519 -270890
-449603 -520721
-587363 540117
-466994 209722
-141820 -227577
-126049 56872
-692050 -612972
-9288 -844767
275969 -389546
-189324 165574
570647 698560
-137670 -74571
101129 -195694
430852 -310072
-106154 231269
211839 -537265
-372394 -461691
99200 372486
502847 290891
-642939 609102
349020 365345
299059 288460
1056410 -16269
425445 401147
-778273 -494868
-1713259 355491
258633 -570216
-321533 -282283
-343251 374514
172661 517151
878380 497920
571048 296952
-291702 -344461
1393637 -38654
-865011 -164138
-707992 -661734
-108342 -526774
469685 555785
129602 127847
-281693 -60108
218332 -1491075
935619 -309483
1076056 -1079272
58525 -15729
10839 -232417
630712 49712
-548013 -545417
437313 -21761
-117657 72804
-1108469 185240
-569446 252035
-136117 -851456
-737108 533597
-420187 -363398
-327256 787526
71324 -623709
32202 282828
-286531 1127650
-492590 684849
523489 800875
248426 -169413
635048 740689
-312613 449221
-495608 -69487
-598735 -777385
-594770 -335256
270949 -52836
-223119 -733405
789532 320264
-738863 5523
941082 -754690
-237112 -602542
-683120 120374
-465767 -157675
-956843 -551511
19081 -1247945
511956 329838
-33652 -761798
-26233 -54993
611583 -354172
597131 746341
359344 -197557
449783 1140745
-22590 940994
-113932 -15606
-613399 41574
-68573 696886
607098 549045
-1033401 173787
46976 -585602
78174 -436974
554269 -18552
300461 -9737
-167044 -431853
534201 -289505
1127374 1189342
-821258 765320
254783 -555333
-644296 -220164
-274911 -64004
613346 -818218
119432 298720
243641 535064
303557 -212575
-503996 277110
161480 -304755
846381 1065065
-377324 -427870
1074822 -321493
-318322 632979
142881 247003
480830 118530
-637540 -98268
860424 199854
-163936 516230
299376 937393
-1101575 -792675
492411 -666384
-542077 440992
-382385 288755
353945 142400
107161 167458
324282 -443757
-162461 -103322
-42337 645061
695658 -1024981
956470 -449120
-1216613 284979
1023243 -93448
337564 -165341
133951 241687
620205 359285
-203130 -1142749
-375913 454189
1088013 263717
794279 439926
-675438 490328
-524718 -202318
-25233 -107673
-137462 -1042265
-188479 -919427
1322436 788235
-1065624 -133711
-621539 820460
-593656 -43892
284909 549610
-1231400 11952
4884 99000
143847 52099
-14949 392110
708465 61410
452313 530488
517228 -450144
-1270258 -80866
-71242 614063
869924 45621
-169952 -617041
-759572 195153
-182276 496925
-284087 -668386
-201195 237573
-305356 -229175
-178159 389038
-433068 296006
461695 90795
-1248800 -545319
-84965 471332
-223736 1041781
-266204 -958567
-538029 -290092
-391954 -596349
96177 -294672
165492 -483345
-621503 -7340
234221 584268
447781 -108889
-27730 -371947
-276253 -812570
-463864 -88803
-59441 -613846
112038 -245543
-519003 281971
-141479 226364
-907261 1004217
284149 -310953
153457 518443
-1030485 501615
127975 -7908
-617628 400177
191728 707233
419012 64432
31393 317549
711656 -38702
581179 11192
904759 250592
549811 722756
405455 -480601
-260433 120638
-759376 197445
875824 -486343
661432 -3558
-9847 -486378
173487 845260
-140239 508910
-467997 -285698
1014865 -400816
-601384 21129
-367485 -197542
121254 308573
-435273 -575815
-261157 -336869
-1081533 -226624
625592 528268
-822178 -36419
-164624 29315
155903 431687
-998469 82637
11006 1024742
-144016 147134
393141 177576
536845 -135027
666843 1095510
-416991 249459
-27029 16091
145430 -34672
-240302 -594589
-471499 -457178
349346 423727
324516 -689107
-497140 -606056
-285845 -492246
-395868 -830551
646587 -362739
1073564 -457059
302740 -459453
-726596 319857
514003 221617
-80991 120159
377708 32068
-58627 -1626484
15580 476470
164834 -229103
95995 -243640
-267206 533756
762835 215956
540568 9507
1002294 -252381
95029 286262
-655568 215469
-670801 1054288
714759 -760358
-283496 233221
-419253 158196
950534 367497
399943 -134517
-437925 65792
-645519 -280790
-387101 -49667
-77342 739665
