35519 -217721
-17663 489329
-179492 449296
26310 -411596
-536683 205090
-747193 558926
3892 465583
-111459 64402
-5028 -570154
-211667 -356258
-511067 -313888
101074 -306515
78589 -535122
-787162 -323450
276464 -20124
-1268076 -488403
-213153 764881
-249108 -317260
-685767 -1102871
615430 1445737
424254 -520596
313276 -267437
-545758 -521445
-176166 -530329
-680441 244436
26857 581343
-118721 -328898
-13403 -201304
390744 256152
-521925 -366960
228017 -156694
382797 -741766
-573934 -217286
107964 95152
-353427 -917613
-49209 50665
956104 835037
405936 -562247
298284 -16449
167071 271790
53748 235289
-416731 -1076888
245237 12924
-371206 -187187
-265931 341487
729845 -947673
926057 115335
384259 708144
94644 -71819
-263865 -397588
636069 370451
-419307 -287589
236760 504156
746852 441962
-470499 535646
-274446 673019
192912 1342898
461168 181860
-638915 -288484
191994 -780097
944236 736431
-562199 364080
-433017 909308
978680 -956163
-641513 173761
604757 -1104071
169419 -801913
392640 121896
494039 -344830
-640422 360015
-1209254 153429
-104900 -194057
356368 -145709
-223454 481771
-87920 -10795
795719 -75478
85340 628861
293983 -473329
-37688 -37301
3043 123985
406183 549430
-523677 177042
635490 71227
-825588 -855417
47490 171973
-671194 -408991
178990 -273799
697863 -528049
343668 -567818
-319321 368966
386622 155741
-12372 267929
-457722 141760
-56473 -424815
-537198 -440995
489030 200217
598423 216233
-373250 -391915
-311004 -792893
-86725 -88188
85607 -229165
681558 -943673
715323 -282650
337030 291260
586631 -536809
877077 439684
200204 233830
23716 -1048046
153448 -185703
-56402 443602
-983195 522848
-230162 586459
6923 21359
315468 650975
-1117609 -407867
3021 -1017957
263368 -147079
-299789 -531085
477352 -244228
395889 -474029
324601 -306793
146579 -816515
59576 734869
326106 -4475
-1281334 -199421
-336737 -197241
252415 368697
-167792 -42623
-34431 -312374
478449 518000
152503 710535
-478824 -131715
243501 -507738
-128186 5965
623128 -795847
1042 -425873
20473 -667366
-70266 540657
426625 26391
-9939 -381785
-131362 -131988
-49275 493369
-493349 14552
-1647973 -110777
266565 212246
107043 -129442
-297357 103703
-718984 -434136
-539728 -627393
373324 -669871
-608108 15581
-189954 589860
-424212 -470913
-171553 81377
-173359 -62620
-300863 899344
319146 71320
-267175 -436542
-393921 -344792
-161766 -302383
-397485 -156336
-359710 -979699
289044 500023
-531626 128771
-354530 -153138
-104749 442865
477290 689491
-207823 503659
-593619 -209290
-235868 -392503
740565 -91406
-451498 1261773
-499277 -88900
-481859 338533
475941 970743
380158 -511686
106323 -957813
796603 -443369
54535 -178447
-271721 407860
-265178 -54089
-81059 -378561
213157 -580625
290671 167883
24701 -756654
-38153 -561384
325826 -528611
-562566 88291
-216185 39797
-49156 -838636
573875 178785
-52031 -760189
-337541 894589
-595118 -151782
-1013805 324601
-176413 -861211
525012 -765067
-840789 56431
340167 228708
551097 -243910
48049 278586
865366 -561942
777191 330290
-329731 479977
-106603 -248012
-242536 508464
-854745 981324
236302 -701605
486318 -793240
301820 172464
-26434 -153296
732465 1203888
-381895 538271
300314 -140520
302992 -93767
747664 -49959
-217190 -754905
-521301 -1104126
151817 -973951
324241 -606496
719432 116634
105516 -168552
-91056 -484298
55203 38503
269361 105058
643757 614389
-744985 -106841
667837 -299598
329222 400747
-100634 651661
283489 511726
207958 943305
356186 -63015
98352 -378006
331518 303420
1019727 -1090732
287685 -977326
671133 -438494
1102425 -813823
-288217 387114
-896037 292257
-416664 -380888
-286700 -641750
-552147 62172
16604 233079
-1441544 188534
-102054 588569
-735218 1058115
-296053 -727906
-970648 372649
-181037 -431184
-130773 480450
-1337966 -639422
367783 -553919
-269022 707433
-106634 1153283
-388340 61118
318518 -517552
1144331 -701600
276561 930369
-217406 -304221
-449979 269849
-80466 -635592
565565 -1003857
442763 238398
-303499 -24676
950879 -345708
-638366 235405
700254 -343801
137379 -114775
349865 235241
414752 95886
-130504 -99219
-723280 -274621
-590746 78559
326282 -905100
1533636 -653082
844034 -296018
62855 -112389
-15955 126913
129233 335666
-100967 -107949
-1288264 -1088525
395848 294568
474545 -578797
442110 73505
-782613 28751
280128 -111184
-661265 295606
-192964 309485
-649766 -706101
377550 -98136
-370104 254091
-117854 58324
-212742 -296209
-834844 -571588
-85200 162253
-347923 -627622
-134768 -680041
160552 146198
519359 1126146
451858 514963
31496 -287697
358503 86351
346834 165000
-743257 -344516
-84240 -159818
-393418 -178994
-842718 604621
-1055851 -218985
583817 -47497
-258799 -491809
-283429 -264615
452876 -805353
-33576 1088773
519497 41183
-551571 773104
-356147 225163
651087 101169
-667205 -837799
649485 -515400
600429 142825
331101 1254915
611819 -1211910
-22479 -554218
-17896 -209822
421900 144665
165271 64429
-589820 -396929
-144261 -221105
133547 -350780
-442675 -300364
202820 -631559
-289097 118914
-68501 284671
-448528 554805
-755552 480683
301285 914634
10913 1330245
527453 291996
1015229 368975
-397052 -280796
792829 308481
-312973 -741790
-39051 542843
-461702 506276
-61344 -256062
43568 -182863
289418 -1307593
158531 190810
-45174 334412
589849 755617
-229943 -1276699
-187648 -369481
-528040 -72427
-70771 412494
63645 -255027
-103055 402944
-292421 74803
89512 -543315
-56259 -301780
-2915 -493769
53002 -137906
-307124 -883894
-668089 -651961
-232684 -298689
-258292 399402
-486275 -406781
-804190 1390462
-219056 -371109
501061 -794291
487634 -146379
-395540 -416592
-208556 300367
61928 -54402
670189 -88108
-543979 -702614
81057 480757
-493606 -295956
-147610 272857
-815399 591776
-982961 872533
-755543 -780599
15849 -327031
-618861 -225593
549231 686635
-72947 772269
-394458 538978
-522972 58803
-8182 308364
-399625 663996
-116532 568787
-188067 404317
-42149 851487
120098 363401
628313 -743310
-179312 -155829
1067725 -116167
562076 976516
333870 64014
-255370 -61012
31606 -547872
184475 -104092
-166753 446611
-822261 311309
63649 -983840
-672885 -725186
480331 -128029
906783 -222210
-86767 -557930
1202523 261064
87559 551240
290772 -192114
232327 -216407
-162747 -663420
-453610 426410
-301926 131759
-12873 284112
-679725 -904636
-228604 -80289
-164658 79410
1055360 129342
366547 -921028
339583 742510
958642 -811958
-169389 -170017
-1319539 -931235
1051433 421685
-613891 589669
31090 -117485
-201383 -136379
635421 262527
261201 969345
283731 -288508
1360303 -1135949
311154 576671
271081 -961076
-318870 -1366737
773736 -502049
-62950 228561
-104255 71498
-151150 26519
209785 -162539
338950 488187
85064 -801966
-653719 36549
-260211 283815
60020 -719838
-884087 22664
734913 -902507
210286 -732258
427722 828379
-416250 -199131
-1104283 824913
100638 625301
-626600 1049926
-685337 -459844
-220938 426086
-555540 270641
-1206421 101403
-722493 396091
-147035 -1049623
128690 -639575
-909658 75288
-411677 338615
959524 -151542
-15028 -444179
449734 10705
-806285 -130673
-360176 -201001
321333 341723
451228 1028524
2499 -197492
653784 -763949
450534 -802946
-403968 -411703
266294 -626527
287635 -772079
101362 -4896
-133915 594751
-868420 -375234
439527 1312587
-676720 290925
-125021 645160
356631 -864170
359838 21856
198413 -73647
162046 291095
418076 121224
1454672 -233470
-126838 -446108
-40067 -264175
-602240 -80908
-557082 -222425
-5220 130315
-446016 -511728
-408769 -23769
-104428 -93389
388565 -69645
331984 -225252
-351148 -831559
-1029349 -391603
339823 -578552
-235141 -10664
-468724 1165760
-375257 282256
-50363 817548
-307843 -875107
-1079299 603295
225562 -129677
-452443 654723
380916 -2552
268920 133564
-461042 316790
84825 349602
-876802 313024
-190877 553459
364733 150308
182373 -449465
406160 218870
432154 -1191127
-659635 267536
230593 -389857
-33428 -139994
-236879 -92886
491704 -809464
228169 -454284
-256757 -303343
-139373 -819388
-1138084 49406
-227999 355400
438692 -28364
357148 -429536
695451 618153
753771 438045
419762 -33418
-750381 23699
35143 -900166
-371592 360959
54040 131859
-902924 -211842
842699 -464346
-249043 -282184
-29581 -462510
750057 361651
428878 266342
473973 583281
-273635 31494
79543 16090
38366 -571990
27367 -337907
-281297 111834
-425830 276235
707744 185745
216609 -76378
352177 -127653
-259978 -518115
-73335 -228720
127251 -68572
544058 -752624
1375242 401898
578416 945936
316986 -175321
195531 1009973
372992 -225360
-175994 -63490
-849857 272864
61045 -522125
-664143 -476352
879986 -994858
885520 -209878
766825 168094
-14182 -64849
236139 164130
1052238 287545
-741831 -527052
-118641 -889609
394117 -223835
761219 541691
-220630 550493
640131 199520
-257272 -310471
214967 -259189
-589979 -6470
513572 -532590
-251921 -205920
590967 -647162
-262913 -106438
-487808 -6589
506971 237238
435956 -1184804
322578 -84769
-98611 -420516
-675138 -380976
-385025 -937310
-11875 -916260
324014 -877741
481203 79826
-383703 224763
-101602 -1082246
668662 -183013
-431567 357436
-75797 -177311
-596869 464019
-281092 308610
-369255 354991
403149 -330497
137637 1009901
-312048 -107334
-88758 414395
-220608 124994
-351389 -238819
-734395 -125720
-423034 150169
-812966 -530640
-942807 -605024
597161 -313882
-479061 14489
324703 -642136
-70983 200240
-322691 -143099
-339080 390803
-218976 -432050
221926 89504
-188192 60263
-1471299 379251
52831 751167
-418267 557730
-115381 961949
-117284 -538351
933039 741358
-511747 910674
-397865 -1479801
-209465 -491828
-454667 -220209
-18436 148433
1193 353384
-121543 -26004
110615 510352
-585096 1146276
374645 99133
634541 -648748
-264694 176374
552419 -72377
-859840 -405107
-273589 -595396
63071 -222295
-653815 -457285
-87097 -340174
-137032 254066
791721 551802
915830 -295712
519303 -598204
314996 -131169
-961287 347707
-396990 148375
-548756 -1138505
-117171 102025
-1077190 -440995
-288093 -225544
-180149 202517
99866 55459
368399 210694
484746 -143933
113291 -339254
1781929 -801574
137186 362384
-291993 -441611
-291134 -651837
-521933 406163
-599540 774595
197818 1054137
395530 890812
-170012 -342403
-28098 639423
533416 -74728
238003 -389537
-769307 -3606
414153 -237236
-276848 140554
27493 182669
147427 271635
1624733 38064
-538995 -9965
-414753 454625
425736 463115
-458686 270967
-650638 483056
-823520 -295892
-765745 1279330
606083 187103
474278 -444461
158381 -653755
-361231 487387
839664 -356511
-242913 -761955
761999 -452266
161627 724278
723207 112551
576842 51061
333477 -304761
-739081 -161321
823127 -619474
494076 659206
442684 -839183
-302725 -1192487
335657 545816
24963 -794576
565087 -548327
-91306 -13686
50646 -296431
-140262 -1449288
483112 141348
-73110 -394038
88839 1390098
272632 456089
-936209 183534
-89287 266176
-184145 -61778
-467073 -254363
-322787 -111811
421862 109192
83523 171964
163344 712635
-97586 -951884
-238511 865362
399903 608930
-657682 280190
43562 -116340
49461 122534
-29104 404618
-92950 -32490
-734185 -1004101
-168541 746841
-93092 -230899
979911 -76385
150893 150612
152773 -10634
-90191 -135172
-364467 201321
960299 -88037
722079 -360246
769048 -104427
631403 1018939
859918 498348
52500 401049
-413328 -86336
404450 116298
331742 -641204
632295 -774055
-939284 922068
114702 -31754
568333 530570
902450 181549
167639 348306
241745 -788912
266245 44244
-26274 544147
-201277 -103485
-960254 -820908
24197 1322240
-338957 -531436
153822 12861
-379022 -609420
508357 16591
218500 -311384
-130439 152123
-630361 -100902
-52606 -416051
496945 -392756
-642900 29392
1052889 848981
-238804 538165
-997923 -418344
-666403 -739888
264006 185523
-383162 -836117
-279846 -858526
-513608 -285431
-408472 -1075405
-576604 -666061
780307 152347
1242225 1078122
-310164 31785
-522455 64777
52323 111460
-559055 757381
44603 -585385
414385 -416958
197925 647832
-295104 9215
318657 158312
-222056 780011
687181 361096
-148832 -21349
-509279 1071330
704928 -1237499
116533 161238
1025460 200623
-264510 780310
636338 432493
123377 -272058
641929 565645
205940 -510548
-23697 -60073
-747143 90255
54187 531973
684572 88821
-624954 652055
1053848 56266
-1310857 243970
-96595 -874130
392759 -208835
3835 -224799
483127 441090
280121 998258
-997171 213520
119536 530621
300402 -388069
-85609 -21769
-778769 -470659
219372 429521
328484 -192051
593547 404207
-219547 310863
211413 267099
-32321 -28901
-88729 -213787
677878 -598545
-105025 115783
-485949 -981862
-562758 311526
-204620 275903
-987830 -695647
496345 -122565
759644 96921
-133038 59813
586076 -308857
231124 1084675
-484206 -647621
288639 844432
-649215 -159793
505045 -326688
12409 -34419
129084 -76789
776330 -16759
1283074 710397
-353991 -772899
-88763 -33113
615199 396797
389803 1324960
-404106 1305110
-305482 305178
-387597 384043
-591341 -29619
-803330 475661
56122 -13966
226802 -162915
688309 -265801
-17245 -466567
275998 700776
-786128 1178601
1201942 713655
211929 279098
-636147 100616
-440716 -469329
1109247 -562440
-466821 -597578
314333 -8059
-395763 -34796
82528 443381
714560 508603
179338 -119350
274442 -82420
-157430 274056
53868 -351826
750136 -161044
-348161 801759
542279 48159
1161674 -835146
808343 227657
-190802 258450
-703902 -521996
-29963 -1068126
-774915 -454469
-627279 1047423
576830 458871
-175427 -194529
303591 -370254
186060 616153
-353872 -1035706
4929 -395373
321502 -842002
54138 469392
-550034 -433309
-177159 299830
793000 738217
-561967 -742377
714475 -232525
-487137 -701029
-49832 -245977
-111712 541785
277126 -81552
794938 -67517
-76391 276651
-52030 293843
15476 -51208
62851 335593
815258 -253953
-354976 -322989
-223817 -495628
1020546 -96518
-537910 -393293
922967 337423
737391 561525
212400 -338155
102153 -252020
681417 78603
560439 -350272
-64116 -869345
336080 622545
507208 -829788
362474 455157
780162 -839184
-531214 -174566
-958358 288930
-1199465 284016
1158741 1468410
-536889 25130
957529 396335
888708 -519652
1269570 -346970
-1073477 161453
951947 468086
1315702 -1316337
102909 -79472
37317 339386
-178749 723008
-7995 -499724
865307 -686912
-143970 187271
518954 -184078
-520912 -100894
-274399 493274
130812 469429
347111 2293
-1094883 -328490
50432 -432612
-414508 248368
160640 -48008
427974 -771368
51967 -1060070
-606458 204685
290018 261806
965350 -509741
783005 -208783
-632073 -431010
-168590 552209
-342004 1329553
640837 -265400
-386609 348657
327752 841070
570779 186015
920443 633153
-902111 -850247
111269 13571
-153988 107005
153371 -1030928
118551 238039
-382799 267276
466255 -221941
-55349 81497
402603 -1309594
-522148 780114
-621008 -771442
458396 -83993
799377 161088
149440 -307749
-41299 -688938
-191178 -201688
-474923 -604646
-1678261 246178
-657622 -560248
9580 1274446
511776 -179212
8314 286104
740349 -57465
-194166 -956332
351426 265826
194358 -84861
48955 -463775
1577 1259224
6290 -194066
-61848 -461658
-112421 495645
-260745 -1301372
257203 417057
-34104 -1644574
194145 192150
414796 1195602
264242 197000
-714116 -1297870
1096816 -5854
405136 -270586
-428177 -333712
-110079 -95128
2920 -673128
-491367 123064
-331648 60193
-523674 -780634
-419320 159384
-270881 978581
-1501138 174149
-80804 333304
802287 -235461
271006 -630831
691492 -553894
-159091 87980
-1290527 336830
367755 237260
682791 -424413
1024805 -808651
691926 -22077
1029089 -416750
-409268 -214905
230585 -21503
-246696 473152
491455 -381108
751 33559
-533803 1026894
-667066 -366755
-1016312 128099
-456822 -291822
-830300 -665887
-631296 -20586
125268 564477
-550464 307272
656921 707837
-528536 -782118
101347 -249441
80241 -321660
206783 -351182
27391 1012100
-66718 264968
143352 -321847
-1011762 -125049
398472 -83488
433009 183203
106146 834763
913499 -439423
124920 -461795
653507 -47487
151648 119738
716134 517668
-783641 631691
-687963 637145
794624 68113
163872 210557
-75855 -284351
351914 -1592098
698473 -615218
102097 -317323
-245160 78091
599183 305395
788184 -325719
-198569 -453228
178443 223937
679887 8957
297960 -307182
3176 -268260
225192 446923
307621 -446356
-56778 -563310
-734433 -539757
1651911 -115096
-1079675 -403498
619941 -611621
519183 662586
309304 -253677
-474912 305444
657891 -147061
-149945 1214443
-416627 -210615
-87526 -211870
362396 185725
-471656 260067
-203792 307603
637420 1046481
-748857 390188
691014 807366
704529 -736185
571261 234077
679103 -105001
71966 -321074
797729 -99493
-737680 286521
-269965 1309819
449641 115264
-262186 68567
237950 -207785
194730 -513989
-664430 -146785
-1169168 -334004
418896 -364986
521254 553635
591954 630270
-280661 -608767
-1209051 236833
154139 135443
-127587 -555275
72261 694345
-334392 145841
374648 943840
-378586 -103151
394059 -524004
-423089 -161803
71392 412781
-83673 893401
1073760 -43267
181683 -171871
-58716 90017
-11840 184584
-631614 -1043178
-407867 -503969
389416 474441
30907 1131301
364394 210679
-119912 644646
-617465 -684256
-234817 -232651
803305 -249205
-183248 -563419
-1276858 614794
248318 -376994
-666192 -31381
517602 -64594
265549 -586040
91203 286676
930846 -132902
-122900 -280657
479927 -511284
401945 -428796
-973028 28862
94884 710443
-6389 -625397
-963122 -298041
-469684 -697066
-23533 682032
-277765 556578
259663 -533931
349445 -1491872
-106170 637611
-267448 -295415
496945 -768297
-785673 -715979
-248587 -167209
496017 -153508
-369944 781200
493764 -190696
834346 1209829
532487 157681
647398 -601279
81593 361691
149460 -37664
1581877 390887
314175 519209
-1511593 333708
213890 620961
-431399 806935
-143105 918364
314863 -276677
1042644 930837
-155953 -280856
-418791 -165992
291182 -502194
-575450 -812337
-313469 228898
-642892 -29895
-1012609 -304157
432033 -138830
-390993 -217728
-262965 934809
496433 242156
-267053 -704172
-563223 955683
14415 -30548
-1071753 1046581
-52050 621393
68317 -775817
85041 -101101
69526 824719
-109074 431888
92550 -530218
-1409023 1489092
476422 -392621
586366 36474
34343 -457500
256183 -712009
-86021 473860
384977 -316851
111435 313076
-940757 565432
-218703 228961
74047 -487366
-32108 233354
381456 360164
159224 855334
-412451 -13855
1248755 135669
-498638 -293826
-451026 233827
660485 404995
193748 188850
-1428831 246871
729470 1315528
166966 260431
-467370 691636
434681 123396
158202 492606
-124328 -447926
218225 -652509
394009 -133507
-401301 -249255
343505 195387
-448358 -757115
118797 -405301
120537 -369342
594359 155194
-74685 -699372
24418 76314
302512 -76909
-468320 498934
-1262694 1015708
-554228 173259
-292612 436424
-637299 230193
120383 -284782
401084 -902918
221360 -364146
-375195 1290788
-536246 363269
-3504 83684
744233 -861218
-113463 510142
-190404 -303197
924034 190044
-786047 25676
373915 -233730
52569 -322716
-1202744 579884
-461317 423118
289536 -165232
822840 605289
-329753 -207022
-19146 -1411299
-389628 -850216
507244 24200
-10190 -527727
-296564 28030
-124642 745084
-368970 157312
-1492712 -11223
784108 -292605
-108439 -636708
145801 45507
23952 187077
-186755 165006
-317263 -325014
-22168 462837
-297590 -62608
460672 1665400
535364 -320613
-646207 -217555
-3730 -130271
989356 366487
-165092 -523241
-146017 183853
-178879 -92941
-806980 -228259
-329568 -1231900
-215097 24703
-552879 853350
-900963 171849
-417295 20688
-246911 9317
184081 144563
867882 -738016
-58500 -29301
544626 113315
348999 297522
858080 -179430
-156447 142864
825309 368303
1062955 -182685
-696304 337845
956125 -88945
325550 -57417
23649 -532207
-831478 746444
180774 47704
-476459 -87197
-844863 826610
1260853 -774634
247548 6563
336076 -1137833
-904652 1046022
894966 114231
-161091 364587
-644793 -230336
445412 916260
212394 -656352
-700246 85847
-465500 310928
-1149644 -186050
-113658 737791
86870 -773996
55057 -744017
994922 -372649
854015 4404
1241391 307193
-710181 121569
-961294 1147506
1359695 -407913
229686 331757
642469 671256
-204153 -514808
904374 -555553
-276769 716880
-304302 179547
-349590 752229
-101490 -116160
3985 593402
-263780 -62902
846403 -704208
52525 -267565
-181758 -762212
323779 -800593
-299745 1017749
658227 -881136
237064 -91256
-16821 209565
21618 -541180
320026 -707519
-500769 -436587
1140 711144
-56752 -288370
-182226 766155
55081 1237757
697202 327593
-1015141 -191312
-692308 729994
-95615 -458341
406144 -60703
589884 383305
622551 188741
-100209 198937
-646107 796872
-241197 -221266
-431473 -633304
-610925 -254590
90312 -317479
314202 4092
691382 -498231
-62706 753273
342661 706225
-814736 -700179
-1058061 38896
105034 843417
-345776 -791448
-78714 54892
-543314 309480
390856 68045
-128981 137439
-593967 565114
-124925 1075100
204091 -241665
27183 506857
-714642 266591
-9529 61779
-518058 -334177
480162 -251701
299821 -270530
71835 1068992
593971 -197360
69875 384539
-889470 573849
-496171 -141881
-294010 -364244
-316763 -345032
45827 -92425
87248 -322987
-196886 -579003
156421 -34005
-1081015 165049
-769022 -139527
183447 -266044
205932 591554
371420 97985
444623 864958
921750 -445085
709928 -406408
-947167 344708
532414 -628339
1353289 -606180
-277635 -388472
1215134 -4593
651483 -60272
-206158 545481
-425267 -1090335
761833 266296
354476 -54741
148986 -149263
-308055 46853
-38192 -188380
463365 -16190
-461185 -414290
75312 832820
-395831 -831384
-98334 649717
-880232 140905
474428 287829
23383 154934
-182969 114890
372819 282828
-97687 -506407
-329470 -261120
49746 -739155
-203354 918625
400201 -740435
94828 404452
-715382 -1320287
676674 -25905
-918645 110692
-299146 401235
-622167 771910
136085 -965054
470856 -784194
936516 -754870
20093 410237
2277 -423931
-756032 -345200
-66327 185042
66221 304734
241502 -140989
468041 -138375
-119338 399071
-439789 -301868
188602 -39470
-405066 -174903
852104 -59858
220635 214178
-712173 590724
263946 211814
534659 800857
-685142 -305515
-167046 145761
-146721 188402
776397 -508542
-582624 -224098
485252 -288837
281357 28549
738913 484042
529005 1105492
-1173406 -678055
-952960 -359830
320449 81042
260468 21506
-330639 -301035
1438056 -1472165
58207 195980
123311 1805
329158 -908631
352129 121814
17123 1232791
369076 11780
751245 41846
-634003 12249
-892460 -438275
26549 -599352
-264282 -48502
-606334 304600
-325402 -819448
-206979 101295
-369133 730005
61047 -1091198
-56518 370530
755205 685685
-212307 -1101191
-269404 -26154
-1064260 -49909
472218 44376
1176445 835633
320058 -6939
3519 -274902
219765 -54604
176322 246898
1300363 -523577
111325 1181006
-469438 382418
160925 1024101
147447 -403599
215275 -494389
42515 322454
411187 -1226686
573739 -704040
-71449 -45554
527508 311812
-357082 255848
-50986 752656
540126 814485
-319515 200179
-852554 214626
194268 -40984
-152737 -368473
-571287 286356
407099 1050480
-1237850 -920448
-757946 -865630
-37594 554613
305330 747274
-865431 245981
123554 274339
549307 -180990
264082 108876
-1273041 142241
-91040 -600030
-446553 -805738
-1198391 844098
378444 604542
-490381 397135
-493373 546976
371918 905331
435742 -639719
-526956 -241081
-238477 540164
-1110316 -316625
929636 -1036704
1024161 -628461
-335313 -351589
790239 -629528
459400 534530
-53127 -461679
-744653 99725
-80689 -273032
-117481 365087
329259 161572
-1119400 -514944
-421439 415027
-359818 -753886
-56220 -644913
179149 38909
238434 719423
400010 -840907
285014 354477
-480998 1069485
399000 -353683
-6531 -144829
-332915 -345506
256973 272563
41771 869465
-776605 -478615
695331 655938
52109 584061
109121 -301956
-243738 -382699
1054361 -122541
-594989 237189
443356 261086
14746 -359772
623524 -622895
231570 -661507
160099 -486074
-726604 -943047
-79686 -470433
10240 314710
207910 -617333
300836 537378
570113 -250206
378620 637633
-729663 -113132
-779978 -718468
-685713 557889
-1249894 1006788
437494 890306
-257858 140127
-678094 86283
1470708 -555236
-64848 -104440
1746601 -326784
-55222 15339
246031 1057774
-584198 -396221
-767399 214554
546954 -314339
409149 180373
-39360 779441
107318 -876033
-284894 731943
-29971 19704
1202669 -1048065
40067 -215144
538253 -756047
-164991 142175
-866745 164633
151906 -277867
473139 -72228
269659 237605
-65202 -643507
148912 -246323
-316678 773776
-496627 -422233
-162693 -270393
-1570365 823556
-314080 -231342
-272607 -342079
-949982 -136393
-183567 -859628
-8361 10784
-240454 -619326
153706 -580413
250020 60064
460896 -51052
179140 -433853
-700481 -11654
-240670 225370
596995 360848
-50610 530755
-430779 -652229
276957 -173094
222370 -168618
424020 699892
117165 -245913
438208 97964
632581 -90857
50346 -51136
372684 -95002
329678 183269
274879 -67267
-6306 718113
86354 -230713
-151897 141683
-57155 -589782
46912 422268
27865 -480812
-294685 397382
100116 500968
-130777 -93529
-204751 -291390
-19371 -893749
-659930 -686882
616466 -37054
-577175 26210
-307816 305525
512961 778103
95821 417335
-100216 -163750
122889 202219
165535 88639
142849 -746670
98665 125815
-652289 -978646
294406 -190462
-525728 -447618
196663 -224331
-178555 623853
852838 732330
216112 -314944
-117686 -536059
830882 146682
26643 659465
-804587 12216
817371 -763733
-50094 823083
157348 -82003
-298461 278269
-503358 406146
-226728 -180174
-170810 107100
129815 426770
-925901 522412
24169 -851004
212081 477626
83230 688033
-496931 -816045
540154 699025
-569807 -567775
558507 991444
-1395656 383505
-942892 -446039
655652 -1716969
-1754 1067144
1016681 690124
-61746 -72426
341162 -282919
-220737 -117610
319517 -509419
-296919 501177
-553127 324977
-348423 587778
100328 -476879
-1070879 464566
38161 -18716
-118374 433428
278740 683887
-323492 80970
-255295 400403
35576 385999
110685 -165835
24306 231129
-139486 73550
393101 1433731
578740 150983
-41840 -272437
-30809 -134423
234232 -837125
-578585 -51822
928450 503344
13003 174894
-396713 -31852
-404888 830869
-383888 -393893
41644 -10490
-34455 298372
467882 -276118
-59227 219895
15521 948159
399548 436392
-390272 -636412
-16178 238380
148325 929599
562141 -245134
-520861 -112226
310550 80063
804329 555975
104384 452511
337876 -57641
-361715 -248807
-81415 314165
-437615 -44746
-1207468 -526114
155955 454220
143328 598520
598542 -374463
159599 275881
-112015 215149
-929913 246586
-24723 -430329
483944 -138459
-290340 -202838
-354749 397109
-92226 458154
-347979 69928
213129 -123045
158522 -918898
117403 52420
-482090 457882
-482748 -535580
777919 -682410
-332637 162426
-204182 384980
761179 -1384457
127324 1169377
439328 -710155
642453 -803878
-546323 206690
443146 510430
-70346 605446
81153 -957340
-142435 4546
-645276 -85181
750269 271612
936522 436393
140027 1254469
-436136 855094
-18452 -241271
-132221 -890737
-1006548 64190
98195 364356
1068307 -166326
-510651 753020
482708 -420832
-57809 -341689
435311 435080
800087 160105
-750147 445650
921235 -192434
979187 13355
383208 -137420
660014 -292862
-1182063 -17243
780462 -203879
266270 -863760
-126204 -46783
9408 143228
-37795 369854
-62587 350452
285745 955114
398253 90814
93131 -389963
-585696 762945
455578 -310393
-469601 -72346
-389813 -6217
279991 -604340
232945 618945
641797 428807
765802 -152933
1322466 -509525
-514664 284474
-321800 -96504
173442 412669
354606 -237417
-101537 677045
-391316 -328300
-86419 -625213
-11648 650202
336201 394748
40472 -186581
-1543876 807969
-467609 -465558
-35439 -501692
70463 213729
367839 -603030
-775603 91391
854198 -348662
-89999 -187557
257910 -743384
136284 -429053
-343140 -494715
462402 441552
-1348528 135906
20790 229986
-340768 -158236
-1165481 97207
-561367 385423
104236 -704964
-312504 771491
-713836 -356790
387457 306994
-66362 -49889
-197630 192186
-109863 365364
-22078 -664658
-146930 -111391
698596 505814
-125735 688563
-281 -614067
-29188 801446
-568166 -377824
-510304 695676
-968982 -566125
32631 -169815
-59654 -133186
446272 661902
-282156 -76029
22836 1805183
-1236174 -314232
-178672 438804
179389 842505
569459 -85079
-194306 -285998
298522 777794
-127791 81451
-590554 -337328
775023 826897
-35221 181973
-414264 621658
-199674 -442074
1064460 -895496
535420 -2090729
30912 -96585
-525647 596693
508362 -131033
-1063762 -213318
-210322 -975743
-121143 -177687
555163 52391
-77030 224378
-550401 676891
-260738 -33263
-376080 77254
-231171 -231009
-219873 460144
-248284 -51795
-248087 -294147
424048 -594355
-261227 339571
44458 139124
942472 -340581
-183473 -420270
-441741 -2557
824966 -129844
33350 -229402
-151151 296004
373850 -246066
2579 628672
638150 -151741
-488683 -298853
841672 -282341
251730 -396513
934448 588277
-342036 -64067
795349 -166617
269895 84403
-483393 187601
-890032 -570052
27513 -930796
283123 -10273
62485 798126
-95845 -1274407
118156 -849151
514547 629352
-36274 -157097
-776038 -421469
161820 173164
378738 -317073
-143479 363018
-181845 -218221
1024307 -107259
584591 1009159
105981 -191738
1424405 566447
-358655 622930
132914 -153265
-156867 207778
-299285 404252
-787792 923607
418754 281615
-181048 -344198
1474940 -530706
-265906 -422246
-73001 -470797
435024 105215
34955 -132104
545319 -213003
33101 -432147
-14060 523535
-528619 -659
764068 91922
-161026 -550767
-138116 1011901
-529846 -541064
-202094 -141540
1205129 873718
97672 -671954
-181519 365805
1096503 -308180
-491151 -627996
678575 -460809
-631148 -335151
-396888 -304457
-1431362 -658566
-294038 27266
-141040 265812
-543242 -51338
152789 290479
-111448 -291030
103241 -197112
1503943 121380
-412259 695488
289053 299987
-185411 60769
351677 723880
-107507 826704
-74762 -425440
501920 -1438188
235381 293074
472242 923375
165636 97793
915573 832955
126668 -41456
175626 90172
-770386 425298
-163342 8502
-240034 296031
-780969 541179
-1064699 -602904
-314207 564168
209341 -51523
275569 527841
288300 -28478
123089 -307451
125469 -987990
-1442780 -321470
-606159 -15403
275373 -944969
171108 536468
-783832 172976
327527 446688
-136092 321703
-505071 -535629
114026 330496
115529 -596008
-626350 577853
518321 -721694
36333 917071
563826 171446
751024 -456839
-1145034 1088032
-152837 267139
-759830 -63092
-73013 107500
-320656 452962
-648004 -40886
109082 -370675
1091820 -125051
526421 83030
431131 -49318
-402466 -1162396
-298576 114143
292675 -790644
412716 101196
601097 392863
301139 -168003
15500 231022
-418735 799840
351095 -542223
183982 91286
-157092 -715698
-671714 1579378
-136047 -662631
260037 -1321266
-330351 983461
-303267 405034
287353 595858
-153397 -677648
-452417 -450231
337484 207003
-417818 779723
22170 235479
105412 -536924
-142636 125275
-228861 592829
-315020 318921
-775802 -312802
-390295 92384
1920 -730769
359125 -94566
-304823 -119786
-1065945 -780364
753452 226170
180629 -832704
550165 1833727
482720 -964402
72258 1159612
402564 -855303
-226507 -303608
-86279 -624417
-1024929 -354037
518256 977378
-161179 -28101
-442197 -101337
664368 -901058
255319 -61474
576918 -134519
545687 -332244
-1335929 251160
921173 -290698
-83632 602272
229196 -232759
-711694 -543532
594296 110883
-545501 -342990
345035 -799109
-49923 579803
477532 -448741
684174 582080
1123673 384976
-294226 340858
-583938 -308205
-406062 113781
-310406 -623954
-15331 88426
597130 -191743
539561 47047
1000229 -513998
740956 67497
39354 -79096
-476421 711042
-460634 976035
1417872 -516189
826496 622079
-584065 227884
-93938 177253
694621 -133384
-611600 280420
-432492 -101835
254227 741478
485115 71815
-310437 943589
-616632 -724410
-529234 -973629
610588 49097
771604 317647
785080 -194387
-1058468 -285057
158276 527515
281267 444620
-990471 -1032739
-18893 830363
-282491 -326055
425162 795077
552224 -484082
-206898 32845
-571823 176560
191922 578104
303518 293816
-166129 -1089058
496368 -63458
792308 -78270
408616 -724346
-34352 260648
609018 -115238
394057 1366476
443783 447586
132052 -268910
-658555 661247
-354949 -35885
-62186 -903962
-194698 -496175
235198 -195860
285996 773635
1079744 592859
1085581 -14517
-43459 1000177
-803451 -982106
276020 -541102
11204 1003834
175747 -34667
-293405 -1258055
11304 35322
-369921 1442686
301586 -112792
112213 -333622
396271 -312370
498897 -185097
648242 600749
42166 -359278
-458558 276950
-428182 669123
259326 414467
154877 -503233
201814 633594
375502 -626896
-242695 299877
636239 -82309
-117374 563653
331115 -629090
86881 73014
-17099 98354
-474997 -739671
145487 224977
-1435906 411950
584843 -250904
-798214 -130603
-516546 862220
983593 -534738
110102 -848488
-273284 52493
35615 -506233
114487 -515979
-579247 85560
-840484 -252586
320372 -600297
220245 142723
-233982 408704
149174 -129134
177976 -582239
-1078583 -36599
-150601 -292384
109576 -54716
152299 458617
168856 -1081387
-49548 -240109
413658 -202200
-98785 756503
-242873 -338358
-489265 -226169
408436 -752469
1219119 500515
29484 776608
-664716 -768106
-887238 1240839
-38216 357881
-245616 560395
-64154 -87564
-541042 -408170
287661 337406
103395 167088
275636 -249828
-370956 -644458
-115851 -1006772
-723059 -214428
460412 559358
925361 57826
-585319 -505551
623200 -623728
1156613 -35352
-139084 325491
-378717 515436
543317 -39043
-21093 -345568
-465666 -135723
-892180 587197
479420 783676
418453 -829705
88431 1211665
-18422 505732
-764092 762804
18996 -35730
-5145 583633
484529 240015
604713 737861
-502857 172151
-464745 567347
249441 -104295
-452635 -271541
-211643 525161
56880 -746215
682101 -573595
-1049200 1270703
33705 -1685
-466668 -167320
116069 -783018
46035 481624
-172547 571239
-539864 -447622
1277510 -144505
-89853 -25026
-1263569 429692
62700 -113151
391953 292945
419103 578572
890114 9114
-609361 272890
-318241 4218
55738 -92810
510054 -22782
28553 -43720
-419336 828007
590353 -267248
1279715 716253
305334 -895410
433717 -208656
298355 -529587
-977355 -637105
1137909 -154508
461201 -746997
281454 -857425
-735711 469242
-132528 -930288
-14610 -976473
-150774 -157934
-421189 489024
68573 -74654
303440 -231227
417693 -34012
-96612 -64642
87364 -120555
-162909 -619259
217949 -442170
39820 -533864
592940 287837
423100 -90731
-404523 213237
-846081 -1174131
443854 768680
689245 -247032
184042 22359
959777 -84373
-17149 -283734
415676 97593
259975 -56734
287305 751403
-472025 556212
181799 -376638
-154237 249257
-172571 -319572
109188 39069
126472 246033
42456 -300711
-122879 -25735
414666 -547628
235452 290004
-191446 -1103560
448678 -914102
124625 -262975
1399992 -161535
569577 -259713
315656 433151
-132671 -200881
698981 368480
-620393 70186
921249 546108
1175774 37538
528055 388228
585457 638898
267599 -32051
-319027 230616
318758 486948
-203845 1213534
536127 33976
156364 -588838
135893 263058
811751 32255
305079 -567023
-372056 -333941
628056 -727667
33254 654798
433024 -72476
-16611 -482401
1180670 -1056641
-466492 69190
1141422 -561086
594066 108784
-77720 -493295
-527709 63199
-11432 971912
435471 363504
332142 638027
-100991 130306
-497235 -570326
-566917 1052739
1027219 31821
423423 -1021585
-563343 -60029
-26276 257719
368799 -12237
-409582 -632860
-228490 -51767
-45578 -24224
-203916 267476
-49561 -720764
-716446 71293
301111 684774
260477 -548384
226787 370703
429996 -205585
43197 -214300
219976 -227494
881659 657880
76242 -1099556
372315 -713835
988457 -299595
-36099 -140391
-96235 -59873
44512 -281118
-26077 -206211
-1091054 443300
564969 -961613
-305408 -113327
-38123 149820
-621175 -487688
-938438 155890
-612879 447095
-793807 -410396
521329 -163285
-453802 327657
473581 -299819
-419605 -762215
790398 -411072
96057 165232
211853 -51584
626209 971622
1185877 -331459
-103860 195239
-21924 230137
-658026 534027
-462555 180081
219609 267459
-122194 486785
260025 270790
-110741 -610111
242312 -698194
97057 422549
991454 -694565
-91689 -150909
890089 363897
233691 549262
161687 -646952
395640 -585536
-868699 -924862
847927 -62876
-293213 577335
-131931 150335
68822 -253428
-347451 572626
339191 -1454544
395691 -1023110
-552690 -461126
515118 -840002
-576157 -432256
36853 -210067
-465745 848782
-49138 104070
467850 -442010
-296684 354291
-209460 500986
-208406 -65780
-539146 -254342
-1057405 1285801
405897 -260747
355599 1064828
438960 670339
721481 -757212
404693 260530
-91495 -141429
-293916 -91221
-674531 136786
-1240997 -454926
492183 -393310
-48459 -779079
502950 636199
-948343 462684
303864 1029420
-408981 367761
-274140 -530107
1423910 -619902
-986449 -588901
198615 323093
-714429 503957
375046 -237719
-325564 390787
74032 -434053
-509997 155832
458891 -455104
-802190 -288142
-374125 -922672
201950 -202703
-374041 -152709
414818 -221447
408254 -1504706
39743 -1020257
62462 -65982
-383830 -123724
-117117 -349250
-979393 -396152
-369092 73189
-390900 528553
-294671 7859
339617 -24958
245721 -621995
227948 -165597
-222636 54327
-307276 41857
-153535 831339
1448655 364008
-243127 -507335
162759 -732580
-137184 28884
-772037 334731
-813035 -102863
392285 310932
251045 -127641
-693437 -748894
84213 185972
-446578 39386
-1152561 -290535
322285 297460
-817250 47286
413543 903812
741391 538273
212253 -252956
-352507 -223156
-319963 -502360
961482 -170330
-12164 97668
434290 254018
-467431 -652929
-132150 57732
446406 289274
718765 595532
282884 -166690
572718 -378360
-103556 68125
89220 265538
204681 -576375
-506982 -291420
299068 -360311
585255 36163
236467 48827
811439 -108056
1008632 118560
240418 676798
-361437 -657866
855590 -627339
843182 381673
-536120 63686
-1027739 -253666
406812 127812
-24696 -806768
815960 -555847
90969 129673
2700 71456
-223903 -727589
-723136 225600
-208158 82450
-567894 -830169
-561965 718217
516202 -102997
1157762 1068031
735471 -385414
-657026 -726773
22989 -882974
262428 -896072
-821818 -147979
-185047 514374
-741078 -342663
173567 -269703
-673716 -134213
494954 510186
402110 -20216
95729 -509749
-83387 309086
545870 635484
-685170 428518
-292504 -370712
266444 -270917
-150328 -656728
120315 330466
-404545 358234
-379648 93399
32003 -826248
552684 -112424
-306947 -245359
202549 -276929
-203582 196211
-196728 -447307
253790 29662
-333792 -423947
172265 -97540
124966 -676145
477974 -146229
215532 -468444
-33230 40939
117682 -178917
351705 394508
379453 -730514
584944 762808
319418 274653
155981 -282413
137676 -40974
308986 391308
485774 -463958
867100 -475933
-70330 261421
-847407 15902
162357 107692
-1059290 903306
-158617 691647
473840 213872
-759440 -393183
797049 381384
211779 -145746
256322 590924
632718 -166573
1279683 -136897
-346486 -260478
321212 519213
-336648 -30971
-249336 204538
-786216 -320374
-469870 -147007
-693977 115773
-1141352 425235
491509 58763
-216214 -108137
-81122 360512
652013 -601042
1351341 211317
113707 -595401
430469 196962
-102566 -28552
458353 -222099
632717 -1279403
356977 -211733
-261471 -85465
-340565 429520
-547523 1172024
920147 174278
230009 71528
-317086 191939
607134 655435
-372918 188392
481293 -576653
-30405 61763
220263 -230991
-740015 -97667
425291 272518
-906594 -156853
-1028492 -141619
-1095360 31651
160326 437568
-70451 -516402
3738 423657
454104 839757
467480 645298
608496 1000932
500162 269746
323683 563842
-171844 -544353
-773701 -612240
261576 -556885
811142 566117
-356528 -1172585
-801777 -514535
-189353 447615
110526 482505
-394400 60525
-99129 -94836
1087324 -654193
735242 279938
-178151 -701401
-384504 269253
-1137115 213343
-1084188 854012
-535671 -168900
-755664 -486497
378765 35184
-196143 -212791
772558 -1000323
-73334 -333634
314871 351015
498979 338919
53428 1043756
-507958 -706663
319245 -515764
-1552728 500920
195070 124918
564798 -139756
800762 646621
-315110 14945
381340 -418574
244511 375146
226308 129248
492069 -57481
-11656 906130
-410007 517955
1031231 -1369017
430461 301570
-1059185 -24555
204143 -168105
-352170 -22083
-563141 569065
756085 368920
662613 444317
-75484 -851645
165522 -508750
634337 385786
933683 -38663
9740 -202173
-550748 561971
-217844 -293203
-254957 77392
53888 22894
-605455 -431367
-64542 -16040
459214 1163239
-571371 -1038462
408667 155933
-48037 -567977
-360999 8527
-529031 -336270
-466458 149090
-192213 -135394
925206 -934810
58068 -1049671
-302273 -402760
-311355 229861
-61240 -687157
175023 -137862
329676 -801742
-253740 -405533
-828222 330887
-518920 -676583
346616 642105
511079 66900
-468111 28689
-158479 428827
-374792 584777
-964949 -98040
10885 -12524
105374 -19934
383833 -145844
169228 451008
564407 -782805
-770367 224086
-461524 306357
-348277 -33087
-142908 451570
-23311 -76199
-621580 560201
839948 -524483
-1082027 345844
-27441 91695
153194 -386367
-785711 -72452
30164 -121806
-551474 -306991
35915 -360136
69373 -725796
687586 1282360
370415 22239
260458 -110527
78070 317642
700740 589571
-191129 529485
-1230924 143908
-354602 294734
327562 390117
-163528 11691
-631689 -257958
105479 395581
1200006 -622670
-161180 216268
62951 619564
-940457 703631
-556173 -749032
621472 -45412
-488427 -79109
492630 -110666
-274037 203643
1203241 -242444
-29982 75448
-506059 -157556
-822870 -329906
672026 180863
473242 558673
30379 391458
335192 -833527
302144 35518
684758 -814494
307865 582605
-786153 206138
-766947 219599
-69750 663980
474135 -99045
-128386 -434595
887719 -518028
13891 121465
164570 230511
-1027524 -482918
-751072 -318435
158911 -191472
833522 -279489
1335601 911041
795549 -231864
146168 63481
-716138 322472
-227547 -483876
-235829 1188566
524473 -317242
104393 -481024
1077979 -720079
-961225 -432804
-589620 248317
-812556 -51394
173036 303572
-744926 -79784
-11607 -483847
181857 880015
535333 221822
25452 635872
-514534 -714492
-913541 724255
-247307 12812
-39384 144239
958559 -926276
-980824 444903
-26137 -636406
931667 149364
-151812 -243474
-24041 1003793
-528551 79846
347273 -557934
186579 -286014
-459787 -532294
-668865 -1018043
1121695 -417797
-851588 458170
-387393 -713505
32190 -721820
-1194402 222969
499242 -139758
-331908 -307970
634988 -52602
828760 644288
225903 -166333
-336193 664799
325209 1639004
280600 266548
77453 -33748
-94649 344220
420666 589649
86448 -852843
291318 -164455
-596617 61748
499271 102948
-831820 -362903
736079 171630
337811 5467
-285112 -343154
-1030605 -59067
233541 -601492
94606 444505
-256880 -17473
946556 -191508
66322 267791
150389 610098
1156800 -390085
-145588 -468464
175978 -631792
980997 -13710
212067 -956010
36896 274447
416291 -254958
-9664 -679787
-165243 -123004
23098 21130
221902 -702196
469249 -581563
733262 -734056
55539 -498256
26682 -887014
666411 1374599
129995 347846
-440795 -228352
329063 742272
335871 28335
-482771 -586951
-364254 545751
656655 117789
303810 -165601
-157717 58878
-818978 52046
140016 -75741
-315372 -396498
-180844 -1190130
150062 -872838
28142 -228737
382831 -292397
-701810 98585
1208677 -181351
-233602 73442
50060 406520
93068 94719
697405 427636
545060 -407075
-921426 -212850
904317 317548
91729 -153334
-520175 620402
249560 -316241
61594 747326
1024509 -458195
343520 539740
-307279 800866
-429552 63666
-1037754 -529696
767648 149200
-1329054 -23144
-281583 276157
-581826 607963
438705 248084
-499594 -235451
-471257 628095
-421087 -1020843
683192 371419
964175 423264
191549 901554
-231270 -1014819
-882713 703547
-65035 -99795
561375 253844
-311846 -951038
83646 417149
474748 -286879
571024 414845
-216782 478567
42710 -464658
238774 -779061
-816964 846171
336654 -236864
-933361 -115268
-682221 602400
72448 538610
759677 715779
-761977 -359057
248866 1144621
192130 -64641
345405 -103785
949057 588904
-197386 -57269
-368511 -269656
-25728 -834840
303315 1034717
250111 831109
1336256 748752
741549 231924
-346868 -593994
476618 1000457
-261366 165779
70042 411269
-22803 406478
-155310 -214989
-142163 -18321
633807 -128660
208973 33071
-507080 966567
631251 -523432
392180 -160354
-78287 1253997
538263 -232834
-651123 1027312
-466084 -59925
-634436 162382
721898 326352
-155651 -18087
221725 -278078
836818 -107858
-448304 708748
400307 -637101
-465451 350487
1178494 293982
665808 47389
10075 -292985
-169394 6705
-1069140 -44334
-690034 307402
-461566 -913788
-238872 -430050
776521 -289827
182254 -158333
-16261 213028
-1123160 45559
-199857 -191388
1240828 -343158
-483218 -959816
228039 -207530
332021 288338
-68055 31146
-281123 -224861
-398023 -234541
276158 210193
330294 -71166
5632 -315830
856101 176827
718798 189799
-145384 -479681
-201778 -368500
-1657135 -174402
652015 -225565
-525229 -615888
384750 236284
371306 -997068
224895 -495826
1177132 -316546
956964 -178687
-4720 329548
-88408 -617033
287660 176451
417573 654324
47040 -655516
-296734 760760
-659155 514757
-722228 194430
455782 645177
330733 355242
-14167 -240475
266283 -765531
146822 -288667
-191187 4171
-739968 98163
-220084 -801005
147659 -611056
-305351 133377
-150290 202067
-163690 720198
930079 42443
-699781 56564
553733 113497
-454962 986190
332962 376035
114002 67858
375789 -569826
538496 -104576
47303 -878588
1173850 -796153
195298 -80308
714809 -777389
153292 105321
194004 -27282
-223593 565936
-827236 136534
701038 -995217
293595 -589783
-39545 129347
593038 -333211
271455 353900
45310 1074153
-391531 -151109
-867344 -685873
425636 1152021
845815 -426918
240674 -588172
-245215 543596
91307 -40815
-857679 -247757
389636 723833
-1051449 -24595
-534176 -360571
1018316 -184624
-420520 439963
774468 568980
182608 906822
-377544 -194022
-746077 360157
4359 223391
881194 -221186
-515409 -704340
-351012 -51509
-243025 -469983
649265 631298
1231120 -1085100
-252676 -151438
-776904 -36824
-465704 511396
1028224 907792
-359997 168476
34647 -131398
-185418 -122122
-266626 -560764
-350919 678826
-314791 35463
3585 1392102
-145887 349604
749049 197951
1444510 436511
-688837 -103786
30913 163916
-281917 -683319
18370 375985
670115 857436
334000 207418
284479 -140023
403439 875858
-104621 -504728
464235 -916362
1071361 -450918
63368 98535
-1805062 41813
-359051 -1149906
-792128 -78749
222659 -623103
21971 -873164
680320 1389280
439544 603846
350635 -524571
-586281 -162549
775977 -467178
170091 -174993
-341455 -1419468
-534705 -763971
244741 -886044
595565 510563
434993 106826
-105570 -119067
415377 -102887
-324764 900957
-588128 791570
563226 -205452
200671 436154
-353269 -204282
108861 -444338
761066 -149017
423303 -259830
-281532 193545
-232157 290363
123589 256272
121116 1035652
-382285 692581
-571143 1266066
-854973 254852
-599304 290037
-595016 45556
10861 281743
-26913 -125831
-208457 321646
-810343 -496110
62520 -714085
-252561 -557210
1002932 280153
975790 -44793
954434 9474
291082 168142
-620649 -421532
163322 -123393
579824 -142167
-96321 347479
-372841 -628328
159315 621707
8324 926977
-654374 -453663
-303362 -518983
548262 342032
1270317 -867768
653925 -563697
245229 -172112
297091 602232
-518938 -17351
-403738 -345998
120312 -193642
-39147 -124743
-679132 -263208
-209067 170297
12838 272780
-646322 -56251
603878 -176786
-1044652 134883
488866 -568633
13411 693452
-1112841 -636413
-216772 120117
792612 98760
-720852 -1477682
499874 -49657
-46950 665082
-705763 239918
-547787 341945
-196472 -58981
-131919 827811
66458 -799564
937969 1401681
-28661 1041901
-324881 -87809
628218 202861
817062 210839
638897 -498377
522858 -223568
1583122 -618193
589342 93093
-96709 457637
-504306 -310582
-50250 48019
-994186 400596
509984 -307521
501357 -260758
-278420 -230098
-1096038 233605
-162752 -410940
-549918 -604500
727350 -328611
-725978 256329
-476414 734562
-163995 -605025
533047 87731
762064 267000
-763739 -343989
-1092896 -160727
-549957 84788
871333 -29842
-13073 188897
-1136921 17565
-178786 475875
-1183477 -945518
-151225 -745492
-373262 -373910
-938600 -60286
104993 -730433
-89229 -559171
428257 -31417
888724 -1584798
-40717 461821
92154 -98251
244488 509442
401225 -383450
211154 -114173
-455168 483531
158810 501979
63152 48631
-420078 188644
274522 -318918
-212153 473113
-637081 509752
-625459 -272802
-1374328 460412
98452 596618
36113 -147697
951401 906225
-440475 -163600
-196191 -164047
-601472 -452508
-271053 -592002
-541707 179572
-238521 -139560
-369677 -887883
895422 167011
447498 943505
-668373 -251650
-27481 161886
-188602 -530160
379252 -567407
171029 -331329
-318384 -651332
847184 -40407
2342 955970
252480 478639
-254997 -5916
381657 302512
546193 -681572
-49512 468074
342229 -660798
174497 149376
-67916 -214807
915755 245207
-422101 -329174
-268740 98782
-417867 -288968
-322855 -370729
317412 5371
-748552 -92515
475462 113398
262506 -366093
36877 -481471
333909 -8036
-842018 -676283
-287614 -400904
-182562 823108
992263 115538
597971 -479256
468703 392756
-107999 249225
-412488 -358855
-902791 -332069
-370694 -180831
-70994 -121227
-683974 -467618
1225886 -380323
-1389818 -304414
-250986 -672756
1078835 544828
196159 -433920
-568834 261335
-149006 -35502
-274176 288595
132447 38482
25012 -66800
30174 -247143
-1332907 -1164628
-372005 80147
1032305 364273
-715899 -51290
301782 827851
422484 475318
-418295 -342031
248738 -400665
-105724 45559
406278 -130351
565386 -681677
64410 902300
136681 -306342
-45435 -328918
848889 532579
-173438 48193
843 452349
-62946 -692988
483383 440135
247633 15622
555667 -4436
-116645 -505607
-49941 -208840
-682169 -630028
-9601 -101418
246505 543108
190826 101340
-719749 -371020
-240915 654651
361040 -435503
105637 -611858
-98974 -157800
-809153 -463144
20100 -52916
-714143 -417555
670385 191752
416829 70756
-572072 207200
318985 108484
33735 407311
-137084 -5606
-658094 -284569
691756 -732870
-83549 558985
-154547 755777
802624 -522042
-268698 618199
-973332 -208396
-208927 291180
325117 565788
-373760 -477432
1118267 -301620
356438 60437
-245207 872668
59034 805996
-524008 376389
286130 -485408
351150 648668
971199 -295842
1361890 380148
118895 626366
856120 -4359
633872 322162
229138 -507706
55978 900459
1070594 507016
-443952 -270414
529546 38953
163848 -426230
191249 91366
-788479 -551352
-852831 -950271
168298 -784136
-12829 480648
-165338 -384569
-693250 1016519
142131 815658
215611 1051645
-238625 80259
-1228235 599612
-699819 -973026
150715 334070
-1003498 -43047
-865875 200047
340973 -61440
-127242 197073
839971 204506
177647 312543
-896711 -675311
-51919 -183695
-157421 -117393
137945 -445788
235389 257706
-172480 237511
378050 300186
-96828 -257404
526233 314129
783938 -438054
-540308 -162146
-147124 -47485
-1212130 321373
905983 -549071
1690821 -501224
-82644 136176
42003 -284510
602337 170130
20471 -92300
312271 415599
309583 -390237
-654061 393231
307307 805424
-766526 182775
-71930 -219954
101105 656715
693783 459540
652566 -526469
103033 903703
1252236 -612453
-416771 -964985
-183953 -325876
993457 -42652
-585986 54187
333461 751295
-253883 -604165
-315549 409684
72738 -30887
-584632 -48319
-830352 103835
-336937 -571956
439384 294849
83863 -40332
-726190 -244591
-323147 873028
-215543 -788618
-67194 -188777
-986071 316141
-1026919 -9637
-303112 41803
-544056 -12711
-451499 -734636
932235 -333443
976430 -152809
629036 -557391
-1532606 277361
-100539 142120
-380132 -643753
282130 316033
-569350 -199009
696479 -813689
802850 -159934
-14944 -119877
-405494 246122
898786 643718
185581 371165
600801 -36547
22457 -476405
162445 192132
-402460 50826
62688 -800933
113366 -499606
279218 -202422
-599489 29201
-585313 241711
-970496 -1051044
378830 -1001030
565174 -237842
265665 -89340
393000 386874
-912489 527425
-191051 -56895
411982 -361810
73812 815137
539773 440392
282157 -640611
91515 -131644
-1483400 448336
1223618 -340162
-3961 -338521
-185042 -753659
837181 98042
351579 113492
-478411 -755138
1187008 -54528
-363175 476535
-1723758 -913399
-492768 -598189
-551528 718053
246810 115314
84572 -533084
-680939 110793
620085 -148819
-490310 -528218
-562814 872674
-848981 -806772
-521415 -526890
1973782 449706
-676939 214846
-569706 360729
210774 497146
-325300 -198395
-841008 -64075
-322079 315044
137514 -960191
-635809 -38580
-762701 671978
967574 693256
62119 -866387
216815 1399887
-101117 378612
397940 288375
320655 710560
7426 463937
11685 766781
-147771 429471
284105 -826157
-279067 421183
705492 487600
-313967 -51653
-434672 -262847
-224744 -313284
-318855 621728
506020 36410
79761 86758
-36454 -365041
-161366 -258664
488722 -580051
795673 -598185
703252 -398107
-366759 -128479
737983 164451
505763 393312
373040 -1117487
-512861 304612
-256035 814823
1282091 907177
-324665 -6659
-167790 -510047
-455483 -580116
516793 -767768
832956 -362999
730072 -47589
196270 -493474
-319256 -763135
292047 171175
559028 175641
-1623783 34295
95966 -603687
-686176 -259112
-143969 -6488
-6724 648068
-240669 116939
238698 96096
-145157 471448
445752 -292006
-670857 958410
-797765 -294975
154495 52332
626790 531935
751300 701908
635311 -559075
-539161 527605
-164573 -447501
-512816 65932
408777 604857
499220 427421
162743 780329
-143826 64149
313909 129
-959801 -14695
-507735 -282297
586624 -168682
-159215 296923
1448492 -141497
1193040 762354
-356762 -149119
400882 11201
66111 1333781
-667872 -13299
-316702 575724
479603 201625
28039 -231893
161084 129711
933466 1270847
973200 565973
696455 -148614
-461697 -373177
-5997 253691
-123698 -582765
-109957 -276270
535621 466605
-142952 -735484
-83682 -291359
-64051 701569
440111 -518675
297051 202778
855110 532300
1057051 420296
-147795 -176535
1114738 277654
111780 -966049
-477833 -999891
22503 -110854
-561514 22020
465276 652898
-236026 574929
686262 -962153
307243 -172117
-662815 247083
-458292 405519
236841 146306
-245238 -1327337
9958 -65305
402272 -483321
795050 61506
-264414 -81094
1102010 255284
349353 250514
-130300 206783
76062 -341791
58433 -419350
-402361 591213
450503 97108
939210 80446
836533 256954
153594 -314516
-711243 -60001
309545 255172
490684 593455
-768414 255456
982406 -913110
483676 769133
1488894 113488
14172 -70683
-377924 442993
-667360 -208552
235888 330311
291447 -192506
395316 633453
-289613 297641
105870 687539
-1288728 -1045580
-355229 70457
555136 -635128
320408 -665759
689546 -878152
261798 -80982
-47108 339980
516557 -354491
-33834 -124677
-476129 -33596
66161 -1052260
-793997 46129
-386836 -807164
809767 -252777
846546 -1308285
-316539 403509
-71315 -266392
493162 -352097
340796 611717
567390 -819582
130189 -394602
959237 56736
-701451 -522705
-1378725 -359657
152630 -1126533
97069 -592438
-199846 -205461
-179050 616970
211471 29742
78342 -1096673
608342 -15987
-241268 -36917
-167525 192202
-56205 75054
-1048984 212150
-286432 336557
-365345 120558
519234 473959
-192171 223157
-223364 885612
-1162377 -275731
747355 -1039974
652961 -275880
154048 -247543
-360764 336713
61829 -33242
-301909 190487
-750331 72129
-44420 77612
104511 -37201
-656231 49192
-414101 351886
-243594 -482048
108912 -46738
773943 -362039
440837 145341
343921 -186667
-90403 -274772
-699337 145418
-584045 -877241
-154879 -51200
958837 310991
-1638457 285227
-74687 -426396
610952 -120292
476336 114391
18237 3825
279671 697575
-493998 322896
-119575 -380602
992334 286258
-784303 535070
-486919 -453632
-170593 -88779
213232 -385721
-89760 466486
17104 -378988
200436 782836
258510 -83803
4373 376058
408646 -184678
-4761 202247
-912710 142605
553926 -182815
126920 -406695
-425628 186956
825246 -569726
-281394 -62798
-539139 -78128
-13656 657964
4442 -103344
708949 -199534
501502 -173348
-340202 -225340
722192 -373156
-25270 37647
986884 525513
157704 617284
-709859 -227208
510410 -69322
234365 681205
330916 1055839
1385150 968075
89611 -406445
52140 -49241
292442 116001
-133279 428904
-497597 -333384
277381 -333591
-230772 656194
-870529 -603115
-296735 -586341
-899866 -303869
-770932 94278
860780 -672914
318250 76533
-609532 247398
683831 15639
-687499 -719440
-378492 97497
-203610 -199778
94693 376865
-170149 445311
-586753 581499
-75518 -3392
-68606 280695
1301963 -27688
349622 -65499
62423 -666303
83245 -80072
218634 480385
-172224 -78468
-540520 -152099
891052 290237
336643 769971
483047 264578
60385 173491
307788 195595
-833434 -643706
-169409 -159874
-360533 332577
-556775 -607957
769644 720212
170549 318524
-385986 716874
1047050 841830
508412 -840748
-850461 1002714
783419 -457969
616522 -109469
36710 244677
191348 -625864
613571 -308759
-162504 1407167
-527623 -312297
313882 76606
-221808 -247500
-103928 -396219
253038 -146794
110812 -23614
-243350 131834
-9169 -855591
-459245 336246
60396 -148372
623680 571218
172755 -380663
-20139 150023
284606 -61271
313962 399530
-338235 -28900
-160991 1101882
345776 -258190
621180 -795734
-418770 -455964
-168582 382179
575702 -542585
-447051 318121
9774 -225561
223817 -105140
481361 665260
581021 -158086
-702677 -1000773
238793 -311292
516824 -58613
-181635 131902
-280907 -674087
376220 220938
278090 -205007
70930 280651
-632426 -275991
-467753 191331
243747 908338
-3844 -450408
-338896 88635
873911 -160417
33371 414280
258197 8728
-245167 367955
-21697 326960
329023 -463303
-271726 971265
902200 66632
1177306 344700
-22540 -695968
-97071 106175
-511879 88132
545241 -178774
-523436 568638
211762 -345880
-323352 128718
355353 655355
-553580 302306
-366220 200691
53452 -1267074
-363091 479888
-55344 -816804
362691 -384812
621045 269530
247997 531332
588045 -548254
-1589359 -97420
455391 343041
606995 683288
362129 791512
689265 333808
244097 525892
-818296 -782612
-553112 -680295
-930546 876941
-214347 896560
720903 263025
-598106 -457315
265567 -285589
-143538 27985
-285004 23263
66337 281936
532616 1196753
207243 403743
290922 -727604
-369451 -79750
1036599 471689
165228 716020
-970600 -582327
274990 -728690
-194735 520178
-781836 570315
59868 -726462
753771 -65527
276412 -982681
221675 188647
-23557 -399203
332495 -96470
918884 -1063712
-383348 -504945
-677716 -340963
-106483 190586
166955 -692807
388158 213324
734133 -359000
-210581 -263753
-111794 117456
238278 -528925
-182829 -240021
-538158 -719932
-113773 548466
-941742 5671
-620903 -930389
640275 248172
815140 647235
-390120 -729695
38611 -293168
-231450 -73768
33759 222061
767985 -965997
-312305 -590640
46222 -390707
-723344 696870
-177882 234118
-102588 -328725
-377456 -145206
-697164 183434
458448 -14117
29384 -470225
-514483 217642
99254 -61917
775590 -506979
-474368 -74498
-798758 459602
-124543 589320
1148542 757181
549956 29185
-905910 1170677
321577 -231792
505030 191597
235651 -858396
-45651 -865422
-292886 147657
328186 -259824
-602460 292781
49136 642265
306398 -289179
-639335 -13793
-228924 135591
404043 -949766
622446 419485
513021 73802
-433536 541522
-342234 944946
685174 155132
-882292 924853
140749 -71144
373557 276357
60944 1017065
518541 331185
-289105 -780650
941530 -386693
204640 322480
-700273 172130
116781 119295
107435 -378533
309841 1009533
289301 -60456
-204994 142946
753608 -274656
587664 482285
-87248 866797
-174592 -376840
-116317 -375073
756599 -521095
-1534419 -55599
-483090 -1031273
-56847 -333854
214443 -816622
362709 151477
1017937 -59282
-589284 -463498
953780 -876292
-31417 -1102093
-510560 59485
-143185 -28335
160557 -381695
-315842 9710
-932490 95166
304017 -788584
-213928 -450212
-351216 184328
-419907 706004
379357 -778439
365354 364925
-440826 -434923
-329956 596651
148334 -328792
25951 -324404
-375288 1489863
431711 -238015
-541412 -841282
-251094 850480
-318784 -643735
-513246 -116191
267283 -733301
241774 701567
-998446 -290217
542228 307078
-1006602 -103209
67541 -775120
299827 182687
-981720 -674620
-1287233 -352137
-1378278 -181906
-149360 -437297
315145 -43462
-446523 412563
-240216 209846
40374 -142885
139880 735959
-595828 -64841
67453 -343179
122448 -441781
728279 -588648
-693276 -832279
63230 -1022689
-135228 1074207
-535001 116806
-550152 -693057
805947 474117
884081 770529
-61858 -501488
874335 -308572
214493 659052
37683 382739
-127047 43154
78831 605830
750594 522382
323143 22443
320556 159732
-164616 -403427
-986742 272391
-205462 391378
199246 -563289
-1356073 -652463
355949 -195820
-920116 -247193
1013012 221751
739433 677649
964297 531945
-311119 -438201
-570913 461564
-436007 -149934
589300 171124
-505665 -475733
-371761 -329486
-690650 -72633
804168 190344
111606 -262592
-673377 419136
-638851 -27458
1109526 -782087
700238 -189678
700225 237836
587116 178734
282895 -167334
-502695 -497031
-984040 362296
24635 -576194
217121 14465
-757128 -80279
441340 852658
-48556 254232
-80782 -305496
455732 227937
522553 329038
-110628 346133
-1162377 -548806
394495 -1028888
499671 444548
291849 561572
-600716 -266979
-87870 427257
211256 1152919
-871449 822840
-437014 83638
504266 -556018
-26391 428372
-153345 113453
178244 -614077
-387949 319138
-130779 -109997
-9384 63882
39856 157519
632189 -110619
206674 -820614
-52591 781332
-294730 84139
76532 -110629
-693538 -1006908
-648749 162848
-80034 612181
-164418 -195649
128240 -537716
-176858 -344065
-698434 -231049
-153472 206706
530624 902843
-90526 373650
-188867 483287
-949770 -66095
-95621 312359
-863307 217572
311615 -356815
-719625 -269097
-68946 -691467
-762733 -1283225
-37958 93577
-661187 264465
703274 805085
234833 34820
54765 538614
192467 -1229776
-343049 472158
-96045 537703
1074692 229100
-37646 226826
75089 143714
909946 -550097
-296063 -328035
231710 267227
-342077 311052
1212052 107557
94577 1182370
23092 -613441
1155314 -381350
547785 -721335
989316 351240
1760823 1013036
-258436 476355
1636860 370688
-877120 -833346
-90919 -623958
-190755 258475
179014 449901
-211936 148870
-157238 -462146
549748 -351319
112119 -320051
-826976 -439574
166844 -769952
52052 818146
214676 -439759
