-651052 765673
-517040 155579
-621673 -86202
257295 305296
-570378 293143
-54103 200229
468339 -530497
-182689 677044
555321 875819
19194 -187205
108986 205472
490967 379413
379828 268152
685164 1767473
-563999 -269392
427421 103880
-307608 -234881
420667 511665
-698417 -288651
-30695 280879
-1194866 686054
-361036 -1396422
314629 -396898
585135 -751067
-128997 52504
143313 -327065
797278 132322
66542 521112
-436339 242162
-68352 -286358
966752 -649403
235273 -193158
116308 -692673
-79567 -1591180
681055 -46867
-603285 575258
509125 -615519
600662 316272
1630549 1050945
665696 237465
-498614 -750246
-180225 -43332
-453899 959580
777901 99933
69866 -38126
146540 655352
-1383450 -781704
694487 186368
-550440 134263
-486853 -989001
-262570 -251775
1597588 280549
385264 -720140
-561385 -310609
433259 -1034593
-223434 437010
-97160 -1023172
-804220 -814955
-735410 -432502
-109150 -171857
438511 782044
308092 665166
-399252 -696748
172854 558299
245707 -854457
-488359 -759953
-284982 -597686
-958468 11886
603805 895454
-698785 -222107
274058 785508
500251 411486
860647 -543895
626712 -930205
167178 142737
-540935 5932
344617 194758
62063 467447
555532 -145360
-360648 -379956
-848012 -357435
620957 -466339
-699227 87302
-36209 570010
-1007710 140461
236491 -164462
-631316 428520
-687248 842328
-161381 -86248
-889942 -258453
817728 747499
-283881 140732
898666 -783136
-468089 -116130
-519969 -220824
572406 397385
-158065 499003
-931730 -185276
-477846 -404175
-671645 -22961
296052 -550989
-447751 -426140
861956 -293857
551752 417002
-1021357 -165165
-102018 63240
-660188 -317730
232652 173793
778770 -807867
-396872 -606320
-204298 392454
710712 -232278
-991619 -665341
924220 400836
-361958 -84097
49779 500818
-492526 -228840
-204209 -487274
-434938 -1132
-355704 -678307
456681 407271
67771 244132
-182999 -605588
-197820 -195516
-547174 21810
82475 335748
-243530 -348434
535479 -711259
-193338 49662
-451186 -312502
227139 1045984
-484695 539626
937078 -419114
-813794 36970
182281 182299
-51752 612284
930112 -167548
788983 -184668
-84720 -218475
-89193 643604
-237543 1118724
-309855 624936
559901 527284
369968 358589
923628 -527763
68241 255958
-841827 450100
-454212 816523
413226 368330
21050 448907
156338 -245234
-504378 167930
527493 -365469
173904 753343
-203285 -296450
-566458 -191309
-626046 677175
599720 67364
1118151 186532
-709497 -452904
-166447 -387540
-707638 -1143061
-554924 -388969
53084 -224976
811685 -496247
-135393 -789869
228642 92241
259336 405673
-528147 35697
518676 -222907
-113992 -27683
-361839 -213797
1238066 -449771
-343820 404380
-222939 17291
-349797 -1048784
-1293083 191095
-561982 -121173
-56628 -643127
-153365 228571
319555 -325994
-638240 -1023612
-466925 295633
81146 298518
259564 708492
350149 -845470
977416 236771
386165 -229046
-455956 -174874
-37268 -300210
-555196 874182
-512956 186634
96029 -611671
741316 -347398
550260 -102852
-545203 874715
-344516 951701
322422 163721
-1069642 -177529
-149706 -155784
473717 -44312
-413149 471412
586890 -24426
142347 -1092315
-72073 -464281
-924199 -40111
-60703 -594388
610463 64236
-217164 -610919
-1295653 -71556
-40576 -1032834
305622 -62049
-844132 -405584
-574814 -173565
586334 -359558
-1419166 -113020
-634803 24024
-460022 -705397
67341 124859
-259865 -336592
-91391 110015
-534937 -400212
-317904 293524
-611112 -802335
317994 1227093
-112383 427519
-243806 -232031
714929 263547
606325 469190
423129 -660415
-108888 -82987
-1397449 -760368
-228367 -648060
924047 127687
902742 -392195
-778861 174659
-16411 -118558
-393012 -378248
380257 296546
290423 -112994
-509423 -718274
443722 654370
-582128 -292028
-88412 -1144814
-9433 -95311
984459 -728510
237478 402803
-726093 210983
173718 483177
1417458 -330857
313105 309718
-311414 444159
238806 -307707
440478 543808
-881356 942636
-645742 341161
-396084 56830
1163804 716714
-179863 -995034
-517738 -536852
202865 1007081
-622636 -541784
-120032 53632
-454118 -357043
-573207 -509554
221393 520324
474367 1082366
889085 -1093941
-886205 354716
-654419 656229
-104324 945506
375266 549438
-185119 -664999
853945 -655404
604976 7749
-185193 -160535
-505754 -399130
794809 697047
-40001 -429942
1513981 224423
631089 -26423
409188 -400759
949878 -558824
640476 -458655
-374432 -204377
557438 -824943
-532266 403897
167453 -79633
131855 206561
-288261 4071
216621 -815384
413753 -990892
169527 -229541
-313411 -555404
-1073676 318982
-354184 -269317
345051 -808753
670317 147579
131535 1162384
419524 111401
1057722 -158513
529584 -207065
166261 60136
538204 -481602
-301175 -217966
80050 -199783
194125 -863883
-10118 328883
-335917 235392
-18331 -298187
786095 -456359
242096 401304
35690 40215
-554506 -690871
-541021 175560
425672 259147
6341 -30567
-976624 638405
547042 -142735
372426 -628
-57639 -213975
-249550 1214811
-502097 228178
-89263 145939
-1057283 28731
-655394 1102571
484119 -20207
353885 -163548
574688 -284865
123270 651562
-66248 129016
-2821 -55219
-47294 338944
552154 578424
-60610 625746
119388 87739
-497211 -299462
776697 3351
10568 458426
-1016276 635599
9896 475478
-269542 -12473
163730 -595853
43088 -14575
-287483 -165693
737809 -123767
137602 -611556
-672408 -685731
-14413 165664
-381310 -229186
309337 167437
285838 -58485
-225675 947052
178778 -383448
810554 -39097
-727698 -366924
463557 303808
374963 -597691
-332903 388935
354030 141498
815063 -781908
411662 -89807
509526 -531785
-250427 -668347
-796126 102619
412001 120359
-326288 -181189
-256523 -431149
-494034 730618
7075 1030743
-537953 -621209
4997 536801
-788246 202708
194612 -845258
-187345 14718
784897 1105731
26551 239056
-190443 -448867
-37445 -989035
994053 -397500
-43544 216882
-720008 -775748
482927 -125762
-377530 -1046895
-617325 -342326
64894 -499121
97708 -1343999
-618117 -764829
74876 1669824
1251989 4259
-521068 97162
-544540 656128
-676876 -1376130
-1091517 703192
162473 -419612
289108 -1283
11575 -37907
170644 -768062
233727 -435347
-227919 381340
500588 736273
160980 801924
747356 80491
338313 26735
-2649 173268
343100 -464331
29357 -631161
529770 -579846
668491 -840734
268930 -258253
475477 984957
-250481 -669807
-1076918 -17453
488414 464649
313409 1005807
109202 491650
-155818 -659675
-1485707 -349879
-444981 4237
-366409 -990309
486117 -179884
-777138 -338238
432150 101072
-992418 309173
-1105560 -753939
-74938 19004
351509 463799
-865238 -310814
726552 -673471
554720 -397889
403028 508123
-160281 600333
416624 773382
56213 349897
-12132 -412272
-334067 365762
-593731 -495709
-255729 -480203
-407589 1111253
441422 82848
-734311 -543912
219586 437751
327088 -612037
870130 145286
-502333 -176457
1039036 -190485
640808 -643908
-580572 -128694
109463 -16231
506327 725074
468856 1071607
-4206 701967
66335 735224
-118979 -237890
197462 404496
200728 -912722
-125932 620662
753912 1573262
179581 -557762
-247495 457950
-687813 448577
459171 68815
245426 -468137
608163 -25231
-403238 -810282
-374673 -261219
-329755 -1424902
633920 229680
-525139 -108300
-598964 935044
637780 606439
348447 535566
220644 280783
-361063 -324047
416770 -85830
404126 314374
-679689 -17409
-569406 825475
-387920 116924
-416958 291483
126917 -207393
-607912 -487641
64594 547548
-97567 -109753
909058 271041
487985 8316
-569964 -6507
129006 -95647
293281 343565
152018 236148
210873 51187
737213 1352941
389969 628056
-189764 -14946
-248 130752
-1290181 -368132
15398 -459905
518062 453156
134094 322262
132803 -265231
-512327 240964
526461 336403
52200 1577916
516196 -90179
-1263995 206831
-28488 1632652
250981 290827
-259573 231979
179661 -81385
124197 -211262
1584878 -256065
-355452 138612
-159611 787304
-301367 261496
117361 -390350
291451 -622925
445822 345137
-141002 -740618
-254094 -916632
20341 -336057
-1327179 199864
682275 344876
156576 -442895
-303154 -818670
-1017044 16806
29059 616090
-509537 234672
-1918492 555332
1102868 -89190
818437 712264
-80896 -580512
598708 353478
-69706 -416035
591002 255482
-283901 -35138
326555 -839525
849709 -472346
-733298 338559
454324 250065
-840324 -763546
-487932 -1045090
658972 1282653
318393 -19041
-593337 188494
-579758 -162151
395655 -286003
-277325 117094
586459 10779
45195 614311
-698818 -426236
-249127 -295461
-738309 -891215
-243778 376734
-821150 -1059307
305685 43326
-236262 -365129
-1155290 -297473
544510 534072
29042 -968348
-276019 -264845
332673 93980
-609331 301579
-954316 -509318
-41686 275730
-72214 -220280
-183841 1031021
637836 9345
-518109 96059
-572134 122120
-609732 -811543
-68203 270398
3787 -1237756
76842 676353
-462235 -470349
978083 323858
400112 609893
676235 -243106
-173993 214185
-402041 123322
642963 285039
-337326 1046151
624475 212695
5842 -1087228
92330 -258605
586922 -82364
380946 479881
196680 -308666
738978 -512151
-313050 -591353
210916 821398
1447755 625074
260983 -117910
-798198 -482133
-545511 -809869
514830 106777
-636671 -67292
-73221 439543
644715 584215
262925 -53303
310003 -453109
3765 313246
-301323 651192
-465464 -80123
-80094 643351
-300820 -157154
-365477 -149528
-1085775 -182116
98955 780423
31183 -462764
127962 -1096831
393244 -353539
164530 -594514
499859 1039299
-174020 376890
184742 330101
162419 177578
-225091 794299
-643027 -869424
346371 446870
-113402 -69002
-283484 209880
-635095 -327885
149431 -53230
797123 235148
-198477 960444
-470094 141888
-1013430 -391959
897753 6580
206502 618093
280947 -1146316
844617 -69114
-258696 237506
-472983 82364
15092 26072
356536 -634473
-368356 -186790
1253827 301359
154120 -900095
-199154 -215971
733533 -152382
-865830 45055
126844 -74238
-203871 12102
-193320 -371912
-38968 43996
402067 -387373
-438058 -267561
327747 -216318
149732 -73349
145098 123950
139152 393584
-605271 10293
-339523 292001
-365039 -122793
127058 81865
322185 -131737
-724610 -115433
-520670 -87557
311845 -429612
-606503 668195
772130 828366
575567 -109838
-1083375 -377043
321218 -976445
-711605 402502
440693 -936651
-545031 -531035
247921 -239640
717664 -175191
281096 -212122
-677853 1129580
534874 -156463
-325336 356011
652226 456785
56694 185056
40685 323837
-103189 -181570
-522657 -229517
-1109774 451835
-675033 1072882
-728265 -996401
-173474 361245
421578 1242349
144414 389059
-255119 -230184
267541 -383015
-300753 796286
-33801 -18774
-455948 -388619
-902568 204954
-577462 61137
-16121 -453113
1085393 1095641
723610 -160949
-266762 -837469
-79889 -454528
-46930 -353657
1051000 975964
-66078 790397
-303490 -484101
1083197 -386249
245189 424128
828418 525513
-469504 -48663
-768787 159340
-119906 -580258
293475 165696
185520 686831
55924 114840
-69840 1231841
-212687 83961
415295 -1409581
-858328 305749
480210 1099943
-227924 920495
-155021 -25778
386829 -637044
-15517 25407
-138532 -277795
-50386 -263448
-102916 45499
-357024 312613
315017 56501
-1567033 -962037
-206449 -325904
-152429 -501093
-433627 419201
104203 -461950
-106069 176257
-39425 -973868
304093 19001
-813089 -183838
-211963 -284049
622681 -560158
-679018 1011609
-277583 167931
550537 -828025
-18891 6632
-809103 832402
161126 1151704
-371236 -1068702
-156490 581700
-1489472 723129
-264047 -37250
885836 289239
772895 -236249
300704 -1254293
-127419 29544
-1055262 368714
357971 -105420
-771012 -52617
39061 749962
306093 368535
414594 310640
592247 206621
-685074 -197061
129725 304734
171460 523006
24627 322812
-612973 -399890
-529659 -142152
-704334 -74946
-49928 -184121
600103 47572
-410212 424469
-565253 557845
-271679 190037
135520 231759
-645100 1253146
373365 -6784
528811 -284306
254576 286748
105165 -588990
293693 -90107
331424 -495016
-686135 459879
-533400 -182467
484350 816643
-525378 -366746
-441379 426311
377539 793428
127490 150568
-594597 -774495
-13901 -179956
263835 -397315
1458143 -1003158
-615690 1181594
-269877 -911877
-814971 959020
1203359 -247245
-779084 -460703
341531 -404198
600514 258421
734319 -135467
-835515 170119
-32380 -231309
31416 -46607
253354 -399358
27581 715613
269922 84960
-110210 -521847
222664 -777911
-124733 -525597
142480 -24709
422171 -204399
-218140 76806
26118 -337657
-442062 -176529
-286521 193211
417199 -719457
-32974 -300556
-96819 -298255
292744 -31749
355357 468382
-525788 510434
77542 1371770
-339874 -171682
485030 1213804
100844 188263
-36760 -585806
-36917 -503207
177695 -349350
816330 225247
286471 479240
350732 44038
278156 -706784
61976 -664893
-53753 -39514
50563 10826
267206 568057
-925890 172382
333339 305884
-423905 -256161
500737 -658482
622175 -278216
420888 102663
-746755 78762
402295 -164397
46572 687459
711236 549655
-801110 974377
170160 -605493
-309265 -157186
-22038 -836552
237664 325420
-589141 -192944
-1216735 -16937
515732 -110927
-28466 350842
-404550 -93114
258160 -433127
-482829 -46641
-69663 494974
629291 300483
161297 473943
58468 810378
839815 -383402
-276186 -273355
4196 -138932
-373690 607660
103045 224570
320764 -664327
-128936 -1496110
323946 507947
-703413 32357
194753 -8735
499728 488219
927877 777852
-92667 235276
-527294 -85359
-114336 122234
570277 -62375
662869 -379860
151099 -488751
-325377 -361678
445256 -248365
-262279 455234
-144360 -647261
-149333 356978
-371528 -70919
-159499 -119050
1053140 1030665
-34266 -682474
-331124 -462250
-868783 755163
301017 261558
-69004 -86424
-370267 -98195
-909325 -192702
-74270 1122342
119902 502271
264172 7417
-555135 237656
811985 92710
83409 -107659
635442 -740139
-580206 -604078
-870821 634413
-94867 96824
-232308 17633
387517 -367694
219001 165668
-24309 -676350
-303291 525102
819077 529696
-314658 -884757
-69718 -169470
573175 -701713
-137998 -185766
554983 172424
90176 667985
814881 475753
1091758 -635994
-1120396 -517744
-705701 287988
-836843 -484266
-457755 -170540
356124 8024
372672 -284283
-852963 -59148
481827 -823843
-621477 -28033
-968353 523575
-663270 -257216
48094 -123143
597244 731541
649361 -625951
-756660 -341123
643561 -380009
-238878 95475
631113 -527
387027 -48229
-1075029 -108474
-373023 -77910
-346534 497304
374061 -72868
-290422 -761224
136515 -589511
-801301 -121402
766002 -787022
-78804 223328
238449 808574
841246 97740
399222 -628459
241457 -265405
466082 -373069
820132 -447356
926837 -914220
-141732 210608
-604474 576605
-229527 870663
-99720 -985446
297715 570934
181068 621136
930262 180454
967284 -807982
1007677 -887941
-3097 -455100
714854 208049
-705750 -813529
380396 -65626
-184843 -10541
510319 -259518
647603 428911
-104177 -675983
524009 -56156
445623 -113559
-215294 -196116
-78244 252821
-489305 -1354838
-257856 479209
228701 -229584
1061512 -551727
322669 -360739
251690 219824
-821745 -925776
-746136 -30302
-492340 -521996
-734010 265644
-575828 363643
383660 394707
703350 501674
-120015 309822
106647 14547
187159 -390354
-144275 383838
101958 300705
1067654 35121
119012 1164463
378063 -351199
-893568 -462955
175269 649470
41490 3230
908761 -272567
-424172 -74040
-136547 -324149
132716 398459
251022 -725521
410478 -7656
-286086 605500
-733127 446717
-457468 -484651
-241406 429292
-612516 -239394
-54115 -22226
117795 -265108
280700 -466026
-379828 502982
26269 341327
548242 -176585
765938 -1482955
359555 782519
-126087 -967579
-93719 29096
516338 -183045
-624393 -216058
-314340 230098
-25571 98309
-204570 620756
8056 -657576
-411405 1794947
-788277 -359683
498049 -128871
-23129 60867
-619821 -372853
-149947 270072
-222342 -619552
479357 -504891
-207274 -609020
-387551 241159
573554 -974287
-345412 -213742
-1497049 -697532
-152502 353231
225107 -278944
-721690 -490156
165477 -1012664
540103 -311542
1441618 749536
-114937 -128643
-420727 -323699
-297650 -402215
-219636 -536583
-825033 26280
-537939 225851
127311 688203
448162 366692
-144204 271027
261867 128894
-44859 -321284
-501897 -433421
1377511 -124679
-167580 -147557
-120237 611915
278687 -794480
-261959 305684
407656 -15471
-942073 -350910
571869 -456053
-914479 -466742
29068 334467
41278 -443366
-25488 -250932
-2589 314204
515095 -2407
-26886 578643
-889063 -1402624
-54427 -665942
-547864 9471
-713778 131735
298781 -225061
-301055 -578586
-720266 286788
-825072 -243087
1117205 163018
-192291 -885117
-366790 179795
-886878 125743
324057 130747
-140005 645596
-527348 -163023
-394817 232308
286128 694151
212174 -783270
-527674 390650
241660 532161
355883 -488925
-203288 341779
-559005 6162
225162 699241
-57625 15696
289410 -353469
698431 -539426
402591 1272557
645768 -8403
600543 -32303
-452686 -676867
-266693 -893679
-913582 206702
-393936 428230
-380734 665969
-314211 189849
-833447 199167
-564620 -448419
-323348 -219988
-765252 640104
-596838 -567295
-1344388 -777792
194156 -662133
443291 854265
-465606 343983
188025 436165
-44657 38242
-796908 -112597
-195430 127660
153088 -143165
-508439 -392018
-176744 -350523
-20864 721
-746291 805967
127779 235116
-110772 -867079
441220 -234810
577108 62061
-295684 -614506
402072 -181617
328556 319161
-910916 490090
-335707 194132
-74532 -730335
1061079 414890
-509613 173400
235232 -407161
1696135 872340
736088 -680230
719521 133291
124941 978431
704123 -538920
-881543 -336162
-496916 -305629
491615 -533381
690510 357996
1040106 292241
-153619 -191360
425455 -300507
506367 219398
-331334 185626
-162774 680900
262296 -514374
-309790 -204769
341024 240151
-36814 -547497
243897 -429363
-446578 723498
-41335 -40326
1004790 -310186
-326858 58396
-319661 362885
-86369 47867
634197 186918
-215015 -309360
-80748 74001
119596 614304
-292958 201843
1283768 -750291
-307873 -725652
-702093 1007232
62313 215066
546674 -10849
7385 264297
989458 649075
-147120 1151305
-659287 -34475
-69792 -826005
453416 -167214
512157 -783570
255323 521275
225746 -178705
-379222 159173
1128286 291554
475356 -696225
-89991 24829
500495 412346
86447 360441
-409698 254163
153113 151643
102676 137836
-470615 -44497
533518 -782343
-129691 1177541
658107 409252
-403418 172125
637750 428386
947234 660674
601782 357558
-323695 507776
246348 272179
-64828 1121429
-451076 506716
132402 331879
-206161 -252949
305018 215801
-432610 -109746
-332763 -353042
-364463 -835029
111653 -826522
-353094 585390
172036 759843
663418 -502588
-40589 77781
-617436 767091
524960 233777
-59384 -1054879
550904 -236129
-902044 -630842
-177906 -336713
-1235466 -1202956
-693751 95881
-214716 -118652
181231 572283
-527992 561249
108161 -673851
343044 14471
6654 -932362
-176833 -409951
-221434 -198502
-633689 -613001
-371134 637683
-28397 77879
339406 696885
310100 78054
-340463 7787
-310990 -655116
-796073 -253144
-18729 -239705
-30005 171800
-605319 -331030
542708 219624
-322067 -128233
-205525 518828
-73178 503173
-506420 -123000
92927 -184316
-792736 -348685
6102 187599
432811 110030
62508 -162457
460360 -280531
-490707 573541
658091 -829556
-958526 759676
250583 -144860
292251 -69367
343997 -24970
-1035192 -543715
991927 -20385
-478726 -131263
830166 -335127
6512 -33338
-685251 -409846
572414 737732
-286129 -422229
-361059 -881502
588045 799958
64479 819525
-490265 -294193
-940814 -113554
393637 -309910
796474 -179243
149028 -186459
266931 1333899
-459316 -984368
-517142 -789605
-519966 116567
194758 4234
-3579 1239559
686670 -484871
-274209 54140
301102 -496135
129712 -11104
83325 1035808
682795 171515
443400 -66064
-330565 -355464
-109144 -429573
88011 -105467
74953 71951
-304958 -77229
-471054 -729718
-839020 -863921
-383508 304234
-688471 12970
-943393 -16340
149703 1057829
112115 -728556
-854396 639952
-106897 -86868
485976 441091
145834 521339
468648 266003
-569954 -295629
525010 782777
-384911 -372712
-62644 409771
930212 1040327
-445574 1008973
288911 -61090
-575461 -437755
-510502 -284873
-795169 847724
-127935 -458215
-151730 -17093
-260157 353186
-395336 419612
298502 -1565807
1283422 -29014
-424352 153644
308278 369063
-279086 -299039
189665 563796
-982675 -408583
-294939 -296425
758427 -647991
535547 -590221
-1034522 -684154
552094 1337027
-418975 -99597
141269 -767969
-776459 -263559
-443246 -499929
632985 -222981
385961 -243616
83773 177454
76096 -179807
958708 -184589
-269293 -885717
1043020 -198550
-44472 -234868
206059 -595153
-686060 198076
55091 -158675
-677691 -65299
-1325995 -693070
90785 -1324654
798590 118209
-419021 806734
-84464 -58168
-502140 -256859
-108587 -364392
-1241016 -4297
-380146 -285240
-38232 -120207
-969094 -426369
-612246 626262
857455 435665
-580601 321018
-202483 54157
363383 99619
-336791 968251
-219629 -504796
-785147 -335617
-309521 -325251
-74191 -650185
-898195 -106223
-295867 -133740
-218593 88338
784248 -282485
-92816 785893
262909 243919
116542 8463
772462 51263
97659 -317514
202309 -279616
417376 -1023486
-412888 579181
-94183 813472
-385665 229372
80020 -12005
-16366 903826
827446 52644
69067 -259985
-465939 -150116
251717 -870429
441327 -54391
522867 -658770
-470267 -246754
68233 460295
57063 -257178
437725 67525
286756 -479702
187507 779725
909036 879427
52702 -226527
574674 -896976
-339083 601428
736300 -232238
-573782 -292877
1019741 -359518
-1070335 325725
465066 231402
-670840 73388
204925 -136008
1507537 2468
163930 230123
807169 -638968
964637 1474779
-128480 -583563
231408 450654
-360501 -482993
-582702 29183
1127940 226300
-530162 -159810
183891 751997
245013 -345257
180598 492627
-445092 -511449
-382779 -721447
-607038 -665220
325258 361259
600696 -370673
191580 -319051
838014 -173108
301611 -417509
235300 -486745
-24463 214244
167694 677639
-1120779 -102100
220924 556735
534980 119285
456158 -249920
1450967 -896973
-712274 239356
292538 -558315
667140 -152337
505322 190021
-59610 559832
-1365 7148
921250 -275562
-701304 62414
-621161 421926
-1140276 -573017
396247 -572945
-607456 -601104
-607452 251110
110564 166353
-113032 712141
47653 13440
155144 90202
-831410 -198080
982826 -224154
540614 1372931
-491272 -112042
-530335 -529746
-187710 -416997
503429 953430
154530 743877
-688515 -83433
365349 -727069
-424485 449974
439910 225438
-1233415 -184407
-273450 31729
68221 86432
797291 52032
-386027 135662
-214139 12383
60316 210620
195755 -1117580
421096 219609
-128070 160900
1103915 -196647
-375624 -490685
1020884 -394714
1227863 526330
352157 -618844
-800336 548397
-685263 384061
336532 -630189
-186430 -393233
262125 -681109
-426005 -435646
713320 529461
-18849 -1171830
644622 -117007
128603 411368
833887 -18155
886896 -142873
-347372 -552850
-635165 -169275
585817 263735
557252 810301
-54843 790561
-294256 -93890
362397 -1235740
318490 5924
-771962 -182946
515044 480610
-675121 1027405
286477 492572
-350436 -293045
-474394 482686
202871 -21552
-151271 208165
-137065 633315
-586464 522458
-255696 63517
509713 440864
338022 228408
-117215 -579634
-491687 -182996
946 197318
582197 87237
453356 -122448
127110 393745
-58076 420911
295884 -86001
-491939 522534
-304383 -358646
-339557 -248854
-644953 -1074144
-37327 -991683
-9238 109204
983527 463888
524250 368341
-179746 1029848
-213922 1207530
885338 900083
587476 -849232
-453636 970792
420432 620538
-972198 -74107
968051 -1268287
-823609 582713
-849939 -599804
-783927 -642287
315366 -258682
708650 -273016
-364341 671148
-143103 -61752
823180 -182329
18250 165361
-67584 303610
793174 662066
359485 -148999
-791488 187235
135395 -290803
-534570 -268076
-402774 47420
-60734 441063
-418061 -108198
335510 198996
1116854 -450504
324240 744049
538911 474208
844450 706098
401494 -423456
380098 780098
-651059 -393964
290570 65204
15152 -226142
-321468 931205
754231 -763210
-607345 -694475
373077 -845779
229402 -630608
175231 -54992
-73601 54016
-341124 372854
59220 372768
332659 -949548
-1266809 296222
-379758 618814
445433 272109
555752 -419456
906344 43148
558395 164382
272398 82199
-639028 199966
263233 -493450
-47360 425310
115575 -318623
1410470 328562
-383914 -346963
-437382 374330
-170588 293330
-552535 -1122102
315508 -196499
73707 179085
984458 -227434
189457 31155
608367 255241
-31637 453793
510438 -562698
-30333 537584
375558 414853
-1292315 -229029
36637 -170601
272704 -316268
-544528 -335086
-154658 -850988
-519602 89272
197429 291961
162234 -812977
-686340 347964
313323 210795
182127 -618420
390279 -229313
-626081 -467614
465044 -176564
844639 -222488
-17644 804458
250918 -357365
-691790 -1232542
40198 603742
938673 -705044
397081 -304751
440071 455247
401331 178297
-160387 30229
-36079 382928
-622365 -369570
-133477 -248755
818940 -10647
-65401 1319068
-100995 -350155
39226 -368468
-541701 -494493
-359781 494968
-418864 -55629
-881264 588306
778212 146830
150485 285697
424525 -308145
646334 974260
168446 228503
170267 -109532
540509 275457
-68820 -303575
-562200 198796
-229419 1365483
-146796 873339
685772 -215877
407927 -339075
27181 -141675
-612601 -397412
-97139 -158591
-362279 350673
-455512 -393454
506423 -370726
-29616 640178
321264 165814
-328496 -442038
-437576 -189435
604733 629264
-7504 -714471
1273832 316385
-443650 -464671
-567036 241393
-1061286 -496377
491278 630207
304507 816810
37757 473948
-801142 -182691
-42308 -564236
-49534 10624
-1068767 370357
-39653 392405
-170144 -15439
388630 657209
-157207 686364
-357287 -217828
700678 1684416
442027 -237262
396713 -257437
-14491 -466270
1585 -513482
560504 -331425
-29300 313145
-308301 409334
-358343 -787212
57460 355767
63079 -471061
310459 264642
-756400 -422973
279062 -502911
-246005 -110059
417853 -423097
750925 189387
90623 165661
645757 678535
-681257 -970142
-2525 599899
-52513 108807
333766 64145
-115332 -440871
619937 -921725
584099 -382654
37467 483883
-109945 -873646
246475 -180731
-493147 296255
-124988 -505726
916635 452535
-377922 -1142593
-876943 -358746
-328733 108927
-181345 360528
123456 -1345710
-268642 487157
911584 519476
193335 150183
1143436 38474
134391 1219687
472624 -528004
-941736 -373483
490744 -103990
1030964 240020
100616 -732496
-806222 -483459
1012918 612497
-48330 103600
252823 -280147
379726 56201
991841 -456997
-772353 580750
612382 493668
302335 -164456
-96681 389029
-326690 313564
158293 40531
-531992 294966
-326744 295280
164764 607136
1043666 -439416
-816681 145170
1188293 -448394
-359238 -274870
153511 582917
790335 -599796
-282291 -385366
8078 557669
-465520 210212
437521 647856
-85296 147566
-286429 -472804
526882 -566248
-256791 439747
-1077437 485036
990029 -507493
384649 -511660
62168 -245997
1287361 -504654
-119847 8770
1102500 211982
-722466 -944203
-322041 -1088619
-1131121 20303
-342420 424325
1117704 -690822
320685 787836
-422889 -574364
-690618 -765808
674829 436851
108571 791227
-1006130 93665
673385 334064
367823 200182
-134087 12215
211755 757338
-496991 -627261
106278 109302
504248 -398634
410772 -690867
-355301 92998
-958492 -387103
-646361 -460474
753101 -172898
-751332 -132036
329597 -354369
153460 274254
265815 30567
591127 -569916
-498692 248165
490546 439636
-1096370 339259
-1144344 23690
177549 -636913
85864 -94935
-474072 30841
-79271 268382
675907 210776
-2613 124891
673003 406452
124732 676715
-127508 -663475
48098 -219631
-551492 41296
-1574023 66430
898089 -40717
1299783 165312
-99333 524505
-308156 -189363
59535 154196
101517 939662
-468232 -228327
-82301 534908
-416454 934868
-228782 188439
-601247 -703983
885417 -74069
168864 -227234
881173 649940
-469108 -285510
-69885 442427
645411 -348672
96506 -713300
767590 1003332
-81192 -740733
115031 -819594
295056 252591
-16809 -657397
296541 288198
-321211 -441784
-528923 -481500
-809591 629368
931150 904951
356806 -160259
-451962 -91054
-401218 -182562
-212585 594666
-743183 -646824
-607742 246779
138531 53268
-33888 122111
575826 572860
52342 663572
-229172 160979
-117615 -5517
-214830 -908775
-506640 563151
-1280385 -617422
-329921 496947
210115 -438040
571392 -279000
305330 -578643
34981 -623622
-153033 284012
508349 -584247
703643 -129745
549605 17642
337027 -255779
-40225 119808
-916439 -639183
-955881 -283774
-352374 1060490
-502667 -275122
134193 639398
671725 -397563
-277561 36347
-1481511 380040
26750 337202
831592 -365976
-477855 472524
559990 64333
-860556 -87662
688995 401122
-357399 232368
-315304 -412077
-382990 -174155
-222652 -463298
-121559 -382651
-1152546 -62513
124560 -562675
155177 273757
-248761 -654236
-319099 -292758
256510 520458
-313024 369557
266285 -773021
-300254 118050
674301 699522
764310 866266
-670551 -420366
-746502 15646
-89866 -604946
-810658 302505
225203 15302
-7093 -188763
434091 797503
-234807 379024
-681506 37246
389502 -422229
-493208 -218258
493940 -337526
178176 542010
-485679 172767
-433348 -633793
-643333 179515
809234 241905
-371584 591201
193213 151992
-515550 292251
-430976 191866
804388 -3443
-135679 331680
483230 305147
-510867 156691
366637 -131812
176348 -399038
14759 -201010
201179 130100
1676336 556846
-15596 137356
21227 186813
823884 -182772
-668120 -684121
-528511 -245715
-629573 -22006
795546 1110560
37996 -275668
333302 -222777
892069 -337398
-197549 777236
-673177 -36095
249147 421255
-45567 160812
-672079 -363228
908976 165815
30476 654417
-886348 463870
342746 -393805
618368 -25965
753553 49089
409372 163826
-235451 -240095
-278833 40790
551661 -786537
-85997 939893
160787 277285
31077 77735
-246882 -591199
-30729 210506
137591 206447
266095 42310
132785 -932221
421018 -162835
39539 272852
-623259 298320
-155600 652314
139605 -158441
69364 -30511
-32814 464748
-800592 -105424
-205676 -224601
-327218 -269745
-20605 -11427
-362347 -306560
-540605 53974
-572830 -543985
-950799 -51513
-548258 976109
-1030900 16147
-505288 -701482
-463808 -304180
-477758 424817
-185583 731604
216063 -265264
-154133 -24447
480005 -90548
-1186379 476602
-314045 213591
-523568 -88704
838769 853587
544608 -144169
-207764 -259093
955383 465499
384233 126584
533204 -183969
-161370 -150966
445445 383059
583198 -377608
-46669 248311
-230352 703692
-255360 -477581
59649 659017
459135 -271163
166001 -225588
182974 205638
-49394 183085
554046 187641
714337 324576
-204553 470732
287785 358718
-369006 94929
267112 -304376
175099 -1297963
1484319 -414450
310337 -1147750
-344464 -706710
-1074019 -340940
159866 34924
196003 -235286
453468 -69963
7420 814469
-35314 -414438
-445347 -163121
1295274 311623
360787 550916
1069752 261540
-76027 210613
52320 821133
602706 -456404
544178 125392
-121426 -385711
-415031 23399
-1634764 -439720
-743228 -421296
-288777 377078
355799 -671918
-27461 -131066
599707 -285769
-251081 -422417
-824540 -409937
202671 -134463
-601710 -450929
832912 569492
985594 962931
1504049 -987054
974011 583842
49721 316371
-64786 418165
-478560 -187975
-790420 -28225
-734101 -383254
1170251 -164965
727481 14147
413506 -1476446
980219 -562253
535785 507837
-768516 376448
119096 239529
-293712 99469
653421 136485
311750 987702
209379 -298871
-478718 -55298
16596 118799
-348111 695938
341174 -1141405
139836 -598958
263139 -573769
431464 -207864
637161 -78972
841530 247177
-601229 817288
801501 -513949
-467405 743645
-170714 584996
402924 458717
-645387 -1811215
261226 118170
882190 -119735
287611 -425785
-641890 -180427
-534731 372206
-404519 479989
-274948 74996
994699 -623715
-279419 187425
-58488 117757
514260 832736
528112 -564585
54252 -441889
-290732 216420
-135916 -704415
-1465145 286594
262684 -296068
111104 -67014
116037 -1471149
125994 294146
579196 -246375
615304 -339780
-102360 506129
506506 -371962
819404 226445
278055 -741869
100099 364271
510279 359287
-61218 691813
-680232 -754786
-346129 171989
-20249 -129755
-116611 -662421
-1205284 -217833
165669 -649255
424694 794210
334001 623959
-1067770 -336432
-61127 -145915
-243023 -2333
-222345 135804
-399318 95702
-26622 -369360
700946 -631873
23873 -324265
217683 -408547
-104001 -44940
-757226 -503427
-186395 212436
-248694 464389
584568 -276679
-235693 -442005
-96612 -21349
-412220 723140
218276 169618
109992 -438888
823591 586611
784322 -922896
-104954 1079891
-184458 -601807
-543016 688009
-1170447 -12478
-43972 -353303
-729523 -136013
592380 -380139
90056 543934
-764096 -56529
-143620 889471
-777224 1050248
463818 510608
376390 520516
179263 -543738
-935189 582821
-706975 94632
475001 348640
593857 -32527
616126 -1066822
-499170 -3331
5868 426949
305385 424418
-27488 105211
30467 -51648
-86923 802109
-342487 -230774
-321273 291629
-61921 -982253
-50201 187425
996625 -262501
-189700 556748
135807 -832386
-183409 427462
68836 -205349
15390 -333372
208806 476549
-1099424 -308850
-614890 931648
953945 363061
75987 -580197
855438 -237900
697637 556409
-175831 754302
-706605 745431
386875 -433246
1089637 676644
-952510 -476278
483253 -264465
-277911 -905016
126734 397527
340585 -224389
71215 -1390800
-437167 -349331
208003 140074
473574 -181842
1484713 -607834
837284 281586
-126808 -443889
145020 2432
832039 -287095
216373 -453020
-128941 67551
-655118 414577
558732 105721
-579389 153811
-650696 470472
486833 -42080
116752 -188196
-128063 -785870
201054 -463050
877379 1683639
832162 -149869
845140 -840458
-250520 -560896
124366 119761
77290 -666887
-905184 1106774
-110458 40244
-610944 -1200971
-413665 961672
299723 -363541
736762 -125913
-327419 149831
-402216 475194
-479967 171890
-333817 -122381
356091 -327345
-113568 -582727
-385313 163246
15320 -145547
-166433 720584
398839 301214
173011 -693670
319079 239074
-256362 -947750
-992251 743439
29053 -78057
643753 52035
96131 -476985
-81552 -449868
-766231 -1229611
-1061361 106824
-118172 -72869
-498945 712284
-498231 -258476
-253727 9608
-695350 -766147
42834 320134
1075769 -136680
1405570 -121977
-589075 662122
-246818 -61757
-235836 904267
623132 -380304
100511 -229017
-685670 77497
1521237 -446271
-603568 -1040592
713628 -80756
-202500 206197
-271290 -288926
549732 -143583
-286805 -439558
176425 -377684
-123637 943929
325754 -495732
-510079 418443
-1159615 -577792
35431 376560
383450 -252320
220855 528670
-526297 -623226
-513935 -493451
-549741 369400
509871 -843861
78085 -567800
-103776 479937
141515 449975
-445868 -180606
407640 611720
-469458 312247
-72125 279905
732366 -667246
678184 408132
221372 -318377
853416 -126998
564055 -1277
-602497 150365
414945 127891
-807695 -1104266
260926 -469800
-103547 -241242
996585 146415
131186 -359288
-261291 -144424
-498668 428248
159937 674959
991466 135094
138545 47300
95599 -303422
291648 -658273
-149219 35061
389059 -410528
-765894 649856
642699 490482
501227 -330339
-114696 871948
-311398 341034
-658945 -427475
282916 -802553
924026 137241
152835 470146
-7191 671900
1256192 -65054
177552 -360809
-939718 -346667
602755 -144071
-356310 -243779
-37923 -490627
920209 -294968
-225380 -620951
-553498 21641
364701 684401
-20915 -527571
-309545 823141
-813386 106259
914404 135804
135804 -51710
113179 456690
136444 341398
454165 -485398
303424 -572081
461112 -688306
-542726 -611375
177630 -816775
-52135 127499
-63722 -161342
-276698 786576
887700 311115
158580 -223731
-255567 -325152
-511723 324696
-455059 391239
685259 -144940
-331539 -630172
-568739 608371
1235728 203955
142744 -262582
-189510 -279590
1058317 279232
783518 -773747
265226 351338
1167038 -669895
32891 46173
-119887 1601023
149034 -178152
-204513 -224378
670680 574704
-947996 -940324
-114479 143753
-303108 622552
339657 75388
379298 674697
-297089 158839
-20920 -111842
87837 431685
-482857 -550395
463736 43697
-589128 -579400
-925374 -63749
628196 334099
712229 -403357
463388 -1112147
391691 -267159
-327719 270706
62890 825198
99197 488218
256245 265344
-435140 681435
-818462 510708
-935556 236761
-388183 412027
-141729 364014
548839 374311
804322 -1210246
94694 824522
-333238 -311046
-338236 280536
-909567 -196085
299201 -59625
-201356 -8450
477885 -294640
116159 577564
-167761 -25076
-274922 569279
41286 20259
279867 -185464
-138201 238115
1035309 -260524
-697095 -146497
-403885 -1219138
150015 -324079
-319187 -488029
259952 -334769
-234154 894540
426287 1183885
-824000 -15521
193676 -346951
-5172 118827
-308142 -416454
-25877 -1152006
684391 307238
-141363 195940
263562 -407256
-500379 98846
-209876 -121893
-536026 264713
-373258 1094747
860607 310400
-926829 -268614
-178286 -80607
349035 724611
-521405 330201
774328 -110708
-247190 246033
527666 -503829
854849 -112358
-634102 915077
-330993 -293068
-659514 -736213
101165 170762
-185027 -171712
-681678 249952
-13340 52624
-358183 -107243
-598566 686359
854496 858928
-314808 -463850
400699 202042
175116 103194
-219485 920470
-225582 338312
-397358 -25565
139298 -223190
-196333 -1129414
173864 -205083
-703306 270348
-108043 665662
614577 -327492
100409 -543106
-25491 -148571
-96522 151684
1891005 -482832
911660 -201275
-613357 339766
11136 78206
405247 -356880
-641366 275674
455804 528848
234793 230089
240709 245820
-349113 -222590
-268302 567620
758825 -715767
175340 144936
-1067396 -288564
600006 -279818
394812 -418559
7543 1005650
21786 -123269
-1126978 258853
-1202362 -319842
-400459 -160137
-60936 -1057794
-714278 246297
858433 172637
-453560 -54078
-876930 919399
-558489 49690
-572393 -124010
-145634 65306
21670 358762
-486865 27395
-716119 -60514
-648599 -240008
-146511 -293873
1089616 474364
535210 -734409
432753 253626
63828 1167340
110757 401272
675338 16560
1103965 -524595
322479 -887284
-232821 413267
311187 -491560
-693691 1243980
-232960 -1053831
-230479 -162445
661653 -845794
-486105 -129640
-6298 190043
575112 495839
497477 -47980
365124 666506
358524 -328012
-703453 -732797
-552441 488849
-428109 245738
340615 326964
-549329 -19747
-93774 740499
378338 -591174
354698 -415887
-157931 -110289
-197546 -1054258
291079 -83059
-473508 503891
265232 -130491
-1055780 -62888
-175179 -451072
302276 205280
668511 754590
463466 -584613
-78892 773443
86804 272911
686091 753883
62408 420357
96579 110844
-23128 544169
460656 647122
94737 802703
833042 -470660
160882 358977
-701894 1129516
-742288 -673393
-9274 350951
128298 1305761
-204211 814162
1438739 -405070
-218121 412980
-21661 93495
303169 770899
583756 650337
331684 -198081
-43263 -17032
172497 -798083
274480 -224539
-367897 -216324
-117472 -475012
-147814 -171792
-760198 515580
-737273 -85977
-26256 -836992
-185876 4476
20208 156763
-132126 733605
-74451 -12713
-367153 118586
500607 -28201
124721 -191609
133207 -796077
461569 192578
89602 442040
-471563 127222
175331 -310993
244627 370407
808828 65730
-94409 -348615
239394 -121541
-342496 96371
-706842 118191
771654 540880
1119040 1291773
35577 144864
54138 417064
40769 -256624
275457 -397512
-23301 658427
-892803 32085
-460442 -432772
-248219 33510
607469 -742761
244601 -1008033
-835700 -268106
764551 288697
-349946 603682
-79569 -1094169
522720 187100
347106 547097
200138 897960
396602 499683
-315777 76953
177416 197987
-57557 -48043
-545065 -183357
-1046781 -85229
582275 614616
610760 215754
-680563 303624
249818 -78444
546896 -563560
-375441 -451925
137886 -341013
-374817 -672676
701246 368440
156820 633597
-546472 618313
-461090 476197
-49541 -624302
357454 637893
-137955 -200597
7173 228281
-761299 -59217
390575 450884
-171625 89625
-247244 518113
-446239 26244
-1082063 -599979
180774 369851
-350988 409683
-855729 -121418
342721 -596038
214164 -832431
-1203971 161016
-22761 977865
954282 -563539
-148167 -165942
316142 -16794
275618 -552909
-435070 -385695
734378 421298
-304376 -381826
-351812 -712970
-100876 189686
-191956 657224
344965 -278916
569115 -175985
-44431 -136024
-239140 -105876
91535 -42915
-687246 -734101
141355 -32263
-469924 104575
-241769 -542792
-330422 169984
-219769 452056
-128212 4038
235316 37352
730258 -402500
391101 -939620
-865313 -64103
6169 813984
528347 373542
-881474 -360415
639683 -28462
117778 504267
-190130 1027619
171708 275803
57157 918107
157447 -93042
-350865 -115217
-845030 157980
-767777 862988
-304314 -783890
58561 -446904
-180962 496569
92305 -534927
723489 357917
-916129 808182
79128 -344357
-300182 303886
868422 -485929
-147547 49717
-40538 212537
-1698 380356
-91277 653509
-57800 -318159
-998179 1025391
-400958 -363852
99274 -347317
-308415 -436137
412042 360375
232207 310389
695742 411099
697870 -427167
784548 -531407
99509 904025
45464 439206
-199087 1171705
20161 36204
-1078483 378796
-955672 344567
388232 326018
-40341 -1075543
-246860 -556022
100010 -829809
569546 38999
103106 919303
-92598 -944898
395465 520077
-179847 -853116
-420556 -128235
-36118 293822
-450576 -71452
763845 -309282
-98745 -153663
-30434 856815
-1360529 1158655
-144428 904602
-385844 -344437
-865510 -513456
747399 -290770
-115400 374960
886074 345700
1051397 100608
-430280 27858
1158899 54032
698811 -382319
67315 420058
-814826 -409872
-632237 -43018
-136235 -153464
-861561 -266137
-948486 -133923
-648980 -366072
269533 -304963
-147607 148926
719691 -249270
909638 -584127
-123162 938952
643735 -131185
-455107 -594553
-440262 539189
103579 534655
-528972 -251596
-245727 185608
1224874 -32958
-488183 616377
219854 -819663
492408 418020
-129641 -1482187
277668 -102092
165343 486371
-538563 189413
474226 -68546
-55262 700515
-1018472 925236
-615251 14626
769759 -439338
-248554 -787331
613011 -393909
215642 -45056
91991 389766
853436 -458209
-228238 -626333
-696879 -230996
-783918 267256
75725 -163508
-780978 328251
186552 -579590
130925 929933
239093 850443
-897843 -889651
-138452 -645665
915467 -14365
-408785 -856417
185791 956282
-346990 113980
723945 -324685
561386 537882
-648156 98649
660351 -349021
-714496 1110021
648558 409931
-37618 -590974
-126514 -1262
-428794 177609
-1061112 86192
-334985 745400
-1107615 303236
-336396 508714
79155 450286
626650 710612
686045 -619038
-385576 -356739
460359 601515
-435644 24856
-133959 -231775
-814276 556115
774333 -531640
609218 -344834
-48243 -43605
-882558 -901132
-702447 506538
-736886 -368654
57424 -770037
-191330 11795
-626312 621448
13546 552741
389641 929377
-1432818 270088
-2560 45553
-119980 -240047
230353 -782755
-632076 611422
-451362 666610
418493 511492
-467897 -457020
232709 73051
293146 34806
-387295 533076
-1414364 -128367
308637 854548
-301619 -641470
339852 -911739
531796 -592051
411544 625290
-505771 -38157
308073 -460284
-448088 302099
280990 298313
1408152 -503820
-83519 -124442
-324181 486607
-457705 -467284
510261 48057
-522198 198694
-334297 387322
-91390 214605
74916 401183
-179709 487178
-477499 513500
340879 -883662
-575012 915156
-298183 323439
-727835 -145285
-668344 760922
-196858 -122108
59262 169339
-277738 -447143
1751287 -223695
40193 846614
-730571 -571904
-572156 -161139
83079 -387157
-19275 -245152
1229707 -382898
-280293 -630089
118765 140641
-293020 -421601
-379674 137949
976129 1054202
95989 -331252
-1599934 398017
962002 413735
-737103 445442
57571 574303
-87592 165276
532650 -537287
526883 397933
-380141 194747
201576 580170
-407631 -349635
160473 1054307
-92371 -398125
455413 -816528
824903 30581
350839 -921593
401663 590388
-479820 25733
-166416 833289
-40254 -796994
104141 137785
-504481 -358482
524031 -443350
229663 -519698
-490489 -881312
-350174 418020
233744 143316
-158008 586288
-625855 -679669
-243446 -303907
-875239 -571334
-259163 537819
75529 -1094294
-30662 -52824
104639 -207365
277213 199220
-508353 -709739
-537941 -552380
248859 -54255
49288 -88962
549499 800360
-238187 -120204
185474 -422592
333960 -1055350
-84606 -578895
46072 -867361
-344227 130105
-308614 546956
-65267 -9829
548508 -1214539
714450 -318920
129412 -470656
429371 150781
581654 -321275
-241390 921764
-572740 9043
273840 227458
171994 -559662
-340811 -1229005
-244134 -455942
597919 -879375
84635 837079
247655 509508
-538937 14517
594521 -261002
899425 -603896
-926533 -202162
650932 307613
164806 112621
451835 -453986
728154 -219780
166139 -98467
-713628 -637752
70689 -252310
-591440 548079
-448981 11062
-146225 -904022
-287789 545320
-284295 650161
-1035562 -259359
108132 -508642
-148972 -114058
1076315 642880
-268941 240575
470820 -711830
-1310266 -4604
30374 -486810
142702 -293989
261503 152507
-191588 -193122
-416837 -149023
880869 -305635
207252 664698
-398354 -77152
-122419 21817
259514 678012
254174 -502121
-1191807 11893
98433 -852748
-726483 181802
-445645 253525
220795 -75672
307420 -870203
-207238 729162
527508 449986
-1274178 -1336872
-479638 -229922
-83129 124912
-581630 582858
395723 -879405
-603542 58585
-342983 -139635
-289765 72024
278136 -315318
880933 -528176
458142 -288433
-865144 -183979
641035 58382
283449 -329371
18743 -106959
492473 -169686
658370 -384568
470136 -408622
428322 56049
666445 -32966
-30599 223270
292909 476964
677793 263111
-93620 -562295
-685552 427345
858897 903592
-1056464 583481
-538706 -110463
-109652 446043
131312 -1057417
-652263 -450722
-194143 991119
-484526 -235613
-522243 -484441
571813 145987
-1213360 -370046
403884 1331526
-9326 -110388
1278845 224075
233494 117316
-145153 -335585
-636418 585991
-414874 237121
168737 -281153
539214 -408834
27704 384651
351418 -825087
-233002 238408
-655686 472839
917686 8753
-156049 934362
487788 -584026
874975 486085
-180997 -63932
225080 -154395
-509737 -343195
853342 -6818
-332672 -34388
396470 -1172778
789353 -263888
468524 -568144
964427 394615
438728 760154
378842 399940
431450 284503
-315672 565220
-802187 -287611
342367 -261908
408675 1503409
-529331 -397680
35663 -408620
68056 156186
702673 585833
992782 -230330
1239491 -148436
596294 -17237
-674812 350675
-816140 262745
1361187 218455
-691012 273977
-362229 -71919
130433 -487699
96237 559780
55745 -739435
636484 -531437
-318055 -1412664
161967 291993
1302211 1348104
69972 318658
453647 255202
-1010831 313367
390982 -35771
277486 139033
-303780 709585
198354 29411
-111444 -7146
-628900 -164873
152275 24380
407236 -738368
-1172218 -1025683
-622915 284309
-189861 -276345
-236912 344092
88905 88001
173947 -688081
-767427 407635
-496234 126778
631972 -980136
-154134 1288888
-827224 68944
-210719 -126164
-59376 -994526
376992 -399727
-552073 -107724
524426 513274
-332295 374979
-167114 844481
-1261487 107538
-499444 -754218
-891951 984746
532437 -55187
-310619 397737
335367 287060
-254381 -237694
-394698 -142506
-758332 288002
-528296 -599341
442089 374559
-133816 -703771
-101070 -634662
-675666 -829306
-184357 49641
-284775 133368
-226371 -707319
468985 204059
-390481 -33439
-1184156 -613485
-179003 -65150
194435 848837
468957 339269
-254697 -588255
-213677 388322
-355953 336578
-828632 -23927
-263896 -746024
824094 -378277
253527 396449
-9548 -155559
405143 -171707
-1629867 -43120
176033 542396
350686 -838340
486040 -707196
165683 -66557
90344 1269751
80645 -537114
-421784 323861
220363 -226911
117369 823174
-717865 -170270
104586 528562
1024219 371938
530975 236087
641786 -654617
-318330 -5545
973302 -585809
-713539 -50982
682051 -194006
-272223 -2225
-1060845 -767024
286440 153954
283134 362046
-461718 -425050
-167835 -234276
735857 -340937
416181 480062
106166 170412
1090557 675113
87816 -660228
-283761 105069
129518 -943353
-420499 1562291
-856627 829470
-181899 -29810
391315 -262478
-729911 349385
-1025317 -261163
700728 401711
557227 -201554
733945 116362
94541 -748930
635639 -99900
187858 -37655
365170 459616
-809818 392107
223888 199329
130091 1193320
-224972 736300
141770 44385
-918939 19891
-907160 -322410
-477759 -30622
-434388 -218077
-543920 737043
318999 -198070
-36353 64291
233743 -495751
221183 153325
192526 796629
349215 -740209
525986 -1226902
684490 92121
45065 908125
-425994 431828
-407833 -65529
618965 -1112687
83669 -595266
-454160 -641030
260400 31317
131858 208547
317969 525342
876794 -296292
190321 761498
806912 209801
778162 -345781
104152 518302
-498341 -417327
-1203350 -421533
280935 -522346
588027 340987
320719 511173
-86619 274144
-147519 -823899
-773418 -384527
439808 23245
795027 607391
-441747 968054
-44312 76223
-88988 -196557
-612400 -596838
-982955 -956246
-44493 188360
-172125 -493776
394122 397322
-259840 -33974
821603 -413482
-580787 377982
-288355 -663304
-117001 282724
22481 668434
273823 876490
8368 -525663
73431 -347567
-584767 -754352
-1229511 184887
288643 -752710
-287824 729097
-41727 224829
541185 838152
333918 -319844
73051 331468
-271564 -320334
1330574 101624
442111 -143236
-383732 239417
401396 133564
-201304 480007
486476 -396529
991677 327694
415921 -389604
-564568 112977
308347 -160571
-492993 -715207
1247131 -640627
-234142 -928289
-374603 1011645
41427 272643
-96491 -1279092
-107759 310004
-166303 1784737
-55548 229242
515791 56625
210147 72668
-506715 -493965
80437 3235
56794 106996
-1285891 238294
-920913 -7150
-412363 210828
221275 -893962
318531 -978510
-467272 -413317
-93212 -337141
282079 817186
170247 -592732
-299257 296452
-359942 -450099
417852 776351
-378679 -282566
250704 378351
303248 693670
380817 -296025
204775 -508319
497909 -852272
-69257 30168
-973717 640887
-1068942 1127747
370618 477907
-461533 443177
-406526 776032
-298497 154239
567213 14827
-133016 -38858
364677 471795
285426 -945564
-502767 1165999
-64311 236986
335957 536833
139143 37699
-208846 -598718
-947169 -71146
-334567 -159460
604440 -238748
705257 446393
-163020 -121245
65706 -186499
-507020 -224062
131586 -253861
95585 5094
396441 -79663
508234 -236937
173986 -319138
94761 551069
-88465 -1072592
1210560 -278508
-386318 -374918
-657752 -631619
-491550 -356935
227061 -650073
-523635 81008
-253618 2835
-567597 606083
-621053 -84124
89731 -429906
-234476 1274754
-32894 552509
325400 -139389
-568272 455040
189396 -386973
568099 -73921
26164 1230864
925766 254788
149833 97251
-571248 288464
208811 -423508
-479984 -409379
151206 322787
-776932 391267
478310 -965308
130523 213545
847877 -669540
-350254 -16764
738471 -31424
452645 117209
212308 -58733
-151198 -276839
-188581 -57590
-370061 -335589
-228581 417022
105415 -499594
747045 613509
-529723 -195027
-252293 -663868
491699 -325571
277784 -290326
-202572 72075
-830103 374271
356547 -216158
-790828 -22021
1301349 -226740
-147270 214915
-818188 -68471
593722 37084
-313010 19242
-127698 137969
-609686 205328
491034 284721
870064 154013
-1003742 226442
-427213 825294
689389 -118748
195589 -462981
-909028 -433459
46975 607981
1188643 -513901
-79554 413912
117328 285643
22096 709968
-493280 -224957
70750 361898
-230235 433335
-330748 226086
-183284 185907
375601 -205375
224951 540704
711066 -71049
143767 1147351
378580 -165176
-176591 568160
-448610 -357990
261170 11694
-402673 854763
-196325 275370
899070 12370
-948298 -655549
567441 157598
732567 1646233
737317 -119845
-55058 369250
-215434 -592885
1638170 722133
-637304 587544
-852806 48320
138888 -393656
45493 -466897
-742766 896617
245667 -64334
-308673 -634632
825158 31281
-473694 -36949
-194469 -451005
-440208 416670
49899 1108666
-1044240 -214990
617646 269926
327633 559251
-1014486 -271285
-52642 129888
149439 401354
284055 -9473
-804534 -11906
277807 97661
-593462 1151031
-20126 -158497
907374 797094
51071 265128
-36604 -290322
559594 203362
893396 100660
395299 -153587
-892481 692652
-130846 387568
349073 294501
-1145152 -374545
240617 -703719
300336 -317724
-218893 35096
-182536 207224
426094 -55018
360262 39291
-732802 496117
597395 122692
-86511 278249
-90669 797749
-243361 -8484
266673 32745
-338544 -516588
-413621 -204323
142248 141186
771299 523298
-66895 -617254
-325684 260437
-190236 -90333
384541 -625611
-18343 -453136
420457 -463118
241229 -570919
-405432 -170951
428090 453321
119097 -267438
184508 -497069
-39566 109275
413572 -597489
-416017 -32631
543087 297568
-2702 -463030
363002 181967
-607100 -807269
-336812 -849091
174769 -352878
349216 -674778
51099 277936
-240123 -550282
281541 -90816
772440 -842998
-689742 779954
795048 -296305
-276686 655217
-686886 110543
1143960 -530301
100820 273983
738173 59686
572806 -1028722
-500080 46974
-91962 380307
694131 -627124
391486 -837650
-255680 -17530
-228310 728927
-155652 90616
-485457 -173452
-816796 337965
-338275 -459507
-139093 -242594
564586 -833762
430131 -158611
-2659 441686
21864 -30227
251602 214900
834600 706593
-352053 41599
-714474 -120316
-330052 574484
33222 -278017
-202831 -367725
-1234648 17198
-267516 501708
1040597 -367215
610481 453006
-109473 -275844
109051 706740
-35592 -556382
117715 -283734
471576 611263
-332152 -918891
135831 534458
-254188 513758
243800 -134286
85028 744021
169018 196441
393989 753698
545181 -294884
-387122 -61534
-838266 -193598
1005264 -28054
162962 -54189
886999 -1237888
238523 -307108
249283 -538801
864501 -487342
102971 111496
944845 -613597
-347806 -478894
53818 337513
42126 495464
-595127 43770
601582 502104
297503 -486727
210346 716655
-7901 -150371
961188 -349022
317281 593931
-329252 -586529
-248019 131390
278280 275334
-853710 592934
-94891 -277539
-38705 -410751
-731999 -399008
-181696 553688
695418 -1056951
-440048 -513388
285778 227906
273962 -367579
-84874 547202
904226 -1059941
-73488 -203565
-678883 -149983
289614 -265912
-372260 629106
118153 -182932
475134 -48697
-1165398 77047
-99716 109662
-690347 710206
600672 -765402
-231023 764278
270689 96739
-318994 -447760
-634023 -587135
-781688 -100585
252974 2679
55974 -259906
489867 -701325
-575100 521563
-460860 -318879
-1187252 -137825
288108 379784
305743 203611
-680040 1067371
-769450 272135
385819 97725
111669 -390508
211775 -453002
265265 176258
182211 -1050901
683555 229185
232242 752888
21794 618435
-289904 -540394
247846 86009
193269 524976
-257019 -962415
-556325 -127062
767873 -258574
359131 -556015
-125351 -157358
-16428 -947992
-87187 570653
-278332 -519718
681638 776727
-346259 -106269
97632 1053414
-584296 -89921
-793832 -246279
117584 -306254
-919245 192780
-398684 734650
-199251 -786366
483429 106069
-274258 101229
810029 403229
-389977 -36104
76063 -302678
996294 -173392
459591 -339490
262477 -240424
-856347 14542
-122353 -961519
-626859 -252457
-162150 -595799
930769 -864179
-160765 -141341
326938 -40119
-277533 88582
-128286 143293
892095 278708
-278799 250926
-413619 362741
153019 -385844
1161313 -246911
-811502 -1041183
-924868 -407276
133891 619702
-250900 257670
-421664 244351
-172137 -81415
-40778 270325
265578 728832
-208956 711849
-416101 975726
-235817 364889
-130268 -336632
1369117 -712011
120108 1410790
208851 749933
96462 311396
19334 731798
7022 1052436
277298 -588018
533605 -836025
1671 328989
285138 -497750
-601942 343878
-363669 52609
-338135 -239537
533460 249569
228493 13745
-79739 -31156
-291854 -451773
85182 719489
-499643 -177540
-148117 -439288
185529 -838432
-134282 -189013
409062 77124
-213496 594581
-78854 513627
82620 128891
-216367 -521771
513767 -95371
-198905 -1196706
-621784 30709
-349332 -44582
507304 36302
48282 -473958
-659397 66286
-69890 342292
-112372 818188
-56888 105758
235541 -414938
-279823 -987645
-490908 -156993
251464 39447
336903 -1713468
-70635 -548141
-1130787 258416
129537 -354861
-112270 -566184
36945 -391273
-300782 135761
60635 -794470
-267626 208626
172509 -107140
-158761 -821915
120809 744444
-215192 936157
-215375 488226
-222215 841440
-565789 1094592
-301977 618733
-548687 176998
-535280 -15296
-519122 550769
-149547 -565694
157391 489593
441549 434432
922504 374248
873194 87896
-342820 -538586
-504988 -974282
177272 -311236
-667579 543091
305511 -1010330
1031166 143470
173451 192826
-948826 342624
-296995 454562
-516757 -492190
268289 -684899
-386471 96745
-779038 -200872
131324 49595
-38996 8501
-127942 588163
937951 -228703
-545482 -563619
-388774 677161
281285 80211
-706643 -546162
1017148 802282
-58918 -176040
-624448 -359757
-1647022 73730
-570624 172878
126690 702721
-313063 -344731
-1175716 -630148
-1006323 1241742
177564 669530
-160870 -561340
-136571 307386
624888 -149365
71360 40443
58356 -441641
-277549 69410
566471 -194972
-527653 -10568
-350967 -689388
-61011 310993
-498014 239587
-223313 1065770
-888166 255705
569450 38684
636454 -1085033
569774 -861957
498929 753257
-492657 -166075
-921950 557927
-660571 -546848
261175 213720
-209521 -358766
-89221 900676
15030 -157735
415695 -577531
778746 -659329
-68666 507634
-770235 1108312
697526 -13468
82885 -269241
437695 501931
-350766 -213072
282260 88182
-18527 -146923
61751 -1102
1302769 -603828
761915 876625
-108763 46813
-1313754 -264069
-1649795 727399
90115 -129540
-32382 -70300
-333651 388247
145675 -255831
638785 -855309
630535 361220
-22771 -106277
-138513 -142118
-981704 -345721
-221798 -244256
530776 1351546
-123169 1057432
1080599 -75378
-399100 -338199
721203 197240
-1067578 176202
285379 331686
15863 -447812
-667749 -792767
317993 -89530
184917 -249874
436066 -995634
272614 -114800
1383467 -397372
-598842 942331
196648 228873
243779 -1150524
153266 522071
137840 314038
595815 520406
822633 -591946
-344714 -371826
-772598 250485
-155644 -446126
-215175 -326682
326399 -191657
-224210 869249
-485147 -948019
997113 715864
-627811 -215484
51036 215025
-217626 311531
31858 290993
-279037 -647478
-1088617 -1065721
-239933 24363
844869 -236349
-62789 405327
126761 -172026
-427967 454565
-111890 -507030
274208 364664
244527 -565606
402494 -634836
-366977 -282499
273882 -300494
-634323 -897617
165867 665387
103349 -450818
-695110 -690224
33234 -58613
-83926 -25067
-64695 235629
383178 10696
568552 531949
-93495 -878215
254333 -246189
-277880 -820855
839375 862492
2237 860177
611027 734966
-268392 134326
-31418 -36665
70317 192171
-163910 282676
268036 1300155
1513373 841247
-148476 -955983
-264482 -174331
358041 -486044
-106360 229329
-79202 1226580
160749 411571
598180 388391
-405715 422409
31096 103753
464114 444502
-347759 109009
61614 -223210
44976 1004183
367357 -354444
107545 385234
-257022 154496
2170 -437430
99718 1074952
122529 -626605
-72886 4966
107089 495751
-811814 568334
311443 -122080
-248558 32368
117017 -571243
36420 -388331
-1213608 31533
-381492 -259192
-1013729 -104765
-147915 -909734
319388 354742
281717 896225
392808 731677
970448 740166
78407 136515
100714 -1088784
544166 540464
-282663 -370267
1032462 928951
-205656 -291825
-369943 475452
-240285 917793
16962 -52940
449410 196059
-529688 -550515
303983 -365017
-297402 868779
205371 978384
-747928 365882
-471261 -83551
383914 -149785
-323007 -816948
-147549 -26474
-295393 184229
608355 344988
779908 392308
420549 -633386
636281 503722
753963 1202889
-46727 -999867
-14434 215933
-427041 -420437
-190485 462134
-606457 812242
-203508 -248850
518120 118619
692199 593335
-183634 -333512
-1042773 -153177
-48315 471490
405907 197072
-1142369 -857734
-34160 -131297
-792938 330857
-1419679 158471
-797260 -280210
-168061 -170007
-114588 733519
-140321 -364608
223584 -518563
-204859 152748
-201848 -833039
-343342 63824
736031 61255
-18088 364792
159894 -345899
-526327 -137655
-855499 -1211145
93720 631495
124051 424070
336254 -274552
-396381 360833
-183606 -712225
1142814 -707029
109940 53447
-104220 946815
-664165 -147454
-38539 -339499
771404 223124
534785 -1240
-200077 -516407
316109 -225439
227552 -385907
-124941 -1246538
-342882 103696
895614 498101
599906 383588
649985 121575
473802 307503
291452 -384273
-727322 436068
44576 195807
-197215 841286
-584310 -174748
502916 66646
336913 1210746
-96324 112151
434384 742689
-354058 -676157
569382 -916967
-573875 -171796
-81597 762851
858290 792350
-642601 -103102
20658 222233
-884734 -91872
249581 799442
-16282 -122261
226585 153327
400329 -389949
-262801 -166729
-726915 1374247
945646 603777
508557 -798581
-235660 -109457
-89938 17897
804975 -197947
758837 196442
-274634 -296426
127202 -1194575
1301605 125972
-834102 712051
-511350 218299
722333 370073
-741921 536735
-122857 741803
752026 851522
94078 87878
237163 1266069
539060 -524838
-489002 -832368
200243 -104146
74657 659693
980655 268708
-109892 -855160
-235321 570287
574126 -610861
-1159752 64023
-190499 -28948
359863 80056
-138644 -8287
174599 703731
-309597 49039
15091 -1059976
618250 786418
-888203 -522558
849948 -944976
-515602 -1055109
-33739 832773
521454 -46457
348584 -891471
1643278 96540
-321178 131690
-396818 -131981
-744885 1147444
48953 829845
-479035 -412574
-161819 -329576
226292 253191
-133391 -640281
427111 -397182
-629594 -348605
-675779 356643
248895 107442
-315315 839580
-251006 -141722
-50472 107272
547637 178120
1326536 -201948
-187449 429453
390021 327142
756013 -742820
-137822 464157
389102 -857275
-821581 -772513
385709 -63327
-310038 -589519
1079371 611796
-135695 215444
-82237 389629
-222490 -12414
485160 -678880
-140859 -1024283
-2750 -375423
-702694 537609
-209702 505112
-717150 -414987
158284 95057
55322 -337934
-1384067 -154959
-356886 -66134
-402199 -314796
12146 -787118
219685 -340494
688925 115754
134038 -137444
-461574 336807
-46140 719372
225284 534575
-113556 -65025
1090855 56595
94009 161368
868009 679568
318829 218434
21664 159654
-445429 662944
917751 915753
-322873 -291337
115844 644404
-129928 171574
-988084 650006
171101 381516
263240 -222734
1116361 -153549
119006 545043
-605141 245510
865001 104383
-459260 412668
-517203 -712770
-487348 857467
-612071 104568
505134 -782955
1130985 22516
-217168 -380731
252213 367881
-104974 922440
139139 655847
-504545 137632
1312425 -94401
-890296 609348
-437051 -302353
328419 -383736
-782629 524136
-410581 -469046
236349 -9553
70015 115019
847508 -117051
254271 -120807
-201059 261300
953074 -590625
-406440 145290
-611004 -452475
-341916 -365601
143130 -892511
-652733 266567
892326 570508
1227801 -712020
-913599 -16467
-541584 -1245180
433815 -401020
-183974 -336986
132379 -160529
234669 -433549
21881 -170636
-104708 1080870
-196637 -679161
-771207 595020
115732 -1080223
281202 450855
-64722 -79973
431147 672435
815049 -198414
-667555 -704772
