4672 163323
-106621 795880
-112641 158502
-467767 -309859
651468 -329493
-373979 60588
-700411 726276
-23408 -171176
276863 -285663
-717606 -382429
-493109 613039
414886 -245870
135949 -503716
-875113 -74645
-688555 -35648
-540781 525127
-949516 -983896
-1011344 -747156
497127 -101251
-865992 474859
957459 29937
422464 -632014
1483558 575365
389737 107146
397453 -72380
858136 1217092
536744 120205
-454777 308445
844646 320854
-164708 859501
-241125 173204
-644701 -344207
191526 -121858
-228372 -136041
-618457 468342
834340 213313
-396740 -13906
-30284 825329
354856 1204266
347104 -383894
-666988 -66863
128621 -257420
-347006 -791464
65084 -229946
-150352 -1244733
-22343 502339
648747 -190143
-17556 187331
275411 13066
333963 -99341
211947 394566
185736 -65168
501470 -229439
162218 -440183
-61666 -10601
72615 224896
-46609 119990
-3159 419631
535935 -25698
-326867 -716023
-45835 -650959
-217562 -100342
828940 170144
261213 -87692
247120 -282237
138986 -202660
-191156 109541
-382948 969626
-273754 469315
319997 -356294
-437322 376063
-342424 -137710
-895136 450679
-183615 -320877
-868201 73171
692 54516
182431 124889
-226554 345477
-74804 703666
-331246 116094
337476 221912
65743 506246
-252373 558474
-1193310 -772656
474431 -222317
611085 75678
-380234 -291692
46853 71850
-41825 -645466
887146 318933
50083 -952120
357710 -61053
262250 -373617
342272 75504
-294788 -1455923
-460441 183766
786349 -254560
55868 55764
157926 -181933
511020 310120
-305408 -627856
-44256 135280
767722 365004
985550 -364901
-507116 -1324214
-81118 573922
1170089 268130
189718 304325
-264870 -113434
-100243 420757
-89849 827286
773701 -113949
-278597 659411
-224766 309326
-68045 -646623
-690946 1009986
-373282 -48062
-708938 -490706
242025 -474267
-211323 270145
72675 738908
-132460 67845
95870 261555
-984479 -172609
292132 115452
155207 -450492
352310 1522523
868695 324839
-793768 -1004897
545135 108221
-161512 137783
580201 727518
-217629 -187459
-23702 430569
130831 1286208
-483955 232074
-26105 217390
683211 341881
679524 225040
303795 275080
534700 729017
-259997 190127
-776881 552262
-212756 4266
563487 -251317
851849 -431493
276721 572106
-940200 -164763
320252 676872
20774 -29447
-103501 1529918
-811020 -157092
-857877 110032
-214326 -182138
-634453 393887
349378 -1057238
989445 -291961
-599793 91196
-428026 -19257
70212 -42373
-765601 -254299
502585 -239501
500768 -110049
-263392 -598806
390774 -18795
215008 555875
679843 -577702
-594324 -452452
-30092 -777120
-376248 38602
500909 -374766
11795 106604
-279520 12767
199919 930235
285705 961584
-23430 209265
-738249 -475781
364126 490890
-201135 126168
527983 167263
-345039 -1229143
756116 -481935
-467806 603229
-402963 628443
-202534 -518221
274303 74200
88979 -364316
277356 149489
-333833 -41678
199133 98729
30672 724071
-47470 -184737
684432 -19321
661240 -237643
495236 485042
-122010 -96278
-95711 -25939
-416484 -641074
-2193220 -237412
-591219 -853177
-573341 -27859
-311043 921722
-70266 165404
375458 1251749
-521823 -260744
-104100 -29532
-23648 922158
270023 -261413
590834 -260443
611736 457656
-1234465 16361
340875 -77292
836955 267249
-18405 1391049
-98453 607283
217628 -226926
154674 -232702
323874 173983
-381382 1218631
316057 301662
-452388 -832265
-657060 -420429
-382528 -284739
-538136 13780
-273203 -210063
310398 287161
-171592 1445894
-838446 605870
-47330 816620
-355072 -375293
-129909 -70596
159807 214998
663011 -344936
241656 -72715
164341 -293385
315834 620387
-393701 -240803
1367985 -550262
1014532 -391747
296881 -808706
827329 -218924
939644 379407
144702 -211037
683014 162743
343710 261188
104512 70359
899362 -162487
22734 181652
-171066 -24817
-679296 -1022304
213808 91719
499997 -581715
-173965 429476
20565 -272137
-310743 -412896
-232897 -813862
1984 75070
-558383 992098
684408 163891
795134 -555251
-1715191 -535924
-264489 447017
-1151498 329304
-149214 321143
328137 -836631
302216 -295394
502906 -742311
-358686 -400674
-122242 -48411
-126578 252310
11569 -665545
421737 -727029
-484477 -453961
451871 -155542
854231 609184
877407 288209
-68053 -468739
608239 -149765
-210651 -298175
142305 515987
-654956 -690636
1013489 -67006
513351 -41286
869052 -643481
-127800 -693018
-80828 -975452
-358127 -445393
298352 14863
-663008 1047374
663315 -753046
-353751 -639019
-239844 69200
-152545 -10796
445948 886467
438707 -22413
58340 693332
245522 -152265
718462 1111215
104944 465153
-452400 -1222449
387357 -271039
505891 -296016
640668 801138
-576949 -31693
243892 -644860
-355077 231768
-575247 1091198
-229678 -317396
-78787 806330
-90122 -125357
491572 -193449
-420603 -48135
-101070 -775613
139381 498092
184826 -667033
89220 25039
-296914 526475
599077 -187982
-86477 -274594
51899 313167
-919009 59572
-58669 318481
101333 -194528
-165196 751044
695341 39138
-345430 114605
-161949 -165934
-305582 566624
19286 770059
178278 -79848
-600434 119476
1994635 -655403
311166 -603392
1042356 -61188
413527 -529383
-479400 -980710
-46445 663258
-629554 183798
-145938 -632475
-1576220 -1326785
-428717 503130
-512743 -444424
-25636 -355832
-60978 758984
-404230 88018
-535153 -210381
-1332418 300276
717109 589092
-437719 -350272
787360 201729
251340 146551
-613462 628631
-310571 509749
-67242 -713853
589133 -1403751
972 -91694
269191 -256872
652605 -41432
773734 319288
18377 -479573
999119 -146671
-375169 -95353
-52655 540457
-159461 732410
445358 -196948
1077713 -267812
669585 -329692
375428 33610
-463580 343429
368982 -795454
439914 20203
-267700 -323107
889073 -60822
29760 704176
-798160 869060
-1078071 -735574
-535623 -19271
-306230 471702
1193111 -207711
-980966 416136
163365 348936
387367 -1212029
371406 196318
322626 -353370
1095071 419891
692267 444018
-52830 -201180
-104216 -538179
156213 -145722
-7415 65297
-63726 -610279
221474 330083
8339 258310
117760 606782
-122219 255578
87986 664868
-114736 231679
-905319 799760
-55268 73212
-584844 644335
301498 1334083
-205448 -1490764
-596126 -117892
-287350 157371
-248392 -48056
-885566 -21494
224284 -211342
859840 -650395
-505006 -907460
446096 -49411
976242 269559
-169200 -641222
-765059 493760
98456 595054
-475417 608235
79170 430653
-221970 -48140
501212 -211146
111819 -287577
-214019 226176
141195 1283514
379528 -1110
-1083202 841767
175530 43874
-351136 681814
-459417 930447
-735659 -417680
273612 362186
-1079337 -454604
501832 -166124
953039 33227
58445 -277029
462497 480029
753400 -620465
-669754 535432
-709502 -283760
-49932 -24156
19852 982509
-309085 354873
-655828 1116077
-1065508 257541
128355 -255118
-11258 -184250
-445703 269726
16493 -151074
-1276134 -55937
885242 387074
581213 -242992
332680 21611
-44547 403669
-299632 112909
-43892 312759
-212697 485179
-305375 591556
637215 237005
-111515 39401
-243018 -535155
10670 -436841
-53567 189744
325216 320340
167020 -3463
464046 158278
170675 -704187
448983 -93898
-346194 -90359
250330 722733
-421307 -316884
-523591 -302141
472594 -195516
-1030476 -609023
-594187 -708564
-627983 -259018
867636 92410
777792 -534533
-873198 -378644
116835 -89619
2372 691637
-462112 650688
233897 -757970
-499770 -423160
1465322 -288471
91729 -1219341
-146488 -661553
-326562 -364494
-166589 -222904
-66166 710535
852568 -830609
-341052 -1641
-192220 303474
993104 299003
295784 366413
309681 431197
-696658 483033
-765524 -697
-86716 -332396
323468 683923
-415904 392844
-1157661 148814
-1063143 -111107
-52328 700496
666811 45064
-709043 -324166
-802909 -103284
428598 12985
-608450 410941
-427116 -403456
802960 -247764
52733 -352870
489739 -355819
471110 -168196
-469872 -1063707
208391 1028604
1155613 -439155
246328 -26623
-306019 922482
-145066 948131
-577599 -492122
245468 323521
-905155 832824
474867 226296
-32318 -436722
-574714 -146741
-408994 -1100648
-163486 733411
1112120 1869
51610 256507
-319674 -1102649
1064163 419528
-554447 -826708
-308063 -638870
-189992 662138
-328614 -371388
468062 -1008838
190977 -339199
106082 -1363121
945605 195592
-163947 -663634
142470 82982
242110 190165
-354531 594054
-576240 357061
-438963 -186426
-188270 -528851
219679 -36938
128020 62090
742583 -186318
-504308 1128788
-7786 172000
859874 -683416
296566 651975
1053090 1361978
-189264 -89889
-1292421 -753466
-878898 503651
-527081 23554
821939 -210748
135280 562619
-164407 311823
-1077250 -525475
-793700 559675
98151 931877
-72931 -354292
-312576 -330588
-123699 925353
-528106 -643904
-310311 467538
292345 -683064
-21105 -318250
-269612 937576
-307057 -377001
-820867 957913
-653553 -1097098
55732 -246913
-294981 -965736
-972849 -103213
-225472 -462707
125087 -761451
695125 770036
-675731 59756
536223 -537110
-547997 -23102
685868 139549
-584731 110829
-545245 -94494
-362223 -995329
250892 868650
493538 -170315
379620 -661691
-299346 -774624
-295792 -51954
-210822 -870305
-42238 1471027
478943 -443558
81100 -1201323
276280 293777
51056 -750927
147260 140774
278428 -402830
-405644 -3832
455741 476517
185689 683536
148830 -431239
692380 720473
-563361 23716
-335321 -407740
-737318 289691
-366366 -554223
-486390 20657
561265 -704052
-377324 -290126
-726467 462401
-123240 435325
181218 205970
-20292 -887734
560189 -369951
720237 -40203
-536325 182839
-58374 -792192
573307 396755
178590 149728
446127 530294
-186727 446972
-619709 1026304
-222522 648670
384499 -938876
-652474 -662699
731670 1167083
-265352 -208680
5065 -764663
927691 960324
178123 30733
319936 -325311
448454 250724
347362 118309
-284261 511915
-53629 -521775
50650 -66205
-1021679 779540
-72993 -360068
-291323 472033
1290585 561007
289847 526576
595747 517369
1439397 18643
-120811 -107587
-166523 -226380
-500596 505604
1333934 338062
555351 378246
-577810 -773566
-333100 34840
447112 668719
374849 -790662
-313943 530814
804643 261223
-272107 296857
568561 -740678
950 277019
-204660 -550607
-536027 -360440
243146 -61410
5868 700533
80692 -408448
-45764 -425195
395493 99211
38922 -445207
473203 508356
249872 -19716
-1038763 350779
195671 -561141
-690565 377097
276567 121675
413711 -537234
-208994 410517
-273091 -186708
-614686 -1404938
-293955 152130
209776 -353744
53637 431992
587005 -30994
132099 -714274
169394 638154
-662536 -702897
-272414 -950813
-266395 -157223
-115369 -543530
-748266 -278983
-95918 129859
-421178 -207087
122973 322712
555698 -24495
441244 618368
-47395 593619
583787 680720
199750 106273
689859 844316
-215535 -1008323
296318 -743484
-487031 37316
-485384 -796602
-306482 -709011
1497659 -680647
-136646 -198454
679006 -515753
-51143 61694
636198 194578
330305 838347
306006 50599
85055 895850
-396123 -978766
-626264 -112258
-187992 -130284
-726628 -729728
1032385 239522
417524 -485660
112233 285712
-597254 24347
-771093 10249
357545 102164
-865556 100442
173072 -451212
308298 30401
-59709 -32575
-593988 -371005
814671 681601
151209 -1412843
219383 -291311
-668537 9298
-896767 -548060
-943730 154757
-227067 2183
855902 -510112
-270892 -162744
199996 -120529
-132994 60122
-396721 1092264
602594 124516
-359100 -18853
-434447 75522
760004 -624295
597413 458691
95547 -126260
531168 1844
838054 289658
788752 -521347
-30490 -640857
-209820 -549705
279575 154612
808791 91947
47258 33300
-225481 391223
256452 -37386
-350303 443308
24689 1187396
14213 402323
63515 -390879
-1032 -57753
356038 -25237
333442 -304385
-390146 818200
482927 -895722
-233967 83637
266131 -196843
263665 -221576
-230605 -34265
211968 766865
170133 299853
225022 484181
-707498 -494449
546479 397364
-182347 26626
550292 572694
-288008 -810063
-245284 13537
-298562 245693
-279369 299424
177513 -451632
-426329 -787392
282130 -312908
863629 103826
-138802 -1146919
-465594 -825695
581075 333291
-628566 -189963
-361424 -642022
-65303 80115
148229 -119050
726539 -581980
-623287 476766
-654240 713037
110242 -193736
1055056 -104404
548604 336706
-79250 699322
-679780 365536
804815 -697111
-1327036 -219187
-385731 -177417
328250 -777081
695432 108604
277090 -111920
-756605 -145711
-1000634 -361574
106121 -482000
-252670 1073173
247432 -283323
122070 -24672
80861 1066359
426610 -203943
-982863 -385681
310047 80255
159690 -300292
247127 -321661
-23230 -114784
-524787 -670277
-237807 952785
457145 -158865
-1392822 1229295
628662 492780
-163375 -279056
1022245 391086
243154 -610992
499492 572381
417061 -152413
56994 5594
83403 -231617
1090697 -876193
561624 565131
-334226 -645209
-346353 -687363
-7959 263468
-627718 -960657
-320350 679419
336682 -270462
488132 -302680
-167372 -369593
-74472 255331
518745 -470201
1034454 -272386
642215 -241310
-1216856 -571588
-34223 -66222
-820307 -313991
285553 -48995
-137831 -596998
849286 953451
927012 3285
-909124 -716076
776580 72207
149794 -454992
136692 354265
-391621 606842
-97341 -447392
1092213 884350
-454412 256330
-90091 -78502
450412 -649894
13985 -635956
-424068 -738487
-898470 294475
1131416 416869
-1568682 561126
-310357 -571735
-46539 -114563
-217551 -122966
336724 450441
-146426 -1302398
374942 259351
-1079492 -197550
-394225 124766
780878 -742991
90895 349416
78944 131771
-8457 405492
-6626 612995
-504944 -417895
653739 -335308
568269 -1966
183125 484311
367132 485135
-836669 -667729
-165790 -38781
27774 562953
408457 -691370
862126 298290
-169918 750423
117238 29665
-259743 -558831
334355 386132
266611 -154169
-636453 -733144
-544701 634545
69583 -412810
-249756 -459979
-975120 -872394
157814 520625
-288119 706410
276280 -256568
532520 -853597
950812 -230308
137276 24661
-948821 -1089916
-519306 1182281
-235005 -788372
867631 -609038
-876757 -139144
-369951 456496
-603099 -211086
-21473 -1210880
-101506 -655921
274188 -408540
871715 -83499
634649 -65102
238034 -35352
-1154308 321198
-773217 71062
196557 882613
-291884 -824922
1336998 -296589
433524 -1451953
-35915 -254856
218614 16087
78268 8588
-675415 -1414270
336800 17053
116659 -54316
-771479 -793622
-471571 815866
210866 -309437
-191401 410072
-196528 215206
538290 -443946
185025 159068
625083 96004
332553 -116995
-441408 -126805
-658111 -353222
-138526 69887
-503194 148702
-482248 114006
859938 792262
-41909 854051
-404426 -624941
-170211 1022917
-171571 -96665
178052 1162895
-1144093 185239
-175310 -201983
-209331 1494966
451044 184038
-201983 700313
-23035 539356
-822412 657785
-662141 -378608
-340920 -197744
-700379 102973
861936 901433
-229963 962871
19008 -638223
-125724 201302
62196 127920
-506089 976531
242487 573902
276519 -502986
622996 373688
587472 354723
-803899 -81515
-1551920 -281442
-338240 -150052
1036820 836025
195459 -166497
106246 -388618
681233 644526
122823 -68838
202184 369377
86336 -884007
40871 625463
-300677 608507
143824 624906
-333609 -682683
951192 99941
286815 -1061059
1039765 356161
130165 -77317
435229 335870
753523 577727
257319 1084207
-365752 -94088
102642 -1437647
955149 -158423
-1096624 -283294
1001145 -117125
-357995 962321
-497332 463864
-206599 653184
-694373 304593
616459 31472
445352 391971
-611575 371908
-405775 -89955
-100788 175611
-1089970 252930
-19957 1021690
-216944 55199
84086 -115978
1269577 852677
384129 -593291
1655250 888817
-463252 -934116
154340 -128946
-126215 63820
476717 -618034
-414333 454599
-165236 -84863
598762 -1218696
-360588 721891
-622397 -17120
-111350 301076
-51444 164513
55502 -462824
-134324 696678
936495 -325238
-195463 389171
-1862159 1071461
-665132 -259320
-545199 -189562
539796 191596
403697 235672
459633 -270799
-195520 -376163
356343 -443433
-476534 185856
291806 -328169
174672 -4464
-226863 -978249
127648 -88467
841965 -658095
-208760 -420114
586556 -27067
609378 167435
184874 -417799
-288374 681179
664800 -299502
192778 147442
-433379 773040
128985 478362
173522 481029
577388 -376050
227975 -41813
-319585 315971
123955 -386505
567878 -177409
-238885 -552880
-689922 695020
-284575 -53441
542243 530947
405328 369903
-653283 -129076
-759304 -392154
890757 208437
371567 -490808
658240 -6636
942058 1056731
-380511 -275493
-1095558 604879
293001 -571513
-95989 -561738
-147949 126371
-25430 -61854
542999 125831
-668531 -112032
-624558 579955
-286371 581788
393066 -133351
-17001 -50110
580524 -66876
-550713 -50310
-699604 228398
-50195 590062
-894514 -41154
47976 301696
-15224 310900
-1170679 454314
412126 -205533
-276391 -573632
882861 -422026
-1882 -749792
243064 -164762
-1077541 539961
774232 -392970
519111 172091
-227278 -1006713
-758673 -250091
491947 554490
25639 -6820
-69484 249041
41317 -1107422
155474 -800094
237861 -257354
-98236 -275364
-91064 -828335
271396 712962
25598 1032460
92063 -658376
291552 500810
-495935 364888
984516 -358977
182766 -146788
48862 -121330
-363833 412918
1161959 -672142
537220 -1173137
-307120 -1167089
-289248 281891
172547 2460
-567598 584162
837727 130944
403613 -290423
350327 576630
600107 -202818
-1080171 876842
-35739 116757
-444872 41673
429399 -348456
-684471 -928628
182786 -33992
358071 589835
949101 -482022
257165 -304370
-30933 214697
-265258 -728556
1195433 181474
587280 308440
-59003 -782109
54908 1112453
-21870 416977
-793649 -144595
-462107 -133175
326471 924585
-172500 635235
-420280 1335215
946593 -244572
-987301 178128
457796 597747
706278 316666
-396858 47315
666994 -388512
-136552 299526
390780 56832
864503 273086
-215094 -529888
-398416 137592
-539696 -380916
720746 -607277
-287211 626854
426272 600483
288096 -784357
-896855 -128144
-257651 -24529
89703 1038912
111015 -78802
201226 -620654
-435206 1193271
445498 -313413
202790 367328
98514 -592243
161989 581303
-71331 897335
-350301 -92985
39616 -322231
-209726 -1169162
-339108 374787
171231 800531
312765 811104
587340 -146826
756827 767535
170457 -579179
-746584 -1457
745648 -634412
116823 11061
-479246 454839
362086 978551
-462491 -36907
-225385 272831
-1295886 -811551
1446279 -121658
-266048 -215096
-467163 -683954
563788 -349665
-26386 -607654
1663316 -561451
449215 288
-146840 -1041324
-609381 -314512
1106421 -728829
-507415 477626
241341 180254
-584851 -412560
270483 27460
125765 -63953
-546648 -1424611
68654 60762
293750 313926
97375 458835
193774 -585932
-648337 224893
376158 -514650
-204554 338440
-26855 -749979
-547466 -1004161
-591765 234444
159395 -1097272
-277823 511540
282680 742496
295052 -327664
-497478 -699048
-303416 951666
124657 465268
201949 -129869
199678 -599136
413711 513449
201482 -709832
-782363 445554
-126323 -211590
776925 847506
-1190124 456392
176520 -1043576
-649058 390301
-335211 -143339
642894 -29141
-198938 281408
199618 -173948
-560949 157618
613647 1237209
-14738 -815041
-323369 -505605
-564503 -298510
158630 484648
158075 285946
-92378 -27324
-597295 253735
74515 -814888
1072792 255366
-349365 -834600
-360550 22788
392841 -1054311
78797 -474672
-1127845 1029392
481853 314863
544973 386619
235590 -568131
-446706 -418994
531907 530439
-319209 -30729
-363367 75402
14464 -106571
-247166 -323946
-77782 -1107778
367004 -95964
-980647 246902
79607 -621643
-643401 968119
532205 -320379
6325 -183824
21362 -353095
719644 -498796
-378355 65362
-559139 191580
283017 103735
-458849 350669
-180946 -84599
-921975 1054522
-1199454 -22617
-295576 -537845
509803 450254
-66640 -48317
-1139261 -387132
460795 -22774
307745 489073
-667981 80410
-312950 -455346
175355 354549
-80090 -303014
-231844 -109563
376908 -233494
171158 -316154
553390 -397927
42196 -736270
-796400 -537247
-755758 211387
308403 287750
-1698358 -317915
-287551 304072
426912 972210
-206775 519572
-470598 807201
118273 125668
-268053 -448130
662546 -112679
529687 542083
-1005288 -94679
-120926 200104
647443 -120633
70141 279930
-642698 494366
855985 137622
-448081 1676417
-203918 -782047
421053 546916
325422 107998
-24244 -251634
710812 456062
-412106 -1338347
-135905 -1163622
213646 507490
516506 -950639
-965177 235735
-319738 340201
890032 -742872
444457 537165
462555 -116409
46818 -143079
-46609 -68447
240213 -334210
-147534 -201881
611198 138888
-477965 863420
-241548 446287
1292103 -862132
37045 131534
-411290 -431712
-455512 247166
-141804 320324
249764 546047
413763 -787640
340066 -816595
188265 -758765
-589405 -225058
-244731 1843312
303837 18353
-246032 -381528
718617 701591
-1126248 -571004
-123058 -1297052
-323957 184675
507207 -509094
-261226 -665193
351650 -406142
282878 -338734
616117 -1209145
-753874 50092
652754 -558121
-165470 -402174
82553 178537
-245865 -706829
271578 -589316
-109877 -132922
751737 -880089
63299 -678188
395814 512966
198014 288730
675020 558492
769775 553613
246299 500545
77121 -543577
-376621 -411952
-538754 -254389
461537 195320
72905 -21228
-997064 -448315
-734604 -154674
30242 158266
-54072 314997
-429408 -749441
-424449 -168371
564080 223148
-714363 -1055186
242215 159535
365126 250651
663104 151864
-16011 739830
84679 459611
156315 467892
339653 -64472
369245 349160
650886 77166
473941 -316307
-450458 -157888
-300209 400121
412556 441288
-15480 -221044
471016 -271533
2350 -639391
785836 -94532
-914210 210859
356240 96870
-791224 -471964
-109713 734216
128009 -939285
47086 -91750
-211326 -173570
-830895 701312
-107458 163792
-142875 -147264
269265 -439131
389925 604765
-506667 317890
-836769 505363
-657004 -899429
-108669 183418
313321 -588279
-396287 406031
985807 1044876
-439950 698992
808200 134511
-72206 348380
-697565 -161375
-318487 -100142
-15234 -638272
-255684 -312261
-682130 -1121200
-357633 -67900
-444948 221201
2435 914841
485113 -281728
-625040 3598
-369833 436540
168490 260785
-135272 491901
-269636 -41391
279052 -466168
-72425 -261970
-799091 181979
-374185 -377231
-237677 167824
-526545 689611
613477 -102666
936874 -1235933
160402 441941
-405042 146698
-1211028 210971
17482 -93571
335732 -316717
-570351 411365
-236747 -579753
124946 217667
14951 568574
-10596 -503037
73379 -408988
-314354 -182295
446498 -477559
459369 489509
-155928 347051
-1280179 -443
697846 -63349
318205 593384
-128475 -198743
-140396 127487
444054 1211115
24740 95490
10429 1207643
100505 1210521
-926805 -423540
306300 -716618
399775 679776
483738 -186961
1339911 530812
186947 472420
-58195 278711
248377 353895
-432738 -220249
-5270 -426606
-633999 117282
-797521 -1199695
-191126 -318110
707752 -244981
-640618 178121
-474444 515504
-210185 656266
-829317 231235
-297079 -170362
-460406 -707324
-297743 694180
292025 -431657
-471154 -538854
205812 241414
976 -371649
-50143 302703
247207 -184110
-414292 17061
-285332 -543113
285764 -665970
-45163 32879
108753 -711110
372873 -349004
-188632 -673694
267199 709592
329653 602486
555528 -544635
21250 -6106
32756 -594425
512782 405847
304077 180998
23007 72806
-131378 279996
41666 400806
743774 -333873
-63124 -547009
452642 -226182
-237718 75330
303976 -42857
213231 539723
-131923 -369438
-692199 277130
-207797 -333410
-665922 -260168
222389 185196
-218287 -736183
1024399 799657
1507444 -224058
-158438 -341732
-327792 118971
-47987 -486830
-270501 399111
-644179 -244868
98763 613006
321278 439636
681364 -429650
10164 1118550
-46534 838572
-986477 415940
-2119224 -354073
609149 -8872
-500115 129700
98871 -613626
-184280 -195213
22655 42623
-180986 186298
701089 232193
-411757 -191025
519008 656298
156373 -194750
273646 78893
-674507 -845219
-418406 606085
-627784 -9733
638074 471589
-226189 -1038484
-183807 97377
-1008508 -168808
531775 -139544
301933 596218
-116136 -104147
1345573 -418069
673172 177924
-425041 -386998
521745 -620731
643833 6642
86381 -312870
195334 -872091
535274 -226506
-536248 -694414
-287519 320294
-1282400 -1105256
12126 68445
842303 623689
95539 -493860
137700 483887
475693 -180767
293136 378448
-220194 -331149
79203 -270801
-619566 -262427
92121 -85745
-628599 698924
-177713 -854063
371474 195117
63638 -548021
-660596 212784
1073733 -1039414
-64151 337317
-850699 -445176
-350386 74702
206797 -435853
-67369 591186
232475 41234
24521 1047672
-225237 813381
1168379 98871
-367835 -187770
-510071 -214606
857845 -150940
-91263 710923
212808 377965
-418574 -162457
389304 -848514
356892 191790
974580 -187956
1995 862361
215784 512440
27360 316155
492969 555487
959789 244631
-705548 492447
150429 402608
113283 -330737
-563790 441768
465818 -576426
521827 -856591
-162984 -545114
484913 120967
-511969 -786439
-267184 -294509
51071 -165430
585101 -587763
-326911 161950
-1027068 -377935
406382 216435
-765570 84538
529578 382015
105078 -788868
-338470 -130191
-859921 457325
645281 260123
-111536 661716
821713 -627593
850324 702448
158446 -1050105
103380 -129983
91663 -416228
-438984 316854
86154 -652440
853709 -215612
167763 406714
457664 223033
281605 -496641
-155933 973327
-198311 -495554
510131 -110080
1699756 -170367
316502 102959
-224748 159601
-125179 -664839
-336370 888870
116370 957896
-273469 -912312
88512 -572190
-53452 380095
-490166 18910
-725259 -2371923
591402 -249483
-1067923 679376
605510 37742
125432 1488691
-276868 -66214
-722318 -724071
442708 103513
672995 -312690
-750773 -222099
-34296 -1186824
-94718 707306
1010329 -87015
178564 354462
-411060 -337468
152571 1594127
244025 -520432
-209278 427916
379696 -342308
-435316 558280
-599260 222888
-444836 113508
533300 244526
78646 544989
699165 -572333
-785126 -200830
620957 -126285
362606 -547851
175648 153527
-356538 339427
-565472 714482
67411 492581
-167977 381921
313024 1214006
-1063297 -551422
150781 875951
31215 -32906
-427072 -330446
-262506 185767
427178 6940
-275569 -653465
-98093 -260897
-577080 -160923
-122831 -11697
118656 -439635
366126 -256717
27944 -447780
-96582 -305388
-1073662 -25670
246811 -18373
1029275 113996
896989 1032414
-100516 276850
-169169 446288
302404 -173617
-124634 -64570
-15582 825141
-245643 -17392
622552 173131
504705 196461
367786 -426083
938261 -680358
135006 -93052
136924 355357
67032 -330421
-237264 807487
225753 905144
-1316188 199062
771445 681557
257427 -309912
283146 226942
311256 49710
-205849 -342108
-954470 -156491
1017553 -715407
278769 -249223
202971 -15222
11881 -33915
-669710 -137863
421161 -488068
-164348 -482478
615674 -487649
928985 733451
-138813 -504127
-468948 -412993
435 -328663
30505 318267
9212 -164806
-188071 -364792
-127495 -1224603
780933 -265678
37062 659009
-674115 -202869
-61487 613177
494566 324855
36308 -77233
-48876 645550
-1139824 -1165733
-163464 -368850
650975 -289923
255107 -273679
639831 706339
-613296 205397
38352 -464820
600871 469917
21697 -85490
-368689 267270
240651 124834
-368084 -359657
566657 -17136
-149635 19707
844804 -244801
127877 373461
228833 -95402
442268 134919
160388 -48233
-793428 -277681
-1821637 123589
746236 54255
555711 -758937
622407 -127764
447531 -1695
258311 239161
-252533 1070795
796090 -604553
501391 383322
-386937 -297768
-43940 500801
739422 -236886
-39402 264062
391255 -26519
-409838 -32911
-248626 1061769
610600 -141192
104175 96995
849138 78627
-644016 -241248
55946 477018
-1347506 -46337
-670331 140486
-601447 535223
990069 54201
225724 262160
185786 -89021
-533424 901476
922689 -1297189
424029 492113
418981 478832
-20470 235196
-193894 -415507
369701 356064
-384174 -1206462
-238346 1647611
127900 -436225
715487 -318541
401712 862564
-321345 -219217
801682 -874753
-458386 -688262
237949 -399972
703959 356196
-7101 -370367
717256 655649
-625445 262412
190360 858396
312558 404492
-276530 -403202
-166603 1199858
-381851 -664922
-210511 -709584
279892 -266449
574712 -367892
550257 -587374
-25734 -725537
879439 77219
1082986 898494
941671 -461967
-242323 -251078
119863 -346038
1101539 28295
-586013 434615
57203 -669091
-114315 60047
801921 -1129118
636386 176110
-23864 -59592
-726000 334372
1277114 674717
416916 69433
1767191 409415
707190 -1249094
189361 -221695
-536856 138391
8874 -373967
512700 5458
479717 -151846
-209666 -398477
356366 41923
694486 -535333
388458 272279
432608 -21219
89339 -729420
-16971 676274
734358 423920
-266096 306404
168482 -1150856
-174638 -1063454
943256 243202
278212 -417890
599579 276337
-272006 -748961
-136700 54254
227099 -392840
-1236286 -3359
626200 -18537
-165332 -93193
-561869 348528
835960 -550316
-152389 -837526
-322735 -272363
-1334835 729712
-144138 -934504
56801 215121
306977 567687
595742 -446397
-370491 -3637
102404 12556
619322 606538
426619 127251
269466 -292771
-326995 153356
-206677 880155
918303 -960427
-601569 -481870
-739303 757826
-240223 12762
177519 213920
186887 -449628
-287758 -75169
611300 704706
-566468 615329
-591950 -180128
34451 -246249
-160303 3830
600432 -533307
28642 545294
688150 397838
-263897 170600
340511 -416205
346019 32910
-104927 568764
-282217 151481
585178 -760343
303276 -113009
886494 -537792
141389 1468223
-947988 -240727
354150 221006
-291268 188112
278525 241486
-153632 363103
130708 277146
-10336 -474287
-611042 654987
87481 -140717
-244559 -872757
21767 860382
586975 80718
16970 -583844
131500 85657
-271137 103910
-760041 7168
88317 -153467
403422 -391383
-524546 -131448
131525 105177
599775 631948
-781230 -630614
104582 442580
-690071 177561
814934 -781417
43639 482782
151972 559522
632153 67410
-1435454 -396725
-441383 -70237
360274 961894
-27918 176425
322719 -163189
-352314 -507780
883777 545523
487432 128222
-532292 -373329
-528848 -1850468
-481983 -298091
41537 22191
45362 -524156
-1080277 -166516
-194644 -388876
508438 160984
984272 1087231
408235 668820
-16704 53704
-340518 310057
-788107 -373037
325877 -739909
-123565 386472
-1402426 -310419
-283407 210015
-363628 535997
-348074 527155
390500 -879046
-432647 -108078
719518 778262
-1049888 172178
391988 -205856
-568606 -17175
-869546 -817194
-334947 -328773
-1073177 336751
47480 -66597
323691 32464
-475046 11457
93785 -377708
570870 -464434
-838148 -99357
160163 -268639
-146189 1270657
-310002 62325
-738855 -724261
-641909 145098
188727 -441978
-167128 -367898
-663228 -326955
-399767 583820
1094835 495846
336234 1081203
-377119 -385296
-470348 138907
329729 1208789
-98907 -291730
145677 -869504
725941 -5217
347335 243704
45392 301934
82324 -737454
-442123 -836261
428710 811065
-883925 873650
-498207 551601
44147 39651
-979158 -236735
76930 -132718
-457568 -327901
-438755 -306660
127536 94000
297607 -373839
-812245 13256
-393679 -184564
-438099 23807
441025 -77957
726602 -20676
-8007 -269618
-563385 435454
-719357 -566438
192203 225879
189100 -45352
3369 -674311
575345 23433
-569437 -151208
671094 -204183
396118 85243
109043 -705644
-59231 -149427
-181724 396496
-1393759 29567
-211880 339999
166496 -367505
-774468 -595375
1545490 88229
-89352 -260213
890940 284463
-264367 226491
204265 800632
-365793 50081
54824 -60599
51711 149645
-778927 365731
780959 767855
-359106 -18870
181788 641349
473784 -187274
-584719 -535366
-74362 -368171
-122140 475217
569297 47193
689870 -14262
-483987 -156737
-240289 -42675
1007713 -700907
-1165020 -205498
78746 -161897
780593 -239336
221850 750435
-206352 -77540
-69 300619
351712 -145311
-64415 -607261
250857 -144697
-636240 408939
-464927 370595
473108 -869136
-616328 -330195
457289 -122652
982537 -470558
-54808 82233
-70039 406322
-414737 234611
-504062 -639077
-263273 600927
-699858 9851
861777 -599718
-368550 702858
-664674 491315
71999 -332899
230730 190120
807348 841281
465765 -251816
-168554 -75084
-418162 -882636
-287616 965276
199326 798928
356297 278664
-362893 546970
66252 -295659
318197 430805
-869123 28136
-133399 -314158
628201 796175
-1716436 -289613
510516 124784
50686 608713
220059 -22399
-713070 332075
-513586 -57736
-72716 -1192930
947305 691249
23886 241278
-139724 193703
490372 -49268
161241 477197
-221184 -430525
-189100 79854
-480462 220031
-158573 -717260
219653 -448153
263492 -212328
113214 1105209
175220 92896
32892 432329
448636 236769
-283842 39471
18269 -735758
156402 -1249690
-1522504 476108
-360547 1040666
-57368 1029189
-364444 -520530
236033 -452024
392159 -155903
522378 596573
556005 112573
87534 -189343
-910573 -744514
1166404 -222058
-308641 515851
-122017 181649
-661775 724990
-170637 -756646
-38631 -387723
-579744 -1286964
-114735 471535
606086 -513753
213298 401792
1146099 362865
-761751 -486752
64601 277806
133157 1277036
377555 79022
-597310 -178307
521927 -514976
-822568 -313804
-661437 -181678
55094 -149060
613096 164052
9125 364540
-132079 268287
-329879 449287
642142 356598
-50694 -576844
-203375 -362359
-441350 414668
731799 125264
928957 40891
852195 -602865
879107 -807426
501382 -58571
-487380 441223
416499 -558192
-416608 -359052
-403000 -592901
382606 646547
402704 104269
360672 -195964
699717 61125
-58478 1048186
-505515 164134
-510050 -118946
270294 -143222
767367 -542371
489670 429310
360782 815256
361062 -384363
-400038 -796518
-331417 -372537
-502716 681358
-315991 443782
43903 -10944
-76990 -65278
-296349 425495
393768 792446
-107322 292641
-598844 59785
-607097 369187
744342 140545
161157 289734
408161 38419
-1208882 3685
416320 -162072
-64001 -231778
-416376 -97201
-346305 -110177
537171 409902
-183681 -177736
-303415 -524845
76633 -567800
-211955 -361441
408656 -326245
-764040 -38942
536556 -614357
126809 -744487
-182561 478204
-539072 19641
305012 -61223
549097 134710
292549 -259033
16228 393569
261629 -747654
-114793 140219
-391275 -318449
-888218 -344512
-135713 -406075
-501773 -214315
-481662 118321
-573135 337035
-229920 -346175
-1363632 194937
-625191 -671367
103577 356705
-29737 126078
845494 83687
-485075 19986
272682 -17962
331197 -997926
-131506 -132544
-482880 -285802
-172033 -716861
-167395 706267
482444 -935505
-238354 90062
1090633 144147
-687771 127504
-530 426029
-412461 -45751
-321735 -72255
-392958 8679
298651 -679439
1090564 -587410
380279 553707
-424521 -574628
-16793 77712
-565882 -121500
70103 407172
300060 611947
433708 -994963
-107337 -815124
134030 878474
103725 497132
436141 -176145
-424762 757541
302960 -220063
-151969 -607487
-376220 -201174
-271141 308637
83097 598907
269797 -337297
297792 943067
140247 -176545
-155571 700222
917885 250890
414066 -1415728
152630 339850
422839 -44839
13354 -480994
670901 229795
-67921 813462
130304 -180238
879643 200938
-481762 -163294
169119 -493264
594171 -522092
264673 -217861
-189990 -174494
-1373236 178835
-584142 -669286
111775 -630266
-473292 485850
167028 391935
-556476 47230
65069 322517
-189447 369446
-700046 170081
-434016 217416
-568932 -698334
-475134 -116988
163470 450495
-474798 373310
-620348 364146
742923 70932
26465 -169609
353009 644719
-648357 -58822
-462931 -541727
525377 -21425
1051354 -671312
30530 -353212
-224248 163932
-325609 -388359
206405 -203666
-377814 -639061
350441 -449406
283686 -358749
542609 -284565
242719 -711259
-18045 718442
1281049 114109
432947 445490
134918 691836
-743971 -942003
-962098 52566
-329904 -547898
-982660 274565
-25465 -1010635
-491433 -746744
-24221 260148
-368639 -185453
-961765 -530589
220345 59750
-76965 -887232
-27882 -710140
49941 -76859
-559750 953797
-496409 -739868
-917689 795197
-562936 -79790
-110818 -255473
-196508 -472537
93600 -48675
-733161 186860
-341153 -360108
532307 -28079
98961 -253941
157673 150938
-11999 -33782
445103 -415507
-560761 346289
261701 689716
-821464 -460183
-99388 -292390
-645037 -368760
679273 701794
-472817 -71418
365190 789706
-636549 -428942
-130715 -306128
792027 337682
914310 -644380
890177 150247
-476010 1361744
-223051 -327875
-388633 -141469
286375 208148
-774064 -1243308
-575417 -91708
122408 -266769
17528 1148943
417305 388937
-358203 492888
501931 -156955
24697 533655
-244901 -11642
64574 -9757
-429602 -122794
299791 -545417
-14406 -361732
-658409 -176454
-360431 1383451
345180 108916
-77159 -1417968
43381 481087
-686221 -291798
-162107 -217591
250084 221392
175224 431181
-874561 297476
-612052 -206522
53635 -844205
-1422709 499628
450060 -1223617
393301 608893
771843 -469350
682186 -109248
455158 -708070
-3769 162204
507261 330805
216079 754842
461756 -8411
464062 858575
473733 -39464
-83586 -45407
-33458 -127338
141054 -259258
-608584 219819
288466 -321079
202214 318018
-257265 355642
-234736 73608
106977 -64793
-261477 1121146
-119913 341541
365244 489143
80108 -467588
1222272 -437492
395924 -313051
-76816 124930
-259660 459117
-570612 -389475
-346517 135086
-624907 -276218
271695 -614185
154897 361219
692302 15351
300524 -221317
-1450986 -62438
-650249 848658
-353181 624817
-404800 -252033
-424854 -33387
325420 71774
-989215 -698829
-59333 -223616
-500360 228247
1240592 383470
538388 485740
13505 312786
-449372 -347131
211632 -587568
77626 -409248
-1257470 -539142
-151704 -666156
161755 513513
889221 516739
737348 317870
474354 273592
455346 -657388
597659 -381850
-595877 591587
-741285 508657
-679219 44512
-35852 -886604
-1015469 -424402
-402637 914943
-431378 247649
410341 692277
781860 275668
294895 -375829
457479 168805
-523488 40889
-428472 -255045
580879 -928681
-33543 -201238
-478559 -33387
-571416 911089
268697 276786
-1017925 231068
683598 -16169
861246 -250712
74610 380377
-169112 -705401
-167927 -322357
-1253175 -943320
226462 -450906
347284 510037
416593 -560433
-544095 -559171
227259 245296
575780 643857
-370856 197608
378234 -150378
-650336 -219174
-386937 -441812
-230878 127149
-350222 -469949
-27874 621232
-588377 1028694
-196360 -216969
-1501312 42468
1702533 471397
245310 30464
589639 959528
-609287 -308335
380147 1142708
-328415 190138
-121258 245123
598696 618525
211723 -408265
304656 -95777
398536 563462
-504541 114188
709999 -423801
-147571 279225
-892701 177661
740256 863114
199965 333929
-159528 1004322
-78693 115360
-438382 90408
-31429 -11978
-291135 774291
-215980 310215
27514 59987
-191397 -114145
-203276 121397
-431988 31535
-118061 1001592
143264 818995
531172 -1138581
-311252 -730659
-991455 -507643
-441256 672417
-54917 -797282
240119 300245
480578 456792
546176 -474393
-257644 -297689
-266696 -1309373
-177972 52779
-42034 211341
-182171 -804999
-318855 651568
-106015 425754
498633 -786413
-199759 198559
-562194 -330664
795194 687108
172331 199091
349707 -327168
-173214 -32158
-33310 -652403
-664515 1006285
-569562 -190751
900740 -1065259
7470 -916406
282912 -39137
-81783 143833
-382582 -720503
-159168 -82879
483700 433074
72407 -1328173
640013 699274
-1021557 167371
374845 -22488
113332 557556
350750 -227444
219353 47871
168672 185353
50714 98300
511010 133528
-361699 -127707
-730249 187511
588101 -738086
-863301 -879313
500452 -1358917
-4760 68050
-423772 -549506
230405 -235559
-560866 524757
780299 1033561
774529 -156658
368349 406552
-473240 1045432
459378 158267
82621 442482
-51977 552449
-400406 -538894
-465091 -332617
557078 -751564
-543478 -20383
427499 -56526
-523309 410581
-85191 -948690
-454963 -67536
-613104 -561098
439348 -35639
334036 253651
-143226 -52880
390891 -469343
-33011 593775
-232077 -283990
969794 493726
204157 -245451
-728364 832788
-435837 1071355
-274740 187305
-451592 -102641
-128504 574680
-435239 83929
-172962 -104071
-145880 123134
233048 309060
-937040 431369
622091 93093
319881 144385
511833 -173150
-385824 592525
253996 -7878
-702135 482951
119120 -168116
142628 188656
722274 444371
-1531320 294936
-1274350 459889
76453 -172521
834837 -103944
278134 -696309
-130561 538886
-1065395 549084
-37696 -502539
-412222 -111260
222064 -105647
457425 63062
-410136 -234396
426539 -476289
-312712 727
-1027006 -432642
307792 -578845
260067 634079
-763048 77438
483028 -120310
156050 1431632
188003 466030
-698057 -600293
543216 -2225
981288 -259302
-385888 409764
-414544 249734
199170 -431969
-67079 765088
-339632 -87010
600346 -994148
-483279 89277
441493 10533
4625 145556
-540552 824545
240219 706719
474926 639317
223543 51431
-265537 1113174
295345 -495460
-137639 -755783
-633008 311703
117159 -378516
-158800 91372
513371 -1210919
789754 -1150650
-133695 211358
-960946 -773238
202237 -433313
283263 -74824
315380 721788
29189 -298031
191097 -271965
353975 -363133
886229 -445849
489041 707119
964620 -102780
-922866 714668
456638 506641
-719583 463333
-297515 44155
653271 -24611
246003 -658790
-6700 -128641
-548778 -569902
-966264 -173450
-532015 515238
890345 1127520
1155110 560119
619845 46092
-235849 61796
-271953 377653
834057 384711
705746 438234
-1479753 252908
1019985 93410
-684953 575869
-51078 -43831
361336 1032995
-763035 34753
-67092 303412
119805 187013
-1292370 97054
124190 -322237
-713438 460703
319366 -402442
669837 460339
-216352 372207
-136435 343630
-876967 575897
-685291 597934
988002 266936
1629408 -80125
-310583 323859
-538114 185447
-432474 115044
-459451 -607232
213343 -274086
316993 396921
-46730 -266628
-883328 -199019
760808 126018
-793236 -176774
356517 500764
501349 -78227
-851959 -14704
-571811 -175655
-166174 -64704
179116 336481
-61531 -88937
-297693 20670
676132 1065724
-136984 915658
-1152056 440828
-61956 -307489
523192 -265214
114433 -232849
244664 376297
-36417 -292049
259643 -232409
396217 -235001
-769388 409107
-210510 188137
-760292 -1187803
416667 575464
-347900 185719
252476 -888257
195135 -1027795
-1093703 48764
113983 -105381
1023156 -437528
-1349141 -1658552
501244 -578209
-194587 176245
-808029 -384161
-220166 787182
-760793 -469816
-888829 369859
-190867 -321883
235935 451500
-1130742 453945
780252 202579
291320 550714
-148189 285503
-45695 244432
208751 -810092
516963 -952431
266749 -185574
740939 -264339
-232473 -594905
-717082 377235
564169 -798964
-387938 -632598
-761938 327339
24656 324722
-5335 -56468
725776 427225
40034 -579967
576412 -282219
415525 487334
-71332 428077
884327 -657703
-224452 -99107
-566880 -423158
254281 112515
-430961 4124
575126 -19483
321877 -100994
-615226 122369
617712 664357
489591 -531879
721587 -485794
243273 710242
375000 1088800
-489138 384088
-75424 260772
196417 798453
746325 494563
264179 -1025589
250998 -429894
51558 -404143
227141 357913
-360174 -706845
-284337 138646
490054 -502208
1048754 -522899
-754240 -468225
187235 -672371
554121 92823
-383739 221291
-89177 -52495
398209 -594176
209673 296255
-617375 452970
533454 -140675
217964 17855
-3954 447271
83848 419778
152332 399257
-626442 -107361
348826 249241
280137 -540127
200044 -181471
-344438 163710
-704191 266432
437970 -367139
-257904 364868
218049 -173586
864449 -280641
-31125 691389
231081 -250217
394793 -671674
141335 -572674
-123718 -581317
-874972 696896
-739638 -470246
83340 -282827
1052265 159905
-41727 1063008
339062 434099
107646 -475231
132634 48752
1032474 -383942
314886 -226592
-72377 -784572
-422475 151644
-838095 -47998
-828216 -655075
289254 630428
588270 -1630466
-569917 -427183
260150 -436879
-287323 1057893
605375 -580585
448925 -299064
1157195 -538674
140630 -118320
-511897 146112
679236 -1017260
266327 563478
506478 248328
254540 512922
-586712 135090
39812 -400385
619315 -744003
-101826 -490401
-54371 782803
7582 -735038
-465669 -458981
690622 -10653
765725 57742
-743501 -360237
-588543 496614
-519469 -557159
-144125 -471547
413317 95519
-309963 -348572
781851 -620851
-841237 -343154
-98927 48115
-1052570 -482515
-831931 -681142
986971 -287380
-680074 -284678
-334303 712888
-1132064 -188986
-1105576 1240739
118090 186240
-264453 669083
352166 -315842
446788 379059
-1296956 -147681
286103 -140158
-303829 107689
941245 258514
-89798 39424
641183 309892
616794 980831
-226344 109934
-627836 -30332
213834 21872
-102222 379743
-22349 -514745
688435 -351740
-678222 137436
378845 19014
-23798 130110
856460 -145111
15311 685912
-1567247 226176
-774278 929560
-67653 827786
-126350 -357712
112277 -87845
-346915 -414618
99164 -122970
772242 -345679
573452 -77305
-60813 345041
-114494 -559323
266328 -537698
205102 110202
-709857 291689
-833385 -959544
-69901 700372
278407 -149201
684420 -567375
335623 -287905
-198614 -57961
-690417 -179470
-30597 178995
-46303 193553
-289429 -745321
-369533 -33998
-753732 395991
-332713 132919
915431 -392058
1085256 -207344
-367698 -574431
688674 -518224
187281 -278164
-15000 525418
-153797 432719
-707948 -320298
-210819 -636238
465560 391603
466236 509842
59749 -60738
21072 662166
-521961 -390209
-383 245146
219035 828605
17763 689484
739781 -991862
350880 -355036
-283676 620084
-586252 860868
-440801 -96263
200844 -611669
-520060 -586307
-171971 -1158990
-17437 972172
-403087 -197977
-255288 483744
631160 -642104
62226 -96874
-557295 515696
588270 445298
-453843 -408382
-647849 -213537
313165 -584926
-333483 130242
-165487 -33334
-720151 -173937
355529 -47691
-742939 1581382
853197 135542
1307809 306651
-281809 -657397
130595 159484
347587 106646
814720 -205237
-878826 659051
-723684 230718
-273260 131107
-106968 437824
258820 -619823
98198 952944
-540651 161500
707642 -186481
445484 549252
178920 288861
-372307 1123096
-175842 293113
55920 570560
-331721 110981
455896 61058
254187 725445
-208961 -102872
-64898 -161165
526603 277150
-741079 -198357
-194937 -82622
-206510 106186
-719510 -1140616
434304 523581
-33919 -327876
-259233 -631294
30595 15702
-464698 685818
-251827 -427137
-603240 651930
-71813 -113966
-888112 -161039
-546117 -78058
-474539 -18948
-735033 435324
361940 -628220
30858 301488
-1116905 -105945
-605550 -859569
-1016674 -295766
-224921 31097
725309 -888605
455010 -40440
531720 -1152902
-472880 325161
-337598 -80674
-325833 96996
22192 339348
-15579 -204883
266291 -89060
-199981 -172269
-368226 555663
198928 330976
-398708 333483
-436705 80346
780959 -555500
-183705 -147600
-928409 738414
103676 -99803
4563 -743642
530473 -204438
821408 18538
860008 -133840
1055454 340659
299986 -363898
-285644 -738346
-142409 149224
495910 16696
-542169 -47079
-420176 -608963
-304710 676045
-749483 -508907
-219780 -168590
617918 260911
724804 -297477
76779 -360713
900500 -790293
481638 573961
-600685 687079
-32006 48300
257756 213860
-579132 -264036
482417 -356339
396941 382519
-489796 -260733
-317135 165997
505650 -762970
-537549 395317
-53929 180807
594740 537896
-1549449 -349144
-259292 -789696
-590 568494
-142142 -285031
-628025 839896
-227994 -34100
-420063 778367
244663 265412
74722 770538
-1195685 -740903
-23296 -20744
415092 385545
-93158 771266
1013604 385361
782736 810321
1536925 -47605
-39884 -330832
548319 -295423
586830 411770
49608 106370
-856631 -184551
-588905 -28479
-99709 462194
117628 550447
97685 139696
126137 -608670
1183934 317410
-495052 -343348
946040 -970990
488705 560453
68981 349933
285141 497072
300657 330104
-278144 848262
203119 45357
81052 -846366
-898248 510372
137893 263280
179574 -897292
-540472 1055487
-407275 247316
609406 -429439
-570829 -212240
-126659 156314
96508 522109
-795668 -2238
286119 363645
-253923 -20385
346030 -311096
208254 -747793
-321905 33338
461745 -25418
-351059 -973259
89069 242184
478312 142565
190239 467935
262397 311057
-66722 1048900
-479486 75653
-598233 537386
800036 -1179933
993582 204081
-231700 -245518
-596676 207063
-642196 209678
535660 305402
259478 -150045
-167655 -499089
-224340 128702
2373 229220
-85758 20748
691652 -227181
247690 46588
-331426 16092
-73603 605880
139535 437058
93864 262016
439871 554957
353544 625776
-554755 -380815
28601 484229
939082 -433482
-589486 45773
477964 -404217
-446866 473573
-235247 652917
145622 -524199
49476 -480996
-108713 711878
-591758 613659
-57080 344449
-178152 17745
308609 483949
132174 683424
-278992 406410
177796 -376556
97871 -274985
599424 -190000
9717 -219255
298248 45820
-912450 49947
-833915 80265
1218562 -187969
1122204 667801
-152342 -261206
-146954 -801275
-458036 -149637
-40826 -606835
-564594 -651086
753585 -688545
48042 461327
378560 -443485
319864 446226
-918945 798400
236540 -985581
112529 -420033
336580 639228
-215790 288825
39520 -915121
152093 377906
736024 351925
-35759 533722
-888464 809167
-35225 1069382
1143978 -36357
393240 -327121
-896939 -677034
77248 530426
-1318648 419131
-133132 680736
615004 -161894
1023430 -554561
207914 -510465
243484 -125487
666044 -739310
-164455 225550
-3691 -642685
-791309 -160387
-5854 -300787
-615238 550177
-434610 327198
-1166547 10272
317419 -678975
226761 -166839
-99323 489482
-561665 -829780
-483489 -172458
-167082 -533707
303462 380896
17205 -349766
853158 -325302
-760681 536176
-155028 -397453
-400191 120503
-265197 -206625
-1448998 -542817
575544 -379319
106579 -457669
-775454 57
20340 60102
356827 810436
632533 430603
-27240 -766
205181 -126756
-180714 -412383
-119158 -399735
295079 -219072
210440 -1108396
423689 818451
89717 139090
-473432 -266640
629598 301917
-550184 -521139
-205500 -30475
360309 209752
217362 394100
306656 -801934
414373 -19875
44267 120920
-1050796 611906
-225350 704822
-3776 -263050
678999 1298565
121082 -343681
-524362 -214982
-133396 241488
-64341 -292613
154273 773909
530554 348665
-1053897 906579
-985879 432552
50195 461095
-610596 -276997
267764 428411
-256986 492018
777542 202278
365406 -607019
-350390 -232716
58529 -334540
-37128 604421
-75250 130444
384573 647137
-148243 -1025775
782313 -776659
780539 116556
-509363 -186709
-160553 -303985
-526258 -246977
58313 937022
458234 26735
12144 23891
-523013 -1098242
296001 -186834
818565 283685
-613244 215273
87204 154766
-19298 -225021
-647787 705320
2350 365781
-154029 315682
-75043 910975
147993 747728
-585122 95339
-286601 -369416
-815 -114165
116478 863335
358371 400705
-59977 54931
-493473 269929
64361 647447
382827 -497917
-158501 205749
-68781 -727919
-466764 73286
-437311 579753
379999 -283642
792077 -332683
-771982 11526
-1165838 -795546
-356341 1031086
-532942 222857
-763301 380745
989099 601834
1091953 -535632
416801 366702
-197667 -419455
-254827 909050
79457 817771
506458 -619818
-201123 351698
462023 -39075
-424299 -1568152
-250050 74537
113244 84384
466385 455070
-1138958 585355
42474 147893
104722 146470
-34234 -253318
29059 -579808
482064 -212111
-708641 260261
-1286262 -721774
-205606 -1098159
45221 -445064
766563 -861014
-146114 -290157
986162 -407722
-644570 -119236
-1814843 -201051
-1063073 799818
565 304310
-52389 -614032
108351 419638
2306 545271
775103 -60701
92514 -325834
173356 155216
-225337 442802
-676971 -627181
-37476 -290336
-74806 1155353
74754 -108196
296420 -667504
382587 -650882
654284 414085
-76366 -10351
-95715 1150
-528693 1179520
364769 -132464
1274898 335267
-370221 390518
347684 808449
555928 -84417
273186 -253444
534539 -766590
1276789 -107752
-332943 1176740
538209 -771540
-251528 -964437
-574090 223336
745575 -188225
-476044 -145185
340700 409357
1163286 -18167
777304 908512
39805 -979985
-323326 76135
34373 -876131
418429 -774509
-346240 535024
269013 542116
-45631 328812
-7608 62257
44416 133765
-217610 -520581
-63042 -684473
-525855 -287343
291760 -350482
378872 1298278
82099 244099
-128528 284054
-793068 -289364
-450311 742039
85387 -202673
-701908 37375
-994929 277364
736017 255183
-1372577 122000
339159 -677970
-768134 -949393
-73168 -925655
-605194 221761
-275871 -739752
-437369 -584844
850975 161239
-710979 -40200
-219750 821120
-342207 -240571
189897 259759
-732155 -123844
202998 761286
-144793 307275
265497 -46842
-836198 -113190
-88089 169367
-356552 -253607
544539 521681
2333 349071
175616 972361
-371815 -294455
-92334 -348511
24085 -596543
-22457 411491
94845 -321808
-83969 316711
-256822 -637103
803262 -890568
585243 -167997
-463704 144011
-658544 -1076963
833847 139578
-53042 -887660
-366035 334351
836623 -514951
111188 -371694
643151 23949
-18398 -368730
-204778 -747274
703018 454784
354907 496316
-737425 177897
-1343818 -212458
-566274 461197
137017 -682390
-476232 -237165
-700106 145510
-714829 -483533
-468370 75032
627768 -544177
-961683 -343779
-647270 689346
191360 584995
10499 -785664
-107782 76913
477533 -603627
-474286 -366530
272390 -1213069
-431312 -305125
-942164 1059291
49972 162975
-505680 -196992
751865 -285171
689773 527967
83268 -185653
-345539 -836923
-443736 1218775
690962 141078
-260142 -142075
-231940 -481495
-62352 -434890
-1086491 569771
-12791 347338
-152337 -410218
-209523 -863048
133876 383196
-256504 -172411
-122812 255160
584168 602584
20088 -176369
-244715 -141842
1085918 -924956
83496 -501162
-730582 -674627
-587553 -912122
-202869 -97427
319750 -1022931
-159785 -111929
210295 -541780
381881 69617
-649333 -534591
-560985 -17083
91968 -692062
569493 550077
-376343 159305
-154573 635833
268711 -1019073
-76483 -267123
-375565 -1064379
-316222 -100101
1531737 476895
873938 -746207
-606092 -545380
873050 -786487
-924058 -515755
-255812 88140
571104 356993
-510197 624684
-563947 -268129
-25024 345367
-760203 -331840
-1011346 -637872
908429 116167
-320828 -315430
828155 443209
2048849 160211
-467925 375828
-80210 516735
-617402 -76102
-511741 -1038100
976213 -220893
-66590 -89016
589964 138595
116949 -510214
-162838 -265007
164976 -1360845
-364149 673775
421849 499803
6398 501415
-18200 24200
-154311 -452024
1046160 -731888
653519 323131
-462920 -64674
293923 -349325
31081 19095
-662006 -56185
265845 -758595
144888 327756
181725 70166
432492 75351
-534265 -1093753
-578227 -118827
-1003899 -68288
42800 1126658
-194423 60069
867567 -271318
-471894 -10723
81250 -32919
149949 100131
-375373 495443
-344271 684049
-355889 -740718
276407 613891
-74843 151355
-925153 -1143224
58899 -255864
452350 154966
131513 -567930
-262265 -75392
-386495 188522
663775 654782
548377 580249
-143062 57925
376838 619794
72359 -820588
-839846 677104
-419087 210483
-717098 189956
-219593 -163609
189403 768792
-594774 384309
238968 -156971
760795 -386593
434490 759146
1181042 -36668
557910 710281
25606 100248
-332859 -755736
-542437 167548
-44216 84841
390628 -602680
4924 433437
-67426 -273687
-491292 -805294
-489735 -312197
-372116 -323454
314927 321029
-957425 340533
-68322 -207900
631813 -240902
595989 -145499
163944 -448395
966806 -600985
-354307 522139
-451314 -84123
404738 -38611
-372896 169660
299575 392743
643228 196568
125211 134395
171657 -933511
-568821 330696
-251445 346589
1076447 580142
-157243 -41151
410046 93640
-558982 -608627
-735824 -788217
-585222 266022
-350364 667628
68779 475549
402276 -259852
-16659 -487167
322976 -56398
-325760 588731
-132288 -535990
115913 -483771
-556862 -523240
477330 513901
863440 758870
-1303886 857210
257675 -201909
-495473 759404
-335722 -595355
-449158 561521
-769438 111561
536190 455258
-536815 934573
110887 48267
-251089 84736
51510 -267874
-214710 -966428
530722 21254
-313575 282214
-52494 -356013
-886488 131264
523883 -43153
784354 61790
1035426 -733579
-264658 805346
-943524 921129
-343559 -569396
-1058284 -242103
-414010 -330890
88722 -132417
-97197 -957779
480364 808288
554253 -698222
-291684 1003452
-862649 1298822
-255351 -307672
1043292 -1067499
677845 -371914
-419979 -1074248
397288 -301297
-512512 -40957
-142693 -902115
-880333 -244260
3250 848129
-186851 -1029933
883047 8465
20309 -360173
319804 -77323
27520 100836
-658567 -132626
-419122 849005
-523098 314697
-130347 13864
84253 -347714
273183 450447
917285 -569829
121749 243001
-478896 291263
488869 -594334
772765 -366647
1265530 133611
-461369 758448
-940853 -377616
-433980 -649021
128811 160854
-284009 725671
-568274 191778
-106667 748458
-233202 -243996
184642 137181
-13219 801276
-204786 -323324
130051 -575830
560530 -442890
278957 -1026007
683704 890985
-513036 25691
258489 -1040292
-175115 14708
101257 -34198
-23409 -315938
-322278 -159086
-693445 230922
-1179176 -808853
-116486 916369
410323 -236999
369090 -707165
207981 -312842
-665038 608973
-445046 -312184
710042 640839
583984 79335
-469302 -602456
-1305139 492099
773036 367557
8965 -639529
-488297 60367
-697851 354392
334073 -800945
-13645 -281080
57251 317168
-34550 224248
450524 -35570
351974 -178279
209703 -852300
518814 -240590
80690 -179881
-422680 -281232
196314 355607
-124874 116916
263064 -100700
501014 288288
-300184 318156
996048 405978
24821 -111217
175722 426260
-1265113 -248120
784168 29695
28360 -39555
-26664 -434389
-403253 -261645
-779867 600134
553402 97119
305096 -398602
-126805 191692
-516473 21111
-27048 771085
526914 -1602882
442226 172571
-647686 87500
496457 -733802
272104 465774
-255253 378353
-405370 -739
-283219 814989
-638894 -1099991
-141000 -1154912
-13586 -80072
174367 -420944
159816 -122555
99399 24360
-421133 805718
-109574 -355185
-450 -355378
-50354 338631
-213386 318971
-508048 131873
301810 -316989
-686392 249777
-585567 144340
194580 -148576
-301915 332740
615571 -555589
481175 -1042460
518654 912781
-691247 -432097
-484095 645804
-429765 -599389
-322261 30502
166429 932226
225496 31372
-877296 652236
-278992 -36458
101385 -21574
637110 465709
-498766 -20765
516046 817577
1275981 -722498
944170 -490428
-130019 462009
1039054 -265296
-1422689 -221888
686062 697139
-786264 -54221
361761 -252953
168134 -540032
69391 -640133
-51212 218502
-48717 -699964
50868 147503
1466428 -372076
-900776 144616
394690 515864
-705131 75754
-509072 555431
43135 698506
-740326 -299194
632584 710576
-299404 51351
3080 -640855
278922 -520098
-680678 255387
-890210 891182
506562 -144994
-188589 760378
611706 -289225
1889 -33466
-379124 505307
-183557 -464513
-784699 128086
763744 213380
-869111 1070834
-425378 -311227
427680 -80389
-623776 600151
-138320 -263670
-228703 -287102
-27197 -235884
-733744 191916
328093 -402407
-196142 -217509
-658632 -37367
-971397 -559692
65488 10109
147783 -702184
251463 272680
85076 381490
522751 -242890
302486 140358
-423947 86446
-476397 93560
-793356 -380181
-1307272 -237420
87556 -21317
324490 1616217
-995081 -151430
-10732 225177
179227 764857
732837 773675
605407 -993620
-455935 90437
-727256 638037
-74498 -279640
-742975 1032990
-295156 405768
-881318 -915023
-397287 -372389
602177 -63098
133983 499709
837343 661743
383947 620600
-412810 401691
182528 -567535
-418744 -279536
102909 -478065
442930 171067
417185 45052
60073 -314943
645093 -153511
40499 -1326532
345198 415159
418458 -235870
-68209 274770
-580398 -1045839
-844280 -344382
-35212 644610
-96935 -80930
242700 239244
-314887 97398
-832054 155560
-742543 370831
-140970 -405004
-1373177 -58003
-242718 30108
204144 21238
11741 185492
-849295 968784
194003 672087
598287 250602
-810324 -64952
167956 181931
-103975 -41659
703110 58886
671330 57802
-648592 -225293
-802080 159957
445662 -924437
583907 403026
251056 -4675
-51874 -468661
-922950 -875530
-547715 159783
-263125 404658
271393 889495
98710 -275516
165388 942984
-911811 -265835
139146 113937
-444253 151109
-85433 -222342
-693866 202508
131382 -43869
341675 -371173
-527976 256836
-254168 -42164
148800 -653225
404926 97280
244214 515376
52988 87377
-873431 -353535
-275630 -274555
-391130 805660
733832 98079
909391 716960
249676 -91150
-842699 611686
191834 -358015
485162 204531
-528070 -435969
-337287 -402258
176368 87761
97982 719023
430971 -435743
-683842 -143725
104677 751456
-224381 233417
-187399 549503
-775846 -936172
-113974 -33815
438991 307023
-424804 -301320
277116 -63945
-131969 697286
-131230 956785
845463 -336303
-695451 -402060
-672516 -1251765
693746 -693601
355948 -294263
-433791 234412
286529 401284
836316 182387
-38151 -257505
158626 -614612
-413738 403102
-165907 -79189
101878 -340385
510518 -971536
-574843 -929130
259086 -137149
89478 35874
1054713 -154642
378693 440328
-397341 -79075
-119578 946938
72558 -627060
43938 563812
570111 -240341
-33548 -1040190
98316 55763
-271963 541809
-378496 -261933
-690341 -409878
-137458 289607
179780 422479
188242 -1073666
-166108 437642
176065 369090
-556705 -119617
831691 -248812
-892992 268332
472628 -776586
165250 -851023
-554054 -439974
-478877 599868
107379 -230450
-1190010 -556916
-236030 -643758
-30537 -1061824
34986 1008267
136720 -468665
562950 135931
150523 163835
-128316 228089
154055 -446182
-181858 671263
479576 -949745
550395 421125
-267518 782421
504612 -589774
52588 -26169
-136261 -497364
-508779 211663
-217955 -177462
-337405 190768
823454 -180465
-665855 -920399
141172 -997890
-1021868 735019
167092 85685
773280 13248
850814 -1257977
133575 346758
-327736 318309
466647 -315727
-166837 752857
-294437 213974
1229004 352389
-381195 663119
-396760 337861
-302189 110421
-317490 882387
115397 -47064
-387883 171841
373953 49508
161229 -8366
81985 477116
-508860 85043
-819327 648280
490562 -250681
797984 -303973
-202890 -390537
-645023 152014
-137409 21118
431382 306753
-4813 574917
555594 815362
-779528 379951
828586 -557686
247232 -813705
-609208 379615
261515 -1345143
1051404 314364
578653 321318
370774 -442040
-689043 328944
666888 143272
591602 626903
-390508 539867
26487 166582
259846 -83188
-258474 -295512
-276101 913532
-343200 -861962
-171484 -663213
-383029 -180337
494150 -559498
-327092 -121058
-21728 -389909
-907657 -344315
349987 -292517
-541309 488111
-397674 1288882
1014742 497266
-9327 -369505
862864 -682157
-735928 698181
-98898 687569
-159221 974282
671447 -301580
380797 385533
4357 -759046
-701112 572020
-316504 -34289
-168795 -176263
1319807 -272521
-287962 -462393
414264 381949
-445727 503498
687213 -241791
283411 -367877
-299950 -31710
397860 849825
376240 543656
-158402 -210664
429209 -494225
-399339 -214931
-570082 542374
-1291562 -44579
-93255 428875
430681 117804
-177323 -634658
-434073 34673
-818652 107564
-614556 656252
141471 781943
789280 -523590
433418 720120
381198 672804
-699381 544295
273531 -25444
184037 -1322174
173445 -86162
21614 -290078
-808296 947139
-444284 -18480
663107 -391200
-546344 469338
376513 -1328004
302762 -120933
-260136 -321875
-244278 -980699
435369 634272
1155697 -218051
104120 429466
452576 -247455
-549994 -805359
-246885 -24407
354088 -1299548
540371 -141818
