2254204 -7357468
-5102271 8138088
5919448 879295
5500463 6051422
-625745 -3741005
4220321 10849071
-2065775 -1289275
-4691300 3899525
-4479639 1954383
1356616 -5897555
-3148210 -5673441
-1195024 3815444
2123396 -3083905
4518550 3340057
1244540 5121093
-2134064 386346
1585206 2453418
2007211 2722593
4559824 -4103902
-2942211 -4394210
2346672 -1344238
-3033840 -5355922
613335 763458
-1740011 -3706494
9466171 -2024854
-732148 660338
-2317549 298592
-5959671 812585
1043954 1799577
-4733970 46570
-3127118 2381225
-2828229 11062409
2151660 3065261
-7279976 3824338
-3983844 1534141
2685769 -307517
2520658 244713
2915452 2940865
2025828 4715286
-739944 -7980658
-10671064 -1947047
-296849 -3017848
1934257 -867485
2244984 571322
-197118 5511945
2188978 -887826
5360714 4725790
6107318 7270355
2257400 372879
2139556 -2839488
2530015 -3637165
-4282777 4823738
-4823902 1793242
-8303695 3019984
8373368 5334578
5447758 -5844235
1668092 4395932
2828357 3833891
1130145 1295849
-1717898 266436
1475243 6455651
2868545 4319205
2449767 -4255627
-5384315 -468708
6946785 5642055
6428494 2511568
4656936 -4171870
3983002 2235276
2663250 -4754293
9173983 -7874814
8608950 2024988
-1046825 -6576267
-1651598 -7230305
1647604 1165706
-6490339 7302237
-9050363 -8158401
-2002898 -2878017
3505773 -4283513
-620636 3177925
-675059 3289171
6435635 2359826
5475246 -7988786
3611937 -8090849
-8751625 2786931
-2336169 -2540234
-5980056 8533943
5429013 -1631488
-3871884 8281858
1224659 488515
-4725191 -6579043
-7517113 4248002
3152332 2207069
-1089667 3061106
3124840 -704989
1815208 4174919
-936118 -1034671
-988863 4453230
1576472 -620591
3872399 5507152
6235147 -561423
-1183258 -6809092
-1829790 4186853
-3048289 8867784
-753647 7503132
-3562489 8265785
2625630 181711
2621405 -3179463
-1421492 -6666220
-2522 72388
722939 -2450734
2777461 11011652
2690222 -3972075
-1466802 7738871
1052973 5195995
-3476077 -1548930
4317290 1164962
-3796437 -6707302
-6809571 3419182
-4710590 5649413
9460252 2846720
3662258 6647456
3874810 1139545
-7142698 3837387
39709 1906394
-455740 -5691526
1369626 -3409980
-484908 -1424034
1325840 -956632
2059392 -5372380
-5130341 3396738
3123062 1669551
-726710 -1942717
-2933103 -1608627
-3790573 3571695
-1683057 3277765
8063061 2685182
2269052 -1522097
3753936 2498959
-3409825 7496369
-4202113 -5452538
-8821789 -1274284
7425945 -3548338
-706704 5614219
6810879 -2370643
517303 -5908324
-2499056 4448483
-11617377 7701280
1810988 -1698957
-6729785 -724107
-3395782 4051997
3622482 -878544
2361421 3546633
1292545 2181910
4051752 1489499
670913 1070674
-7056234 9282001
3085075 1722070
-1034582 2543070
-5828937 -8083445
1682869 5299303
6672883 -3934906
-6580552 -739709
-4824077 -249930
5299895 -255126
3073163 -1567426
6322290 -252553
3727490 7764996
2933486 3044221
1050619 3312423
1180185 -4860048
9845923 2646762
-6162372 1076075
753245 -1843578
-1614537 2030907
-2454256 -6935739
7068547 -554618
1403530 1179876
4465351 24323
3467918 -65297
-608656 2232537
3908403 -4420277
6809326 -3245147
-4940309 1149868
70419 -368512
330718 4911651
-6510118 -7522392
3650428 257917
156158 4443370
4783411 4266402
-10417227 685406
2931786 6689347
4860022 -780041
-3883787 2651083
-2063182 6823393
-3077905 5815620
-692014 814995
-6441219 -1825704
-4967638 7585825
5260916 -1544585
-6006437 -2368290
3206248 451419
6924901 2510967
-450306 5554643
5998640 -4696869
4127157 -301307
620750 -4650342
1138744 1476889
-2244342 -347960
-1310816 1474999
5606295 2489690
-7472057 -3176518
-2692947 3967230
-8767748 -4455405
202246 5493667
657726 -1403256
-5208218 -10734414
-2256015 -670415
672393 6013499
-3720445 -474509
1115545 -1282759
-828454 -3229299
-1358379 819575
-2792786 3093686
-343174 -4826890
1721725 1823623
-3192296 3567773
4530304 2960759
-41191 901262
413387 -4578379
1012813 -2278739
-9886736 1936209
2398207 1942129
-4958290 -6773000
-5724389 -2246646
-8187758 3518321
550191 -2305749
-2567677 -2772620
4837380 2877026
-4752899 4951410
3975759 -77956
4657866 -7286426
5368820 -2258159
-675217 2495172
-2210894 2578210
3416696 -3647508
1755157 2773368
-4337253 5832789
-642252 -3681417
3883906 -3224797
818385 -899494
93732 500792
2315979 -1689536
-3666654 -5530986
-3621679 3729306
-2825556 6134551
-4830111 4913655
-6511996 -4647540
-204607 4943048
-2901412 -34973
-3237733 2421736
2835657 6456501
5692795 -3092947
836823 -6384357
708560 1872435
3203142 2584429
-4337591 -5018934
1264131 -4636133
-8231482 -4251071
5098679 4739861
-5832270 -4886826
3955991 1311783
-5423492 4548113
-142650 4538174
-6994795 -1880614
-1066818 1010324
-1713519 -7034766
-184290 3233194
-2384778 9494861
1800715 -1174958
-4645029 -4218840
-4104936 -163598
6409546 4808586
1069693 -3388694
-3406962 -12804670
-2334294 -496728
-2246129 -3767460
-670626 -517853
-8030701 -727755
2186469 114899
-4833376 5835611
-2473513 5781160
-860517 -2750394
-3363001 -3962985
-3010999 -4976703
4028777 -2841671
5755562 492152
-5296561 -935637
630493 5254279
-516776 3047480
3029347 1607740
3233505 3030876
-705774 4424683
-6401882 7215711
3961493 -1498457
7110047 4328656
2404876 -102126
-2179304 1813647
9611294 828593
2049725 9279040
3704082 5997432
3007914 5830391
-1772347 -32375
-5892392 3564257
-3224140 1213735
2482578 -2117053
-1671862 -4474198
-1207748 338871
5314772 -3818125
1931904 5111843
-3376219 -5381470
-2696547 1974355
4692236 1059572
6622084 1599400
1450634 1884448
4822632 -4924305
7076265 2801758
924956 1230958
-4092751 -1934349
1693260 -2821403
966924 5777976
-1951766 -3844461
-2107558 1171046
-1955780 -890191
1286558 -2114435
-3018107 -11679174
3868361 1968674
-4940408 -4037027
4180793 -1018077
5678127 5968693
3258828 889008
-7748986 296233
-6297085 -1258142
3072201 -6045475
-5782709 -6213703
-1870650 3258005
3516810 5478662
549449 3004705
7695353 -3549733
-3961828 -4790332
-6307156 194615
4041797 347638
2210004 -2290230
-2199763 3865310
-2817955 -734966
3244899 2291801
2274297 -1794229
-5034993 -1593035
-2873835 1025920
-5982318 -2275312
-4681951 -4419210
-520730 6015019
1824318 -7106429
7644741 -3717553
419651 5580764
9649126 -5818722
-2674288 -64530
-1477975 -643992
-2690158 -5367805
1631041 -6329150
-9091723 4774460
-3473188 2144375
-1506692 -4876689
-596708 -833151
6646123 4788695
5645365 -3121263
-8562988 -4138824
-4749593 2330845
-6280128 229790
10036742 4839966
-2194212 -965589
1609558 -6332532
-1945803 -338178
-5217279 7300491
5413810 87554
4304956 2153276
1586751 2663982
347206 2387499
-1769560 -1817481
-2175949 -3340885
3578565 7049625
-931671 3515159
-8802569 -9046318
3090966 -7373998
-7434627 2975127
1449457 675231
7267390 361102
-548246 2184082
7464472 1172708
-7666778 420382
5537701 1414902
10418918 -5424481
303141 -2290076
11779803 1508226
-1986576 -1476211
-2422485 -858690
1720136 -4890182
876076 4730740
3348785 -2901396
4228073 1959604
1488113 -529391
3881034 1853803
1441129 3717298
-1359367 1536516
301347 -5590165
-5527155 1188662
-1902673 -4954235
-4457864 4933305
944984 -3819508
-1385142 2385561
2764836 2898745
3065768 -89798
-5671143 -997057
990245 -3804179
-2452764 -3642791
1338396 -1769131
1811033 -1936636
-1022869 786540
-8364069 -4537259
2127734 4252757
4662719 -4811136
-526999 1907709
2749983 -1401225
-4366315 -6913448
10192943 1491909
-41389 -105643
819545 -3276574
-4907477 1547066
-954474 -6931335
5735085 990724
8117145 -2526702
2374240 770697
1278842 -8975707
-2010088 -1629953
-166400 203091
6166010 2094827
-3249258 3970837
-3380065 -1896647
-2067161 7598405
-4738535 -8543893
-1216176 991747
2611429 5877342
-4889122 7122305
6459757 -2234810
703178 -1531725
2260042 5125619
-2089483 3261130
3003285 -2590307
-3008354 -9692152
-2665219 7158545
10322645 -494893
-4602430 6553354
-391522 -4012359
2274662 -1181607
2592200 1958461
-300653 546359
-1621803 3483579
3567416 7249674
2949549 3937750
-1121401 5722952
6958318 2316929
-975605 -5433877
-5904451 3673132
-2800409 1338288
-1382007 449928
-2647625 2001257
7265821 -857370
-2488079 1185524
7834573 -2248484
-6123314 3223164
-1545697 5893776
5114017 364525
-4619085 -5861820
-6684641 1335667
-1364221 -677589
2466052 -539766
614764 -1058098
-3311205 -9340201
4228555 2766554
-5252100 -5980485
594715 2221011
1852004 -2386841
6458985 -643563
2820563 -877599
728567 849505
672266 -1622643
-644357 2914143
-3359111 2700743
3585308 -3472459
591779 -2306463
-2524894 2050335
-632716 2744465
-10789755 4110558
2454765 1548548
-9295635 -453829
6288678 5714315
1555091 4301497
7786915 -6951902
1011262 -1435123
2301731 4937467
4194447 268237
-9467116 7876928
-7510819 -2544806
-3192222 -65728
5509571 1209972
-2383380 -1531170
-9133336 -225000
4437458 -752428
-4368823 -5275588
7858340 -5151724
5861603 7099404
688815 -896998
759020 -2567566
6402458 3344049
-14480 7234449
-5322230 -2942620
-1267442 4056451
5817846 -4981267
1158053 3835769
1915824 -670293
2249089 -3896316
879632 3274826
3635579 -1940934
5556072 -5602750
-934427 -1953911
3314974 -1660627
406701 1166477
3671076 1872888
2287795 1386036
-892233 -2745471
-4821438 3109147
-1944186 1495734
1227607 4356134
-9215099 -1038854
-3668181 4192620
281070 -5481494
3974128 2814002
914817 2988015
-1068045 -1666852
-4828709 441537
3392140 -174633
-7596945 -1382585
1062391 -13167487
-1028991 -1339498
7515381 1628424
-2859020 -34605
1959003 -2849889
-2074826 -3667255
779890 3717746
2629999 -890780
4375552 -3048931
2224395 4530952
-1827243 3902225
5087921 -4822270
-4879362 822288
2650529 -526553
-2958802 3446071
2140713 -3794
11208831 -5108518
2672353 -7285914
-516794 -3537457
3388279 1926230
-1185876 -348118
-5537948 -3685683
-1347428 1484539
-3756546 552379
2776133 -1388501
-11813369 2880025
4563454 -6025291
-549474 -6871182
-3383713 4411748
697974 -5560048
6346904 3991879
1628101 3123023
562370 -3488205
2687719 -2907038
238868 -3170435
-4832078 3220154
2052295 4089257
6567047 -1373707
5445373 -434802
4152366 4519513
-5458811 -1735603
235226 2745173
-5270027 -6167408
5665109 4890992
2460952 1313277
234478 -2656287
-190666 1999916
2898191 5443976
-3567562 659992
277342 4971354
-3567369 2949297
1916631 -11286656
-3644091 7695863
-3373429 -1901506
1598807 5154359
-6451130 -7733191
-3046619 -2429548
731399 -337716
4393848 8447878
-418952 -1022178
2859708 4390931
4390501 -2918981
-5117127 -2571159
2626453 -1434166
-2604471 -1325533
2970204 -1542124
875346 4579472
-149035 -3642690
6750924 -4056264
-3401542 -2383444
1474104 -3211452
557833 6070455
-202779 998326
-2940889 584361
6858121 303529
-1328035 1238882
3218885 1140662
-487224 -2478664
-1346734 3453752
-311202 5510787
825870 -8842146
3969165 5188263
7983227 -1671697
-2511967 -2086912
-3139696 -36940
-3363657 1005977
-548720 4911061
-11051053 2241279
-814619 1942757
3794510 -6247102
3309753 -252768
4668554 2849658
-2832735 345609
1423605 5833641
-4886893 -7157288
3227964 2622858
1210391 -1914602
306774 3315263
-2381986 -1634175
1628310 -4654087
-6924309 -5600719
-2216770 2184978
899823 141953
-6284103 -974856
4486200 3981968
-6410584 -11275110
-7790057 803572
1459310 -658015
322995 9897
2160241 -803467
-1681773 -1670031
-206724 382493
7380659 2730615
1796280 -1491139
-986618 5899220
519563 -106079
-7404653 2232797
3380687 -4189758
-4836668 5417141
-1257749 -1442197
-2844581 684108
9053953 -8136646
885649 -56012
3592374 2975818
933274 3595294
-469398 3877118
-3920194 -2864030
3271048 -8411208
1426945 1136590
5151187 6502100
3525841 -267700
-8626470 -155138
-3377328 -1995992
820175 738314
-3903119 -354103
-4590422 -948630
7455893 2990316
6982041 -3221036
-6882189 6515840
609147 -4741944
176280 3814490
1077460 6538152
-2858778 -4311205
-6495007 -1019765
-5212389 -1078734
-2109272 783751
-2967892 814110
160178 3867588
3895534 -759056
-3617149 -612197
6286464 -76298
-3830032 1450453
-5703737 1931663
4862765 6495810
-2539127 -6903164
886271 -144685
2948854 8810283
1639817 -3502321
-953379 -1940465
-1126620 8631337
-8750729 -635602
-2342101 3051753
-5898841 10676
-2841716 1143043
6970664 -3732547
-3716801 4764362
-6629678 3313044
9765387 1005205
845709 -2327000
-5375244 -1628195
-2007741 763156
2015265 -1838604
-5450548 3074042
-958465 -2605538
-3693059 -2226163
-5920192 -2419319
23546 -366870
-3762793 1630368
5806272 -269432
3623123 1893090
-4539324 5411108
-3391873 -5002330
-1922999 -4374471
-1629382 -412573
-2020815 76804
-7353068 -997449
5840745 4586367
-6772372 -4292051
-2543899 857335
-1956229 -3887902
-2205892 -3346329
3723029 -842667
3801600 2142929
3332527 2435832
-2186855 -1455153
2264028 -935438
898699 -1778481
-3550463 4502192
3699101 -2665591
-2274646 -801758
-4682298 -1775192
3877456 76841
1647728 946204
-1354755 -725136
9028888 2035921
-8365895 1694704
3741361 5154090
483049 1336142
-658689 1369339
497357 3604130
2933918 2308167
-2205735 -2414254
-1410480 1818705
2915819 1445039
-1489895 1901031
2780005 5783634
1119439 -1099653
7321632 -3456726
847877 -2512974
-221540 1482406
7052802 583520
4275942 -1024750
3739933 -4256068
1878202 -5070214
4604245 7328914
-1663796 3051469
1283826 2511941
-6177498 2332756
7837858 2743799
-411054 -4098866
634808 4441344
-5888478 4759955
-1175346 1181045
3990451 280487
-2289533 748303
1826721 -5260162
-6108016 -2007742
-2648275 431568
1186193 -3001880
1458768 -1700840
4766381 1109208
3858471 2503372
5321338 -2301885
-2248240 7598349
6465808 4302962
927285 -3741694
1433813 -4106019
-3061317 3828967
-3384973 4561511
-917114 1710606
2035800 -7548434
-7576919 -2178830
2469445 2874439
-7349739 -5934723
-857045 -6696153
-3581139 -1747599
-647213 2809780
1420122 -6152669
-4389168 3768823
-1693565 1982726
-4948728 -656755
390698 1350054
-2181553 -198637
5127283 3605683
2230511 -75518
4725153 -950715
-3691843 -4528316
-2529202 119063
-4172747 -4691796
2492243 -5890313
5297186 2140517
-387444 3031718
6317526 -56887
2835371 -1471564
690576 -2186278
-3577052 3657366
-5091727 -2945266
2009557 3396146
1752578 6039430
-422291 5948921
4967380 3732892
4602321 -5625545
9243548 1445815
3089786 -5524206
-8726503 1055266
-3601118 -1779042
3416778 3303425
3247317 -576729
-4373306 -4019689
3282095 -1501460
-290292 940446
5329710 2577547
-2210939 -1208824
5651135 -4064078
-2730074 203545
2617643 7174065
3716074 -9841615
377314 5099250
3188340 2729151
4009866 -3548618
3150700 -49924
-215541 2775954
2748243 -6018341
3847806 784987
4074985 -1407849
3891830 1031698
-5697606 -6436397
-1391371 -1996333
2207504 -4267731
2733167 -1057792
-248681 -4396752
-2746083 1532810
6201008 -6132037
847746 6199622
-262490 30608
-784268 -1751056
-5295429 6339813
3628598 -1100153
4601992 2938698
-1937186 -115590
-5131911 -2011820
4107265 -367274
-314166 -6561064
-3785022 1868157
1004265 871558
-1238569 6623466
-8528219 2330194
-8364189 -3190381
2797832 928956
1447435 -1974736
-1430022 1018716
1539004 -533609
1234017 -4089994
9090930 2213475
-3142497 -2096872
-3927697 792623
3036046 1545908
-2079853 8817604
-445525 -3648618
-413043 -3267021
-6472467 3341713
-5496181 -4304576
-1778837 5951558
-1778765 -104002
-927235 353060
3553748 -137852
6857407 560842
3519498 6835382
-4024987 99383
873911 -4390479
2200143 -1552924
-2957726 -4079924
625633 299456
8459987 -1493374
-374752 1139830
483489 -3502827
3673443 -1066036
6662649 -3955742
3654611 3316507
-2682178 1585376
1721277 2448845
1319191 5455991
-2377050 2243126
-3276866 -1851456
-3373117 8101365
864689 -3390765
6823819 5037550
2666343 -1663000
-4654905 -6634632
-5754967 -4989641
-927767 -8065353
-6401056 665867
7896689 5598668
1876933 3907965
6577260 -7432689
-4922113 -1996491
1953191 -721463
1629530 8039242
4771803 2943600
-2707464 -1604178
-6021041 3024847
6844030 8230800
4025591 -5288327
-6322732 -3314952
4729284 8558578
-1694982 -4277457
478602 2733644
-3463240 1415027
-8880533 6215950
10307343 -2458715
-2795436 -2399346
813707 425986
8658577 -89500
1253228 -4735933
2145724 9312925
196023 3138411
1311825 5392118
-4399728 391740
-327367 1167581
851997 -53705
-3056674 -1542674
-2383949 -4997356
-3992142 936955
4555494 2926987
322337 9287341
1022472 11223363
-893407 2108712
-3620900 -6076451
785738 1459039
731943 -6601538
-1120083 1206728
-6204955 5019045
-4737086 -2171689
-5778861 3336347
3846473 1516261
-1358738 4194653
1439529 -328268
-7031786 -3727160
946088 -2551867
4224362 428402
2717087 1536817
5635870 3367606
2659915 6928821
-2498075 194636
2802579 -2893256
-1664043 -4901871
1258715 4597248
4596532 -2219196
1049520 -6254094
2326945 765046
-758097 7935476
-3373637 342826
-1957684 6546307
6715 -7441194
5823325 6524719
-5289409 1637644
-1965443 1541241
1104510 -5251171
1965675 67967
-2971865 -1882449
-1743800 -3114860
-9463501 -606021
1533894 -7474705
1898696 797613
-3168556 2260049
1927338 3918295
5137799 -2199825
-3150792 -4335474
-8560587 -5043533
-821839 -7367733
4888543 2958481
-2295755 -7625190
-5578192 -6119828
-954070 -2472336
238872 -4146492
1092554 -2946674
7811554 -11992740
-984108 -4914974
-2881323 4259388
2518041 -4785101
-2643243 -5146649
1716212 -840943
681767 1680812
-2544225 3296283
828639 6622257
-2879655 -1167116
-23105 8473941
-1553418 4128837
2536826 1795486
-2298344 1948707
-7405166 -4332728
-2682145 4300724
9768886 2321641
2607214 4590773
3501673 -7692743
2866151 -6700232
1337814 -864219
-3540005 5452906
908569 3152360
2431824 3126401
5253303 -683162
942592 3132812
7765054 -8297838
1249538 1284918
-209169 -6860934
-282931 1188849
-556668 3020062
5022140 -522713
5893406 1103141
5074433 1708823
2002007 194638
4191443 -6405113
10236279 7665545
-3410579 7463050
1132309 3363036
-3065258 3795779
1177129 2261253
-4430303 -2873646
-4483441 899897
221066 3293273
-23917 -6026806
882268 -6322954
-1373494 -7200897
6166565 -3175619
3378693 6496045
-3223151 2674168
1526910 196939
3349791 1174560
2782238 765338
7153319 2325274
1825870 -3929049
2537161 -615496
2664745 4552485
3946145 -2105892
-3094105 2815719
-1772469 9789775
367185 -2153522
-2506716 2802185
1440424 2144212
-3537891 -850358
2958195 -5165377
795567 -3964342
5376838 -9610663
3511721 1978970
-1160848 -5078239
-9222637 7628074
6806550 490952
-2418589 232529
6703891 8930370
-2791925 813598
5427017 -3923497
615102 2636360
3079389 5727421
-4583090 2786580
5356376 7820746
2949994 114527
4626634 2260971
-5216044 -2139497
-2463047 -39867
-2244865 848127
3353479 4462061
-2892826 696585
2466795 -3075589
443310 -7794382
1476689 6363374
-656153 5935399
4778817 113677
6000736 -7446268
-5261070 -1322892
4034147 -1017950
6741111 -5149300
3983058 6206167
-838086 2204497
-715320 2953066
-1400564 -1329737
-731959 -4822873
4930869 -7806465
1133974 284550
215088 -938409
-4888492 -7388408
2333343 -1051151
-6755989 -246577
8792944 2498507
1260922 -7316159
-6460768 -3095111
-8166997 -5857976
-5005349 6313343
3595283 1154550
515375 328302
8928093 3370304
11048178 7994258
6384244 1716199
-2854505 -1160846
3915332 12778
4365960 9076385
-3676448 1054656
3534565 -4737999
-4750091 -4114378
564594 -1651301
-1368339 3223388
-6496498 1319818
4362624 -1822482
3727969 7170529
2146853 -2216464
-112609 3967089
322134 2447875
2715677 4068419
2174832 3723501
1655321 -1922829
8930220 2377985
1926633 -2496320
-3027871 239731
-928518 -1141878
-5177014 -3065270
-1535106 -2665886
2650163 4738237
490918 -2592039
702420 -94254
2558995 2730085
7139601 5186722
591839 2998799
3471126 300405
6957728 1767752
3097887 -7334584
-302829 -1571560
5360204 -13410927
2071332 -4859899
11291181 -4642102
-509225 -1260314
-5801998 1217681
-5092373 -5161311
-4261269 3709631
1740986 5427170
5258052 -5078892
3531459 3235797
5944974 1619506
-8191550 -139826
3502462 4433715
8664449 -2173863
-3365727 7627374
5190706 -5287467
-2004405 2115395
2776922 -2753946
7652822 2281847
2395162 5850146
779563 -706959
760428 -4826796
-1376783 2676725
8235158 1917263
-6158206 -4902028
2104615 -289361
-6519297 -5441015
8898644 9161784
-10297344 334143
9028016 -5769340
5541300 -1364454
-2976328 5743447
-1812550 412908
-8456566 1618058
3200909 4141351
-4960843 -4504598
1074866 5283628
314972 -5287515
-4051141 -7382800
-1393147 3327926
10812723 -7416943
-1927949 7445895
1151118 -6492706
1428676 2619803
9681754 -6457289
3196693 6018816
5032828 -147072
-4389894 -1948695
3263464 -4987012
340374 2103911
1844943 1687787
-1932246 -1556159
-3604259 -2778377
-710176 -106506
1536960 -4651957
3868536 -584094
3929700 -3042489
-2057246 -6269691
2708288 966761
-2251803 -2220320
1825342 -5623762
-4105887 -1541666
-7929054 -9727066
-1291849 3362955
-6572735 -3696165
-4908879 -2366129
-10445584 -3323756
2961488 1686485
2348850 -1032775
4267391 -6447830
7056271 1259849
3018713 1164460
-3526037 -957313
236294 -6299871
-6812615 -4187266
-2268902 2892872
2533416 -10115000
232673 -7660098
-1652418 -2144732
232657 2188095
-5279513 3099168
-1954711 -4316857
10903523 2000970
-725709 1089478
1633362 5255051
5908643 2176303
-732678 -1708812
1277095 -2330854
-2840101 3195303
-4286307 -3972555
887870 -2070965
1340756 -776602
3527404 -2161293
3667846 7926670
-320407 -4938950
-5114682 499100
5805933 3067071
-4302235 -1789594
3223030 -4453531
-1449812 1578517
-4201781 -491126
-3864376 -2519835
2653533 -3367963
-955829 -3681246
4880844 -1669473
-1938230 -576974
-1795754 -11479699
7524156 3413832
-7934963 -870935
2188592 -2351630
-10449864 7806090
-5978957 7173137
1358041 3294381
-533875 3008169
6963438 1615076
1529203 7327569
8693216 -2851800
-8523306 462217
3451082 780726
5546395 -12901
4009302 268240
1195003 -778029
5635005 690534
-12838754 -1402038
-2673132 -3257309
4562889 -5302637
-3588327 2147622
-1862674 1373971
1385141 7216310
-4328981 -546368
-6923188 7686499
-3743305 2174314
1322400 -6837522
5794463 856102
7108802 -1692890
1050055 3493582
3141298 -3637273
3548805 3229154
1297051 -1532060
5766738 -4226679
-15080 -780451
331273 4646062
4694881 -9735031
-506435 -7247497
4473320 2325865
1622237 2052862
-122904 -6341943
-2873787 -8451744
-570115 8173530
5117532 -1394320
1457264 4333817
-2661429 -2443981
-3801859 -503045
1883856 5056390
-1038366 -1972699
721389 -674164
-3476233 -8581230
7233262 -3108737
-2659884 -6959721
-1724061 -837270
-2816889 -5917943
-2222183 -2002646
5226358 -2286628
-3457193 2362637
-2011019 2810261
-529707 -5263194
-5244772 1184600
-6459627 6528563
3389321 3062369
-260093 -5663538
4778704 -6936243
2039421 -3696191
5794144 3112888
2259266 9527817
-146582 3565223
-3924892 8414837
2428928 -2898801
6148931 1731285
-5716608 2430320
-3653813 -2979023
-5392141 8375196
3330403 1590991
649532 -3510909
-251169 9333872
949958 1651431
-2226390 6079157
-214933 -9403294
-4896258 4732826
1231398 -1793307
-4020913 -6753683
1697037 -5552301
-9650867 -1654409
2040758 -1619445
1440115 -3680633
3277458 -2241282
-2357891 -95970
-2448991 2170429
2618037 -69484
1446757 -2530697
2210269 5769603
6726614 -846050
-443880 656704
-254796 -2149191
-1554744 -1736218
-2903461 5055690
-6820965 448516
-4112514 3222974
3539102 -8987618
5360414 153
-4483050 -2432125
-8631956 5437843
-4512563 2528235
-2768071 -5638522
-4974610 862989
6686418 2186894
4237299 861475
-4488233 -3088617
940921 6010685
5018993 -295958
55342 -1274758
1877929 -812541
-3805919 -3663641
8115606 4865356
919419 -74034
10185131 -2929289
2713339 4903836
5268850 9886949
-3716498 -549363
-1482562 -2658743
7770774 -94057
1185930 -1005290
-1239811 1218954
150078 1778650
-5796998 -2264464
-6502312 -4600047
1749952 4534948
-4170566 4515503
4321551 -4033779
-2231946 -4306817
4724535 1111953
1412046 -6694468
-1504290 -4596890
-79406 -5350544
-132994 -10747838
5959028 -6377038
3006875 -3901508
3636231 -4517938
-5564866 3286306
-1416751 3969331
-4231997 5247812
-5880932 -5961997
3620267 -4399555
-6593844 4677107
-5695942 -2840928
2914037 7123242
-1864867 7723532
-5203908 -2942489
599136 -3973857
8708787 -5617058
3446723 246046
-4370234 2515107
-6687005 5028370
4040507 6277216
104486 9151164
347941 -1984630
-3327689 4181656
4487979 437605
2158402 -5168579
92676 5968605
7309401 -4774593
-396775 6171937
-3683118 -3362548
5483397 2471465
-774963 -839347
-6459242 555800
1410023 -2468814
3009896 937501
1789558 -2646232
3625915 -2203533
-4139934 5408084
10370 -2982970
-1341625 -6948181
5351051 4546730
-2616336 5038750
-4605944 -6679628
973703 -492066
3075241 7107866
2682659 1832913
-561288 2890576
2167663 -2239311
2861469 -1789259
1639827 1564920
3118897 2013702
-1488374 4640843
3043978 -1054384
-7548795 2014071
4728411 6741520
-8491361 -814117
-3176417 -4811252
6877070 2200335
2370713 -5876749
-427248 5521141
1998 -11666129
3391663 846102
4719218 -8059679
-825031 -1771044
-1096388 -1429690
2335390 -3012567
2192417 9951879
-5814754 -707563
-2176753 2321522
773354 -1831205
636861 -1027071
1423674 709992
-6290438 3604588
2103426 -5441830
-5132380 -2329402
-9915365 -5729988
7680742 3372880
-3940095 -2208859
3234555 4335209
-9478399 5762099
-1443468 -4917336
1776266 2773203
8520900 2950707
7115463 -1808309
576999 5302535
5603623 4502133
-3342823 -4064082
-4305312 2371094
4034312 -7853778
3325722 2823298
-2294677 96224
468974 -2042430
2129535 32695
-4185629 5014644
-1243903 -7091295
1058560 -379678
-4461589 -674128
-2825111 4981718
626543 -7082035
6214791 -3634498
-4786574 2646494
-2105115 -989355
-3003647 -2509209
1812605 -5814367
3087400 5879743
3301451 -4466604
-5442306 -5298979
-484253 1917245
2779174 -231858
-2414693 1671544
1975412 3092145
9116176 5914305
-2096113 -3395282
-922200 -2287119
-219069 6041671
-5351961 3538411
4392377 -1025301
7960885 1504957
-7402940 -773796
-511832 4828954
77019 -666988
1825287 -1014704
-28911 2718137
-1033640 -1653816
2007142 -10986662
216207 2006965
11795137 703520
-11868468 3823745
-191271 3385271
4328151 878614
-1011071 2466348
1493267 8282141
-11246828 -4872308
-2829137 1355766
6120645 721247
-5270052 -7410666
1122413 -7008691
6259497 576524
5469788 2434037
5865087 -5538339
-2952240 2976065
-7494621 -4712354
2839573 -5424944
-6322658 2726723
-995324 4223000
-6691204 486185
1569720 1735834
-6370458 347561
-679549 3922736
3545566 -2520713
-4151922 240291
-2024075 -1632435
-3609749 -9708700
-1746150 2506039
4441032 10622419
925681 -11080713
-2606623 541114
4023559 -4980451
1360761 26181
5764092 -6833082
203643 1387388
-978142 -8466231
-7786008 6837531
7796730 11797029
3888305 -2070574
7453409 -5212902
-7874327 -4630933
5553631 1889250
-4964232 -11095668
2659016 -5402987
-4895269 3094755
1790983 -11224908
-4371511 -5876214
789652 -3587258
1299868 -3086260
-777931 1716467
508384 -3535928
-2278238 953916
242300 3782139
1581525 -636697
-2733631 -2125826
4498417 4225476
1141888 2210260
-584638 777597
-1997225 3555739
-4563590 448241
-1619391 -3679703
1175195 482035
2501479 2707674
5379918 -2857185
4252265 3704214
-9162145 2844533
-1465723 241342
-9862710 2613923
5423459 -2388348
-1159479 -3978836
-865621 -1706283
-142540 -2815001
-450563 2445053
-1949587 -1669109
-6925650 1103429
-8538254 -6093942
-97425 -1913370
1346787 -5168340
-2138692 1064055
-7251903 -1310390
3114582 3811261
170198 -1263926
-662754 -2309464
-78821 -2504530
-60593 1194694
-1637405 999428
-3564252 -2580281
-2226418 4450150
4825910 -7459165
-2955273 -1154909
2888082 -3834697
1427213 -4582207
-3937435 -2043771
-9834327 1575916
-423032 -1018571
8133389 4504814
1889330 5117964
2976802 -6371414
-759952 -3944763
-2525830 -608016
-6851489 6873594
9772837 -1941756
-4363139 -1148927
-3820215 -4981995
-7350080 1983100
-8189364 5042980
1730666 -1802478
865332 -1164787
-1178411 -9810760
-2058018 1677184
3347719 2280169
7124111 -365491
2446667 2100476
-950149 -5335220
217817 1225088
-5235987 -829686
444829 1017750
-881824 4674085
589735 -252074
8515797 951247
7712230 1014248
-677042 -3152373
-2543321 -2155544
1739094 -6142973
5361483 5932567
-2536917 -4370745
-8441987 2579549
-947763 921774
152226 2041316
3554268 16762280
5388978 -444036
-7188479 5198308
-7205553 3200720
716641 -2759155
1316361 -9047999
7638153 -344182
3864902 -845492
-6417747 1750641
2159330 -4918077
-498887 70028
-3403287 319034
-3786883 5503351
-1826276 -2968303
-165993 -1259616
4682246 -1987027
-705331 -783484
5373908 707418
-7435405 -3632962
2268158 5308595
1641363 -2439878
2616185 1296885
-41737 -4679306
-1036497 4060262
-2271690 4183127
-5806134 4008060
3183516 3061512
-156543 -2850502
-4233951 5755297
-874723 -807923
4020764 774050
5712714 2349904
6039135 1481515
5271950 1115119
-7801054 -5581804
5646425 1607631
-1939879 -2219326
-1563224 3785406
-10392484 5052840
5750510 -1030031
-499887 -4066538
-40006 3383612
-6728968 -2227497
-3401847 2452866
4650124 -7396413
1742220 -45321
5998006 -5408742
-5127439 -443220
2216645 2085404
-3858647 1682634
-6379015 214122
4935284 2243233
-3889714 -4811313
3066379 -6105571
-2827705 830398
261728 -312462
107286 -4689343
5656439 3346721
2713368 1800716
7822 -8205002
-1384184 -4692973
-3668382 7275578
3614309 -1951398
7176139 6842812
-450089 6512334
957740 -5428262
-5042905 3816875
271789 -5691721
108411 -275083
762679 -7018383
-1555961 -163735
-2181662 -212148
6094060 -3968809
2589133 1050155
-4888981 -3764490
1664553 -1742592
6689174 -442761
440621 2872548
1793484 -4379984
-2091335 1326557
2878281 215550
111682 -3100272
-3322961 2180919
2130640 -2731451
-3455908 3066429
6772382 7354071
-218118 3170345
374917 -1560994
-4764648 4138307
-1812325 -3839103
3071750 38501
1107655 3185436
-2975466 4750894
-4305502 -2917201
-2405824 1636338
-3534238 -7200122
-343049 3029782
731847 -1326941
-2605831 -3985172
856075 -5421480
-3122550 -3383004
4666681 2388571
-5495376 9397293
4175349 -6428455
7487975 5603770
6600253 584678
-3987938 1489871
4793214 -1735197
5042140 4410912
-1927084 -4151010
2012929 2359887
2197747 -2826938
-115530 9024912
-2368118 -6568850
986760 1961322
4805530 -3405912
2030161 218193
1398952 4026722
-3004684 392097
-5958128 -1653934
7166089 -7289492
5250390 -1648542
1219386 5512974
-1835924 -3196568
-4017419 -1379484
249473 2619413
-816957 -5610136
-2284342 3150443
24237 588436
8351187 -6446320
-1274742 -1082664
-2909498 714785
4082042 -1385826
489505 -1654948
8763295 4803182
429953 4278004
-9711002 2467507
297996 -3137992
537343 854094
1083484 -5749649
7267867 -81955
-1856888 9026413
3450075 -2595454
5062015 -5360524
28934 -3588131
2791800 677932
381548 2275651
-372766 -2313385
-1351799 -1488338
-1192848 5720334
3422747 4746495
-3023912 -6006805
-523631 -1249778
3431024 1268217
7247606 1817583
-703130 1807488
102042 -4244854
2049603 -7553176
1710395 1329892
260044 -3262514
4072439 4470851
-4979869 -2011307
-699912 170675
-1503081 1260666
1737909 397625
-8263777 675159
-2064414 5955800
4177403 1252654
-2372198 -1288798
-1212992 6459666
6171875 -3553880
-879353 4633486
7415168 -4166043
2279951 -4153869
6754121 673147
-1879273 4973409
-2123327 5393922
-458564 4974238
-256229 7478259
-3550175 1707061
3955009 -3303564
-443041 4035660
-1036728 -3809262
11569608 -8382135
-515487 5152754
-1233507 3486251
558137 6738630
-2626203 -3432220
1510157 1050479
-3957889 -3126460
-2942837 4640346
2680685 -8474914
-5668850 2080475
139179 3882850
5182544 99989
-6143810 658265
6356158 -1223347
-66989 -8260999
-8693819 1912472
7406907 305280
1904912 5010228
-1657577 -5345639
4547752 3156285
576127 2408332
-7359483 2712716
4208520 -1342121
338277 5886834
1845304 3200385
3075614 1258566
4461762 -5367064
11835101 -2202042
2736299 -2994762
-1178488 5905819
-386526 2091056
4300319 8553405
-3594442 -5571809
10804302 1104093
-6107372 777978
-5279937 6105445
5687672 -3162145
-1683072 -1147105
7744266 2517182
4132331 163959
7575730 -3630696
-1100550 4807747
-1487719 -7637770
-5170291 -3717235
2562945 6036540
1909205 -1440280
-808334 -1008225
4944096 5059290
-8209876 4004548
6551436 403343
-5574538 -4292249
-3313478 1427924
5060508 -2777725
-253659 -2817813
7692546 -2306215
-5228946 -2253841
-6585627 -2334864
-1824719 -837446
-3115587 -258220
-4786137 6052441
451361 -3926612
-215393 742337
6451321 -1157106
-3664474 -7293290
3056823 1643886
-1229574 3058206
-5897435 -5519776
-3617275 3563645
6027417 9061546
-7605887 903043
3295629 4697259
1800142 8840796
-982242 322549
2051556 3434430
-7768354 -4781966
-2558985 4823743
3234893 -3302444
503247 -4364906
3007014 -1056317
2643464 -4488068
-638757 2077286
1147999 -1856312
5975721 -2888448
2887768 -775066
-5634389 1988226
-5213335 -1328813
-563944 -5433327
-7799953 1549384
997978 -7276161
4524247 7425284
1046096 -2921254
8558549 -292298
7377474 -956627
1073005 1084809
3979949 6601732
2035382 3061036
-3708394 -5875824
-6963464 -605065
386223 -3953140
-203539 -1044492
935430 10922487
1820116 1142423
2255725 6054726
-669375 -120472
-3050224 3130617
5603476 65893
1204223 3306223
-1359772 1013486
2181220 -2336146
3944643 3133902
2252303 -6618860
5796374 6666983
3212068 -1612885
3206198 253026
263674 -985418
-10856071 -2320340
-5049783 5127485
1080238 3191656
-4332064 -628348
2656224 -3312051
2776724 877019
-348875 3388791
3411343 8567532
-65821 6116814
2559681 157158
4190197 -2362923
-2061574 -2933565
6868408 -5567012
1186440 -122111
4683046 -2581574
4774487 5245000
-3586862 -1508831
2536671 -2930001
-2033741 3996600
-4758909 1261312
-2110635 -1390792
-5410010 2698746
2804313 -1813415
3208350 283636
-10786666 -7722738
-3187449 4581565
-7257067 2112257
6358228 -6588930
338826 2007332
-1301855 -4093304
4446769 -304217
-2117399 -7114654
-2292892 -4640260
-3132667 -313666
13751074 571365
1757283 259206
3347178 -1157724
1675981 1116701
-7782373 9169418
-426058 5270856
-494247 6505189
-335440 1203008
-985090 5208104
6982055 -1581316
-3197243 1992549
-3090932 535040
2595427 363613
801091 -70926
-3496115 -3069844
-981009 1670302
-5657518 1644582
-4177034 -5224472
3117441 47534
4865554 -2596302
4461895 -2608877
4258142 4249717
-6164944 11727961
4983419 5680617
-5210353 7387320
-1527698 1305066
-11950454 6717153
-5269841 1571463
-2792979 -8091443
-2447592 1354899
-6407863 2488880
-11102379 6222291
-2244238 570456
8458655 -4512832
-187122 2107157
-3004115 -293535
1448222 -5692462
-4741067 1960690
-4848117 2030219
678513 -6206706
6314371 -7613315
-1033633 2526749
-4611547 1823040
1797148 6193890
-1134900 -4144409
-740157 2530349
1072662 -2149866
-3616747 6014196
3237019 -6819283
605041 -4008886
-9500553 -3223116
305543 901162
-3791291 -1645169
-410295 -3297819
-977914 -1246876
-3117356 -4013055
917281 1675243
2532763 5551828
447278 -5970591
-90085 2624052
2969975 -4541616
1879533 1113672
-1405640 3382468
6524924 3687056
-2760152 6524756
-623722 9487201
454520 1221199
852541 -2490692
1511885 1165567
-6159431 1954898
2472336 4200227
-1979818 296935
-94749 6044605
-2928070 5343377
6042649 11598910
1892891 -2158637
1889886 -3920757
4996306 556561
-677683 2574200
-2294521 98680
4474142 -1053242
-2155471 3370474
-3205986 127827
4401896 1148970
-8388485 -7660983
968399 -1865891
-1448210 -2828634
3392551 -2718862
2979607 -2554832
-711833 5664120
-3511150 1519399
-2458649 2734115
9077440 2315129
-979762 4907792
1362356 314751
4789073 -1955151
3027388 -3727510
-3610745 -1633631
-1655513 3589221
5157705 1350735
-1209161 -1050240
997028 -4123069
-9489184 572917
-10564869 -2174400
6586375 -2002408
3251974 -4792879
-6100181 10011780
-44946 4576534
1731151 -375462
-5208697 -3051472
-7195407 -1367915
-2282343 62671
7485249 2380436
-2200261 -4166201
242370 -5117908
-1187842 -1541149
2957868 1861631
2005456 716564
854235 -184828
-1016763 2311548
-3641198 7845486
-1700570 9095380
-4509218 -1859073
4714780 -1286891
1615284 -6774455
-1721406 7873295
-2404211 2942204
2102271 1114767
-572868 -5528485
-7177922 944748
-518193 3910434
2986609 -215482
-8283634 -1912280
-3874765 1526132
-3838028 5808087
-1062141 3890818
-2302891 1186189
-583677 -4899285
1266887 -4801368
-9860256 5911685
-9203458 141963
830830 -5402652
1209567 3956756
126513 -9557822
6349855 2048523
-1373427 3233521
1470778 2687388
2094074 -6146854
-5747285 -1816301
485900 5988760
1110468 1539779
4057948 -5411262
-2062563 -5395588
-2755572 -4475009
3617661 -1607707
4348953 4392636
4486497 -804748
-555890 4307010
-2794568 4484481
-327736 1573025
-3423978 -80141
1107768 -1218931
2062647 718768
1526958 2811153
-9431092 -5937100
-1819296 6897584
-4179684 3311840
-783976 -6366735
-767475 3803911
-5332915 -3505566
-1189328 1182821
3502919 -2674998
-548716 -4097325
-3458318 4075845
-1792623 1812194
886735 -3788707
-1276436 -259978
183234 5870753
1270434 -1085068
3228048 -6319232
4119784 -1828433
2359223 395193
5000008 -128639
-2139940 -1077591
-2741519 -1846093
-2193171 -5029182
-3912311 8396190
5310693 -837601
-1570703 165692
2831243 6246125
-2342653 -74432
740970 6186368
-25768 2301396
-11202829 2951294
-2492862 -1819719
3843889 476878
6634192 -1777812
-6372593 6390106
4007935 3491128
-2623751 748515
4343969 -7756037
4997342 -208167
-11857212 906960
3803764 1132315
-3538316 -3819989
-760419 -5624997
-7526945 2133532
-1384829 -6615965
267719 718724
3980397 -5605351
-206707 -3893903
3563446 3068302
-5722752 -3852600
1067220 450484
2219234 -12535283
-2969271 451103
5636037 -2124009
-2054170 -9673635
-9171666 -3117260
-1752890 2793668
6475664 -993064
6829638 1607779
-677412 -5535914
1901197 1717612
-683576 5614309
1036692 4928604
-5376977 -5816355
3299763 6188053
-805887 -1660320
-480977 -2969390
-205801 -428535
-3387271 1764687
270329 4474275
5377739 -4791434
-2842180 372139
7919633 -1234726
1721446 3176233
-3409961 5862289
-3920947 986920
7463942 -1601538
-6046380 -1120117
976099 702732
-4343123 2414057
-2177430 5268527
9316308 1960003
5956057 -760957
3818433 -3205638
1947126 957888
281084 1065984
4200655 4817976
-5401307 -2970936
3826377 -3067069
1913268 -1740487
-6541206 4094630
1619151 2593824
-3971951 -2755125
-957907 -3419379
402560 1744443
-10072601 344421
5552811 -601936
8435802 2492
-1156713 -7978623
129133 2279053
-2931613 3418222
5029866 1206829
4452060 -1365884
2134768 -1263569
602266 -3239521
2846366 1436598
1768993 1510047
-11599847 6500403
2986752 1380932
655885 4694077
3969901 -4319623
-877222 -1873051
1774398 -4406390
243151 1075487
6794954 4260952
-4449045 738130
8490741 1785530
192155 4892765
5862210 2567464
2624839 -63703
1004879 -1236598
-5537433 6449199
754164 -2772836
-5749011 -3073298
-1245509 3603261
3928124 3140669
-532523 4080686
-5703172 3725465
1936501 -5400456
-3305087 -4349292
3388198 -2881256
2102188 1598256
-224241 -47051
-1839784 -752039
3472722 -3654389
3244696 1042397
5393001 -4682060
-2370472 4149538
-4592591 4453037
822601 -7350321
9331951 -875348
982803 2274107
9543332 1067364
520448 922205
-1210580 6074918
1992695 8958242
-6900254 607095
64056 -1304001
-52628 1352579
-3123874 4971223
32619 -3188119
-1966855 1650845
2188991 -1577136
843015 5256844
1462891 -1332579
1001665 1921179
8197834 -653422
-1133734 2317882
965464 1305121
-1722034 -1842915
-10634807 3310344
-3398907 4348593
-4947841 -3141076
-4175498 735771
-5389409 1660091
-3687701 3522784
3745478 -3251266
-1042159 725451
-2843549 2714889
-142158 3955269
1232298 2320904
-2785750 -4448860
-1123048 -3974749
7587584 3368259
1086513 4002447
-6496272 6066249
-3538680 4371044
899122 12752090
-6895051 -2858799
2814177 -9721
-3385027 15619157
-2654066 5787951
2365986 2211364
-2326380 -713889
8366207 2220140
1357142 5782180
-1372554 4262996
-1816183 -5800923
8880023 -3305046
-1214546 -1583476
-6121954 1842696
996049 -444359
3991349 189014
-248301 -5791005
1917694 -739533
5491807 -2824394
581508 1024065
2036410 142351
-1430480 6779815
-3954652 2699237
122042 793387
-851596 1888886
3567643 -3152608
5756262 -2028735
-2660271 -7129689
-96937 -4207505
-1600816 -4281095
-10241422 1833598
-75461 3318233
3114917 1938770
1862292 2887010
2461582 -3513083
1375016 1180823
-3763695 -4181640
926704 -459131
4517463 -6259434
4275451 3848309
-12713306 -438824
-1919674 3510336
2959771 -5346039
-2771437 2135051
-1267640 3796397
-411908 -4919174
2895517 5702820
-2879005 -8228824
1999146 -8987130
1443793 1828590
2877548 3472597
1999289 -4126250
-9834313 4503451
-6115983 -3062395
-4848892 6389831
2933273 3398769
4641143 -2191231
-5082864 3739923
8011746 -17543
-5090469 3390302
-1336343 3193507
2130903 -5333382
3623822 -5414859
-3053340 -7676231
3625974 -2582917
-5610990 -3241273
1577937 5061559
-7886552 -6773181
1116920 3232513
664762 -3924312
2173162 5823516
-2263344 4079628
-315867 -2849294
-4727554 -2729075
6167617 -7945867
-8297293 1576132
-1361407 -2820901
-729273 6617015
-2596328 12686019
-4481578 -848004
-5006123 -846704
10788625 -4037767
6585070 -8731986
-81067 -2513083
4797038 -178621
3044723 3617002
-3892222 -2458311
-967004 -5422272
1744423 2441193
-461202 -1594389
6626832 3020528
-3294895 6194931
-1994097 153441
1942383 1651932
3251115 8804467
2234220 -4128005
-2010627 1204967
2262360 -4512208
-763433 915526
-5103762 -4419930
-1626162 -1921035
3212712 7718826
7842485 4902366
-2305419 -1413016
-6621542 -3527996
-6814280 -1213170
-13663340 -6946083
4897644 1465618
-9520198 2113614
6439755 -4306852
518484 4995527
1985017 -782938
-2912562 -6018276
1801549 849528
974871 -4156038
-2584475 -3033351
-226858 -86308
-1918180 8268745
-3761603 11259845
-10674762 2252821
5011194 5995341
-5841536 492187
3519772 -6911229
-848734 2022457
2486230 -1463795
-6195758 -1921542
-5445386 3429348
7851443 2999892
5499432 -8740791
-4812332 860876
918455 -6032751
-10498602 1957445
1276606 3575755
4298873 5863889
3270917 6873197
-1118801 2544831
1032758 -3505615
2146693 2271227
-247239 -6770574
5289227 -4976334
3829475 -330899
-10785117 -4933289
9836517 3969441
4641816 -5377402
812273 3974912
-4796648 2723556
-13745894 509512
3882178 628752
6842621 6781563
-2059517 8255248
-1396729 2023213
-2523510 -436177
-271580 62153
-3530010 3268511
-408400 3332451
1991165 -6098352
-2444624 -5125061
-6378057 1359073
-3070235 1139302
-336536 -5423013
5482161 -5884930
-2389801 -377108
-137322 2444139
-188182 -2113627
3505856 -3789141
376311 10486350
897645 4993597
-2896748 1554926
-5034660 2021804
-6414847 2316960
2177076 -7506034
1401537 3444511
-3025725 5172651
6892218 -5602797
-8915039 1576169
3024881 1282170
-4719106 -2375210
-2905431 -1851899
3299663 -5398833
-3184594 716723
-561843 -6539088
-4777247 1888759
-691448 -2073181
-3550011 -5711107
-4496056 -1254308
-5586487 -6099591
-12539033 2373483
-1461944 775013
3569672 7222908
1903253 -1205256
-3670244 213416
-4206853 -2371582
-8840005 -8047417
3659212 -5042389
4246864 -6375007
7540518 5165070
4049688 -6873363
5047452 7676726
-776725 -2957586
-7105956 4060060
-6062075 -1991473
2619513 -4128633
-5406206 -1099393
-7364133 -455009
5397409 602973
7636576 1461410
-4259430 2700696
-938352 -3141318
4341618 -5181907
1230937 2732123
-4821502 -1520050
4663162 -1920147
-1665203 1442958
1809743 -378674
-6398811 -3913963
7078391 -4895318
-3698666 293755
-4891042 -1354971
-3224930 2943784
-559171 -2920144
-722034 -145500
3236430 -5608854
5353660 2325042
-3639985 -1016550
-2556737 156974
1509099 -1216180
-2835759 5215603
-4717268 -852113
6461076 764121
7545288 -2250915
-3099775 -2810786
-5036522 5300352
1865190 277443
-4170683 -214370
4382707 246999
-454774 -1792783
-1318859 -5722189
-3560597 -1285631
2835015 906170
7509012 -5700888
-2338353 -2120054
-341919 947883
2481827 307511
-288289 2824813
-7383230 3092734
2213357 -1305713
3573620 -8036721
-6095413 -3560994
195090 2593687
345624 -17571
6279997 -3228371
-3541634 7599568
4153810 1512736
1304270 -1264435
5209621 3498210
3471100 -4573169
4446239 1852986
3599892 3781389
931021 5469271
4242643 -957628
-2411854 3147537
3189380 -3981688
-30797 -7624270
-3433646 -79302
-1269536 -2332336
-1106905 -6337747
2948126 4838066
649556 -9134097
4159873 2373723
-2912515 1047856
-4436346 -1988312
669530 -761349
-33079 1278315
-390500 865142
4454705 -3970787
-1547480 -5271118
-4681452 -1662101
5757145 -4108866
1700358 1494451
-1100634 6318701
-2627436 2472103
6404758 5637404
443925 3238412
7692595 -1760927
-5390807 3927706
-639450 -3234928
-179325 2367696
3368479 -804246
-166116 504287
1675594 3519083
3278239 3369074
-4678305 -1676616
5903214 -1571866
-765229 9233924
3829710 -4767094
2065095 -4305062
-3410651 122182
1125374 347810
170256 -3211849
-6289483 2139477
-2585698 -4560471
3602764 3564942
-2522935 4169457
-2136988 -3358896
-5519086 -4496186
-1179524 3268391
-3577298 1170727
-721868 2142146
-6866232 368584
-1774381 -3097227
4245997 -465003
-6026538 2561895
1557875 -8870576
-4457319 1344931
2781368 -130771
-5915569 -11918548
6400371 -7102892
-1356646 262817
-7103052 539852
-10983735 -5845366
-1868485 1639468
8657006 -6503816
2359952 -5553256
2722683 1200889
-2528882 -1439835
-8358620 -8598615
863790 -4241534
2064193 -1917736
5991812 864589
1679744 772878
-8816803 4158766
-3268934 -2054727
11752646 -2005712
4239502 283638
-2108882 9562920
3124970 3024447
-753823 -2912989
-2245118 5304532
4265094 1921225
13891905 -11896614
547469 -5861749
3057429 -9454337
1721058 5232864
-3549490 -3487465
2346890 -998502
852155 -549710
2043225 -5618010
-8118379 3059780
3201607 1795299
204966 3857419
-1273342 725463
-3874548 4785021
1999568 -361717
-1598700 -8187253
4519714 -979837
-702607 -3551374
-6883307 2838010
-7640533 4490958
1476391 -5819418
5599371 -1429376
-17926 5669548
-4795098 -241287
-4789600 -3957725
-558513 -32512
-5442547 2852187
-7942022 -3706586
9697639 4709958
2727134 3224946
-7253839 -1851290
-13489137 5164121
-8756019 -2482765
-4794370 -4623957
-6876283 2289286
-3008942 6094331
708265 2347690
-2572340 -141481
2646199 2615687
-627869 -797654
1319199 457424
-1572675 -788148
5109472 6185423
-3949940 850915
-2987239 3597697
-4421629 2736202
-3434354 -213297
-2088804 280463
1204143 -2007174
-1281139 -4816676
-2765732 1000667
493459 268818
3762502 1431229
-909587 685725
1577670 5387430
7381611 1495339
-3722979 4119607
-4220781 -4854014
3469080 3783869
2195266 4123407
-667473 7904625
-2115419 601166
1588525 4830858
5317261 741809
-10552511 -7240625
-6146154 3668091
3719944 4844608
6736227 -3199801
-338184 -995861
3874881 -1932606
-5447049 893683
-14039233 -8097681
2482962 3632089
265479 -763450
3376492 2625015
1057678 4179745
-291457 -3796164
-2420965 -8437744
-1500632 4327474
-5440412 -1647629
9446929 1681401
3750098 1395210
7020122 5565442
-8977137 2489159
-3706620 -4150142
2926732 -398462
6964394 4591737
-5588095 8718425
6020927 3866443
6408333 -3634734
-208753 3607052
987424 2552905
1297119 -1105152
82294 1871862
4815072 4077357
-4129577 -1804938
-2119200 8565695
1241658 1310025
-3056331 -5754711
6764249 7068364
-667493 -3007034
2561182 1646599
-3180343 4158813
1344988 2403453
-2666577 -4270770
2900660 5624841
-5495851 -28121
-3899941 3060881
-3295751 -6035121
-2196261 2392021
-1326112 -2208170
-1431170 -201817
-3616354 -817409
-4560960 -2986906
848309 -6895325
715804 -9223394
3518060 1121649
2719759 2062684
9599316 4003812
4501173 6675221
2435137 2070938
-250337 897934
-2004585 6143050
2772954 924326
-3531055 53310
-2930172 1017514
725718 163219
-4992720 1945741
1708260 5117252
2823476 -451527
-8979620 6649788
-4114969 -2979631
4680733 2126473
4436431 -1716168
1752665 8841619
-8231461 -139640
2316690 -5601679
192678 -1828917
-175702 -8035325
6815989 935311
-898928 1646584
710396 -5726057
-6745741 -1710332
-4863614 -4197855
-2376923 810659
376273 5817074
-2057651 -4528661
-1953893 -2977080
-2859641 3961751
-1316738 4722244
6548697 -1918157
-1075522 3270338
3601795 -5724909
-5116896 665641
3299395 -1028431
-1367787 -7437703
-582567 -128780
8927924 -2248828
-7287421 -5417474
276513 39783
-13071423 -1668015
-1562472 -3183730
10177 -4657869
-6546467 -408232
8438635 1549056
-743589 1431146
-1688181 -5355574
-848005 1188298
5735036 3615953
-645130 5737638
-1392373 -5142070
-5298507 2853789
-1116438 -2731975
-3119884 5548262
-3380785 -900014
-3872126 -2225242
1754058 -5214739
1554524 -2810117
4660513 2525998
-424199 6005061
1977686 3776760
1205218 -2591133
-2695205 -2653058
5380356 8756682
6590546 -1138206
-2579105 -8519740
-7926766 -313267
157946 -3090612
864761 1228034
5462854 -546957
-1112756 423721
-1467415 5451638
-1072885 -1053343
-2847429 2506764
2936903 1845235
-2134910 2441354
129912 6797736
-2411564 4756784
5241316 4404871
-3266845 1852313
-2769698 6858591
2137469 -1348410
5995325 391594
2059884 68144
-843266 -3984136
-89355 -1994874
2281373 -4933102
2625456 -7461601
6811088 -1370562
-5408078 409712
-7002737 -3672168
-3363029 -2340507
3531802 -1689660
-2405082 -2444765
-12872 -9274959
2432417 1992856
-462407 1021029
-888667 3491201
-1611410 -4426837
-949726 -1600822
-245769 1749885
4558536 11406476
-3642144 -8307990
1487454 320211
-3184112 -2667261
-644513 2585803
6259464 -4494265
-331412 -8044466
166770 -3781482
2841110 -1606257
1160722 2701667
-5754670 -179241
4646375 723487
6062467 -7433517
-77470 3348140
4332641 555870
-182367 9888079
-6999146 2979179
8126991 -5665802
-3883077 8557401
-6231123 518005
-84729 7656000
-2462480 -5200585
-2526304 2497742
4459178 4267541
4939474 1086508
2551583 6663911
-1794312 2694213
-18585 -2451232
388144 -972594
-1892338 6242678
-10472888 2379540
-6100905 -4732528
-403164 -9312515
3278530 1788818
6842115 -5654063
-7851353 2492972
-3921691 -4219595
-1939227 3385232
602371 3955156
-265588 5774911
928108 3471266
-983918 -3345301
-2958462 5688192
2044984 932043
819846 -2244993
1163973 -2067571
-529146 7426802
6522892 -684149
-2614053 3522830
1820700 -2205109
-3819 -6582662
-5334795 -1712500
-6925172 7217219
-8695666 -425265
-3470783 6700470
-2678935 3493345
5469843 -2619534
-1021696 622152
-1166909 5452307
6115026 -3623766
-2211069 -624878
2725391 -4576259
-6167898 -2494752
1244029 1674116
-1983050 1288446
402653 2271406
-1147233 -3424859
2572215 9152657
-2862359 -3700317
3006373 3498520
-1278603 -9088985
-1173246 -2006931
-3332823 -5258746
-1348921 1186369
1075126 -6367583
-2660896 -2393926
970006 4588793
-4847415 12319450
6676481 5335640
-1815206 6080057
2034229 2617954
1212002 1448097
4919851 -3567836
3070042 9500651
8286523 -229846
-2037669 -2038272
-7677905 -3926143
3375322 88638
-2462735 -5397600
5105122 -2013326
-5409306 -4227128
2617165 816020
3777538 7686419
1284805 3436051
1378858 485345
164290 8202914
-2656502 4280829
-519446 2979449
-3353230 3262607
2122902 65467
3592955 4022331
6158104 8791282
3644813 -7139873
-4217471 -9044345
599612 -2176628
-1153356 2974241
-1709255 2315802
-6121499 811005
-380394 398092
-1958957 -2646045
-4243673 -549406
-2848173 1708432
-3190743 2574056
-4035741 442624
3422468 -679989
1630942 -1414698
182511 -4219635
1475838 -2363952
-1312193 -467553
-6777296 233835
-2012543 -5104348
-792151 -8709682
-3752577 -1953461
78305 -1723959
-8096211 -7216908
11165337 -1545340
-2399102 3600471
-2160811 -6729374
2023074 183866
-4042490 3866735
-2787457 -11369544
3246266 -1569557
3494285 -1431778
-39618 747402
3338822 -448598
-3834224 2839079
2692875 2574832
-5072527 -6752177
-465574 4954647
1859902 3551069
-4423436 1518757
5425191 -2290090
-2943182 2988794
176574 -1002640
-1157410 6475549
-4904537 1847004
-1489916 -14484414
2949363 2154508
503251 -538885
1350462 8940896
-3797840 3818135
6335018 -4096466
-8571554 -2670518
2154972 1022298
5131808 -4985304
6396042 1426840
-2768209 -4878661
-3102227 -1129160
-3594532 -936532
-2139998 2962069
2414446 3543258
490467 -2321208
1263766 -4800358
-6763318 -6220369
-3260821 -3760281
448887 6737831
-5482633 1847387
-3722903 3117211
1884977 3276963
-449283 6928704
-1913783 1488968
-5299760 -3227299
-125150 2010833
-1564449 -3694818
-250336 896737
317072 -8848686
-987435 696910
496653 2429379
-3634085 1675010
537414 -6482977
1559653 4367483
2990319 39651
2683565 2951496
1851029 199356
6361144 -4567471
-6827272 564100
1302194 -3863463
-2713896 -10388559
-3057505 -1810120
-5094498 3813569
5726778 737606
-4799159 -1892148
-2932537 -1125868
-706829 5068710
5316616 1805409
6104533 344139
-197636 3587797
-3544235 -1063370
671923 3266123
4630031 -1881259
1447682 2399571
5741674 2527839
2220584 3436657
-3323976 -910852
3754308 -4336689
-3934509 -1436204
-4178607 -2840797
-4086303 -3478095
-1924057 -8537784
4914705 -4286654
4158655 -4088296
10460992 -993039
-1579973 3839357
-1143783 -516361
1773477 3629376
-3965402 -3808024
8964819 10246271
-1998035 -2961737
-5823632 -5447539
1839033 -5378100
4278060 429582
-2589673 2759934
-976489 -4692932
2463360 6444748
-9817341 2659119
4956119 -4417500
-10779674 -8757233
5023856 -6353944
-1562838 -4831740
-210041 -1276455
-2621638 -3756161
-8682749 3083322
-4328830 4969109
-4789545 -5411946
-3494749 2583074
4199043 2915662
-1679770 -10696703
2710582 -5825693
4344346 2808346
-75498 -11171756
-1926637 3463447
3180476 -666845
-4177575 192205
-1458110 10213513
-3748670 -3617013
-2069467 3146943
-6598601 2392523
-3419785 4109075
1790997 -261171
3446512 -7042313
909217 -6021434
10144739 6371546
2399774 6144929
4743825 -125091
-2891902 -922438
-4048351 4752501
2625983 2111589
-5561902 -1403686
1124655 4194009
-4706060 -2648858
198230 1259256
5269805 7614607
-1040417 1183017
6700732 -1569136
-1150883 -3118775
-7756808 7627849
-1152488 94751
-5647943 -6115757
363947 -637843
4164311 1430524
-179969 2989438
-2738651 4609199
2571074 -1628490
-1275471 4750616
642154 2028854
-2890505 -4496685
7377137 813515
-4097322 -5280400
1297277 5617292
99740 -917677
3170055 1334508
3890956 -4961528
-5523462 -4407683
-279903 -4978115
3035442 1969007
-2319890 3938283
-250762 -847404
4001181 -1685247
3141165 3880615
359153 -8921730
-1124464 -1475867
-6723024 3584647
-3480257 -7786258
4371419 -298459
-7007069 -2374836
2548027 -3185396
-4629093 -1426304
1746526 -2131526
1242493 -1938565
3260987 5687231
-1449559 2893656
-1739278 -1200321
-3271149 -6891973
172321 -2936589
-1425447 -2784900
-2501019 -1520376
-2998776 3026533
-2788628 -3518254
822882 3767047
-739600 -7213896
1625940 2425351
-326180 -1825123
-3658836 1081279
1300119 -7474043
-2631313 -192067
-3463580 4954212
154112 1527185
3659525 3240978
5535472 -3703162
1702542 -4817383
3713530 2461609
374083 1386944
820480 75419
6377093 1466581
7667921 2682706
8163946 272490
1290277 -878409
898225 -1868832
-2676798 -4652955
-3069962 2046490
-24620 592088
-5449423 1352285
-1469638 2121156
565356 -2038995
-7750021 -4546995
-2631561 -1641794
6041929 6068902
-7018043 -5660590
331060 -3738814
-5587210 611324
-1523561 -1623839
4358281 406642
-8945591 6624201
-4717374 1637545
2554571 8409043
-3057896 -585747
-2547693 -4433670
-247165 1273744
-2577310 125929
-1878092 4932633
2222919 -8153511
2063253 -1148960
3303276 11281772
-6851111 3928528
1491986 -5122538
-226456 2510397
-4711574 1053635
5523753 -3488485
-3807033 -787619
4060732 1962350
4832085 716410
5324343 419107
-1400573 -2938712
3908667 6464175
-83834 -5442278
6587771 -3982928
2916011 2425564
871819 -3358709
3618040 -1214533
4703453 2145228
5857309 2599352
-1484477 -2834106
-1598518 628908
-440452 -5127714
-301264 -367696
10659045 985095
-5489166 1824167
2971114 -5258674
6576835 1611618
582715 1836987
-1975386 -148253
2302652 -1043529
5982362 -684931
370070 -4297435
5956509 -1898475
-5510177 4660541
-5279167 -5494907
94818 10159124
2515354 -2653573
-2212108 1965222
-110596 -4541362
-5490869 -4641594
3189895 -5559283
-4409714 -4736263
-2557437 -3933693
7243329 -199231
-3929709 -2456299
3533879 -1401443
5469034 -2127571
-3141146 1714495
-1998782 -844844
1367792 255850
-454549 -1247112
3109487 3715187
4607173 -6108992
-3696897 8167232
43753 -911708
-2063174 3801854
5779165 -1002116
-6897756 -2800340
7155750 -156900
-4144733 6089813
-1612399 -2573066
-2278710 -1550520
-5772725 -4498111
6318342 497612
5564333 -6574336
-6228798 2093987
8547163 620556
3235809 -6723575
-1487628 1112280
-1910212 5109957
-4142028 2376154
2266490 4348067
-6016434 4080957
-582491 5260629
-5938061 -475462
-862129 2349166
712300 -2771412
920352 -288798
378545 -4164839
-4052038 -5760883
-5689789 -221513
4354685 1933008
-327523 -1060310
5133718 -4403842
-299458 -853345
-8184202 5162497
298713 5346005
-7456885 3473062
1489680 1248339
-2919785 -1340033
1349980 942705
4332442 -4417051
-8022855 -2154172
4413278 8510883
-970872 -7218792
-4054975 -3411742
-1196663 -1056548
-227381 1639558
-1363332 1501945
2100023 4574689
8812078 -140170
1529220 4072109
-4033569 1369940
1079720 2461904
-3433429 355988
-3807001 1940344
-7506703 -4206581
2380069 109898
545242 -900336
1403829 -6648786
-7192505 -3146886
-5208279 2002693
1240808 1154551
-875400 -4054843
-656769 11349534
1444668 235366
-291217 -3767814
-5244943 836083
-880021 -981991
-1826731 -1772973
-2262863 3558216
-3453538 -6585938
-8177785 1479175
-4319999 2276246
2161927 -1801433
-3449626 6137339
-4197981 3090946
18039 3604146
-4721491 -293734
-7370897 6443073
-3092818 1129366
-2442134 6058023
5389937 -14034784
-578284 2736047
428496 -2028400
4414552 -1010745
3512306 5624450
2704096 -711438
4542870 3868489
1183425 5641889
370718 1288107
756498 -3956454
-1912769 -2296405
-4956436 2633285
11585594 -834431
3549094 824355
-5501409 978798
-8480691 1182343
-197548 1983359
848597 -3188453
4966457 -3158924
-25770 -8265267
-2101779 2764954
4910375 -2898278
3312947 1741333
-312346 5488118
1597798 931463
886499 -7162961
-2507222 2129794
925745 3650781
3516113 3106971
-3787182 6536524
1838111 5564775
-1156596 5731398
6497762 2941328
-2476478 1509673
-5226554 644852
446425 -7028210
7762214 374360
-7588997 -5067018
-1560046 3756733
-1174598 3584955
5695234 -6813104
324416 2903101
-2611621 3627485
-10520473 -1515866
-1487105 -1826889
-1517754 -4094769
648552 4698795
-6860442 -2222421
8757040 -4690947
3277141 4805842
448764 -10108104
3879266 -2081902
-284104 3733559
690899 1409286
3761625 -149717
3415188 14580768
10276369 -1408025
-3141931 -6819771
2118022 -4512035
-3169917 -958211
-698560 1143190
-2722291 -2418065
5120423 6848199
-8493361 1856846
-1748968 9715781
-3685573 8518937
2197815 1348691
4489246 525888
1982167 2707417
6087306 4384173
-2106836 2828073
1155661 3414401
8905863 4631520
329380 2413781
-2676177 4628212
-748314 2670337
1895767 -2918149
1756601 -2578934
997196 -3785010
4519084 1012348
935808 5988223
-1507621 -6359432
7409703 69043
-2297097 -1171868
3614557 7283935
694676 -1854144
-7981647 -708286
1740212 44401
6265156 -3495761
4552667 6180598
-6363906 -2224984
2388600 3947945
1427558 3357551
-4196613 -3542216
259624 3170295
3212131 9036483
-8903597 -2235521
2170120 -897598
4093358 513825
-2182602 2711722
3185304 3495363
1292566 1191520
-172267 3054382
883051 -6307329
347268 -8485809
1777380 469233
-1245929 -1162289
-3615385 802510
3758817 -3963169
-701824 4007408
-2049544 8390772
3111232 12644186
-3262376 508513
-1707746 -3880355
319380 -1358097
-2688534 -139328
2882476 -1145648
-6443935 1034424
-1389922 -1899820
-4775335 296404
-2468029 -104694
-6770600 1536973
2002151 4992278
5882844 -3060734
6416332 -2568701
3711245 -9777265
-9406890 -9109670
-1835806 2037177
-3702360 5248915
191518 1504984
-1208118 4902368
-8395201 -2467228
-3297394 -130148
-52073 -3489899
-7289042 -1880887
-7770052 -1683935
-1216153 -4789016
867786 -464178
-26667 959107
-3182527 1048726
-663520 -5625764
-596673 44515
8083096 9275801
-4985960 -5756581
-1498413 -5370260
5120667 -6552530
11451791 2746761
2590678 -6586137
-752302 -2405857
-2895178 1711624
4482277 3249500
209238 -4838135
2701378 139289
2782380 -6758047
2493746 -2463253
-7084480 7164129
4746851 -4809853
-1392095 -1850951
1015613 1422343
-1520598 -4705588
3536794 642004
-1139977 -4719325
-7726313 1854914
2123350 1379660
-1698213 -4376738
3282136 3239639
3974666 -3559158
-803368 2140894
-5179171 -1651717
-5145479 6883523
9352513 5231448
-418202 12697689
85434 202947
-1841341 -653633
2158241 -3095916
1329787 2771787
-1010564 -3782415
-1974694 -1199778
-436881 -1001375
-3135597 6076428
2390967 -5614290
3368870 -1159396
-761071 2205834
6772742 260934
4442428 1259468
-1959822 -993480
-3535286 868433
792890 -3575137
-3746001 1297931
-3622603 1137564
8252698 -1253028
-1708228 -6333603
-138930 -2969640
8003448 -1657821
933210 -2407209
-4878046 2854127
-3476786 -2809629
6244935 1045636
5392098 -4156166
-11858454 -7104076
3875787 3373134
-4624450 5746040
3364932 -107589
-3529967 6825285
6171296 -5962821
-2648466 -8444510
4942841 -5604577
3498319 -2001333
4782512 7102390
-7143159 -4207395
4832320 -2559423
-3917015 -7908567
863330 -614422
-48246 -7241645
4439732 1877672
9879265 580933
-3239518 5057128
4760994 -11109206
2630603 4767440
-3871336 -2583214
4679844 5711791
-1591381 -4642011
-3825350 5463263
-499416 4882976
-2855721 -5170010
-6717785 2541348
2381790 -3311865
1460131 -4779943
3916637 -1000883
-1978748 512522
-451422 1090179
557161 -151398
10934084 638749
-5158750 7022169
-4624986 1835293
1482313 3528368
-5731955 -598040
-6194190 3816185
-3047901 -6957890
-1737907 -1371624
-1107849 3363358
-6107770 -1418655
1887220 1509413
7041963 1862591
-4603114 -6136415
-7683861 2319619
-476366 -2047333
-9107471 -828949
-5398444 -7022284
-414030 -7946536
-2003928 6231609
2084931 -7458589
-127671 -118890
561196 1460565
1756589 -9693386
6439878 2755016
7764522 -4485015
-6806940 -3542239
7234480 -4460900
3210039 -1066005
-5046161 -2689233
242041 1613295
4468792 2016171
-237805 -3292638
4237397 114919
3038082 -4029079
6016543 -3301289
2654051 3954278
4448270 -3339134
195023 -31916
-11537148 -5224866
-1969305 3867739
-2123972 2831268
14227902 4792923
-5763409 -625083
7988859 -2622592
-770562 1006572
1859994 -5045766
-4590090 -968855
1333657 -3786261
-4729248 -8969523
-2499201 -294577
3997817 3227550
3529253 -713844
-2027853 87779
-3628057 -692962
887776 -2364384
-4602906 6135998
3323503 -1044487
1618338 1622801
7225832 -4336398
-933498 8371990
11617568 -5037970
338425 2918841
-568944 -7177525
8035163 96157
5099387 -4169622
5950359 -2581033
-2214937 1910811
2642323 4518156
7481129 -3091223
-6040947 -1347085
-4749217 -1093950
10410634 -761107
-833009 -3024692
-2375467 -2370273
-3167311 3692770
-1765976 -2602438
1223800 -1252434
-1731986 4756221
-1056555 4175202
3490146 -780770
714585 -9406602
2810998 2153652
6658288 3277004
8005572 7752946
-6494372 10346205
1894338 537565
-1070340 282097
1012246 -1409658
-4995355 -969125
6104592 -6960167
-1238762 -9684649
-6423834 2062216
1566903 1731171
6492341 -2917254
1960729 2043557
5435111 -2279151
-5475103 2534023
688510 -587300
-2042736 -5044696
757230 -5833850
-4475071 -3366548
2755098 4980637
-3022558 1162383
11176547 -1714016
766387 -2236634
-3574760 -4190810
-4707272 1019001
-1278654 -4504820
1288830 -602339
-10513892 -2590516
1630704 2277769
4806561 3549033
-8334980 -3119714
-4071688 2930162
-1761241 -5326714
-1919381 -7069423
5627629 -975612
2875369 3813561
339081 -13019556
-3011279 -40663
-2441292 1258846
1441397 -5407554
1197173 -7623058
-4389235 2417126
-3170246 1949398
-1852581 -2280091
-3473222 419046
373577 -11636043
5732842 5082208
1038275 -7368865
1134775 -2977224
7370328 -3844486
-2292762 530392
-2774831 1300746
-219327 -2913018
460024 -5036084
-344290 4724135
2053076 -2069036
3004964 3867240
-4074731 -1239819
-1429522 1744615
107707 -1727050
788316 -1707731
2680687 -6487519
-3271997 885414
-2142242 4302824
2033401 -2119148
-3867160 -8065986
2397785 -2216748
5433710 -5600042
1117615 1683384
5361592 -2809524
66086 662100
-3982055 6559401
1919312 -145712
-4909006 -4664500
942659 -1742499
339110 -862743
918689 694653
2111914 11254465
-3506284 -1095179
-2115434 1232216
5591003 -4033679
-407629 2142682
5760966 1793275
-590318 -4324062
-3199681 3891189
4376433 -1014102
-4758008 -5044939
5294510 207524
1180026 -723139
1609788 -2479145
4775110 1991067
4792464 4497881
-5774692 2598000
-4260510 4893848
-5274477 -4725882
-4547170 1966995
-1310235 5917248
7559719 3393862
3822054 6961122
4814792 -428468
-3053026 -9850829
1647682 5400592
74189 -2540310
1843740 796980
2302441 -1294752
14708665 1490655
10038668 -2445353
8492425 1038071
9495218 -2139062
-4104911 -419860
6345048 -1159968
-3183218 -4520805
1679635 -5661491
2827977 -35893
-2384772 -2915963
2049459 5092838
2283367 2859998
5573413 -840778
1927756 1054803
-335914 -747311
1525599 -2116280
-1771081 3890297
5357846 4162169
5372448 -5255880
-2630573 2322701
-2288556 5099316
8029516 -4647780
-283863 3121092
285210 -7388638
1737499 2234654
4228821 -4673823
-1029874 -332806
2543616 1229566
9416918 2607609
2522269 4105881
-2744056 -4791955
3929332 -4839046
3115196 -1789298
-1801909 1082782
-6044205 -2715510
-2648015 3993570
-13427789 7222054
-8610248 -638908
3148735 7660749
455567 -1966506
-5747671 670418
2562152 2768154
-8036111 -1720367
4255997 5475152
-124657 -157512
-1036058 11924860
-4432456 -5282400
-1193020 59306
8869636 1640660
1742860 3162914
-3805988 -1499289
6633270 -8348184
219883 -7433338
4508088 3051554
8965964 6469084
1312345 -1491318
2744102 3494670
-3546716 -168803
-7296445 -3812659
-2138160 2593611
-5655604 -53790
3127659 -4292697
1576279 -7231827
-4161189 -7863787
148138 1333443
5728914 2108263
4202526 10709936
7444116 -3076865
13682 1871252
-2802552 -929440
4440917 3046135
4260183 5733684
-5910262 -2848724
-1759756 -7056961
2831890 -1539297
-4223518 938139
3868117 2621547
4602696 4624446
-5098201 -1268492
1320260 591044
606447 -2445623
8123 -962526
-4769120 2090410
-4577752 -1241023
10582467 -959470
-2258689 9335838
7051686 -7193012
-8597278 -6211028
1605084 -1842603
183453 -3784481
4121197 -990747
-4308172 4014929
7855357 -3525998
-4866741 -3895922
-1124945 -3036925
916543 -4620989
-7359970 -1469054
-7103056 517168
2657171 -3720746
95667 2060445
4431636 -388959
-1754378 -1446148
-901773 -848936
158051 -4373563
-1125197 1842888
2118741 1397419
-27739 3594192
90915 2219474
-6675606 -1762410
-7400701 -170075
-4380203 -4080396
4837704 1831191
3222204 -378693
-16677 -838588
-1471741 -3209403
9706154 -4763781
1628973 -2227753
-5756954 -696739
-182035 7670981
-6820253 -207208
5789499 6304450
622107 5123975
-2472353 1616776
3408452 1325884
-5217848 -6601294
-2535624 -9834944
-2903363 -493292
5728917 2092345
3337422 425579
3244008 -585463
2231830 7362220
8310875 159912
-736166 3625996
-8339523 -1126519
-1064206 -1967822
-5951028 -2551907
-6799094 3479074
-5336433 -2113208
-1036588 2805263
452234 4516841
-2105019 -822870
-2647837 -889892
7260792 1270100
4624777 4709072
1019952 -5350710
2165904 2137076
-1532032 5229264
2940338 -2214048
2756908 -867024
995746 4208027
-4435553 -1930780
-4905465 2784410
-2111316 -3845148
6139892 -2874797
-1600649 6705422
908907 667810
-1394395 -6271841
426562 10801045
-3990404 3078213
-175441 -9215794
1558625 2005208
1381416 1310304
3974025 693313
4328496 2796665
-8271555 -5620766
411272 235564
4925675 1336115
2010841 2638569
-1228924 -2346336
-6351383 4925491
4102131 -1038315
621183 -3573019
-970280 -3781476
3563424 -2325945
-5391867 -1610923
-5328221 2066675
3786959 -4165858
-1528696 -1019642
6841486 1874640
-361268 -3038335
-123341 -4209708
2248894 -12136268
-5865402 -3505600
-1418819 2255236
119319 2211167
-2658673 -1870968
-2267515 3346625
102117 6471150
11488727 -1762151
7795920 -5138680
-7613647 -7059424
-230315 -2967005
3609112 4891337
4534647 -3110904
-4313630 4004327
5339717 -3765170
-7381650 -5613905
3439829 -1460161
6668191 1204736
672156 -1782898
672847 -2438056
-2280629 -1498635
-223982 -5674445
-3004118 -7174349
-1005753 -1146969
980454 -546459
-291674 -2094299
-2064513 -3120814
2296385 -791564
-3551526 4149100
-3102753 1848588
1383386 -4101371
-5117737 -2661450
4057526 963469
1887063 4225412
4550877 -144158
-5820264 2826498
2842428 1057368
-3948311 2534552
-2052935 3797156
530785 -6957539
2361686 -445496
-6527724 -2482255
4074393 8172438
3673593 -5772278
-3036536 -7459282
-6891045 949223
2836501 -5910003
1892861 87677
-1376631 4337802
1832884 -2007634
-2150286 7824100
8262767 5525201
-246986 118698
-6006261 -2069134
8554758 6565032
-1106487 1588601
-1392664 -6313661
1739773 7744191
3753042 1770716
2472491 6491066
1717158 4834628
-6114747 -2761976
120807 -4785722
-9618199 -1585603
-5952829 2748084
3698082 -2439455
-199201 374806
6157753 -2003588
57680 2064796
-5489154 -2857006
-6378066 -725507
-937756 2040428
-677311 3557763
902799 2730855
6780255 3671855
2142355 -4548519
459120 886954
-1054134 1632164
2579352 6518794
9591587 -1351851
-511347 908377
-2098465 1930005
-5007919 2707668
7812769 -1837543
7128546 -3072250
-6184043 -4416835
4064263 -1666699
1134315 -5035234
6864495 -153940
278565 -1020516
-2908779 -2996496
-4030628 -1111588
-895167 2764424
3538701 618373
-5084387 -2160273
-6087490 4557924
2442060 -2828849
1050717 1357621
-1389625 -2683749
-2164747 -47532
-2636520 6404223
7495937 2711011
-1943894 1671099
2256739 -2059922
5040417 -5635892
1975134 2417224
-4402152 652087
-7470946 -281541
-3210039 2655225
5410208 4194464
396187 906978
-2307343 4553465
-3107010 -1159104
10077355 -141003
-7028688 -2263926
1538381 4692975
-6034168 -1544715
-4956895 14349
-4546098 5152431
-6899926 -5758505
2914583 1043750
5246463 -1362458
-231452 -3802456
5380226 7839260
-338894 -4436671
-3745559 4985539
10032294 3010614
-617338 928346
