1843001 6555574
2085710 -1392689
1657052 2363684
-4267860 -4148574
5148596 -2600987
-1969923 -1246261
-2559946 -9549581
-2318895 724745
-5996584 5510532
5100722 7016206
-4576591 -2016213
-3710146 -611324
1274182 -2905716
-6002940 4546999
-5456377 -2886704
1923136 -1104564
4473559 -55479
-3248030 3617944
-2663038 -1420208
-6875374 4853226
-2891081 -1375641
5598424 977738
-1872949 -737439
-344405 -5802863
4116049 6626625
687212 -2011451
4068201 -3595544
-1102393 -8086448
-450810 -1728198
4525196 -7535357
3010555 5554153
7941149 3770414
-431868 -4907756
4030835 6493552
2663375 2647620
138558 7340336
992759 -646137
-724988 4886114
4805855 -1287394
-1979416 2573185
-778632 -1416357
-2459390 1355644
2929754 313044
1164767 -2139866
881071 -2333619
-1200090 -6967285
1160826 4794832
1161142 5004035
1823813 -3401163
-7189151 -3129141
-5260685 -7255689
9084987 10843493
2359653 -5628031
4406560 9907770
-1436444 -1902176
2741021 3125880
-8307345 1908881
83309 2412553
323092 4500921
4658475 2563869
2433209 -3177662
591814 6621948
-4406876 -2408482
8025139 2272398
3751486 7395248
-214480 4053166
-2458854 3267
-767737 -1398653
6289171 -6881147
1145546 -98137
1418635 1346760
-1539798 1868418
4522394 -1541773
-4459114 2827458
-2161283 2093682
3235952 -2090940
4861313 5658957
-1354809 5145977
6294930 -146520
-1725148 1110753
6012443 6124375
3525193 -5278782
5072176 12525872
-3672634 -2128266
3234487 -3632936
692856 -4241800
5046571 2002325
-1941069 3431990
4635278 3467999
588723 -581284
481465 2134996
6389181 2798600
-5372376 -3705045
-4945991 -1854499
-4584769 -1177649
-491100 3203609
-5412403 2591305
-2461063 -1734352
4452880 4071585
168364 -5584446
-1865321 107624
6200906 873594
4605720 2533045
-2079209 -2537756
2108330 -4492460
686810 -925544
4041537 -5490429
-2726869 4622740
-3588741 434071
-1233422 4235949
2393701 1086605
1244132 -7476969
-5893903 -550757
-150382 545459
-3718009 2677311
1866398 5408185
-3654590 -3912725
3679721 2875251
4983994 4877946
-3568988 -1379968
4431376 6781249
2569553 -2865311
-2062702 10360808
6162703 -498816
3112992 5599682
302676 75596
-54878 -5474369
-1794825 277356
-2343618 1991219
-2206301 2785518
5709550 898682
2091186 -3474368
7481907 -589292
1441551 4441485
-1710791 -5772310
3636929 809295
-343980 -268263
3209573 -399629
7487391 11476642
5551386 -5125895
-1801402 -331014
2522636 1046398
1866547 -250953
5113728 1137751
4550645 -1999845
1215327 -1532564
-3315282 3165756
4644402 -240273
-6897855 703779
-10427295 -7090338
-1149618 2539211
-586164 -3405507
355219 6977231
2754699 3758934
15065470 -2896846
4519622 3527187
2554171 4268676
6386044 3524132
-2323505 -2503270
11283240 6656419
-5476409 4508574
5266441 -234166
533649 -1996159
-4076461 -151430
-3171948 -2568928
-5945421 5311086
1723828 3161366
947960 4145634
-1231540 2519714
4244929 -1227454
4210344 -2283679
-2382828 -5850060
5467985 -8796847
-2660425 -5325883
9829661 -761146
-2603571 1362913
3309453 5766281
-5199963 9397133
673270 1656578
7437852 -4264281
1867346 -144924
-501903 -3490834
5049573 -3665149
175072 -2970440
-2296677 -4251413
-1195825 -3135784
-3264095 -4319317
6509250 1453355
-11376585 -7019684
5627273 -1448588
6958767 1761896
2658158 -9849023
-1682336 1128958
-1679685 2042303
-2900743 -10914871
-7312679 6866878
324975 -231608
577021 -3328040
-182890 4461209
-9982940 585709
-1060798 -3543592
-1484486 -3727228
-5061711 -1756713
-1562018 -1092638
2653388 -3331054
1375316 1238714
2848287 1022456
5146235 316926
-3944255 1369058
1990505 961218
-234368 -5865075
-1014681 -3473210
-710146 3350174
4148932 2966492
-667029 -2131994
-3168594 3798456
-7228915 -1465344
-2958524 -6199527
-9302362 -485086
-2399684 4387407
4939873 -1830543
-5284870 -10305782
-3741445 5658600
3806682 -1234189
-719586 -1406164
4603716 -4446814
6356005 4058181
1352405 -1602081
-3239492 -5043538
2886246 3250417
1553989 -1044874
1923446 -2959167
-9753229 -2689850
-2835366 5277871
-467729 -1722640
3899641 1573890
-1389809 3291668
-5659359 -1897400
2741624 1443210
2169378 6318920
-1754380 -9897525
-11978077 3297967
4530325 -2356359
-2460744 980618
482729 3519583
335298 2169266
-6444329 -2108523
-3223 -3158938
1249004 -6872655
2151378 -2484100
-3068886 5577187
5901002 -1078098
-2695702 -2836912
-12280285 836139
2701700 -5045614
-2340482 1556943
-1993967 -10723004
901838 -1608207
-7686086 6508290
88094 -1101648
-2694016 -4576965
4413175 -2224711
3999826 -3049979
3237659 -1759789
-1799764 1049499
-3205923 897080
-4842714 -2086877
-1505849 1678871
2198260 532318
-10125225 -3690568
3445844 -8998475
-2126174 -3201060
-728052 -2712466
4054897 32017
1698786 2401057
3441475 -1633756
-5590262 4874383
785866 -1688548
4682707 639926
5169941 4159501
-486759 7075234
7839723 -8469024
-1270934 930604
581890 2412934
328503 3603666
1915809 -3940178
-1299285 -4005669
6576799 2542051
1251929 8038482
-1719736 4559423
1348153 2567965
-6788652 3956005
-3948094 -1406160
2745251 2134356
-4244873 -2705894
-4208838 3901623
-5042627 -5611287
2904666 575424
1311601 -2116453
-2012224 -1517516
-6700897 8564613
-5689865 -7469316
-565150 9328019
-2143389 -343304
1883158 -7552488
999500 4108011
9525526 1770412
3146645 4934671
-3906169 -1291820
4800861 -3273569
-2393437 419516
6171937 2858834
-548886 -4455942
5963282 3837065
-4693752 -5189130
-1581826 -2274755
-5964176 5497257
-1999390 -1735597
-1674887 -1428773
-736819 -3650696
1542704 683262
8919070 -1057840
-4497302 -5943215
2308597 2300785
-5491637 2984745
-6371560 -517821
-3058503 399756
-1827636 -5130028
-2024399 2539846
-8823 2805608
-4320405 3455559
1875762 -5568498
3362734 -5553179
-1000324 -7113822
2277454 -8028441
-3533940 2730781
-3082441 405353
868801 -497555
-2085439 6948636
-4224554 -1753903
-1570734 7824104
-2908713 2305276
1913856 -455261
2853117 -10118782
-2675448 -4090539
1577608 1130322
7625674 -1999574
5832781 1919343
675868 -7414606
3969181 327759
-2465585 5437968
1081569 849385
5179050 -2627763
2504967 -33245
-1012243 7470261
-81253 -567682
5446248 8005144
4381941 5094321
-5442840 10327588
2212798 402612
-6246117 5578146
5437234 -435680
1449512 2240555
7484396 -4984998
3300031 2158898
-7715632 541737
-322882 6296922
-2770245 -11366046
-3937295 -2954059
431517 6062806
-2806455 -7176584
2522113 -1217398
-3510777 2516140
12526830 -6111287
4179728 1619819
3178048 5374147
-1604713 -1464566
-3408064 570368
1305937 7140945
-82829 3443520
1010867 -3626451
1124860 -1413467
-2188868 1389349
3881351 13514443
10128924 -3132649
-5136507 4440858
-3391848 463872
-2022524 -3526558
630361 2967000
-4316059 5266827
1559563 3727546
8747 -1311951
-1031419 37830
464371 8264423
190286 -2129050
5375902 391370
-4895686 -2669563
2544194 3999675
-5069702 5272146
-3988226 -2522151
-312927 -4713886
5350390 2711036
-614441 -11340404
4483895 -3717984
2477279 8629947
-7611083 -2157996
-9484508 7939612
-4831203 924216
-175143 2167346
1485180 -1504744
3128303 1562901
2500912 318739
8078789 -1802019
3192428 4683297
-1282879 2289138
7545482 -7937072
5472759 -3184472
3237588 -2451013
502948 -3073546
414259 -9817315
-3154354 -2758448
447970 9637756
-3814150 -1080362
5392906 1079759
-3398877 5737361
-1873149 8555917
3656488 1915738
-1098467 4949703
-2359629 -1607718
1194937 -3649296
1330308 2472587
1347105 -1095844
3996327 -10616321
3583152 -1051357
1510672 1273654
1091107 -3262072
1501831 2722178
5914199 2394904
797151 -3176888
-7202246 3270056
293438 6317057
-286143 2867286
4753819 1112856
-5086445 -7117957
1651333 7562622
-2391420 290673
-3661476 2420252
-4925678 -1112087
1600182 5552424
6962483 3591787
-295465 705467
1859307 -5846494
-8927021 -5281362
-2389103 -1695110
-3975222 -3243929
3585718 -7249495
-849029 -3277546
-934980 -3629420
5752455 -1195922
-4681805 -2557209
-5718387 -2797079
-7102249 -4522310
920448 5616801
-4878174 618166
2561572 -3127430
2437501 -5152827
1543726 2896623
2467496 1853238
497560 -8568387
6824380 -428111
1101276 6821666
-1040648 813245
236514 6020930
2071573 6120642
2249531 -4214297
2905226 3469072
-4797638 -2371759
1670101 6410421
2491378 -985124
-4304178 5461537
-4786153 -4511878
-3564 -5582073
-4454398 -7593019
-7915444 966701
2129289 7365177
3438615 -1544996
8005238 5928878
-2366118 4414935
-5664512 -2963144
-1073025 8843293
-978342 -234286
-2982224 6920130
-3219085 -4094015
9151611 -2814002
11931889 -2093515
1761435 -5783010
-3949254 -5088513
724932 -3418085
2366036 -2429531
-7051311 -6572145
-3623318 -3196640
3293323 287755
-7727198 4169679
-3308340 -1817780
1128033 1221344
-2040773 1022009
-1302106 6350850
2631367 -2529312
-1526385 4490751
-3137571 -2346736
3976502 -1335607
-8668358 -3723634
1636184 2503584
2576133 1203850
-2089408 916171
5362132 -3861832
-557796 568749
3189319 -3086430
-736434 -6224203
-327400 119282
5755608 -1922838
1054887 172756
2745636 -3761641
1717824 1072844
-463413 -5800931
-1078854 485934
-6822858 13021811
1931157 6217443
-2594155 5078380
826449 -4331433
6048125 -6190721
-3294639 -2398931
3173985 1241694
-113975 11956520
-1203118 -4604425
-8169032 -672677
-5508773 -4151344
-6607713 2426383
3568586 -1229928
-1814278 8686687
-7375296 -3528044
2585828 260103
-8353143 266698
5883407 -6115977
-4685325 2747618
3185505 -6716120
662250 7118864
-1704157 -978975
3870719 -4599946
-9323246 -2584031
3732052 2279929
11064425 -5851623
1328158 2259801
-2435740 -1593867
10004 3659
-2166596 -3371106
1279430 -6378841
-4779937 -1518648
-10097293 6646939
1468084 -2804081
4506525 -298763
-531319 5980167
4905003 642266
-1506315 2384379
3220362 -1263684
-3544738 5814784
-3342001 3238217
3614771 3190099
2695132 3401054
-6145463 2582905
7172415 -634840
-5417594 4503157
5584335 -8777707
3294149 -4639957
-1447945 1273420
-4506048 -2459995
-1571133 -4192069
-1375654 -1878500
-10714003 4653203
-2993802 -4010009
-2225749 3235746
-305566 7495486
-4071707 -981447
4897134 -835873
3495681 -3575085
-5504588 6159032
-3703989 -7041310
-7711258 -4553281
6740353 7223117
9414744 -3146761
-266431 2412875
5075557 -2584520
4705088 -2439305
7897477 -6043222
3003508 5798217
998110 -3997981
-6186047 -5144139
-4122112 -7094437
-6520787 2687554
5570610 -694033
-3338324 -4839423
4912493 4250475
7358368 5631489
3023191 555752
3790704 3475689
3281242 4733147
-4911920 1894681
779280 9344628
-607082 3159115
-2931648 -7754015
5247937 -648133
-4766143 -1601610
-668966 -4118362
-6064784 -303956
5997449 2144999
-1910098 -1458094
4692316 -3057550
-1104654 337325
-2464099 -6627576
2679398 -6834105
4304324 -1763570
-1876791 -4040160
4583901 -1977038
-1699776 -2386121
-6917203 -9786533
-1792938 -2370782
-47624 -1211850
-5186052 -4544119
4994803 3661909
-6162788 -2591498
-801243 -1393444
-1238723 -1205719
1362929 6209860
3377647 964770
-4891718 422542
712801 78347
2838754 4942308
656245 -3435447
1509212 2021733
-1034084 855088
-1624285 -10818653
4659290 3648363
-2056714 2219367
8822338 1392154
-1830280 2552231
-6588844 -5239829
410878 2632991
5537951 -1936813
2282856 -316907
-725041 2256758
-452192 -6063978
-2402804 -5564010
-6402783 2510780
-752150 2115408
3684576 3333015
3789337 -4088728
2603173 -35485
911186 -5065184
-7345428 5425994
966182 6646589
2446456 -2114402
7813888 -2011514
-1770448 -3964541
5704335 -562736
-775544 2747660
4123046 -1355082
-2027381 2356685
-709198 -1681192
1075416 5136620
3576305 -1198978
1888815 4745312
9147315 1741802
2472824 -4555489
1436524 4212577
4144918 3443665
-3257644 5014014
4640056 -1212885
-3636042 -2014669
-8545031 2195036
717986 -9531898
1356311 -1488458
2373333 -8658732
1724729 -607117
1438736 2978154
-676914 -1458620
-1065912 3726203
1999596 3127758
789794 -1002787
-4057458 -725594
-1648515 2044442
-1712265 1069366
-9603275 5557130
879670 -6271817
2262252 -2330274
678645 -8719189
-5188900 -5184429
3411803 1076151
4166348 5914323
-6351818 -8190703
-5701823 -3093900
832883 4097995
-346247 7886938
-5412886 -5120281
659837 6157300
646482 5270525
1734025 -6728459
-3602924 -1475378
2564704 1750847
2398005 -9200369
-7837003 4261213
-808406 372759
-1695789 -3159396
-4445848 -8173603
3100358 1139376
3482005 -826535
-1139114 22280
9757221 -5849078
-7771772 4837711
4990882 4902739
2644499 -117082
-10311751 -7806058
953213 2824543
2989989 341557
1069695 3970557
2343550 -6919939
6860501 -1125349
-3112655 -2416704
-11442603 12253810
325965 -2180633
8482131 -8418674
2371243 2470384
-154128 -2550398
-769353 5438546
2606442 4100629
6391188 -597275
-4282904 444256
4324646 -2177752
8011221 -6818197
6925248 -856909
-4388727 1305413
-1532814 -3699494
920744 4836686
1231071 3255688
-921862 7079852
-1563589 -8489422
-4106607 699373
3064616 10232556
757276 5960939
-2665971 4833472
2468708 -3818606
-8939896 -4531018
-776363 445147
7185972 -2044448
-5961486 582456
3551103 2812388
-5443972 6503434
-2006018 704337
6826569 4045456
-1748409 -11762701
5836045 -213533
4758172 1269500
2259319 -3552243
1045605 1031183
-159632 -3105403
8449729 -950949
-8896980 -4100569
-1323338 2567800
6057602 737255
-3781688 -1573774
2203607 4691322
-376382 -1262987
4688414 -1954042
-3427966 1163483
-4208143 1993574
2304336 -8168513
1159336 1334976
202160 -1913806
508858 -3042473
5367311 685755
1987395 -9057642
131430 -1721368
-1246391 276256
-575330 -726980
-3231286 3431043
-568925 4189713
2798724 3478597
-1607014 1386699
2093663 -3565298
-156181 4100131
1473326 -2562153
1320281 -5652885
5586720 753898
1758525 4463683
-638406 -4487314
-2384754 -3215874
-6679188 7319581
-2009650 520406
-6252931 -1090847
-2349878 -7928825
-4184982 734589
-2898837 -2348161
-950571 3175901
-1448249 -151864
5548404 1518442
2408783 -4803798
-214216 -3933019
-2305320 -3379038
-8675463 -8467249
2778958 2136293
-2427564 1666169
-2802088 3820706
-4237153 1547862
-10025890 -12043827
-2894323 -518929
5313571 -867810
-5144353 3041646
524563 2314440
-677578 -5853219
-9809736 388057
-7916220 3435790
547036 -3141574
4886139 1965187
5314925 -8488039
-511424 -1776725
-595975 4487904
3428561 4714447
8294928 -871929
-1927873 1994707
-62425 -7697681
1257792 -1591957
-218619 -4752646
1372570 6465916
1894147 1051437
-3984942 -2667732
352993 6559425
-2526818 3528713
-2909229 -893882
-4909022 6183446
-2049851 -4200393
-8932060 957153
-5574130 7454659
-4090417 -725581
7376955 -1252872
5376618 5970056
-3031097 -9692291
1752376 -1502286
-2189231 2324485
1414828 -3107277
1363090 5222417
2466480 662349
2982233 -4150286
2115485 -11160747
-2847499 -3325140
2193635 -4197142
6140425 -1658124
-2965009 7713961
990521 5583468
1595443 -1454505
-2481797 -2737078
-4502628 1056366
-274789 -2415494
310712 -446977
4693637 -1842001
2923149 -6372043
-3344858 -6817148
-4576153 1209240
-1850243 -6603021
-4758100 -72697
-2644225 -6405815
-3219495 2944455
-11365759 -2279796
4183502 -3989414
8411302 1906914
3223851 -577541
-3581010 206676
-1329788 3014028
-3939967 1174111
-3630361 -803693
-1947016 4283985
295084 2116648
-5368910 -634604
6911090 1949812
4804955 5476258
559142 7459452
1665370 -5769027
-7789749 1569046
1628931 -2524109
4490379 -2530899
-1283024 -5031948
129568 5424398
356633 -448330
1962640 -1388969
-1315836 -2968467
-1747586 -4094152
891735 -3070651
4027210 148683
5112361 -411641
1922986 6657113
3330220 3279569
-3312648 -1500280
1908706 -4292907
-3514752 2532521
146132 -649271
5003509 940023
-3362902 6960456
-4379174 -4229991
-1812413 -1728550
-6206829 338630
4887243 -714714
2567618 -523762
2947270 7314832
-84826 2893953
-3088024 -8595267
2444288 -6980166
-2838549 -8481866
2364693 494751
6410612 4034581
-325153 -2058846
-77529 -4712243
-752129 7293141
-1753484 4319918
-2973725 -2947140
-6011473 644695
5588898 -9646871
-4057300 -1713514
-7211318 -922652
7675894 574456
-2218007 4944798
1078178 1597848
-4911155 -6908527
-3056399 9732083
3492997 7341363
-3712554 -5299947
3012980 -6914949
1308851 -3497707
1296964 -189046
-1542458 -1491394
5131337 -3808053
-5155903 4584420
4301613 -2282386
-681954 -415544
649727 789941
6783606 4858284
-2826019 -266368
2584739 -3731250
-9059089 -5353048
4253550 -7101795
-1683296 -3103601
2045496 332939
3075244 5168844
4114800 -5074915
1379527 147631
-1908181 2273556
2662200 -4078690
3952388 6459826
5275381 -2114067
4271623 4207484
628341 6097201
-1931461 1294559
-4114061 4594378
-1200556 1877007
1913659 -11253861
-538598 -2109466
2888544 1843569
744693 2384469
771675 -9928205
-2330284 1179901
4675367 6693808
-2323542 -5961430
1225535 2703605
936723 -2975031
2678157 4504509
83325 -8636750
-1255101 -1913939
-3004762 350884
833471 -295517
3382440 -7076714
3536663 -5041837
5518591 374981
-4036677 1430452
6640836 -794736
-2364189 110184
7025647 8209832
-182404 -2035924
-4660229 513744
3889346 -1756703
-118763 3191468
-1815367 -4684730
-319714 3842319
-5198527 -802028
5189483 -28252
-5380682 -2208222
-83874 5193378
-4037260 1647828
5618522 -3888078
-2365606 4475202
-7871847 4718982
2325899 2331995
-977769 -5917255
-695278 -2134471
2166416 -4767981
6097290 -2275980
8454226 -2751323
2341645 11270316
3501798 6748983
1024306 -721119
2129846 -767577
-2018021 514616
1589891 7977073
-2288389 3566908
3048598 1149839
-3835116 44912
5573745 7550790
4051135 -1434569
-6053432 -5970045
-1470802 1910007
-7576553 -6176942
1989541 8394152
-689694 614120
-1624719 -2314700
3949256 -7132853
-5864012 -1975093
-3834005 -1947128
3736877 4074024
2771806 -1716862
-4068336 -868100
-6257582 -7731827
-1450425 131077
3546082 -6633748
-2307421 81343
-7918583 -359583
3404272 1223075
93171 -6842720
-3409865 -3766239
-1890856 -3365405
-7926799 2942134
-2157901 -2803648
3256438 6877118
2257434 -1378203
1469708 -2251047
416206 1324207
3266087 -281068
-3444895 -3865857
-2774891 5649133
2465336 -2068827
-5387901 1865421
-6124318 670453
4014027 1302858
-5660727 -1443162
-643343 -2966714
-4159245 3053065
-3265117 -3116844
420460 3537515
-2002982 1006287
7279949 986566
-1099959 -7846648
-1441620 1056372
-294587 -1140055
4020758 9246159
-6522816 -3348556
527432 1806634
-1115696 -1621367
3530421 -9707765
-810732 4089523
1520176 3535030
2214658 2499401
-4224797 2434853
474700 -2719889
11162577 -238794
-1420652 -542315
-8563306 1675580
-6474198 6049022
-2840115 -1563272
7899085 3649158
659319 -4311216
2678663 12409826
-6135756 -5038780
-5779650 -11162592
1495773 1066074
-3172448 1119748
-4581867 395788
-115591 -3099410
-5562258 6532046
1046136 520420
-3266444 -1958937
-2198272 6202136
1708914 386280
3331249 122651
4904227 5885956
-3676483 70959
-3067285 -2390329
-886382 213307
3652473 -5202353
-1660456 -1374319
2909660 1290378
3761481 -1575727
-2038089 -77740
-3951538 8205647
3701208 5980914
140061 2357420
-3912568 4501494
-7111498 8084440
-5036020 1521885
-3467583 -2180080
2460968 9342740
-101258 2807826
-5532172 -1569465
23223 1884731
-4176724 -3862111
-263437 -4954106
-4903080 1323969
5188239 -4623440
-3778331 902813
2204739 2728843
11348529 -553999
-3024132 -10189218
-1530989 1898041
1037553 8499248
3594506 -239036
-3925241 -2382165
-1451198 3986321
2776679 4381728
2946880 -2160864
411165 -3087723
-3666848 -1466995
-1404594 -470091
4519992 11848180
-1938822 -2682749
5067981 259287
1161912 323915
4622188 -788112
1750205 -4655420
-1943101 -1213696
4978862 -6713953
-5208374 484699
-7097690 -8245933
4138185 -5615727
1430192 -10070132
-7756754 -235908
5017489 -248519
9202570 -2090624
1260285 -3775711
3723903 2321891
10390731 -679542
755374 -1184126
6960683 -3753678
-3605969 2831069
3293383 -3650192
-6089528 3339242
4736126 19646
-4852558 836195
2666030 2612678
-7090294 -6240224
3895875 3625873
5149916 -3967427
7362980 -605814
833722 3192184
-1372008 -819806
-3791910 7321098
-1551908 4523441
-1141138 8579960
-2951362 -843096
-4346737 2499633
-1883885 2140599
8180237 3740087
-2031882 -1844830
-3823466 6645216
2061358 1982954
1858046 1315700
4066442 -6054325
-2669919 1419269
656733 1730962
-1261292 -5215154
3275 -775673
-1206798 5513686
138187 4385700
-1831224 3173112
3745527 728664
1354615 -2763038
1258950 3644320
-865858 5497878
-4967124 -2829813
3034154 4093878
-4572903 4601632
2691707 -4359804
-2107459 -769951
631260 3557269
-5216054 4307232
5695814 -7048202
-2404141 -4782155
-1641570 -1313689
-1471782 6400947
-1142011 -6879660
-5775240 611147
6319777 6869818
2254024 -3157037
5312447 -6251301
-3965127 -6514331
2679528 232736
-1856666 -2565476
1990504 -6456000
-2088305 4868249
-128356 -1344
-4018143 5100192
-3720428 4496686
8432920 -538029
4105766 243682
-3344831 -4168857
-743862 -4254241
-5477579 1221877
-6533697 2489217
-7660822 -865849
1168080 7073284
3073103 5624195
-3247767 -2255254
-4120648 3276593
8377509 1557310
2925016 8248541
1075181 -479442
1547376 3398834
535098 -1051029
2911637 3653046
-1536948 1663633
1297404 4899108
1096518 -2816061
-4137608 3358062
1515002 -3382030
5980956 2684830
-3377268 1635883
-4919149 -3592133
185299 -3191345
395472 1400168
-2420234 1981850
-2408164 2799307
-1983224 -4423356
-4311570 4334805
-5976065 -2547835
-2280895 2186269
5596285 936172
2726362 4693014
-4286531 -846355
-6718427 4768407
2149749 -5425454
-412728 -1037493
-2936439 -3721695
4109852 -4793383
-4636435 -3901486
145294 1971414
543922 -915470
-1480215 -15981
111193 3196995
2139083 2963458
-9284727 -781865
3932457 -11316
1987513 -2815412
7433298 -7278349
-2436184 -3658224
6089169 1681666
-4098100 4739864
-2501147 -8829686
-317102 6221973
2775673 487814
-612282 -3260610
-3259063 698701
-4681879 368126
5113009 3239181
-5435875 4141218
7667875 3636453
-3022735 -1755256
-3829708 2031068
-5806634 7694443
-548448 3221348
5794313 2306000
-2497363 -16822
-1985609 -1412587
2298061 -2618129
-2193267 9427466
5780634 -632742
-1655916 234840
4230433 -463713
1504170 3375478
2800756 -3646718
5857540 -1756561
5231759 -398661
-3069774 515912
-1666385 -2008355
-1123461 263917
2467296 2828467
2012248 3258211
-1633664 1068463
-5380503 5629784
9609513 -2136590
5512533 284031
8696085 -3042238
-1246279 -402353
5206628 -3713895
-8797839 2220850
-3055793 4515556
-1938809 -3467649
503123 -4854010
6517600 -10086601
3494401 1044758
-2428246 -5462820
1740942 -3151952
1857844 70278
-1926758 3012931
7225395 -2705378
-8574208 2869387
-6206153 -3449174
-6439891 -5821371
-477440 148280
4473102 -3279034
5304357 2776289
3163510 4443288
-6212278 -4368079
-6023835 2550325
-1163191 2546042
4036336 -881197
1728040 -1014635
-401780 -1486422
5294267 8939817
-870844 2540430
1671678 -315212
5486593 4600586
7574746 936014
-4657517 -5538099
-6246105 3673978
-7472538 -2711479
3402933 -6119620
-5630822 -6422466
-1417572 4682638
-1303757 -10572784
382308 -1061754
5900542 6459590
5550827 -6137466
3484684 5439133
-3458152 8438972
-383079 -2302306
311369 2756480
6159963 -1575518
-5229037 -4844427
-569460 -5572834
3481019 -8780498
6970131 711965
2679653 3616164
6245875 -1968049
-7021677 -2602603
4113288 4875725
-2041773 2985773
573106 289247
529518 10986974
-1777097 -1914035
2649617 -2313609
-7814485 3052959
6069050 -3677735
3585761 7470652
-1311601 1810348
-2786026 856745
-3274106 -1795256
-1071803 -943375
-3283930 350284
163675 -490990
8808024 6056587
170520 -2832310
997997 1689479
2140156 4966887
4284679 6575280
5487415 5026
-3035213 5557025
8384525 -5572444
-1905648 -2332389
4440647 -2174230
4353882 3577731
-4746701 1329704
746234 -3012430
-3043315 -7253869
-4501 1626688
-2223506 136334
-4103408 3283811
-7913098 5194355
-865205 5721204
600559 5806076
-857731 274674
3611722 1660941
-4223810 -1640354
9855671 -7498893
-7709382 1229809
630035 -6684620
-5368552 -4553080
-485516 1580237
-4802869 3945132
524212 2312411
-1411774 -582481
-271382 -11139952
4469454 197927
1193282 1189420
-9827458 -8354586
-10072641 6732168
-4857732 -4239029
-43817 1386319
-5269969 4810298
2768751 4107016
-6823312 5142560
-4451930 -1761657
-3469831 -6403482
-2352941 -4870446
-1169895 -3111795
3341776 -908862
1231858 -7062044
433417 -3761907
-3783666 1498011
-4557734 3333422
308290 7499444
227350 -2695090
-7074854 -439480
-3622504 -5818135
-9814741 -5108133
-729265 -741402
10813571 -1258063
4561806 1416598
1512414 5834261
-1056887 -3474381
408624 -8165009
-4980312 306781
7025299 4379633
-6112683 -5483138
13529 4374350
-5062421 9185891
-7166186 1315334
-1575343 -7290171
-2000066 -365240
5231288 -5321468
-2479373 3694057
4947059 -1982379
-514472 3289863
5822555 -1616748
3443074 4328082
-12886 -153707
187225 3449857
-1943247 -2799157
7365880 -1558476
-6546212 -4844066
-2691932 1056472
-1187910 5517284
-5591227 -7122237
-523551 -1489146
-775395 6619281
926982 -5838188
-3013911 6264297
1466949 -809034
-4686246 -1171103
-5813065 -5018244
-3598058 562616
1800724 1835831
-3523591 -5102446
4021355 220326
6205272 2857872
-4469000 -2497367
-5186342 -4899879
-6471931 159860
-7901786 1036830
-1659993 3196952
4928059 4242907
5218138 -3911907
-1781005 2411325
821092 -247761
-1116030 5175690
1919193 -5126000
-3408989 2315410
8298267 -3847112
4828378 -2816248
2756996 -1190280
1313999 -5104578
-558624 -582287
-3906075 -2246918
-6334646 -894010
-442694 175185
11623225 -5258874
-4555662 4199415
-4286960 400862
5563532 1908649
1745136 -2468851
-4724695 2284305
-1801887 323969
1144007 -102790
-2429977 803002
-10174901 -1756557
-1424643 4591995
-8625444 -2640768
10102021 7863753
-1342596 -892032
-725287 -4077818
4569669 -6462628
-2408 -2743218
-1131104 -3638579
3474924 2337677
-1535614 -3087200
-948746 4342663
1308121 9722602
2114558 -2453315
2483022 -1027396
2889598 174812
4609100 2426412
1954948 -4769236
8289133 689633
-6527434 -368233
2283063 -218250
2526402 3305985
-8095297 3710531
2122126 6043955
1905658 -341098
-1494535 2489529
282982 702113
2246199 -1646847
3357819 3031913
-1777688 8086970
8394566 450716
3708209 -1738796
-1268099 -2724743
-6503550 2344144
-175541 272621
3724319 8672954
1206685 3022651
4100306 1207673
7044341 -5452555
8065677 -1767646
27596 -500895
-7701392 9755893
3525489 8998632
-11258769 -1452471
-6338657 717854
43939 -719526
7244994 3101437
-430126 359572
-3224476 313880
-257412 2472625
-2075437 13590314
-3380290 -5142895
-4070218 -3469025
-1722947 -6414022
-2290022 -1709275
-79762 -2527010
6546126 -419167
7805196 2547595
4575810 -1228147
-3552946 -6436634
-2735639 -4313172
-1047949 -694043
-1639013 2335674
4703350 -5275601
2312045 3343158
742552 -3708025
-331499 -928349
935614 4433162
2857255 -3258631
2851643 8314551
-1429224 -4122984
1436038 1725639
2737185 -1752722
-1986745 1120593
3667513 7852398
-1527151 6936265
535093 2875102
1627698 4513422
-1434629 1857211
5605027 988282
4517231 9792439
122102 1763236
-4018302 -2932613
4181965 3251387
771770 -5573651
390433 -2495854
-2514380 1632559
-5077311 -4185081
1437501 -894310
-5341384 -9059325
8155620 622300
-4343111 -7755726
-6767243 1939553
-6785635 -3083532
-4247495 -3151631
2359113 627352
-435977 -55868
2359990 3389607
2595643 1350784
-4975791 -1580643
-4714070 -2618529
-1285952 2586419
6133468 -1722893
858161 -7402591
1079612 -6365643
730301 7542248
-1062094 -6092381
-609266 10074048
-7559067 -2927218
-1560965 -877521
1491299 -4268410
-1115427 -2548554
-2466432 -2699728
464875 4167965
-1063163 2134751
6046611 -5934516
-2549874 -8047050
4605129 1457597
1868259 -1573076
-594131 -1120782
572032 722760
-3134687 -3103671
8303042 4154720
-2000024 1813239
3067489 -2043766
1320862 827633
-5407670 5244140
456881 -119727
3109030 4252951
-774054 -1494277
5404535 -952588
-5059463 -3795203
2114496 -9846761
-5173664 -784490
5142118 7112846
-264822 4642397
-4341448 -5755057
-975347 6122256
-1999273 -7871930
4351907 -1949265
-2105052 3171143
-196676 370494
-4744854 -3924938
-7703453 -519093
927671 1630207
-5364493 -2213564
-4105693 515467
16305566 1741687
4821003 1251823
-949160 -6008112
1091481 3677448
-5113790 -10704190
-6202081 130737
-7986722 -1903036
3279461 1907054
4576059 2071993
1009274 -3643228
-3687598 -2240803
-2355705 2428778
1752625 3587478
-2462561 -5107731
-2891744 5725322
-2923828 441805
-2112098 -3405128
-7030553 2986819
9414650 -2655800
-4381394 4676798
-753360 7704972
4785704 -2983691
-744069 -1356276
-3285966 6230940
-9879863 5767430
-4751241 -5496600
-456611 -466100
-1731528 -2311439
2673727 -2406627
2165387 1393872
-1712971 -905687
-21179 7081458
-3037160 -1361719
-3719923 -8435468
-4481230 4036897
2650001 2182306
894309 -1968049
2808683 5759084
1331486 3870521
-10733762 -10611710
-2038896 -2026358
1521105 2466383
-731600 2666961
3085221 -2406056
-27109 237672
3576445 -768927
109476 -947711
-2482950 618486
5574840 752527
2492909 3649004
950189 -392059
3869757 4109409
-3947289 3705198
1713873 -2812327
-2611228 -3947630
126380 -5996040
946570 7147573
-5378092 -4559293
-1007717 -4018853
1184132 -4516840
12802082 -4664219
1054294 1935966
-2158400 -4537544
3507662 -827268
2044215 10183433
-2921655 4884204
-2492882 -5540155
3596273 3991919
-6631382 -4251913
662172 5203645
5532804 -3950858
248987 -732526
-5583805 1265456
-9031380 -1926151
3500567 -48316
-1215810 -10507926
-6355203 1166153
-609505 5485487
-509236 2434155
-4408556 6631684
-1383977 3308903
-2530045 -4733908
3059285 -4205993
-3649469 1114830
-3924774 -675210
-4384868 711929
2408007 -5011786
-467437 2397597
1234652 3150825
-1430218 1347072
-1823177 2292964
744114 4296513
-147481 -4327632
4691175 -5673927
-4453953 1268805
2223912 -6447010
-4537222 -1047354
-4001195 2589015
-7693428 -4999694
4841166 1677649
-11097861 5233272
-4251179 845935
-3445391 5226192
-8934963 2142382
289852 -2447507
-1330589 3366952
-5268448 -6885190
-1150336 3286052
-114906 -280824
1447920 -4981275
-2953018 1704415
667772 -2795694
-7310248 1394301
1468465 -1501799
1602176 1269892
-1984201 2176125
11042909 3444320
3684738 2835339
911498 -2167175
-163855 8507977
6898777 6863568
9454700 499912
-5598016 156877
-3354117 4814670
-5550028 862320
-3246916 -4248995
6784008 6997638
1185332 8124108
2465609 225294
7478911 1143831
-8378426 -1650559
42932 7731245
-315573 4501125
-1422969 3633189
3557976 3987322
925560 3884344
-6047673 3184232
5115655 1718182
-6027955 2082582
771531 -2601268
-3703844 -668221
-2070197 7579636
-1100569 8784273
339216 -1524083
849048 3323131
-4202000 -1777753
1484361 6424620
4540919 -6849942
-275968 -4440566
4551094 505888
-872014 78121
-9047112 1860012
5204998 2522438
686642 5338316
-1736438 -6523919
-4006500 -5485173
-1010581 3391084
2130057 -2383761
-5680580 4128297
-4695657 -2410074
1208974 -1775303
-1677956 7852819
-4237789 705058
7790436 -10056539
-6663950 686092
-2654932 2578041
2919824 2573539
-5167072 -341828
2838700 -739525
1362465 -11433039
-5607863 5588378
-866225 6288662
-13493 -2643362
-4451648 -1053521
-8249054 1123230
-1823074 39811
6692192 3049424
4093503 -32619
-698179 -1728054
36049 1538028
-7357150 3542671
1820169 1326003
4142432 1114878
3084042 1643078
5723415 -1726648
-3069379 4765132
-1141382 4027754
-1778454 -3111600
4372867 6644116
1636660 -6013309
-799239 -2974505
444526 -3867861
1837720 -2428383
1662279 7546674
-1288326 -4346190
3003387 2461430
-10886870 720902
3206680 -733545
-1372664 -4138955
-2394449 -8331432
4037199 -4481708
-7254975 7144861
1140845 -7164022
-3044332 4176186
2190467 -2944888
2848009 -727173
2956716 -1479187
-8557545 -11376438
-1581733 -2612434
-5795584 -1894835
1149956 1333099
-5012629 -3575689
1175726 3460441
-4794195 1660513
6401509 -2803401
-5651605 2368510
9352870 -313166
4261766 -6096538
230656 699421
-773469 5906374
-4073590 4304424
5939213 -861628
3432024 -447946
6405881 1357865
-2751095 -1018302
4865234 -302558
7259449 -2516523
-3998981 2998594
-1897791 4495178
1454392 -3311080
-6153427 3924759
-3091173 1892487
-1305082 1602421
2170197 1612584
-8230266 1718276
5403345 -405846
-1393476 8108939
4652066 2965039
6631935 -875699
1462954 2111839
-5446088 1571249
-1628601 8855265
4684011 -1600347
1256233 8852798
-5968897 1584323
-3308431 2852768
-3614609 -353412
-6654251 4447446
-4047727 2934198
3432212 -3607998
-5946595 1592625
1649337 -3412935
690219 2771272
5140796 1096828
4572263 1282558
329899 -2973131
-1891683 -1215449
-6472305 -1264352
1704100 -1752958
-4228461 1054198
10946161 1693294
-5868284 -854678
6831641 -3072408
-1207974 -4882489
-4040079 -519729
7722436 -2244104
-917258 -3106879
3503290 -22216
-3654445 -1534705
-5391154 1463420
2532238 -376476
7237796 -3477315
9404631 -2614962
-2695794 -3051780
811031 -542857
-2525867 938099
-4858847 1813359
-6029243 1163142
-2169309 7102535
1455918 4445005
5156979 -5047131
-246117 -799376
-105796 5382386
2769717 289714
4931424 -3487415
1489710 -3405315
5641485 694976
6101277 3602262
1637448 -3972923
-1236851 3831394
1483858 -1823685
-649367 -3923364
3229155 4170599
-1332061 -1822306
-696858 430721
158772 -1434748
2960664 -1120438
-6965555 7627368
258287 826245
453296 -2793973
1959983 -4837604
-1687611 964377
-3767472 3950219
-3502066 951177
-577486 -355596
-4514093 3067098
-4836612 522302
2316141 5795989
-622838 -2747132
4006418 1715616
-1660966 -8206623
-2695957 4211490
-3624984 4041934
-2144039 -5778238
3094858 -4973469
-3376328 7723492
-1285897 2231800
3455513 6334771
-796534 -399742
4947970 2020738
-2995704 2492603
2705302 -2379751
7813147 -6385729
1047660 -2829471
4712980 -4950916
5056798 2141813
1688449 -184426
1913593 453549
1633041 3776987
8157581 -2480778
-2809137 -2802914
-3103756 -5198465
-601850 -1674192
772966 -6038649
1840106 1200044
-5330094 5350121
10332092 -1472449
10937671 -5924252
7903519 -1561592
3760610 3362923
4374353 6935508
703149 885987
1690956 -996432
-10596090 -42014
2884532 2118794
-4036520 -6142659
-3661105 4462829
7652195 2916597
3808386 1497154
-1867454 -350753
-2576906 4215433
437014 -1649270
65870 4560252
2915095 -4111135
3019366 8579428
3762388 -1257191
2131639 -529884
1164411 1727941
-2642175 11759120
-1454841 3006089
3316045 -4492450
7843222 3856797
245989 912646
3985514 -157449
648741 -6674406
4882677 -4736590
1359702 3772058
2765224 -5165675
-2307249 -5895198
-5105020 -2959510
-289964 1959317
3377062 -1949563
3499312 9879705
5057671 -3010780
-873003 1761025
-411751 4073159
415067 -2845335
-4556518 224497
1802900 -2639516
1829058 5477949
-1921287 -1303758
-1638107 3663344
-3969853 336433
3091141 4433992
-3598809 871771
-1966833 -844658
2723858 -2034603
-3393747 2419729
1271059 1349347
-6655001 519907
-1236307 228510
-5189010 -6794094
5235497 8391476
-285418 2761044
-4880376 -67022
904753 -5085062
4346431 -4754448
-5084730 4354497
780688 -895499
2890295 -4136910
-1902123 -29770
4862567 10889534
8819198 -2384049
658507 1546634
2247317 11696294
-3172356 2672379
3022395 -7076921
-7554351 -977454
-427513 6524727
3750343 3898439
-2254545 -4909651
-5409574 -6004275
2268125 2201310
11195138 -1743851
-2987346 93198
947472 -6286924
985071 -7926095
-5600660 2306081
826533 8673505
2243001 -3296641
-1767273 -4228875
-6103772 -10042819
2935043 -1074695
5243080 -705169
-2801750 -2227560
-1098834 -4267512
-1464686 1722325
203865 1618664
-3907875 -3653487
192145 -4353016
-955055 2305246
-170313 8146947
2432406 -1737191
-3290546 1396373
-2716210 -6181347
193076 1746072
614964 -3147386
3356412 1029538
3266084 5463119
-1574232 1750294
-6130944 -1738926
-3003156 -51230
1573347 6672814
307022 854645
1696989 487231
-597890 5025508
1188793 2665207
477569 -321023
-4777214 -31663
-1495807 4680379
6250321 3854765
7232119 327699
-1348340 -4832400
5643296 4902823
-5025097 -1798296
2556121 255163
-436749 -2739779
-5246316 2859198
-1689030 -6610635
2678121 59735
-912606 -2414512
1298956 8764628
-5734495 5513433
-9025710 -132760
2561970 1256094
5931825 4063130
3698259 492581
-1275564 2680512
-575664 -812366
-1856522 4459534
-1303522 -3018574
1946544 -4744370
5245864 -1558299
-142105 5781892
-2773420 -5539535
150361 -3524133
5792161 -2802621
1191973 -2902594
2229174 2984947
768308 -3727770
840838 2178787
2877363 535911
-789267 141844
-2451730 6162229
-23907 -2291427
-2198467 3173698
-4072143 2793909
-577548 -3023099
-3460525 -738474
-4424428 4272818
9887574 295474
3515360 -3251064
995134 -2645574
-5076960 -7160406
-1440820 3491952
-2859026 3613139
-6771286 -292758
1905739 1923402
5413390 -5833507
480698 2111874
-295458 4273166
-2354716 1302506
2574175 -2363623
-1734292 -4553064
4149736 4301283
-2355231 -5048428
3973424 524056
2203161 2768022
-2492546 -6520738
-1816747 5343186
1200682 -4779783
-123486 -2292004
-1502423 -2818740
-1714934 3622234
4369462 -2052204
2549612 -3170986
-5683737 -2307108
-2049809 3571351
7469482 610348
-2831733 195758
4593730 3677781
-1687386 -1163556
-2920576 -1641476
7658713 -4470162
6484926 -2762164
-1224346 -238950
-3953781 -1220026
5561817 -83535
1248687 -1877888
-1405552 -752382
1358334 -5986714
2213132 -4564182
-1821081 6489942
-3025388 1933917
7742052 -2074809
-1666041 -8623689
3362446 3545377
1568852 7594212
-1388034 -1017661
583944 -4098803
-1297547 -1120374
-1654480 -1002483
2187829 3971602
4327198 9321588
-6697356 5694592
4818623 -2727056
4599875 -1650053
1707347 4030843
-6469898 -9166296
1798219 1217516
813712 883880
4123994 -2281339
-2069276 516228
-4890837 -2881234
1148154 -3242289
-9205402 9305621
5331557 2578173
5232136 -6511278
4293327 -5143458
-1176379 -4791122
-2586981 -4360582
1429125 5178551
-2945076 -497016
2599073 -2303323
1117792 -3956457
-523103 -1839750
-2650335 -2655244
-203659 2684177
3661455 -861211
-3164101 -3330434
7997029 -9063965
-7218469 -9636719
-3004858 -1173735
5679548 -4198842
471578 -956000
8651374 -206266
1784294 -4827583
-4039724 -1470368
210000 2616434
-3767210 -26562
3907251 -11474666
1734307 9877106
2120830 8318631
797685 1210398
2264154 -3956852
6656798 3950339
4844455 -1694560
-3512246 -2982540
-3850567 4880445
-2283276 -2105958
-3144875 -7119748
-5275901 4060211
-4435597 -1722212
-36267 9988027
3876303 -894616
-5792262 1362668
3471865 -1209111
1893491 4617220
-584263 -2940670
-3563459 3608251
4622464 4672681
-5471857 -3423364
5468858 5508781
2864230 4233272
-6582995 -4258422
-4418156 -4651784
212495 -8339889
-7175067 -6398447
-2382534 5246695
4399207 3346094
-2717561 -170697
3494183 -4405714
1494716 -2501464
-1109095 -4002610
-804204 2923082
-4337287 -1822030
3524524 214296
3291597 -3458290
413981 3382453
5749853 5578703
-5895497 -89227
-2861392 4283696
-4795419 7239370
6243463 5479619
-2426686 -6882932
597649 5226426
7334360 2626914
3499330 -9972646
-1305602 3006100
-8404709 -2861812
4707731 7325354
1201386 -8492799
-303091 -5428868
-6193808 7996379
1473038 3153850
7873013 167711
-1748623 3674043
-2700806 569523
-406836 -966400
-2251437 -3002729
1804587 -4403681
1238205 7657105
-1957252 606264
1581846 4426559
-1996806 1451979
912419 1085057
2324563 -824933
-364877 -3330153
-4514157 5618924
7654196 3128730
560756 5562485
5129141 771385
-2885757 -3876674
-936735 -1776017
-3834938 -394039
3124416 -3751380
-1060415 -5554017
-1366974 -3592432
4560381 1886113
-2628093 3247804
3173782 2072996
4912101 2134049
-4535058 -2989048
6784282 -6445059
-707303 3617654
-251601 2026495
5159271 -3233909
-3740794 -5678096
-3843493 4517836
1891133 1358396
1237526 4834873
-2391730 6997122
1451409 -5233607
177958 4867965
-8385963 -5944551
-603609 -2275919
-777489 6649715
293126 3387121
-3571159 4184905
2254263 -8056726
5926707 -3401961
5555798 3328871
6484219 1764916
3445631 1822534
2224857 -6351324
4175045 2474680
-3594715 2108053
2067063 -10833391
-2089574 -5730840
-1764215 61432
2220033 5929595
-2967799 1995645
-211098 3407791
-1286933 199375
-3848750 7638364
-2586423 307230
661529 -578488
3470604 -3771146
6583378 6339866
1326443 233414
-1501995 3466543
1140326 -3794798
3867936 2526757
488935 -8717790
-5265320 3312109
-1772979 318217
1410812 -5523389
4496353 -2350701
-1056104 -1597176
-115657 5618899
6670969 -6911842
-2771869 -826557
-5470431 -5887917
-4078213 -5893169
-3735251 -8878826
-920205 -8388005
339160 -1174935
-445362 4380663
-353246 -5256445
-486680 300344
1308400 5998041
-5101179 -2273545
721103 -6245362
1681429 -2464131
2139275 6632816
2223288 -640336
3938957 8721920
-1618626 4132586
2369435 4775798
-2345012 -9150052
-1173992 4545391
4220543 1715425
955206 -2961253
7419413 3197236
-5440832 5042194
1460962 6992040
2793662 1409787
2344681 3399513
6301869 7576910
1213802 3434127
695239 -1944587
399027 1096762
-155277 5107573
-2707122 1837478
-3349725 4564166
1587824 -1300171
1093612 -2444325
-2709029 2967548
-4703776 -198089
-5570243 1726453
-4895724 -4378099
-1643538 10064503
-3963018 -2035920
370971 3236741
-1059584 4963525
-2082015 364481
11517484 511325
2513865 -718335
3051655 277469
-3917560 1652282
-3180046 -2739926
3573004 1662885
-2902745 333445
1147541 1877908
3194653 -154989
-4195370 -285963
1471599 6373728
-3677196 -1456998
-654815 309378
-199489 129585
9200175 1637125
5033924 3559846
2302273 -3029792
4977613 674521
353015 1776620
50175 918719
-1302683 -2483020
-3126069 6942421
1446739 -3358240
-3257102 -4211772
709089 3176371
-2936135 9403581
4623649 4896301
-961692 4410917
-1385934 1794811
3506926 -4200020
-1076429 -9031206
846640 -6503243
-6702803 -934939
5466133 -1130206
-4921064 2014571
6360872 2235768
-1553108 3698815
-1419824 1308452
3845651 -5550868
778844 -4623299
3405478 8964886
127007 -2692667
1143417 865670
-704732 200190
-3395264 -1499202
4798815 409950
-177657 -3893385
4319405 -3755291
4093376 -4604364
1618803 4075874
1035012 -1037214
2664810 701059
-2167302 6381572
164456 -6642296
3648065 -7392217
-4867620 7654803
1409811 -2800167
-162730 -4673821
3491653 7422942
3823128 10226804
-498573 1306653
-7567826 1585505
-2964118 330760
735198 7739334
-2164286 1305236
-5718113 -3536113
2909752 -1790847
-447625 -4818730
5029461 4646822
-2491204 -1659667
1929709 -794531
-4456429 -7080119
-10431379 4302671
-1979285 7828572
2047001 5156865
2467475 5213072
6013216 101436
529098 -9579
-2714953 -2859886
2346630 8418144
-1891206 2526074
975182 -8347409
-5690086 -4446369
3045824 2618283
-2089539 1980129
-430235 1415402
726890 -3333045
5153976 4058405
-2060163 -4449175
-5356417 -5330132
4388772 1472681
-2027390 1365601
2440282 -1312618
-350254 1316505
6620349 -5030943
-4510844 1092764
1188512 3403915
-6403204 -53013
-9424806 2829975
1188239 4330432
3895791 662367
2629923 -2693199
88488 1276147
-2849710 1517153
-620437 6973592
1939277 3876740
-1708717 -1161970
421277 -3892399
-4675002 -1759925
43501 2405350
-3496789 -4873525
-4705807 7014262
-973708 408250
598079 -1735070
-6796112 5835920
6463480 2405403
-7541584 850580
1239295 -2511024
-3735536 -2361166
-7043437 -4567776
1047238 -3154228
-5763772 -318793
-2831690 -5622145
6554419 3599918
-1401136 -1712943
-4137786 -3335863
-5647948 -156077
-6164945 -6944734
6224149 -4972014
2195522 4536310
-1158375 4342343
1982406 4568097
8308160 8707711
-4172127 1898208
9167680 -3154568
-7486090 -1957026
-4835272 5919508
-1569628 869337
-4280875 -4088947
-704761 -1048060
8716787 -5106514
-1850594 911980
1333339 5170475
-1778249 4477416
-200002 -6771527
3809657 -1598549
-4955972 4158321
5657291 -1656293
-2221795 358510
5901938 3597937
-5074231 -5092313
-7923297 -991264
1432470 1921975
-1191844 2934317
-7154898 -1803058
-3955789 3200186
-2994209 -5698564
-1362933 4989477
-4728155 -8293213
7807923 3711519
1627241 1319771
3306294 -2189140
7487576 -4104653
977004 -573935
4134312 -387428
6847851 6231829
579726 9485326
-3799512 -2905740
-2898479 333165
6203894 4074136
-2889986 -1738836
-3467752 5232511
514274 4984857
2937299 1186854
-861492 -1351959
225249 2678656
969005 3323686
-3103256 -1580227
-2709746 -1332427
6311792 -1408334
-1423212 -5493092
-4632757 9069532
4713962 -145687
6637132 7940761
-2348789 -1687288
3249286 2465041
-3334884 -8674016
-621311 -1005839
-2265546 -2285037
3944705 6039297
94697 3181506
-1359301 -3409817
10238769 -11179259
444632 -1863371
1610063 3058585
-4937204 5646000
2353592 795673
-1253682 4560754
-391531 -7569044
-3856372 -1696996
3872839 1959805
2439307 1516163
337103 -3895485
8143769 3102533
-3515598 2812261
13197378 -3526554
1853030 1510568
2010642 -54549
-1330743 -664090
897925 -4343470
1220979 -3662316
8519215 -112030
-3800947 1016073
896210 -6483697
3654594 7775944
3862642 -871957
5293547 -563962
-983086 257984
648238 209223
-142572 250477
2937902 -4954523
-8475945 -1257705
6129118 6138147
-163506 -3475069
-1999463 -3421292
2268870 -4072023
-3038171 -328506
5933630 -1532835
2972300 5926671
-740743 -6116631
1121885 86090
797426 4639799
558065 -1878648
-2797846 5661671
-6360994 4616252
4711092 7111323
4914189 838293
-6629778 -5355281
4641937 -4903623
-2766212 7799179
-784170 -4136198
-479147 -3950571
-3869020 8969973
4461305 -3825250
6380400 -3835086
3311989 -132329
1974181 965603
1858916 -1337772
2606625 4442807
-4946262 1282702
-5351306 7247512
1549007 2258362
-6289510 96373
134817 -335798
-982346 430665
-1046848 -3947251
-2465465 5071812
775685 8275854
5566933 -8896905
2147501 601099
-1288465 -1953735
1562403 -621478
-411306 -2108213
6796985 3419230
-3449235 -5779618
1537465 -727807
1758219 8742535
-1826667 668572
382544 192446
-1907624 128753
-328206 -5333104
1954893 -2500508
-3773162 3631938
1312714 -1909378
-8865400 -9341366
6295454 -1102425
-3997999 539547
842465 138172
1115938 -5324092
1060153 4465459
-1851296 3991100
1440039 -1381802
-2635583 -3457128
623837 -2842239
1164201 1224513
2611944 126194
-788082 4881871
-284774 -6500185
5198376 1967980
-3226009 307448
2361203 -2203319
-6906431 2668138
-7303831 2962948
-7653611 5190071
272599 4088129
-3053153 162428
2360366 -4448378
-5122188 2667756
7781465 -1692689
1688177 -1258740
-7928258 -8654409
-5750602 2886511
-340266 1128953
4268428 -6296563
593101 3614794
1144419 9748308
7288964 501231
-2207008 1495099
254675 -1777032
-1842264 351631
3884753 -6409000
-236437 1159260
6319383 -2257243
5781045 -5305405
-1576799 3904785
2422903 -4347737
-1274417 1721833
-660417 -3618676
-10146732 -4734084
340306 374048
-465886 3485734
-1921133 -6191736
872249 -7917522
120412 -1665357
2512168 -1125998
2832669 2225161
1753968 -492453
-1374233 -4932208
-3617359 4890245
1130901 4728943
-3985691 1546200
-6550454 -3652739
106460 -122509
5239440 843895
-4989418 6001155
-5551072 -966794
-3325451 2862548
-4165909 -3440079
1400189 -7664016
-118198 -1975672
-2978181 1159142
-4282454 -2256747
-242748 -1798555
-1020312 -8393731
1934972 -5863042
10939076 -197568
-1840256 -1713750
-4656933 895418
-4171323 -14039072
208478 -6311654
2744228 753647
-1093285 426292
412377 2380700
-6692806 -745786
-7971265 -7446803
1841235 -5925479
4324733 -2684529
2961698 1259152
8629511 -385867
1077596 -2719804
-738751 -3164887
-5143589 7427033
-771364 -2175025
2548974 -3092974
7849290 4135401
-4658278 10082020
681870 -1476057
-1069601 -2394151
4279354 3505242
6877520 -2098732
-3914831 4166608
724011 -561801
9952477 3710803
4115081 1929252
1657233 664106
1851349 3791793
440900 3727444
3382289 -5745567
2044335 3189792
-2323425 1885987
-1696278 -1544292
-3134145 -5313879
-1452148 -1095026
5724748 6897532
-3960681 1796875
2094836 801869
8731032 2720281
7876387 999890
764026 -796041
5075358 1141510
-2711959 -2712640
-1857119 -1476541
-6250821 -4357434
-10314568 -29766
-7123577 -918643
-361487 7604648
7754145 4641057
-1290218 -6740495
-7005628 -1517126
-6126099 -55859
-7022121 4733658
9156725 -3332336
-1497232 496887
252424 -1590071
-4203225 1748829
2905748 3751483
4579601 271682
943509 -7218142
-1190607 194000
-2685596 7398979
2538225 -3706478
1094186 -1364419
498066 -2585178
6846937 -4154251
189269 3353238
-1824632 -2863884
-402235 2217077
431288 -634981
3448329 2948258
-1300460 1247957
2081202 -2139957
-4171457 3778956
1806222 -345621
-9222339 -1796811
1993175 2391796
4573698 877868
3652626 -1740438
1958452 -1585263
111974 -8784891
1620299 6477888
-3095244 758753
459697 -348878
-10172127 10015942
3415490 -6471211
-794876 701339
2132756 4274653
-350679 1321435
3782836 -1594576
1007977 3820118
-3659365 2131506
-4529759 1216190
1579341 -2232780
-2908886 -4227305
2389420 3676893
-1412856 -534264
-1215330 8959284
-3254627 8004632
2627220 -4042247
943465 -1552535
-3735247 -928671
-1741387 7795888
4654478 3704276
-383673 276306
-465372 -4859933
1578317 -1201597
-5215546 3034665
-596174 3962792
-3991151 3123625
2876928 4801555
-2220876 -2638728
-4915200 -6320107
-1958634 1537933
224808 -6567713
-5085545 -5784138
-986454 -603513
-2125138 2291248
7573060 6774889
-5496336 2703859
-2592580 8587992
1695809 463732
7162240 7279963
1655402 -3103502
1343109 -2376306
3995249 4179833
2619513 -3641930
938422 -2840605
-2739125 -4660443
-2527320 887358
1440503 9996920
-3748526 4688075
-6082378 -5057901
-7574695 2158993
-3399727 -6525598
-170942 4082962
-2408600 -3416897
-4207259 2665727
-2862143 -2667583
-893870 -6004058
-1065574 -6587132
5645741 -1561791
1336389 -5061117
3775142 7764835
6006745 -3495793
980118 -1265139
-681315 -224557
-87882 2857211
-7209242 -7717164
180535 3636703
-6854134 -289185
3725739 -4034742
4325605 -4979408
4159238 -6311059
-2222301 -1746275
907266 5537951
-4721414 512274
-12333133 -2356912
-1753288 -2037358
2107803 1388753
5233606 -5823214
9240049 2286119
-2400394 -4231863
3927907 5261923
8720280 -2861885
-4385530 -2086610
-378914 1878704
6368920 -8749312
-6648023 6105070
-4604916 4267787
-1597827 -4733866
2312394 726726
-905095 1328255
3797498 3800491
-1294776 150955
-573806 185389
3289332 -6762949
9108150 1638896
-1535267 -2828883
-2560391 1307893
-470397 -6305830
-1405174 4582663
4527916 999520
-286531 2041051
6320102 581750
-3374571 -1545472
3106617 -2559357
6606650 -4788359
-7031116 -2669902
-3232795 -684022
2487852 -2968168
6639217 4110663
6244144 783501
-9152695 3496699
5760982 495328
6105401 7974604
-7099581 -3186054
-5843710 5581066
-1006518 904279
-4105851 3713885
2446282 9397304
-3533149 -641318
-4355244 1825907
1814590 -2462685
-2960875 -868628
1410289 4398292
-1221942 -1382754
1504023 1004084
-14263910 -894341
3727952 4452379
1369430 -3873487
1345782 767021
3423069 1264090
1811375 269826
1723810 -2852387
4082380 -3051737
-1400590 5390858
908850 -665952
7342495 -872573
1041537 -2845725
-2921531 -4006963
-3532839 -2945153
7734488 2113837
1182456 -3892405
4168757 1902396
-3386625 -2880963
2663544 3633839
-3794592 1870626
-6763876 9091986
1142357 -2769839
1807977 6059915
132017 4361458
-7310412 4300675
-1099783 -1735443
272231 -1746650
4976603 1156038
5356868 3664523
-407732 3288194
364079 -2446785
1490341 1125502
1699082 4947931
-5498912 -1088183
4104176 -1822917
-5807937 1713177
2724060 -3115461
-3549510 917753
-5820369 -6474254
3013473 5864803
2097658 1772561
-1900493 480455
-2804670 -1226170
5296773 -4444801
-5946404 2357912
2780376 5915932
3430682 3331849
-1442308 -1047543
1833977 130448
-1494623 -1968713
-2120424 4660809
3858116 -461029
2488970 2575115
723134 -1179536
2628788 -1799119
909296 1450769
921112 -2785235
-2736074 1559969
10114036 -3245450
-2351475 -5470341
3453113 -854978
-182079 -7745228
-7992406 891182
-1099692 -3446504
1847376 -1031341
-2526338 -1051504
6195256 -3992039
-5916669 -270795
-335230 4398576
-484640 -3337016
6339993 799440
724044 -5349783
-3339455 3335857
3997634 2305410
-554996 5793695
-9878947 3171827
-7945972 1774473
2649444 -1444955
600737 -6160600
-396204 -14269
-10992955 -421235
1437882 282801
2092166 -759460
-5301072 -1868757
-6037400 -372136
2014768 3135400
4671926 736133
2468323 -4102675
2169284 -19741
-8952968 -250003
-1860233 -1960512
-574078 3461423
7313329 -6326837
1908837 -967792
-1080574 -867012
7604364 8078799
-750221 -1463778
-2142301 602489
-5531607 -5946474
-868562 552634
-4461684 -897034
-3920312 10217078
-14392664 6642878
1680904 -5776357
-1595233 -6571220
3763510 -3520284
-4069260 7298134
297812 -1135929
-4207808 5621052
-1604322 -1519859
2368870 -2896200
6831040 1263625
-6270275 5805554
-777087 2293618
3323445 -1911080
464982 -416748
-6477545 6056951
-2972952 6839077
3024360 -1791455
2398289 -689544
-3493006 4768349
333753 1379621
963506 -1911862
-4139633 627951
-11950400 5350406
-1802535 2581022
-6738492 -5546602
-3281453 4360424
6858985 -1616742
-1749143 -4392215
1282734 585744
3208465 1707364
-1931923 2468344
5259184 -3853901
-1636990 -1634269
1457473 7312460
4351993 -5280563
-2898709 -10766326
6179048 -2069443
4803325 8691608
911426 4646807
765297 3457498
4097126 -2730821
5058232 -2665220
-142448 2138161
-3045090 838324
3314485 -1845019
-6983608 -2785107
5638166 -647622
-5347732 -4721795
-2795876 -3841259
2583825 3295007
289146 -581486
-5201473 1753004
-1770046 7045572
-2360754 -1360239
689015 2303417
-1248895 -14465
334773 -3039859
5366778 5907721
-96102 -4267352
-2543640 -1112170
-987229 -3465603
-2776183 -3222026
3051179 2920476
4689019 1671079
-513283 -1009642
4553752 -4318265
10332049 144744
-7712268 -4341559
-2599352 2686492
4274393 -6878574
-3301877 1894138
-3071876 5807373
3770575 -3019227
-1382321 848646
-1365358 -2557265
-1406887 -7553363
-26901 89762
-2043781 -5066536
3782781 -874676
315069 2814645
1877592 1655853
-4442796 -939538
9019878 -4397961
-3333115 -3815651
-4976397 -2563881
1431496 -5571337
4013431 -811141
-3670498 -5506152
-384390 -1205135
4736630 -3243246
605489 957944
893495 -3189459
-4326423 2362574
-8206622 4676327
-497208 -6279888
4351419 -5140633
-6230219 4652280
-4530047 -1579317
-2456396 -2790735
-311503 -9336199
-1439423 232123
203693 2075454
-3352742 3330685
2973293 2634247
47355 3900041
953616 9038803
1917927 3896753
6825216 -1769765
5844510 -2426105
1308648 -1740761
-6097282 3817148
-774420 4658714
8351227 4607871
-5022844 3309888
2808541 1884028
2628170 1585307
886537 -1812596
4470655 2633111
2800133 7308570
4691311 -2726139
2842171 481290
-931742 4006318
-585825 -2368544
-103821 -11274866
-780382 -2092962
2636577 -2576095
6446359 3471625
-643022 -6197199
-1270896 7662305
4402381 1580448
-3273525 -2764668
-2880314 153674
-2825071 102647
2042800 1553488
325436 -3509426
602536 398060
5799499 1222051
2250144 2387137
-3115567 6849684
-2304528 -7996165
-3344519 6416300
2784301 6468968
-1295608 477626
3836456 -1623138
1540410 -1678846
3316343 11317965
-778221 3917943
2438727 4259499
-1722952 6881811
-1726759 -5485550
-2137169 -5985467
-1570481 -4462857
-1670594 1203798
5129094 -318947
-931730 4459077
1217605 -4045727
-285978 -712740
-957873 -2694894
-8022749 -11645254
5169520 -679683
2560149 -180142
-4168949 2460980
2348533 4714083
1542173 -5741969
-4402680 101904
5261799 -3950197
296961 -1424257
3226971 -3677320
-3590717 -4398443
-997594 4096687
-6228373 334547
-1354190 -5359943
-2044330 1393
-625302 -6257111
-943400 5098735
-1516126 -3392835
3651484 -2726510
509135 -701135
-3363496 3387616
681713 3120380
1319599 -3520271
1090270 -930681
-5940514 -846491
3472186 4025866
-330694 2565957
-4465823 688700
-50215 2850409
-298225 3383424
-3337889 6771334
-4596870 1909435
-3095612 6478019
-2631373 -3524727
-4775650 -1902295
-4769839 152921
2450805 -685239
-2684421 -1788142
4991064 -875374
-5105955 1934073
423676 2398854
-1107987 -776869
4932509 -865251
-2423930 1536597
-1965399 -5757986
-4583606 -157604
4698394 -2790888
-538243 -2471186
-3117229 8612656
-3452213 -5046855
-5161520 -2078859
-3753615 5879346
-3365750 -386282
-1914212 -1042749
6468623 763959
-199218 4027714
-1453982 1719316
-121499 5831376
813306 -9190321
-4122948 3314184
501148 2508919
4834303 1333178
-2597298 -4866139
109512 -2719055
-3578732 2217573
-1000159 -2420734
-2870280 -110137
4286577 7788394
9523890 -460368
-237543 -4821624
-8787013 -1715594
-1105984 2977757
-5487703 11452959
4009952 1105003
-1271598 5310092
6290055 4851578
-1991053 1339191
3999299 -8810991
-5480621 -8495797
-976652 40083
-3028979 5794485
-2727396 -2390049
-8636534 3198550
-1578837 409569
-282631 566199
771182 -3017410
6468786 -3917261
-2309491 2917609
10088555 4933128
1175304 6388532
-3243989 1184601
-5931109 -2550619
-5433563 2482311
557639 -4935293
-2944497 5037963
2135518 5629798
-5709049 -1664064
2628131 33790
7640485 -6520090
-8071171 3908579
3222302 898102
1885765 1452708
-1685458 5202136
-4508256 -1925674
325908 3438760
-6323432 -1567560
1429557 3428803
-2246240 -58867
-10311763 -123859
-5420217 5181330
-4814857 -3471787
5191055 -227356
-2247772 906385
1411304 1422219
-3578683 -2193602
9238523 1983853
-2478295 -1266735
-514246 -1563689
-3027559 -2920677
-2528784 -4247580
1075063 3394883
-3921360 1893865
-7298909 -1648432
-2706665 6751018
2474675 -6454594
-3321893 -4058329
1249948 -3067618
-1152413 1795802
-3318293 -8770566
6981910 -6973667
3769522 2292481
5917676 5322897
-319181 -128147
-1132238 4531525
5170670 5118197
-3681697 -1907685
-7917493 4767990
7794799 584577
285046 -3790029
-3911038 9440233
8492199 -401714
3758784 -2380981
4214135 12488
2042056 1178830
950558 788061
34798 5528533
3551261 365091
6808581 1330848
3421933 -6535924
-1565685 965799
3294075 1229334
1194925 564839
8487616 3815598
-7667665 1075521
3668913 -6822226
3300532 2582972
-545924 5498953
-1663298 -6716268
5833696 -2271288
1542108 3789541
5847252 518115
5592882 -3513293
-3439228 -1999933
-1201361 -840276
1713518 7597454
5998783 1158578
1261510 -837276
1933535 7670949
1080104 1760040
-2362906 -6772099
9955066 4373535
-416423 -609114
2211544 -1141717
2369054 5565982
-572983 -4481305
-2064553 2641643
-575238 1084256
-742596 -3473137
-3409868 7673844
-8786692 -7810847
-9701333 2570995
5762823 3935048
-1800912 -6231244
3463740 -1793762
4925716 4513444
5886975 -5583919
6568701 -1286868
3910778 5594974
2232011 3379508
-7249439 5147087
2550411 -8532542
-5682364 1828641
-38974 9342004
-2813485 2133173
1379821 -4335354
3755461 3135418
955300 -2084587
166280 -1213264
3121037 -1859273
-10164783 -3407703
-879359 -7941664
2853827 -2239527
-182405 3815380
4089184 -11193572
6492746 2392670
-5556528 930635
1611652 2594500
-528243 6340585
-1589816 937604
5781288 -183102
5097155 -2726413
4458769 1891855
-402362 3213432
-3559406 -1319568
295592 2959157
2134935 -6135703
-3618958 -2998357
-4099005 -699946
-786093 1320287
3323953 288111
-4825255 230197
-5096035 124017
-3344669 -2622257
94638 -560523
486837 4002622
-3621559 1668339
-3361939 2630901
5049470 10443079
4099548 2789506
-9352605 4144036
-2795767 6476706
5633670 3668046
-1094055 4527664
3515034 -8600596
-1070329 -817178
-5583775 6909898
-415487 -1543337
-3906173 -1703788
-4067322 2717459
1914989 -6481743
-4119080 -1447256
-10261795 -1713365
1382592 4923814
3050397 -2929337
-4012594 -4002113
-7491182 -3627095
-1636372 191791
3806034 4494407
7117605 -2231676
-6605030 1773822
-1413922 -1186792
-782344 -2782627
-6518074 -4497469
2360699 -4715901
-4277780 -366938
-6451603 3066792
3637 -1477068
-1123578 -119421
-2713905 6258182
-3674127 -1654476
1022750 984127
-4111826 5712301
-5959475 -5388592
-2964480 4775392
2065602 2770467
-3077331 3370541
1720464 -9977063
-5329540 8228165
-5869467 -4785908
-41049 -1306924
-734505 -4851975
-60909 -6789616
-1785736 8686125
3305349 3708373
6463429 11877
30611 936226
3454461 8986909
-5049354 1485516
-5669965 -2062239
473563 -5443130
9344812 -2296997
-2831158 -5729156
4884446 2099312
1868670 -4374026
-4312200 3019638
-2912490 -2203350
1721962 -9077227
7935261 4015367
-530274 -6986682
121400 4262610
1365 1323677
2008704 1114503
-1083780 -847253
-6694787 1524624
-402007 3143104
-655950 -4114108
-6385188 8795762
2289381 -1943856
1338272 9013362
717952 -167211
2433434 4401472
-2527711 1874801
3468584 -6346264
3012872 6574085
-87520 -2648642
-5379964 -1450834
-410525 -2338230
1900994 3520839
10552608 -4411339
-1258621 3888349
-1030515 -1981727
4071247 -2463411
3757548 4324082
5019260 6131461
-966851 3969387
5450428 3410796
680560 1108261
-485931 -2765578
-4933542 -439893
1446818 6199015
-750782 3013367
-5383427 397274
300454 2599447
-925482 -1047679
276550 -2147459
-1239983 5882895
10185500 1759593
2414335 -2329134
4500034 8402321
6242380 -341690
-2158862 -4482975
93428 -10596075
3916670 7881635
-41298 -75723
283090 10392138
-2513150 -1448360
-563310 3004576
-1836137 1761353
4810598 -1876398
5606074 -2110284
3032258 -12413712
-5736947 -1449472
-7232570 3215144
1377198 -3743808
-1562070 -3189856
-5034197 1452282
595109 -5182026
-4092138 -5768122
-183517 4893260
8462717 7007465
4284937 -827720
-1165657 3359744
1614109 -988191
-1438526 895971
-2975151 -158004
965226 1634782
4561274 2061227
3466987 -6599355
-2379081 4189593
-237630 -622013
1032648 -5412476
483614 4863771
6974569 1331771
-7246550 4279882
-4834421 6628392
1320700 151791
-986379 -1662676
-10478601 -2750515
8966793 -2634341
-4185020 -1008743
-1505958 -845166
647709 -5288494
3741697 -3709106
-4193207 -1694132
-4322692 7330649
-45023 349938
1941631 -6406597
7818178 97636
-8470151 9414627
436025 -7708746
1236837 4731234
7832864 4748136
-2578838 4062971
1931872 -1627345
1153191 351193
-3491110 4657353
-602103 -2242339
3558938 4204331
1831636 6358749
-2438854 7232181
2021311 1531670
-423482 117638
8205818 -2836784
-846340 -1981532
-816264 -5993224
-1829600 257791
-2259969 497470
-6282884 -3487256
4267147 -12265
-5214560 -4646787
905970 4483637
3631196 6011597
-2381287 -2896799
-4337141 1102366
-2933654 3435351
-5747876 3379018
3361704 3293923
-221113 -3870685
-4553874 -1935174
-5471299 5715529
-2973813 -4456481
7871617 -10035163
-3875845 -3293215
4142754 -1762010
-1211209 6242441
5141417 -2762422
5361022 -5392464
11170442 -37272
4386852 -2581744
5287019 3242970
3374285 4552601
-5933020 -83067
-4538281 107205
-7817611 4682969
312321 4725754
-6408625 -9106231
-3369112 2393563
-3168721 -963596
319694 -1467478
-1345774 -5092379
3804160 -3202824
-946055 1747002
-382886 -12889064
5269324 2604989
3656818 752501
-994113 3649945
2284596 -52039
1472873 -4631383
8844336 -1577986
-611716 5473606
-364387 -6066130
3978082 3098928
3597535 5619642
7348940 -2351027
3885370 5949034
2141589 -2667553
4937529 6009732
-1279341 -3545678
-2431695 1455063
-7805434 -5268840
6062279 1967374
-1792674 5025224
5895707 -5678610
-2401426 3073323
-1690607 7199725
7947180 1395970
-7619172 1178229
1698947 4274885
-2453832 9174458
1689222 -3422550
521411 686068
4340501 -2055171
94675 -382320
-6172074 -159207
5356011 3288816
706800 2747360
-4629640 -1865079
-461247 -4270280
9935258 -4159965
-5854366 2386819
1205331 5999996
-2137974 1959237
-3872766 -1383059
-4521199 435408
-123236 -2237709
-4009777 -552850
3885140 864192
-384640 2186223
3033722 1528303
-3995113 -1799695
-1843857 -1520135
160680 5145480
-3986008 -3957945
1614742 -3991738
4727605 -2345406
-2753203 -4079244
-1630432 1912954
6540472 303764
-5833245 -10013457
-5572860 -4052314
2524759 2543710
-4080398 -9730510
-2932404 1329166
3029122 -1784702
-2728449 283038
7855978 9782762
3371187 -2396370
41573 2798072
-2991179 -5084653
1492470 -7015830
-1173008 -1873011
-8730139 -1272593
6945228 1718277
4964652 1624192
3537635 3118936
-5444440 2751136
5763464 2584599
-1966941 974720
3785884 -713371
-3016702 -1856254
1321835 9394868
-3948504 544785
4828852 2268910
-3432152 2373823
1710329 395187
7116747 -3388875
-2479275 -7063730
-9304321 3933718
-6798031 2353699
-3006611 1953757
-7623624 -5889972
7006141 4540677
-310467 -1402879
-3008200 -3118732
4523002 3367686
889816 1308042
-2371772 -164625
8571774 1369182
-1824078 4278118
-1528487 1108119
3916171 -572680
6594585 3676236
-3770375 -2620244
6740033 3817091
105830 -2864628
-2254266 -2686901
-1320628 1718212
4507179 -4180143
845201 -174747
-2626049 -3625836
-379358 1723891
1847264 1472990
446626 2750013
-1995285 -7714345
7382448 6397012
1399411 -3904186
1714962 -6289864
3782236 3643302
4589967 1839043
5271555 1201161
-193020 5380860
-417816 -1046044
3938754 -759895
3936411 -530354
-549292 3433411
5921771 -5494670
-6542693 3712365
4817429 1889115
-1712298 -969437
-174246 721603
2573621 -905250
-7108898 -2656328
7270347 27948
-2675040 -6994397
948929 -1145252
4064398 1836006
20347 -9825167
-5088235 -602774
5485767 -3363064
-657405 673887
361668 3151983
2610483 -723079
393728 7548696
-3824462 -1697744
6109067 -4557568
-5927508 -818316
-44973 -2057455
6467300 -1386078
1565956 2832442
-1159105 5939419
3762918 2649194
920767 -111063
-2490018 -4251541
1582913 -565856
-179202 237640
3112394 -3411466
2021049 578928
2297554 376530
-2753633 4447881
4111932 -501187
2846971 -628253
3139106 -5796660
-1141296 1542852
5946090 -7183531
-4896996 -4768989
6778668 693358
124081 3161132
347017 2334182
6832505 6916896
1050332 -2338554
-5921668 -3809972
-2336627 3527347
2381633 -84242
717947 -4256576
-6498026 10391366
3138409 1404286
-2726723 970468
-10367308 -640943
81580 -1408229
7259849 5532053
-517823 -8108156
2666633 1023729
-545836 -4079675
4723209 9218185
291105 -350996
-3455577 -650265
-298101 2492648
-792923 2508476
-3600859 -5976705
-5540594 -544271
-4347646 -225678
-396585 -1624916
4401424 449622
808642 -5985601
5776844 5426466
-2919316 -2936617
-6835529 -3993771
1296801 -343501
2858865 2376678
-5309113 -2167882
4923572 -1868591
-13381417 5499088
-2760600 -1418065
1113699 -9488312
-13109480 821262
-5726309 5354300
7388541 -5932560
-2026834 -7096230
-1550700 3820547
-1520268 -733497
-5005367 -4972719
2313884 483563
2652935 -6510349
3896706 1600744
-144654 579577
4472129 -1511278
4137049 -5562686
295549 -124711
-2009026 -2882693
-2264909 3442225
244378 1693960
-5001326 4157405
-1634608 577655
4109833 5264363
-4392570 -60947
-2529559 2118184
1171989 -703684
-2591676 328480
-3042231 2508719
-5168321 921809
1272886 2380902
7610847 701980
2347998 -2509736
1297601 9887513
6352575 2233038
4654720 -2204830
-1367968 3051876
2979246 -3382081
8239127 5723935
2779428 10196959
-3220467 -5898882
-144541 -3698197
4726614 3789409
1475231 205873
-889755 -1765537
-3022936 -5978138
-1082716 -6075041
-2380996 -2116866
5338853 -2218441
3080561 -6644811
12007375 -3818338
3152728 -1593102
-3614134 -2442110
-1911788 -3731356
-455070 1288140
9358572 323864
8450352 -562824
6541814 7426897
-7868284 5115999
10237320 2917583
-495494 -3347113
-4934171 2686197
4608371 -5116407
1390168 308029
-1193823 -5969747
-3785878 3681415
4425094 -2336
-1551730 9122614
-1685056 -5557302
-2013842 -1823621
45524 8826796
-5559949 2058529
4818601 340018
639761 4596056
182251 -6418529
-825170 12904282
3597635 -2012248
-1267522 -8235232
-8195721 -1800752
3247198 4099442
519413 1153985
-1165689 1315604
2053896 944840
-831675 -2130697
-5625961 -5445119
-498061 2651749
-3892070 -296609
4461646 -891555
-3007236 1966155
917447 1156625
-4833968 3708827
-297042 3502666
-1901584 -1713950
-7656607 -1286185
4431486 -4416713
2929494 -2352836
3335142 -252169
6218259 -1711245
-576528 -1864201
3349415 5402807
-4323042 -6488651
-7500726 -2357
-1643320 -652772
-6141031 -7166511
-1519190 -1757679
7981319 -992326
5265175 270616
5443095 6605302
-2457341 -736441
5243989 -140746
-4703982 548447
-3941393 -4855355
-2966093 -181367
-1124292 2182061
-4938513 -548308
-1900198 -12026006
2774203 354140
2714950 2888134
54556 5266422
-66718 2503326
2823743 5929398
743878 3317391
-7322520 -413308
-4603054 -5455525
-4823944 -486285
4861953 -2063632
3383000 2022141
3017717 -1314631
-2287860 -5184342
-4695502 1869357
1119030 3357086
-5530615 -5753855
1311821 -3398806
5660881 -3614170
-2126554 -3059315
2721784 3469552
1947975 3028662
-4538740 -2115083
4667988 -611324
4139066 -1377139
4182355 -4968219
-5033094 607130
-3479584 4897216
-5855093 1511998
3958466 4166747
1174809 372401
-9661962 1222876
5169907 -1423468
4662456 -6313169
-1405922 7210301
-3911285 -2696164
-6213798 216045
87569 5234087
725834 -806180
-4383547 6206846
4265099 -5562773
-4642365 -2331196
626849 1981819
5288058 -2960722
-4017844 3423251
8924265 6304883
439325 606487
-5095531 5215175
2053628 -2408302
8042169 -5028902
-8758618 7752933
2854472 1776552
-4619739 3375838
-449958 2004348
966758 -1491460
-1404075 -4024033
-260004 3710881
-2742531 2319405
-2265399 -1105071
528125 6294438
-1303075 -10678455
210101 -1452826
-9913029 3632926
-8295814 -2073300
129650 2149015
-3576499 1839714
1030559 -4696186
-4029203 177896
9836621 1237088
2743086 -1542686
5986960 -5906630
7683839 1833663
1027574 8166805
3796587 -1958134
1786258 1770454
-5414672 -2268724
3197731 464120
-2196606 -286353
991541 3283893
-4747372 -2901377
5704184 -1174002
5678 -4130585
317443 3479367
4439390 -3009026
3104342 2684324
3194027 -2186086
-2759560 6791974
-6957279 691709
97600 365516
1893398 -2828904
-2720745 479164
-3328 -3675713
-5050375 -204260
-1712017 -4959396
7377191 1884613
-2049492 -2797323
-1839329 3177120
-2568703 -2982318
-2875124 4015034
-120385 2003757
4043643 3612093
-4188305 -442025
-8808920 1750980
1020047 5286187
278196 -4053470
8027213 2596197
-4489143 967349
-2801645 -6800476
3162338 -7943998
-4006935 2238577
1917422 -5050725
-345472 11244890
-3015030 -3949097
3237540 2700601
-6769536 -8688118
-4816127 3284850
-1316693 -316967
-7712057 -7395005
-6953214 -3984244
2481582 -8855905
-6731984 -1182227
-754564 -1059254
-3608032 1189244
-3113338 1042591
3568513 -3608179
886008 3401656
4987111 -649280
2425252 505619
-579480 -2171387
-7957516 144137
-5832180 -1583490
-1992657 -2358529
12794212 -1195011
737102 -790094
-6761379 -2856681
2180399 -860871
7705108 3459501
630939 6732675
1026552 -4567006
-1820015 -231944
1045970 -476389
3804053 -2956089
1831288 4395423
-1599803 -1362406
2250206 5133974
776957 838230
