-450738 392436
-149115 862246
216560 174534
272534 -677076
1357191 -53095
-7257 207050
84977 -52408
70706 -443278
-415454 -339831
-434167 -413271
-303204 -171863
-7020 98759
2355 -213878
-52717 -840210
-1149076 85389
-922937 415598
-41123 -378266
85847 -1167110
676852 321240
117315 54253
-190851 94681
-620421 -850539
-591460 -127631
468422 -545272
-1131804 1118738
-539460 -270201
852456 898625
120313 -649833
458545 -15496
3656 -706406
137585 -106301
-355859 426312
144234 193036
328005 -497275
539098 249208
-466026 78158
429934 67068
-1007422 -303492
161951 -912
-118380 205449
-117405 -238788
87982 -36069
34769 141161
-264122 -736116
412339 -74316
-167279 -194280
402803 147295
360780 -373754
-366816 -1205813
-921214 -679158
-778307 160430
-324204 -116363
-466099 33660
414261 207107
97026 258513
-822179 775539
921540 -1035441
-272270 -97561
276050 876640
-396180 -280680
-248823 -234089
706672 414547
-95629 189139
218344 -66905
277312 -313943
-72690 -633677
-9126 422992
478669 -116400
-232263 -35322
-563433 844981
86279 88084
-310085 -234112
-11609 255172
197726 105945
550523 139745
-218807 51763
-588723 458379
308259 278442
-396630 244434
-404898 366241
-347428 547403
-41942 474442
224369 81594
122071 164459
-661794 -235487
206784 2695
-47483 -1125010
777094 183221
-183636 1063560
-782139 327721
-698380 -148296
-746096 22150
-449966 -158578
-448470 197872
51992 80626
-356006 -636279
47623 -287129
767073 -636825
305421 1010804
-776521 -594967
-496620 292986
261869 33569
-50992 769189
341301 -216290
-932240 -65980
-88023 304902
-439886 153266
621730 870322
-205303 197903
-446292 962396
-80243 -815474
918611 -10755
-191198 -815820
-147809 -438317
-1683256 -125107
-434757 467768
598890 199675
-170656 435359
184503 -80741
643201 -762033
1097600 -672959
831607 194735
173337 216764
-526180 -168196
-183036 -520923
-119658 589617
586711 -717354
251762 222171
-174779 -354421
-750185 417971
-316781 726906
-927640 176478
-755978 180806
697159 1029002
362040 734932
31805 611142
-174243 12131
-690948 -801515
-1425898 -224720
1151226 -30364
11254 -291084
409833 -195587
647308 -251419
985078 -465402
246097 935725
-351204 -437333
917528 -80428
31963 726574
472920 -484392
157896 698912
-403799 438517
7760 -139833
-651968 -961063
564447 239075
307984 1192362
485572 300938
-235123 456331
325367 -575045
-780645 265949
-790658 -385280
327576 -596231
-290567 -709148
211153 -477930
811474 97476
-84980 382736
-354373 862813
-863497 281532
-24716 1900759
575398 703625
445452 107037
442362 -163134
339407 158041
923968 324583
-225491 -1070112
132836 -603468
337820 -333492
-562760 -913404
185815 -1008595
454379 -45532
557624 153740
-352321 362145
-868319 34416
-899360 506183
870395 370706
381092 -817178
-257082 312082
642531 434813
1170614 -1191447
118045 125355
407345 345804
-168858 169846
-109901 505768
-1421247 -152485
-919534 -1215638
300215 -144128
653830 -20690
517439 -125926
-81946 -124492
952010 -189019
-508585 404221
23559 -179620
15298 -1781056
842605 339478
-116655 475213
793384 -114066
254961 -215743
-499330 416947
-13412 -343382
223578 -373277
-406098 -1537145
260182 -1382294
-95803 -378696
191965 -674538
-260006 536489
-511209 524079
407744 114265
-558224 624038
-294205 247395
-16814 796557
23721 -822462
-800308 967696
-193422 -116310
255996 -1040202
-181206 -1005997
-629948 -567617
-1116482 602037
247966 -239923
-594507 -1069039
-812836 -294737
-215282 305072
91404 -1283614
-55732 782670
-1213361 -114549
-808896 378044
-751119 401574
1144742 404773
-189753 441281
-1268970 823495
761416 -10614
-370745 551316
-303868 -425606
-685326 -541515
1006904 455843
255100 -187361
265349 665793
351579 986434
194091 552821
200736 -835320
727313 283669
522796 -203534
177738 -329638
698685 243570
-219310 -93064
-885884 -540354
64135 262582
117037 -148811
280375 28927
33471 -322038
-336352 -418963
192105 144843
662833 -623554
-197693 -675127
208020 -528795
-277362 -157668
379311 -233452
-460365 -345377
1095680 289962
-795254 -161473
-384116 -573040
-30892 248327
43862 219718
248112 -57077
-265990 464421
102042 55505
-262994 -7843
97408 -328610
210913 245208
-253411 -215853
811938 -539123
-413350 -439242
-342520 -164438
-838722 226303
-681835 -744769
-210808 -491908
368061 -474774
-247343 624660
649423 -802203
-1159130 -876577
-229927 428255
-87680 -687538
-252823 1052722
-999224 -633903
902285 880875
373069 -397594
-383946 918455
314402 -706256
-935117 -137097
386891 -883230
657906 1002492
-167885 -106210
-217931 565594
379842 -644819
-351852 691695
-557885 -227135
-753557 79636
699324 -342910
-587481 179079
-138271 -61137
-459910 339068
-140028 825336
-7708 -401774
178376 -783506
-88545 -150476
518689 -101007
212739 -93874
-556116 563624
538404 -767081
318882 381877
-19048 -194589
-55638 618492
319794 866413
753473 257812
-91566 -1023729
996594 -308601
-357831 -443542
-269550 40515
-160026 -452708
-1012948 424780
-434614 -865424
65239 -181948
841919 570089
805827 -203421
127959 4969
60843 -388441
-1043825 -124627
191759 241786
-538529 -395309
378622 -69297
-974902 376809
-143345 -413254
85606 -413546
344371 -223174
-368682 141495
-842193 332922
-342193 -634867
146659 -1031926
-246123 -88609
283654 -81687
-906 132807
78040 24965
-235962 -244389
-349354 -706768
-841150 725751
-197062 681865
-478194 282411
-1011977 -134938
-99764 627910
-150153 106162
-548874 -386905
-449887 -913505
890664 -241085
-136777 -122787
217383 620344
-390202 -307520
199747 -64389
405139 -622789
-443220 249758
346484 -1023300
-360129 287093
-66031 -438658
384456 -224288
-189691 777681
279720 -244379
91221 -486469
-700646 951670
117075 -740846
1002906 222607
375041 -255904
-298007 247386
255681 917005
-441159 -270835
-435519 -6718
-643509 -825900
-155984 208775
169211 165243
-1099358 -546415
-779106 401621
-156337 -501069
-501741 357884
409251 -147168
-545875 -540543
331172 539131
-29426 117382
1033913 -437994
42143 -273853
472906 136172
-126838 -201510
-239606 -176154
-471649 19095
469253 -788557
596533 192107
78678 -229890
375463 -457426
-512901 1080311
169184 -344091
-334395 -285768
420078 908605
96670 -391473
-276072 -196861
-1078567 -742592
134034 449868
675161 62634
486931 817640
335557 24876
-956416 799203
419028 767840
346145 101211
-391781 125271
492298 317831
98351 43515
14753 370234
570742 227674
-402318 124968
-150302 -671313
-762386 -766060
-1352131 724703
-835592 -219207
136930 276570
210731 600812
-836102 337315
233954 -849681
95753 96188
-450697 -215039
-206607 -539540
-280434 -895665
-491407 235662
-472101 41679
-207672 304008
-1119400 1016756
-335018 -120608
166168 315816
-174051 192403
49312 149249
-370479 1066446
210284 278858
-144399 -840804
-826748 -556069
-207261 1585833
-350637 -582406
-421685 -110688
955852 -8407
-30770 425330
856632 102306
-492713 -560682
-346003 1385515
-171223 -134380
681599 502033
172741 -42333
-439313 -250591
311649 -195994
-132764 609927
285924 553708
175672 212442
276677 -433197
-1025508 -67399
-621680 -200221
631942 -78625
156075 662303
-109843 -633310
18980 432060
573782 -202211
-42234 198972
104749 124061
-221504 692431
655145 975790
-496336 148249
395324 -963860
-765247 973252
325724 -21157
-392420 -197619
144949 1210343
153957 -364076
82434 445180
690801 -389975
-174823 -764227
-383134 143579
472948 281925
-43311 438252
278958 54384
52446 472374
840569 -518481
299466 846583
-361364 -808185
409315 262539
275648 43398
-342805 -66092
530196 147819
92149 407492
-89881 -646698
633991 810410
396870 359512
106380 -286082
493718 -209933
-9155 -263284
-597052 -150593
-954381 28871
1002501 380101
-851122 438258
-3196 -820009
101509 -886797
110631 -317535
81321 -70994
68478 -164859
-133884 -85693
-404267 -635415
-387817 -946307
126815 632826
-176299 -513104
375196 -1103989
629133 487209
-94155 -353092
-638929 281764
372678 -651116
532696 159103
173887 -193288
280388 -78128
126127 979328
340643 -76092
508884 440266
-521232 -455363
-545440 -600095
-259957 396370
655173 246309
408055 231937
-847518 984931
-130402 501373
-41132 -1236021
815769 -478864
146830 -330126
773351 63693
135912 -697520
296950 -197065
-550055 379440
726217 -729575
-290553 79679
392009 1264670
391352 -200814
355640 -636449
260886 -715447
5780 470853
440747 -269573
-369096 -357406
390539 18322
-1035926 390698
-303459 445437
482954 -311000
237824 -39675
159868 -771360
304000 1297179
368015 41253
446061 19246
847882 19205
-1109346 -594832
-955161 1023350
-1225496 183074
-111451 -763668
-474934 376240
164306 -949303
-129624 -330160
742590 -297369
-56940 568277
-15826 -551278
-100585 84871
-105358 -471512
751278 -11332
-54081 314396
-495385 932476
-148668 -9145
224680 168064
324541 -239955
-942326 -171846
247303 -105280
-583654 -289395
110170 -18226
199897 -972206
-216895 -55037
196928 -1324456
169430 409692
390409 -51454
-592852 286025
306437 -306769
73502 -392647
-594221 460685
-64054 -204704
-502560 -1103531
357407 -364878
-173368 -739226
-7253 -968393
-163647 -857908
-266155 -123094
-132675 238504
187326 -71580
844079 371806
-767418 -234821
-415938 -681825
-416797 -21819
435095 163794
-227354 -581278
-16981 292791
-298894 -640634
-274593 -443566
708530 808357
-473321 -25208
-538203 541266
-572630 -240820
44398 447299
610024 295372
-645689 554641
1179906 297890
851013 225158
-102281 627102
-203828 -190012
76208 402150
508761 -205811
389662 272254
558077 733655
-95235 -40791
302044 523610
803593 513762
335196 1217967
425025 -198105
447594 801951
-130521 146060
-826967 -224703
-66263 -704900
1053487 472124
130584 717599
708665 -401634
-375984 361694
-8305 607343
1642638 -1758730
-286903 275512
-16268 442288
-271842 -293196
-1020530 -33977
-589054 85033
406080 -282152
430301 -69714
-303265 953771
-886899 787061
70505 471472
-1054494 -1203302
-843152 -227861
-540011 212553
-583343 338916
-254485 40047
595131 -131366
402281 -419842
-363014 1006086
903032 690725
30419 -983226
-1219125 -846004
101402 141678
51590 -729692
47539 112114
-349138 544391
-616375 -333187
-189486 416980
378813 557318
-455592 -1697541
108057 -449523
-890371 304811
-142517 -407184
-878105 -29837
-473384 224035
-19964 -151061
-275144 272790
-799708 -983284
367918 -302102
315381 346747
-680668 105776
956285 559490
-579992 438719
-596992 397372
-804550 -164584
-477083 -110076
-335139 -944091
-249099 -131494
-152283 166552
505540 326016
-222549 613843
127881 99073
412502 759139
299126 -322688
184717 -386557
933808 106657
-111625 -527016
616445 567715
229463 -87959
574314 -503287
192246 149384
984310 -913758
-499342 -341797
-1145049 -555789
679494 -115154
518362 -269414
-517600 488233
-1123389 276081
1184174 -286811
-503980 -455627
342737 584109
403795 -133562
194720 -586768
272325 -424386
-273374 285099
-1084382 23510
-511323 -153213
501303 -1275428
305801 474371
306293 -47394
-508378 227916
-235726 -75984
-36504 -1345649
-554415 -462465
-243951 77611
497012 -344355
903116 709808
713613 -522470
-1425331 666396
734134 738426
514689 -518791
-242390 -93763
-845072 472506
719447 -789019
-164772 165955
-351729 -560673
1214528 11868
760808 48722
-259449 579239
551889 71590
-391773 930403
710968 -267811
1453620 1116005
102512 45755
61462 478792
-284418 -941570
-753819 69080
-682658 -383938
308792 -58832
-511410 529793
-862882 -89854
297762 355423
-913332 275796
-480557 38966
-858649 -588550
228798 -364633
657330 -104969
371224 374200
-380837 307141
274546 -297305
-889295 -1169913
80224 165619
377573 1042148
-173108 510432
-866109 -252193
-786325 426222
289859 -434782
511276 138153
1581392 15872
1090335 482545
363237 529585
-160769 -164864
-480198 360733
488950 -511916
-521583 -1246402
341550 -23913
-419492 364564
-663426 -459816
401389 -100906
391909 946166
-963365 486128
-335786 -1008158
973654 -946423
61795 -202652
-379508 -563828
823233 -106050
-643526 -1314737
460972 981622
108375 593831
183119 -498670
57525 904597
-631340 889322
-225078 -659347
-576352 -1068127
229678 -1011827
-450679 1294382
567122 -43222
-853269 -66357
-593221 202855
-492656 136196
-354808 -459537
-22843 231649
666267 680952
980855 -291625
-490294 -432752
283522 -551828
-87847 93884
-49192 -496604
-128272 -467947
-472647 -600668
13200 -697480
512686 849575
255586 1261467
-1271874 -519693
1022768 102647
308407 -185506
-223584 -359954
-370795 -300452
-59849 -693562
166868 193273
131019 -367340
-268862 121500
-296424 -201723
512624 307522
645399 379046
155727 -389421
625995 509983
-410674 272761
170983 677759
-15405 -102402
321917 -373729
-480471 73504
747552 509624
-680671 -159662
575504 186022
447304 -371252
1163463 -294620
-106229 329235
289576 -79674
235575 70751
611233 -271437
111542 374871
-111529 371746
307371 265666
-54421 -231534
-152282 35021
369966 -779681
-330456 -131332
-295984 -4950
-1362169 -446950
-564505 207514
-129238 576120
-134007 590862
-977209 272648
362941 400024
-366467 -556935
120466 307749
-421457 161491
-289789 -42245
338872 -563306
-549892 95993
85496 353340
-715561 823992
789208 284262
-432313 1013833
112215 5828
66934 -72910
-415191 -377705
155159 378924
-93148 195683
746603 -611406
602766 -792911
-232059 -293228
129498 -69050
-534816 -393008
422867 -448388
-70653 1246203
-54463 -513338
-893786 -171209
853482 -381458
82589 799191
472454 40604
69922 154296
-234185 105096
-844696 284832
-281326 -192116
-339941 -1235384
201036 -761286
-905976 -539576
-327864 -641419
-39764 -758003
-560175 897314
1051858 563355
325950 -857800
-204790 -419684
-211359 -603833
511152 817895
250680 -486833
393963 -857557
1229351 209512
220444 -300289
441044 65379
390180 606994
-421492 790176
-403081 452677
-288338 -849348
-176901 -111219
-368723 -93204
-155236 469455
-42634 -678784
-661571 771006
451903 62699
53001 -521840
346951 301886
-272931 268485
-85262 -471507
-970332 -510277
492297 -146270
1084838 692523
-364719 -1130555
236409 -942548
-218153 -905521
319763 352558
626773 -1641101
254794 -321189
95764 -830437
31092 169018
680082 250215
-901773 -30795
339283 997007
-796612 634994
166898 -329984
284235 -536304
414474 1488926
113050 145597
-90267 -468254
922570 -707410
-247872 42235
374926 -75658
258815 -207281
204444 -511693
156066 681175
411968 -385097
-105443 841019
130955 -657807
1073038 502634
-379310 425003
332464 -1283945
206819 348116
290730 -441821
358315 -431198
-638 -934400
-148143 1100292
-25173 321489
81011 -676107
-1294824 617756
-673640 254259
-210987 720691
-399837 410668
-643691 707128
-113081 -640516
-125808 -101607
-866818 -1456320
-895852 -501309
-1235401 -287816
657906 36076
177983 -82213
544380 736727
896559 221326
-362431 781910
-392200 -305421
-889992 78847
483943 781720
-181246 -718616
369047 903923
-254035 -390612
796170 68449
432404 -193776
700006 -612154
-310689 56581
706555 -386382
-186543 -631707
216917 856397
267892 -624831
-305903 1144539
-390834 102378
230627 -293952
-672865 -337036
1083504 -150831
674102 -108891
-441939 625089
486164 -307674
-297612 608327
575414 -519266
-1608745 -607098
-10137 63363
323395 93918
-102294 -606351
568708 119078
-321272 -306398
-635487 -477135
-609138 640098
1268467 -500875
560180 69585
-559831 516438
-456876 904831
-47604 -102905
714617 184507
-467346 33534
-475644 369021
-425662 -449205
-1094804 -106800
-682855 185358
285789 813698
249009 384954
-1999 -206929
-261289 -270880
-590387 488078
-5645 -371703
442156 -226808
-389985 1087455
-40191 662358
-423330 -64414
-737389 -297752
770984 -426675
-864166 -706922
-179688 197224
542061 636276
209892 -1632663
-912784 -123754
-397042 442198
-59162 257484
858913 -212973
-397122 510759
-237055 -310177
-904680 -491855
-110331 -84541
330003 -213175
40982 135168
-505056 -297998
-233561 -437912
320736 -297269
-1007834 398361
1234170 -110228
-125477 -273701
-620997 804808
-579699 36429
420292 -492231
26277 -481703
154227 -107816
456093 -125718
4433 647034
-68762 -115678
-139597 -8801
-1374130 807434
2739 1285041
-186432 -325695
-177169 1209527
100564 -493037
15052 -685506
-791451 1046333
-308282 -208429
73504 131734
586992 715235
-904778 236493
114384 390286
-455492 290958
576890 233088
-841501 119632
381840 71856
-3159 325343
223457 239839
543874 -2129
350799 -196543
-538480 -259551
-954127 -80254
170446 -768727
-629311 -128042
139098 -381000
-556014 -326693
-45670 590139
-1021414 -463791
326779 -307763
-141816 429656
822876 197668
28824 -141901
-565922 -366779
1116536 800006
-419138 95261
-325930 -86115
-302179 -110663
-456817 110786
262695 -405284
295012 -516968
210596 40797
404330 112489
-892910 -31935
243105 -352599
-540043 -527228
-288411 329254
-2006 -507213
-207512 121042
467455 -504213
302036 -440651
-984056 -416376
-164432 364084
337630 -112051
469160 -250650
-163549 623338
298920 514411
-359751 387244
59968 55756
-563706 -727860
397748 -666161
-622543 899238
71978 742568
-195541 229470
-199932 359558
176757 -270726
-240624 -191091
-336288 -915669
185001 -340776
105469 485446
458964 -309130
287491 -392376
-102743 -304053
863233 631642
373452 293576
749375 398644
248745 -734098
-181388 -227130
309066 318582
-545866 -550927
543103 -555518
-683929 758433
-443814 288455
-505687 -72897
500040 1078780
-1049834 -915577
-593416 1202511
-43497 -207436
365813 13172
-779923 -825305
459422 -475965
-349056 -409431
-787851 229988
-363067 619865
90502 87278
32663 -376071
-661348 123703
330389 -477031
486791 872619
201914 -1088543
428979 1451348
106289 706757
670313 -138441
72223 -594219
-188304 596804
-133674 -340451
-496063 327675
56550 -245109
149123 -264996
800970 -24075
-2096 -17749
718890 180982
269984 -314124
273173 736776
347792 -29846
698566 183482
-728726 137043
156659 -166143
-727918 -119031
-464192 458635
-1401462 -631165
-286 -625842
549699 -619290
-205353 36541
390193 1100164
215899 -71674
-209181 -489524
-829238 -457270
410049 -179501
336736 -79753
1233368 -487129
-141809 1378848
1311737 -1216662
502344 460374
520731 661846
192240 -210785
-628656 -167642
648102 243263
345034 117150
1076147 180827
944612 -5713
-215927 -1143219
74577 -266929
1175979 191547
898847 -304663
106170 6308
-426057 329122
-152140 -66138
108761 -119178
496837 -109176
-548324 921645
267565 7757
-580657 768118
-32962 -107512
-2751 636662
78028 -693097
179817 -606329
797664 423226
237718 -163706
260724 240633
477954 628162
222160 362262
-574174 359060
55262 -250655
154761 -45448
843949 -196578
-308750 327046
-557158 -394264
-610793 -42119
-127433 -227005
-67578 1038164
-695391 367719
-400911 685076
-933298 225019
-588448 671985
517218 435553
891174 -139548
-516680 472371
-610267 -248496
-332411 160102
-760308 124003
-225386 -819739
-185788 1301120
-289857 -1057025
132790 -170391
-56193 -169227
-459064 -902517
-930486 -637110
527230 839589
-910276 -324875
271053 648457
-263676 -645059
-1016713 424590
-672776 127498
-161153 472785
698737 38297
-554350 -261325
268288 224769
145101 1156096
-63281 -375556
467236 -22625
-689102 42262
384102 -206056
-207042 832257
-199468 -574896
20189 -288715
-63077 -101229
-706708 356363
-39254 -359407
132975 -282875
26235 518716
10315 751982
-706461 519533
616440 -206016
-442151 -650783
685387 401067
-555783 283292
-910466 -430686
1350017 -765683
-504444 -676910
-994641 264564
-572327 558681
698594 101407
196614 -564798
102271 5637
339587 -486311
288682 682408
-278392 83133
352949 27839
-163152 -174559
-290638 258847
406940 331210
89478 -131638
64006 -479161
-385030 -56843
-500353 -458216
118522 62842
1043690 -1095597
144498 -447789
326301 -556620
30992 127803
-127599 92751
-936904 -26102
-890509 55021
-51188 284932
109735 308559
261902 31744
-854205 -748495
57236 -129155
-127350 510941
6337 400260
359400 -196007
95814 299912
1489678 102308
-1209236 -324958
655280 -397991
53450 590985
-1125832 159172
74089 338866
-395508 208306
70963 -469079
-740898 -66597
-848286 -108441
42692 -593074
113013 990291
-127454 -46254
122529 545413
610033 -609057
-20413 283884
-441925 93330
972538 -166986
-691069 -232173
-294799 77127
97322 -420396
428218 279577
1417580 119880
-548489 385069
-873433 -468601
38770 -159232
-482810 -619105
693260 271636
-714865 203980
-158235 -416621
639862 -530042
740643 -304963
378415 315350
347277 715001
-93368 776087
893013 361993
250596 -181497
582622 128085
-225679 192937
60878 -45190
-66849 182153
-579577 467229
635771 642736
1135319 200732
-183195 -558601
49433 -8133
170157 480794
347821 102058
301830 435377
1052182 -826738
814984 -100860
436531 567611
790608 -153666
-329502 551632
1291454 -292997
628272 104029
420040 -204621
193978 454632
-718180 -400535
-64180 -850083
341489 383449
-350207 -198665
-579643 -492389
1542469 -561051
618307 -1032590
202340 -624446
152613 32864
-230975 51476
416601 131080
855816 -185698
662250 -157027
62085 29680
844052 -207986
-111096 -1529516
291026 -245503
-359650 -31765
559888 941215
430551 292571
-70145 -217244
-243277 1281236
-299966 -463507
437971 -1106460
-195016 -303365
706110 232134
199997 128690
-226645 395876
-484153 -215663
-858432 129826
660325 259592
304358 381519
-67422 187107
-395302 -569012
-487066 141373
-1290594 548469
-591086 -980651
-219417 -335714
230307 102993
-368263 304252
-209707 152968
112007 629807
714572 837868
-128728 167805
-22271 137660
-130876 -290487
276546 -82566
448941 388587
342113 -110394
1573827 118376
571060 -47789
-696040 212174
-193716 -1638105
-187555 -307590
437760 45927
592698 687943
81800 315804
-780346 788890
13643 -818835
-57037 -556364
-237047 -535184
446880 -381694
743282 -19630
-387286 -387750
425629 -453319
-1212755 222616
-669914 683569
161323 567503
481714 -926123
367454 -21304
-261461 -4615
-331850 178473
-213701 -384355
-131850 426534
-68977 -1009860
-88771 -227866
283276 1066187
274259 -688
639602 -1274242
-170922 -389794
933079 331057
-1293046 192426
-367700 687810
260002 115495
132668 -149703
853958 899896
-458232 -946897
8851 -326616
56647 -287823
1092549 -294923
-205476 -467534
336941 -268005
596435 623998
24981 -468275
727199 970650
-133100 572677
338593 559464
389616 689135
-373331 -853789
-92510 168967
-561640 -381025
-165781 238704
-101665 -941466
-1000048 381753
261740 79259
345522 -276208
368595 -218315
503909 412260
320461 -120643
-89567 -131023
1398233 -247633
-520847 -363609
474900 -724633
-339839 -386633
415533 -608217
-42359 57004
310314 -4882
540090 690166
-1244070 97218
-53662 -109045
-598534 -249222
419006 374024
-577881 -867490
-1453206 1569238
-663120 -78446
83583 726284
258155 380570
-148536 688329
-193885 567456
-341574 444773
-633352 655324
-1499168 727103
-440661 703999
-148237 -758990
254314 -23340
-553382 -331909
284720 -640186
297659 673427
-340063 -1345588
809212 -498566
-1364240 122869
-170039 329715
283418 214453
652001 1078605
559292 292
831049 -525695
-370756 285835
166641 133863
637083 -525321
532665 -1364437
75765 -128009
96188 -289621
-722626 -364231
369145 280729
-407915 -171214
-452515 -208543
-509258 73257
-545636 -474937
220322 363002
47429 204535
166875 -64312
-488456 -910108
-392293 151344
-109882 736748
21915 -177443
-17191 142540
173137 -731142
588441 173134
-647757 174864
641839 216740
32341 -473360
777445 -422674
-178875 3648
-203386 -104701
314055 325206
-1027940 357184
598302 -387524
795405 -60873
-250775 -230658
-218582 -1292917
-175679 176972
-11975 -849957
-244044 201144
-294308 -89439
-873398 -374342
450188 -136151
845671 149573
643900 1116880
-510982 54152
-643043 1002351
-192567 744937
116769 -317315
-297638 -91427
-472680 335898
-975430 444013
-201145 373876
-251117 -267447
-216054 -306708
-109268 623025
940418 142400
-610872 970511
118013 299347
-354355 -549606
-652241 -595329
-1123456 -245750
-294180 -929
161635 258637
44054 -34806
-413683 -152413
-491810 -37834
-344111 31776
48577 287518
-163920 565550
-669404 920809
-231860 425267
346305 -660657
449357 223228
-319350 754641
-150726 1231112
337196 766986
779648 -267233
9140 197122
418030 -477385
-189224 395197
495592 36180
89741 421803
272782 -41027
-988413 -160771
-640451 -110674
-385795 -497006
-699269 89446
-188940 1095023
38674 -204067
-147184 -867765
-155639 -608281
-258767 477503
-144370 131764
95496 41484
-602308 494573
234705 127543
-690646 -967734
-72443 -328030
325198 -706070
-413710 508561
-203379 -302633
-629464 596548
-305948 -300335
-143946 -4446
622341 88246
121420 541367
-157018 524601
278758 -764374
227404 415936
-59007 174204
189827 165733
623043 -632699
620033 1245454
-321178 -751079
349945 34022
-329907 139792
-118739 -571158
568714 330945
-151737 -209492
-169666 689701
-276923 423252
861676 -289204
-610012 220961
918830 112673
-650474 -87714
201955 639914
185204 418671
-283119 -346811
-664526 420592
519150 -19070
-835542 -434570
-452423 90175
-885562 1582992
-574260 1126263
357043 227507
176850 -260437
-255555 589717
26469 126437
322064 339187
188127 943046
365488 -314636
140097 543727
-305078 318582
124744 15985
-31840 -588705
502779 513945
-34401 1633
98911 -215335
-441968 325550
-529029 -370661
161651 -212129
357140 -549576
19779 311576
482408 377796
-888964 -38281
-25988 625786
-404788 649004
-313782 100541
258460 714501
287833 484094
460356 -114654
-20609 -617160
-852058 486901
-608103 254682
360156 -591186
-350617 -145718
-121403 -247710
136 313611
521290 -606894
-99355 188448
-255451 89585
-765906 167657
-456798 -264641
-556940 -4906
89098 -72929
-284012 233593
-213602 -123442
-880608 -59033
-343816 -778223
-657134 -47577
-412897 -251321
1067797 -355735
481263 -707214
-26292 -486288
727684 -749792
442560 -326092
-256785 -1184762
380717 220998
378874 602191
49475 -165395
-47580 473491
94723 16824
78287 501143
-175792 614704
-130856 286401
-330446 -1299512
-189087 667271
970082 -316184
-426996 353538
-88664 276470
36834 112805
53047 416158
419005 -91533
-163526 -359037
195098 675223
-1099601 551453
-121653 125739
-106455 523728
370457 624116
697157 -1159864
-79174 887718
967078 360832
417124 388796
-503916 -284297
29002 550408
-208113 219179
-281435 635600
-1114020 -356419
-61697 308834
-879205 293709
23243 -411489
-114481 -765279
-731096 473971
-167631 630300
-524794 434270
1001800 185540
-425369 -972912
-101658 1525774
1307676 643174
155279 1111192
-541765 -738443
-326858 928486
-152886 236613
77869 -651477
-279975 -105602
341953 -406473
190054 988684
802372 150413
320359 -343929
379906 -134264
314490 -209031
-79808 568022
-1044514 642630
-877526 384308
-175927 -552864
-374503 79664
560887 -259994
-378570 284576
783482 361669
-208232 240580
399468 -768661
543294 -22379
1559109 50696
-56151 -527993
-833019 442955
439854 -391548
948255 134097
757530 -815800
-1472698 383730
35983 -249141
-799361 307458
-153713 279410
492952 458518
413806 53929
48444 363678
-171496 69875
36177 863785
234581 -664701
-935779 316663
-499030 379310
437879 309608
-149868 481839
-96098 432825
-286295 1104178
-729278 -240645
-548840 56781
403985 -268912
-447417 582397
418589 1039701
258035 -447731
458912 -286651
442083 747556
409015 430770
-520249 -25396
17663 -235705
-717034 -123644
-59777 -16678
25621 -659210
-87672 -386326
-932454 -259901
539244 -158523
-101383 696764
-632999 17311
-455955 -505745
-553353 -69360
400882 209260
-38212 171995
-832297 130050
-840942 -208903
-1100528 457123
790347 974316
108111 -757741
55674 348637
-470429 523423
-375580 -78992
273640 -751689
502797 -323496
-77552 1233977
-384508 249171
-655372 1019709
-513323 534589
-984763 -112294
-472032 -268008
688412 637424
-1052167 -723344
-171930 166174
-253087 374044
927160 486066
194527 -836053
-154412 944808
-856744 -659859
-460474 172438
334427 -651473
187915 333092
-79493 178246
-893740 107633
-807567 403923
-67496 152648
51649 90069
-447753 424486
15129 446752
114045 100302
199593 -612569
-526639 -1026463
-737434 -148165
-173233 1293523
-927063 788014
-135493 374388
310606 27363
731361 997980
362709 -861632
-698926 178669
-1025516 -197841
-880459 -171292
580991 -28531
535199 -141357
-496541 -1118955
214330 -605460
-261505 -118641
1007081 533513
-292075 513053
-404172 -223842
-144993 474381
-61637 -624041
-247765 -384953
81299 281813
217785 -576619
282111 436480
-536510 136161
-569654 -93763
982690 114553
289602 875852
-73174 -72290
-680578 -242246
295463 1348
-497280 -377726
-148820 70605
-968605 -908732
-306155 803021
812632 -997350
400474 360236
577492 -6108
512306 -945740
-693145 204677
-50925 -590662
-999228 453474
652355 617740
-297466 -211871
186112 -876416
169935 -362187
212314 554972
949889 -538953
-269719 280856
228615 -12025
60247 88446
96786 -88471
296475 367075
-207239 -128116
-1241817 -804287
-147012 -83650
-429254 215244
-1049344 -198573
-124405 768814
-636087 -167815
-180008 499057
44041 -868250
607822 522968
813861 -40262
541291 14289
238883 -510814
-176298 -336670
101439 -304668
-366027 37091
396878 -196414
34431 -203412
211745 -331125
-773895 -660428
-292731 36522
-249062 -11712
-220841 -141217
723903 243399
207696 89018
-241145 -162171
1163548 669036
2944 110034
-35768 -42710
-1269236 24992
211588 412119
-432350 592036
-523834 -439573
-338081 1070518
-305731 368488
77713 -1574827
211016 -802949
-410209 -481099
-424200 598583
-730046 -832650
-116750 348667
-744697 210735
122146 103446
-526030 73815
-131645 -178461
629307 43046
-590873 592189
118557 515236
250000 719376
639820 -156536
-916337 -279926
183897 -365693
-107905 -957639
-341540 -320035
-80248 -301049
138157 -728682
-44598 163388
-272443 -63789
737327 -661882
224467 -433048
-897999 -291317
-235246 835247
-77988 -735393
68395 138110
692157 -103105
1076044 222137
-611507 386837
11520 -325873
-46496 -709611
1146690 124222
-7767 235574
751723 -982410
1218118 -551000
-710980 89079
562943 -373863
547323 -250457
228707 -279437
406630 -517927
206574 -38266
680783 -284601
-16213 534216
601446 39603
84754 768702
553343 292834
354136 -301814
-150835 -333524
-324289 1308719
-334921 15124
-271874 143767
278942 -16070
155094 859031
-352270 231234
9443 111321
204725 1292932
204635 -94525
940020 144109
-69928 -319988
-894837 1009581
170596 1100190
146198 -392917
-390560 675139
-212723 -968056
55413 -203593
-519403 -899204
1018670 -103237
280938 156318
888828 733912
1251007 -314455
431112 48498
-347331 251977
-71540 -171190
200380 -393034
-37279 691924
-218551 139757
-602280 298651
-148607 -559168
592493 242285
629116 56607
351549 578875
-474871 264463
290961 -81399
-296643 13685
569422 -268725
26472 22046
-822381 -1160496
485052 782208
-168933 110178
247750 -221519
-411277 -960776
1192128 674007
-277099 267212
-251001 -122552
31979 -584579
-379185 658145
493841 334425
-683407 248364
-277954 -933319
541094 -108458
-5283 131168
-333096 -375361
466757 -7117
-1051818 179088
186180 95351
323947 -668980
-138532 410423
-408165 -730744
-102831 -348263
312060 -1085929
-68817 -500250
44248 -1001350
-480020 -198903
80558 -907818
-615694 -727066
-247096 424307
432883 64
-578853 621947
276069 41060
29842 554512
-274925 -495917
315349 189291
-352716 -20961
-305272 394802
-193457 15263
-625149 -737929
252149 -120112
803747 -117143
11411 -135137
-50666 361139
-342180 808897
353802 1123417
-301612 -125982
-238111 -945970
930403 -91733
173155 962127
362748 -512904
516743 269108
284233 577064
-546393 -170210
176583 -622208
923788 1064493
-94840 -963623
99091 -20724
844269 -339
-556723 -816091
314156 664972
-552137 -361047
346780 198702
282302 379520
558947 -1157048
-409529 -254099
277304 -1152723
-457410 -425991
-489201 -1104137
592796 -300428
-200849 213493
-950017 -275658
-574115 -573474
-261699 81068
-536535 153370
-489183 -272790
-185648 874190
237274 720137
980503 123578
1215575 557084
-620302 630935
-688022 -343749
512475 753901
-738419 322787
79722 -186118
720736 691557
260302 -547306
-621114 708453
418548 -447705
-1014958 126766
-99464 -283588
-893745 821028
-390171 -669493
255847 -177037
-401070 -339638
225227 -64078
-1057551 -329378
-5363 -390821
-868446 -355598
-141608 -253596
-434879 490227
425651 -1009336
-341111 383749
-132919 -367170
239744 111691
296209 59918
-950298 -166035
-597879 -275915
311271 320701
-209616 721426
-785212 245726
-847347 990219
496459 -1841415
-42962 -414571
-380651 236729
-151650 -315196
508707 -324884
-37168 236685
-235011 -258998
-344511 -314430
316458 -144339
-469570 141518
653625 -885253
23113 -492480
-24683 558484
-697990 1383
73433 691835
-128665 705343
535929 432663
-20014 -21052
-533302 843288
-582051 -622631
-727895 -459752
-373592 244804
6541 880585
-128943 76502
108361 -69994
499124 -99015
-511801 316220
-475797 -146595
-27501 -557643
10175 -155475
-406929 -495147
-349993 600152
369417 295221
6927 -309534
75443 -138333
-44159 -367353
211364 599840
-36991 -383260
-455062 432408
897393 275849
-390245 689438
-41499 459256
-988197 396214
-654995 -544143
628884 71531
-233337 784808
-378548 -769705
416863 748401
393681 -386924
-62805 -327811
267441 68953
-39783 -487484
389150 423474
-646188 618190
-24168 -1265652
690555 -199535
-133335 814728
-93010 947358
815424 -79813
1189786 286518
-103650 -256848
-129716 107172
-465804 -472295
-1034878 295189
174581 -55027
-725352 206118
591492 327615
104045 -343442
-882144 460968
375344 -868330
1124259 -101168
296159 -567948
169570 -322308
-373485 163508
834629 -384540
430126 37752
-745980 328336
-296474 -434475
-129076 91800
-572093 270470
-362817 -679397
-918282 -126190
-308853 18600
-119289 357472
528575 -71012
4848 -847103
-441799 698612
-792061 69961
246799 502917
-23934 -290780
1126613 -160543
222649 183492
557891 -72321
708595 -303326
-864605 207644
429585 1053210
590663 594247
494074 -231952
-642732 199082
-134292 -345803
771979 1041789
-751489 107809
-320324 -783534
-342987 250181
-527237 -351498
407729 719516
-101250 -267471
967633 551743
72802 -551078
368244 -14176
310035 -292555
-694411 -474174
191161 229309
88589 290799
-388636 239170
461432 480543
78401 -719362
168966 -184156
374581 -566928
-1124611 72287
104144 165220
198290 539542
-152826 136978
-173023 815808
54124 10492
613249 -206218
1017825 573236
-1254737 237154
-38706 33220
541392 -523843
582341 -302966
648727 -205707
-125205 -966027
-104695 191229
637512 -302231
-131702 -195434
71825 138182
-301785 156282
-656668 196701
-745023 -576230
-278841 -1521
-506744 -72271
-392512 342601
40778 32354
-293898 592116
584747 -177611
599611 -79938
-196758 427790
-18974 -306423
15423 126269
268787 105473
-662019 972588
-816783 90472
139874 -227439
313906 -954081
-804155 378510
-1004862 693501
-328800 -89549
1257205 -105045
181012 -479800
512732 1044435
818518 316111
-271923 445668
-23829 -366014
168872 -131119
242692 428082
-224672 -277152
-1004515 -1134723
389994 208000
-560675 -114994
-143274 -159833
-585707 108306
161056 793047
-992034 -674091
265336 717674
78292 193842
-176760 -85072
701384 252601
275620 267024
-571754 593492
-13090 452416
-1348159 -222355
-1033894 138025
824591 -634986
576222 -274799
-477448 -810878
-319538 78775
607605 -64743
72962 -164636
-737831 55568
-391181 284673
-543397 1017828
-111627 754587
299088 385124
604420 771877
-147191 1583891
-549101 -819720
120309 941706
-681784 -458104
580684 -370479
353406 -984915
-275791 -1111023
-265853 -1043981
179093 357487
-70582 -169621
101458 -361966
1062585 -136857
464464 -386493
489990 -624104
679497 203738
31182 -120674
409634 401735
973621 107080
12789 526129
185264 -292895
-283039 804846
313442 671780
-900129 399597
19373 440767
-454834 270221
703669 -1018247
-173438 -470087
-387084 -541633
403674 -918063
-943577 -134236
440136 389097
-682838 -207536
720247 -217772
61322 -456327
-23704 751385
-18362 -132452
-887963 368505
-388542 643131
-121764 435861
-177043 201894
1240652 827907
415204 202715
-967248 -26312
486933 -776720
458782 732955
144080 701578
-638013 198595
378962 1019070
401366 263862
-166469 132995
464487 -213667
-664423 413813
-45070 329516
-477959 423668
597906 1055981
354640 -673293
507110 472676
137825 349771
481426 -172174
364752 -357687
-32412 604013
-183541 601837
-453004 71953
462525 462351
722569 -559215
-529484 332091
161961 451548
145785 -312774
682862 -84434
1244735 -201035
-1001942 213641
546376 193348
826086 -754500
-24460 -239860
50368 -948575
-375152 673134
443171 -257597
-36923 -189361
-419903 481280
275033 -443380
-937674 -81345
-396307 -20600
-115898 173793
856597 -326929
103268 241224
-1099996 138557
969 -308395
-95139 -599448
-50862 116620
-704958 273910
-1014605 -571539
26835 -421648
1368910 -32593
870937 -222434
-376760 561286
250218 344712
429802 -25676
-168327 36291
320311 -783277
462708 460066
431923 -369755
-63529 -67120
-750820 -154615
-194494 411322
-997258 -67973
-117850 428067
-25471 782760
-312182 -1162845
-127545 527712
380867 235819
-140166 -854550
162003 -210674
76386 752084
178885 -714630
-125204 -382825
1185401 185886
-152562 -83452
378688 520670
-605408 428729
-340358 -719757
1112203 377105
-1507245 637542
184562 952987
282382 582206
785375 641800
127146 -134620
-351997 402563
-481302 -308007
-551393 -439553
-256530 -617755
1105090 303969
-1113162 361756
125541 95644
1019299 -415568
275439 246413
1002117 -637364
-884071 1358564
-322462 -54453
-61340 -428248
-1031403 -433974
644884 -86914
889196 -307245
1309170 -450082
-79688 -142067
-184963 532636
23927 537164
-612225 -919832
-374959 -46949
228426 -259442
354637 499221
-717135 1227451
-108951 -441283
462744 502627
540035 44086
-666796 -111382
450727 -556528
112367 406420
624042 -161303
-797598 -858468
-540534 334048
549646 -76124
-586140 -436155
-1010949 -406091
991135 728559
11972 393653
401404 -251797
742762 229991
-738075 756683
-254494 486233
-157163 57130
89438 121834
108804 730604
-179458 31766
165483 -638718
-520439 -1130464
705668 -326474
229557 -29461
792620 132168
784522 -1516976
-407929 -418889
194374 210096
-406982 538477
-1935251 53431
-1216636 -232092
-934505 -505381
-236353 -47825
508526 -886232
-144105 86065
-1189931 -555190
-565409 -644914
-331644 856126
1199970 299794
-166104 -152407
-1027261 -219057
677263 -536868
232482 -63163
349827 -304347
68462 -505216
424766 -1319591
36453 1194662
75966 228077
359943 -559003
342782 60483
277930 364284
-54747 -184760
747336 1199232
-540960 -954889
539138 -124308
-740816 -507734
-239506 -904197
123182 119262
513091 224436
144606 245557
94491 -174512
12092 431092
863087 -388867
-50941 -190683
-131949 -326254
281025 915553
521199 -504603
-1336241 211828
-944856 -564777
355866 185554
-28813 371033
-105787 460524
-51754 280252
225861 -1044178
608726 824358
155840 -135446
322704 174486
246131 469786
-19218 -59298
-828178 -561856
234850 -295766
478193 -203066
45503 5952
-370014 -351083
509244 -306926
319873 163671
-944692 -122907
-16465 -1148993
207191 960383
-583017 308618
212716 -245335
164733 -65812
-169662 465503
101911 -557491
13326 -114877
403829 -646321
639665 417079
239027 154114
-218564 -313939
-912404 -246338
-29310 -1341382
127776 -1143512
-493353 210322
-833570 -197902
168961 -1076561
-105242 -232501
-534592 115528
-64987 543509
-61396 -83926
150648 642352
-731051 -23348
-277499 397236
530394 -699889
5381 208514
1283209 -313330
-399400 -440833
-572418 63512
68412 631452
-143389 -124992
599024 -120321
1311421 -399618
-1140666 530649
285221 -127657
630953 -498024
-213336 968477
548496 467479
546004 -686890
288528 772141
-527693 430459
-670435 1026651
-565740 -318759
-721605 -339333
440613 69529
-555597 282833
-69501 272508
141690 -163809
552198 377222
-95709 1369899
9864 599787
211571 -590865
207157 97406
1076484 -418066
461835 190024
-681765 -31619
-548288 -577013
165711 668979
216601 -176852
487819 304304
-277700 590037
-15807 809930
-1069758 43699
63945 243719
644531 -1203286
830448 -632943
347361 1050991
-326445 -205858
-291921 -262866
469140 810780
305696 881231
288764 -40600
-565090 -392241
-222803 -116085
-528596 -371048
303125 -363420
195556 156329
78664 1038068
1054109 344419
-503922 353026
81993 1060846
139185 141548
-531509 -302277
564146 -60114
552625 643741
-12464 32931
93563 18783
233843 403170
-30910 -522252
56403 -30364
-2290 178846
-863734 118373
-140926 338683
482200 17417
324059 -197526
188915 1303882
-605283 -295162
30800 -489730
-11406 108405
119499 -433458
-230550 -663197
250600 -694809
-720647 646210
-55334 -561660
-448620 7181
250645 311159
657443 -948621
206235 562878
-63782 -638057
132726 -4800
-847484 737175
-367834 363826
905077 187572
-3906 -750024
-352840 -52082
71176 -552895
-229327 -442564
-317131 -54750
90745 408094
433044 -395127
-288523 -1467940
-1055648 395252
957795 321014
1618371 58070
447732 1072544
527332 770476
270796 23636
955782 -87875
-731171 -382342
950048 -42877
-321407 685656
24834 767117
997138 229053
-607555 258765
507886 197644
-1010722 358238
98374 300399
629852 308736
-1031636 -581794
402757 195268
222831 -411679
-823672 -371897
-148587 223557
1196200 4748
264899 207697
698900 -525508
780648 -1346319
-145270 432565
1436148 747189
-268731 -483588
547575 161174
266475 -128113
89039 541089
-23660 -442846
390103 404758
-1217193 -468469
375978 -342076
319220 508026
79889 22564
-254076 334021
-500915 -846196
-561433 583958
88803 58926
-122650 -101634
254894 -953836
-157543 -44046
14887 -255073
186901 332487
-547926 -311911
828860 -485122
23758 -1041065
793497 28201
553431 51745
-410413 -339836
824797 -199994
-63392 -753370
252559 397937
262943 307805
-59353 -531418
254899 -839522
128550 -381174
1292344 655169
903837 -350834
1110568 -116446
-1350062 220410
-66321 -294550
930018 225312
223622 622838
-1115049 247820
1219039 85049
475934 183696
845357 -415828
-690658 -1007708
-1069713 89395
296760 771242
-167360 347983
194447 611869
-133323 701491
-566767 320475
295091 -579687
-213737 -98207
-121131 456908
344595 710555
-929875 -225009
-5256 -372158
-643281 209681
-722056 -214828
-297283 726860
695770 -589670
154374 85222
339602 -491390
404868 282228
-244330 -978792
-194712 1284881
250773 187141
882741 -40645
960972 -324586
-233294 447986
15252 663299
56592 -341360
-460181 722795
382624 425779
627096 -89335
916222 529603
157099 685025
239635 -157271
-179002 -239597
387373 -286833
529121 -676325
-426054 -439288
-93833 804782
-34394 -474162
454541 690152
923120 631686
136564 893052
229442 -788911
326432 -169090
-465061 751050
226745 887867
275273 -163187
-133068 -244369
-410690 52376
107149 -149146
-40261 102640
546918 -491667
-28747 10721
728110 138806
642080 391517
-306760 -313143
905380 -214521
1361174 -90941
-50438 843776
-1017601 15930
-11461 587704
-94265 65426
311712 579003
89542 -439576
33443 -560380
-1009830 222318
109809 -526231
-1170667 -316820
-31081 227349
-336667 138488
-355672 327594
910867 176127
-1109709 164179
-520337 -783805
215868 582141
118465 514302
539223 -368497
126666 -242869
182207 74004
-528641 -1188722
705481 248227
-27978 -1041847
785216 155940
32289 456361
-110040 -120129
-234438 -215843
-283348 846385
461855 -303832
-143400 364785
210970 -510923
594438 860977
-167527 133476
-613025 -1512337
-563537 -785195
318141 -81978
350698 -31871
16280 694793
563156 182909
33123 677931
394865 -738987
513262 140394
-296157 -609039
-982356 -636788
360775 209508
175244 407350
93354 -131602
572993 -38298
-295319 -63233
-1026659 948582
-639594 73464
544685 340605
-389142 -671301
-352577 179113
-196823 223393
-21622 -454773
783873 -36212
-1129968 31935
-507625 1091305
-493996 -289670
-655149 -332621
168374 -827
298019 211890
172730 -687591
602201 207765
786182 640726
-276147 -96518
-449272 966848
659256 464344
-203802 393402
-1026119 619851
-558957 -933510
637172 -45431
149229 -1117238
-53319 730152
710054 153895
-654011 323303
364951 -862998
199864 -492622
685828 -181881
46691 108042
488849 61227
66752 437425
-90409 116441
-638746 307354
-193936 780454
312761 -199794
-956262 1366165
384183 182590
-607123 -74822
310117 260690
120888 545704
174040 -98253
-367345 -548529
607766 183953
-777279 366049
-189718 269678
934137 -125913
459193 -494781
165711 -890322
429802 392260
14382 158733
369253 130583
542934 159380
-855403 -1141115
-773288 -408134
-528842 68547
626749 -196079
244809 119935
-471064 -60969
-437262 -13297
-283515 474529
-680900 917656
716808 985671
-383871 42348
1944 -707087
-333070 -8318
865569 -49823
383175 237401
830411 -230933
-162835 37818
-309480 1067844
-751413 667635
290017 411375
-844261 -225681
704 433779
-256 -30015
-694234 806895
325931 -912760
-242034 -75561
-820590 -392399
-572549 -95696
228652 45289
-654356 703162
-571235 -435133
334550 953017
328745 712936
925605 819292
141341 -714436
474076 -295738
117483 344269
-82450 -57887
-827856 211102
520393 40342
-238271 -263659
216 554810
867888 8777
954103 248166
175493 -460258
-248807 1267468
-529285 -417159
-342503 -44044
306391 -815402
-156635 -14819
-39189 -123166
-72416 -20308
1048900 -774838
-167224 184617
-246494 -39206
-183038 622236
-679993 373500
456706 -60308
-659071 -161772
-78923 720362
510732 427309
408871 -41623
297452 -531624
-1015924 237025
9171 -58391
-129736 448023
140603 -878775
691880 -95136
-735282 46740
60914 31568
-162225 263986
-106826 -840978
66828 -251740
186643 905957
-636591 507817
-37462 293846
261932 -7983
-678617 1368266
657812 -177340
122566 -366379
-525140 483051
-858412 -413750
-642693 -514271
259851 310516
-54744 -531400
287952 -125729
-251613 -34503
537598 263293
-643612 -635788
-653361 -380946
-534329 1092914
76232 800907
-996889 5644
-52077 -415342
-32776 502139
-356480 579359
312852 -500578
-897219 -846845
-705224 -341301
271999 -481809
500565 -388801
242878 -1234320
-862406 -572444
-669575 -67994
391043 -113149
-1306915 309445
804974 -166922
-17239 192061
-21998 551062
230231 777245
-1086354 -300931
-182773 -450386
-103036 387103
-656898 -174907
449771 -404461
331457 37628
-117286 1165517
-567524 1548510
-243391 661958
419801 -406665
-114414 243885
953904 660967
518555 -704141
436192 679729
-1170929 841652
-28901 -534786
-162627 325093
31608 428927
-639810 -14232
-552942 130138
399822 -75551
-353456 -1066881
-127777 15390
505688 1204286
123501 -324504
-263434 -1602805
1154245 909
234116 -224726
-405287 -298073
212415 200062
-342693 -411990
-115611 -270341
101084 426183
343930 -522982
211541 552987
1194136 -779326
482446 655688
-653418 328344
-511738 26678
830695 -624237
760105 -323638
-142489 -64728
-175886 329190
-359409 911065
167869 588806
-584498 -515713
-747526 -236408
126331 -416380
-198865 604599
502568 523032
-644892 858752
-414504 161629
-314980 491728
-96764 -650227
916496 74643
-298426 972938
-310545 48044
836695 -826172
229807 -176655
-700662 -618698
172237 -277881
-412918 -1103563
205251 -221743
-173339 -20857
-542232 737888
-511059 -270330
-350914 -914208
-485161 53588
-259206 922856
397176 171615
-79915 282338
459036 239174
108216 -744466
-535048 -271958
-287747 254235
681871 -530691
255428 -987660
-663663 -179290
-72575 -233924
-736907 -447393
-644272 101754
175872 10788
355659 -11703
297758 -71782
-368664 -223461
-34648 451800
-207031 415526
-317215 -321527
265821 -201750
-253125 603030
15102 -230029
717646 -2033
245309 -543409
-530446 -551594
496619 -194480
-445299 -831220
-138738 687308
846645 423797
-560168 -702089
-174311 -224380
183401 -394766
-761373 -504804
245578 -626392
-564533 83568
-476714 -282387
802554 -969978
1024018 -692678
431188 -233582
-171366 676563
-185031 214640
340967 339721
-230440 -298937
1269609 456285
87845 854674
-373625 323168
461867 249922
-734286 -15810
-280733 54225
33279 913552
-1015035 -1248184
553617 87422
-741372 30637
-807360 -191943
165528 141128
725972 1118784
544225 -129080
62286 1089935
378699 -89926
2731 -1074419
-622822 -844969
-136375 69238
-269014 657221
589522 -223036
-725096 342268
379878 -433837
-798160 -345743
-1293870 88596
482937 -256225
354565 60932
142692 -599667
1340634 170362
702338 350172
177735 69333
-185170 723743
-300466 -528383
-194973 -869784
916185 -1198759
580815 324881
49282 26249
390641 -929031
-191001 -1016715
248978 -468493
-838916 94391
-240903 584015
-709283 -708105
-20027 683927
199754 -382004
418969 -1169353
472666 -652192
950055 186678
-25807 21856
-735277 -69652
-606903 -857561
233214 142537
1349845 511055
-42593 -597296
172003 235137
-1095839 -49790
283767 -101757
-1049685 262013
-755520 426267
226448 1165820
274744 329738
798772 -112638
743976 -231827
-125266 -849665
335324 -86675
-13332 315828
158283 -290091
141160 154573
-278491 -260191
236249 -865260
311465 341096
-1029314 -7723
148889 3865
-554662 -918982
-174577 -330873
1049408 663580
247591 480372
-458282 375070
359574 726995
143293 38630
-734989 -267824
-339834 473759
-1477257 -74324
826837 -684214
-471243 337620
457051 -326503
20888 188825
-1245038 1000291
232260 -504073
312774 563275
-504077 -318473
-36504 -485189
58963 -1023516
-386863 -252008
484152 -196269
278596 398804
-944476 507263
20273 -692954
-135132 264227
-382908 -41392
-411863 401989
596183 -857813
-106417 247438
-293268 239245
153500 282082
882055 -595321
75338 600907
295958 -477555
535491 -315864
432953 433116
1332691 -26512
-546252 -141215
266913 156498
-332383 520609
-697272 -450546
-725161 308458
476271 -450305
573644 -404652
147208 77156
-688544 -127740
626618 100784
-104005 36597
-603177 58142
235876 122037
409414 -301979
-212947 257482
465114 178881
-312213 -988034
-544077 147962
-115983 573845
396347 111114
213156 251638
80814 176042
-514524 -887393
99515 1069901
1020152 -162244
269966 678784
-771024 -305626
-1059991 957587
-343298 25181
-806279 -117053
726011 1226206
-65447 -399235
488619 -69405
-1290402 262619
1097603 -303014
-36048 15552
554309 -727915
511957 494358
-918125 52891
674128 110137
215660 -301829
-828049 -430105
249431 1472791
-142292 -1025298
277593 641739
538564 1205648
78035 -403243
-369351 -557452
-777785 449023
1072370 -46747
431614 557669
-487928 278057
-862904 236840
-96089 754321
15150 729073
-529788 633371
108565 415714
-438227 -334646
-500788 -895567
440475 -441072
246607 -533091
374991 -46018
397855 -385105
341342 -366299
-818572 -428838
-23397 -133816
-407023 127080
518508 919777
899537 -1346409
-829146 287060
632279 558349
1105662 -113774
-551983 296951
-867430 -178683
-299277 564396
865013 -419599
-163394 -646
236715 344612
-1183801 -638008
833439 671660
-1026077 -195825
1698 -123333
366854 131252
380121 -383873
60045 654972
611970 -1364719
-131390 462298
621279 1308461
-89299 549142
302032 117144
-94231 518433
632253 786998
21289 385295
-79035 159120
-407090 291707
1164378 50812
-115197 250715
-538121 383199
-737475 817227
67919 -408803
-210017 -110494
404612 88425
-687728 219129
21203 -304481
-171266 -698440
171079 -88716
-354314 -643482
-166009 749
852033 189153
-426973 615389
-86919 887875
331073 126067
468715 238973
-130781 -333913
931838 169169
200443 273532
-466896 123237
262091 -126365
771781 -327578
-23389 -666488
408949 492543
-170084 -595614
593568 347698
-368568 -585314
-494209 -147132
-269255 -959746
461148 -48618
125853 -170617
-450894 458407
171743 620816
437392 12598
3353 204013
570536 -354056
702555 -60920
529208 214098
-158618 -797000
-253323 -261710
-79163 -173017
156553 53997
-125428 818334
285480 -258722
-120492 -158871
406260 640619
1363092 464845
1138759 -864331
302437 469099
151228 -310500
-13618 -27627
80158 -424573
569699 383924
52264 238164
475296 -384912
144940 503956
651416 -565356
-262355 -265488
-286246 -50174
125375 -435644
418012 254756
532433 -129259
132577 235454
-162292 -45230
349642 -410313
93103 456396
-216403 -469492
-375771 -44811
403703 627957
40832 45165
-44234 287401
64773 309170
924786 839688
-283631 -176665
-532570 -572313
-259542 3825
232955 687701
576032 -621796
-268921 496830
-239183 97936
-602672 -640064
-732424 -581866
-578101 -432729
-649505 102221
-184491 -446464
-935266 197549
-448664 362589
-95532 216160
-328360 -216161
749428 -57959
896082 585637
161261 -314607
-115055 -162575
-420328 733700
7309 -307504
-256614 -644627
-161644 126195
-417 409767
44020 -410644
32955 206044
405581 -174131
402271 -74526
562863 662332
1056032 554863
9216 -127996
298861 -1078441
-12886 -647569
1018262 -424451
-177393 844408
-696486 -537471
-232046 -959417
507042 -312967
380747 91321
376804 -156872
-295201 126317
-64585 -493349
-32762 -330413
-49368 -818275
-268800 -59981
842377 380180
1014248 1072469
452134 441142
233246 -503195
480535 -860158
708250 290680
-610868 304781
730605 52174
1012302 -1010930
-201669 -841253
702688 274355
536389 391586
248773 -155721
-641341 -1293974
594686 -90607
-552824 420866
-273571 340333
371396 619037
-552142 382155
94593 38566
488775 144122
-444666 -227222
343981 -837187
52225 291226
-325296 -332349
210643 305795
84054 -612493
732637 617209
-173998 -74748
11701 -369984
242617 1025548
877699 248934
257192 -2192649
-141281 -373018
-520998 -377374
85243 478929
-383223 -1006461
544550 -354045
361275 -262144
-72427 -212854
-120116 -52112
-262503 252592
-289430 -350035
213552 -613727
-69199 -120109
749121 -530437
-163187 255417
388375 -387963
30989 8364
-89913 -409933
780675 707706
-650876 -178309
134748 -274945
-710567 -94819
-435590 -206345
-375400 -769373
-78027 139174
276182 -556262
480073 200140
817083 -269793
432100 479921
359941 -676243
-1175056 133058
-724312 -409195
73049 64678
323220 464952
-439201 307957
-402659 -1245159
802144 -746620
36095 -335988
-226848 -489262
-557154 550428
-168983 -183856
100508 613395
650405 222620
-672701 766728
12295 584780
-1137474 -154614
624815 433034
544352 300956
-23276 -125426
-305943 699820
485014 130474
-142844 732391
465072 -508008
-346836 4966
104970 -536930
-36524 -390630
166689 -15425
-423732 595600
521178 -663549
-135148 779416
-571449 -281856
-304624 -79932
-379412 317510
513584 -61897
-140268 -5056
-256507 -435556
-273010 1074982
-1561231 600029
-292922 94290
299864 -1328120
264892 -964662
1051761 -50050
-63635 611671
587751 370810
-12667 195900
-16689 -5493
151891 94674
-154714 -380721
-995 -68008
323082 -87585
-647532 191610
-216121 360309
-382880 -391421
-148588 424360
-419131 976992
22711 688901
537483 52140
463187 -105197
-318116 36769
-163158 -929208
428136 -1073103
-428395 -560738
-634054 837210
302074 -480919
-550738 320629
-876521 -6789
-970448 442918
-248918 -516340
-1342521 -650391
-1017819 -312936
-298580 741229
1104325 -846264
-283217 -983406
-1354833 -1065473
1062287 -106612
-830179 431941
-704043 -280514
-472355 -92534
-770442 -123524
258234 -61562
-139884 250669
11554 119946
116880 -202696
-207478 415651
245545 667173
-575795 -800322
-20761 -363213
-173330 -372334
-154281 -33759
-48262 122491
294321 -270336
24200 -157247
-86921 571385
700214 -972956
-260699 66630
-8060 766558
343845 -473803
-241563 -343608
197392 -85466
424806 542898
-1134953 -177714
-155547 -743395
868214 365802
-624190 20095
305612 533051
8882 335255
-742251 108646
-570668 109611
-265167 823467
230550 453959
-94355 -696141
-526945 247516
-196690 -491573
-975341 -395545
-569999 -20379
-467371 335985
828087 161530
960618 -568373
-781444 -134290
-196916 411430
627097 819276
-530034 219642
-732405 152311
-325806 -12911
-869510 -111332
-394776 -1549309
-523413 223580
519411 608792
-473194 -201769
196169 -365375
576578 60360
-54651 -123585
150119 700419
-882275 -470357
180200 -147871
-1013913 -121708
425025 257763
348869 -568795
-478872 -114413
762864 210640
-265040 423497
-117995 1407422
-169235 647976
-380702 47870
-915362 316658
260564 -320789
-374051 90226
230062 -373967
-219076 46396
-265147 521619
261027 -208389
-320251 -1316922
1036566 -441943
-163334 224943
868368 -397611
-1074006 -215157
-133885 65440
301922 135828
-499827 -191899
1060800 278005
1098678 148077
227321 1206309
-304946 758905
-1100628 -424128
632330 -272232
-479736 -1130435
584855 -213378
-525681 276572
-661293 771996
468617 -581683
900419 534304
284102 -225595
636214 -254949
77775 959808
221751 -113341
-153927 -226645
430073 693375
-65449 573081
211386 613165
445746 -159803
-173883 -773566
1107089 935861
-55195 1023076
-178580 -704852
-832999 179095
-146310 688999
-622033 627798
-284916 -143007
910270 517290
655734 -259295
49876 311418
-359707 -316156
-689849 -60040
565172 643138
-453591 419804
-616684 866912
-525151 51321
-32803 116205
229423 133162
132663 -216248
-616693 594045
-869990 -260257
-36992 832176
-1173715 -221287
-626803 1523717
634983 397656
178536 -208080
660866 -456238
491224 413178
-768534 515461
-876745 449761
846788 -159111
909855 281362
247328 577966
185568 286663
921762 192231
-67687 325125
-127856 -443255
-645715 137819
1201502 713621
-692985 689149
-818349 -593664
-691361 -832646
-75405 -759308
-233403 -315052
253979 410908
433709 1079059
-342735 -413374
456213 -1036763
-264931 -502614
-384154 -899428
-5321 974390
53838 -113814
579931 323854
-143271 -596062
-49438 419985
166995 -101575
102655 94133
764107 -48320
-251611 -111237
-10562 -325933
32686 -513928
945394 237677
177350 -793155
441282 528178
-162587 484039
-135721 -305959
1398728 39781
-150440 -178075
614820 515641
-28484 244938
378621 -472485
-165366 177798
-817926 -109141
-448571 304953
294971 533474
-180783 -361748
726950 -116173
300683 -40792
627339 988531
656224 337998
-683397 -445318
-296841 -364366
-367059 381440
-618726 -286416
-563987 232796
63450 -490715
-734384 -460661
352869 377966
-537153 247304
182930 298966
224498 -563926
623382 -598747
-156452 336595
-464980 347327
467251 -474451
633173 -196424
342414 532547
-249476 107497
255479 529992
-73829 -137988
-809312 -253945
-255563 -341605
-423120 -91064
357725 -426403
430001 482541
-856657 -624047
-587472 826627
8042 -255568
-170000 531741
915091 462325
-704576 481897
402470 55693
475745 -376421
42188 609771
806400 -58026
-189733 -230683
-450048 -662702
381024 213408
1147048 796829
-281858 183793
-782318 -382468
138694 90698
652222 588795
-1535798 285653
-151352 -559893
85437 342582
-328118 -772328
-82909 -568186
-254381 103700
-699589 -566602
292843 778698
374411 970596
525468 -477980
-819778 107611
-122170 -324007
-435941 -158576
57134 -124967
-178001 536903
94236 546446
-500813 323711
131242 630698
-141102 -717953
-672453 176399
-388155 -721436
-112619 -88997
-445603 -400274
-599161 -291287
17531 -141749
-396727 -122628
-785369 -385366
-58560 -481706
438802 -342964
-615522 701128
-1514940 -1016471
-352748 755530
-913347 -491789
-184562 121497
203262 -594185
124869 321357
3034 -69207
510010 60597
-610633 298936
-164594 452125
-976871 460329
386058 961504
424259 -664604
716237 -314225
704998 75152
475416 -37919
-309068 -372995
-574220 53504
-570490 107418
-658141 -633260
-618712 759824
883853 1016062
249702 -620061
-453534 572988
-964351 -558773
474532 347694
-372929 -880418
-204422 -234256
1485640 -40348
-834598 291958
-628655 708043
109985 -486786
-358071 803810
-179646 241780
920735 121472
-637451 -1206357
514093 558324
69840 -296458
317204 194977
-33840 -211936
493872 -819623
1221078 324555
366006 338042
-73679 -178482
439836 403142
111826 337578
581110 809760
-267318 -989541
262791 -1037979
773744 441212
-989035 -621743
-324848 226402
-62646 -124369
-541683 120981
162789 590541
254977 -1622946
-177149 -351671
-213701 -166201
571276 484339
-708600 431486
-530022 641379
367854 708053
-454809 182268
537572 253700
-14274 -10335
-92442 867547
-720836 687347
482842 -417944
-751598 390801
-1007015 -412066
461501 471283
167163 267922
-247132 281888
135596 -387682
90236 326773
-363445 -202511
134583 622619
-928282 -202057
174378 721165
249712 -320454
899302 29644
472462 -62060
271930 -325907
-644105 -25011
-111345 -455952
-61547 1007431
380817 -220755
225860 -421918
365093 364841
135842 92215
-200126 82757
-1611307 -64908
-57599 614589
73670 413979
-663074 -397898
-321288 91371
-347485 -299156
90082 263666
-659479 404751
-71026 -453704
-63998 36223
628333 91133
427817 -568250
698698 -592590
95229 -89402
-346269 717671
758556 65418
-639937 -483735
-352770 421372
-185604 -357017
315325 274269
225068 99324
397277 -112745
-484738 -146243
-278730 -700510
321886 1148976
-211197 -1252303
23516 -123575
-30354 15929
230704 653473
239747 -395875
-412378 262899
517108 -365918
-363987 824790
-108819 655311
520352 -580021
-45416 -363743
-30738 493957
330721 -454406
642238 1592183
-603640 -191584
-331747 43355
757735 490867
-109345 199034
-554605 -189535
-1001966 229175
-196819 -1047440
561867 -131897
177539 -418227
-775298 916459
-266210 678371
-301758 820612
-737523 95793
906191 -868382
828164 5751
-238880 -432383
-193889 -162388
-726596 -168269
821453 -796085
-60145 -244173
199966 563080
-907456 252098
1048141 -553916
-125950 -622792
-122602 -818917
429519 -609568
296397 157492
458300 -56231
-217247 332415
-396223 1130766
-1015459 -93387
-98744 13161
-106661 249596
-230733 -295702
621500 20417
104027 -899674
214902 151480
-457328 466400
309494 832792
528492 541667
-30833 514698
-641405 147550
586266 752046
-37123 125661
232021 -404749
-1353877 419523
-428860 -173736
-521351 130098
144623 -270883
185578 -293378
497248 -179853
-386440 1057451
-1073887 280830
1032340 666919
293540 791988
-190765 424646
208275 -291681
257827 -1167360
-205327 302436
520420 685116
199650 267370
-226016 -46540
-567971 129969
641959 -223698
-222948 -135559
-313297 -87521
-880220 -110900
578395 340378
-50037 -154967
128387 -576875
373432 -332913
-400267 -713353
-201558 -343575
321563 843
-618790 -243797
725652 -61249
-126859 335566
-883528 42751
-314081 28898
52109 109990
330828 -28847
-514716 246007
97879 -907496
-215597 500962
662511 -476820
-813139 150518
-703741 200688
-290888 -40372
406768 -406426
235056 236025
-182554 512340
558569 291634
-605136 8752
-749379 -848492
-601880 665805
-360052 904987
-154432 -460631
-14201 24377
