-4466752 -6411335
1086164 -8128
2467559 243015
-8447273 -4109041
-1059755 -1098557
7178929 -3587823
1515823 1509268
289434 6292885
-3687880 5387326
3878023 7196970
2246004 6010055
-306761 7079824
-305399 1063160
4971423 -1362143
3416141 2129100
3764896 -4126593
-8620874 2606977
-1991544 -104548
723082 4854209
-2983467 998346
-6110759 645979
-5680048 7401508
2984654 -37588
5924743 4408688
-90701 763172
-4281324 2162069
-6646141 84896
-6990981 -3843279
-1166845 4196059
-715073 -7870289
209924 -3349764
-6758605 998741
5241754 4902315
-11186755 3317888
3260424 9885823
-1880924 -244462
-1754873 -678276
-5920616 -6028926
467625 3268498
-3661958 -7024170
1056400 -1219045
-2548709 -5230768
5698374 -732503
-306442 -1633695
5329393 -6137932
3317249 -9776558
5802791 -6651775
4130118 -3982499
-11731254 5228668
2392517 -452827
-1382489 -4522294
-3251005 1579799
3094398 -5764110
510450 1253904
2154123 -2391567
778622 -2894517
1462504 -3200436
450987 -1403739
262241 4066093
-2116132 2710459
-5275764 -3022333
-4551257 553939
6665463 -4884614
1906205 11529
-8444722 -5767598
4462914 -4831424
-1932671 -1435578
-2413817 519526
-1010461 852830
-6034525 26492
130712 -4031994
-1081426 -3728748
-4631814 -99311
2363077 1281111
-594930 6850722
6742123 -6777227
4514535 5529337
377087 2350670
-2613688 2863258
593454 3192481
6775719 -1500998
1359902 994634
-5702894 1954726
-1338070 -1700691
-3125048 -3045750
1680871 1215536
-4780416 -6946243
-2078263 -754172
-5276380 1642132
106207 3479779
-5244283 1321464
-4103205 -2207151
932401 791951
1142604 -2035732
-3173099 -6492673
-1708660 -5196779
-1616333 1239959
-6060473 -9711994
-97644 7220326
-4670424 -10931
924001 1748266
6549011 4394745
-5940241 2435434
3966882 -1068519
2819051 11129486
-1445831 323570
-3151331 5117756
1447756 -1145421
-8128029 1905141
-2623117 1735188
6532912 -3976794
5955317 -4918249
2541184 -6735655
-664835 -638384
-3519520 2284157
1405937 -2783702
-1573160 -7745748
-4661108 -1680175
-2187750 -5292647
-5399505 6648858
-1111513 4709186
-4524867 7957323
-4202381 -4652757
-5030416 -694873
5372779 3470729
5903032 4935407
-2908460 -1375238
679787 -1186830
-5506206 -6409667
-2651060 -9370484
2199156 -662832
2047870 3584908
6290736 -2150102
8551426 -1001426
3263125 -5210954
-3687079 7260092
5908668 4997039
-39338 1530339
4516654 -7010994
6989652 -1359840
1506270 2962233
2376871 4277159
-2311962 -4613144
-1197337 3679240
4426054 944447
3329248 -407295
7639865 10567106
5858602 -5727539
202231 -8810302
6537000 7208796
2579743 47161
259968 5471536
-4851620 629725
-4760105 1426232
-8291395 4701229
-1096975 -2488206
-3413548 -6510103
6242863 7432898
-2246948 -3051471
1626627 -6475979
4862270 -2371696
3394787 -4215571
1528644 1030154
-602963 2330826
2222029 -19297
-432533 5292044
-1757559 -10207040
-4705289 -4542893
2063857 -3177593
-379025 1454221
182933 7376046
-1760012 5562074
3622219 -697529
-8279057 -333189
9466583 4191781
-2526701 -5714164
-6963807 -3865417
-1756750 5800310
-2099531 -1243586
-1417321 -3235588
-3253152 -1358720
-3598811 -4118629
-4397610 3427302
2942419 -205416
2532198 -3195070
-1166115 -55752
-6426005 2113481
1415211 2609003
1795291 -6325164
937337 -3944640
4916156 -2728632
5388803 1126836
1908851 8426603
-8124611 -702984
2631357 -7421257
-13911595 -1606152
864675 2366862
194810 -378390
2429391 -647757
4458665 -89295
-503901 -4651674
248566 -1300678
1479381 -8485052
-3486236 2765273
-658089 713259
1854300 1816767
-1688885 6175669
3683681 -6197414
-1570435 -1672751
-7796647 4084566
-166876 -3541452
9063587 116415
7775093 1791105
8694447 4873776
-2056841 3372332
6371225 -5460573
-6306568 9405928
-6518586 -5617032
-1846551 7586211
-8697065 5656637
1687526 3590963
5633489 -2829427
2171777 3890773
-1626949 2046780
-4253003 1565315
394637 -2145023
1668119 -4303926
6918350 -259760
-5626995 650696
4865651 173569
3125422 -7046771
-232828 -3799935
3145078 -7355072
-1028565 8823794
1535260 -3987609
-8853022 -519397
1324182 4796184
3803298 -1561245
-553256 -3856528
-6972392 -1430839
8941330 9254827
1545323 -1722276
4036245 -5476617
1228014 2269694
-6497243 4926043
-1302417 884355
710033 6528012
5867936 6986538
-1281861 7231450
176132 7691855
1688260 -6514871
4209178 642496
-6588023 1808258
996897 4490674
-3819188 2306516
1006468 -1852746
-981508 692217
-6678594 -9563166
1129887 -2092259
7468091 -3489691
-5734137 2411815
-868701 3991313
-10452033 -2849372
2935288 2290225
-5300665 713495
901531 3708637
4698775 57853
9549264 -973825
3067713 4551225
969421 -5153534
4915896 -537913
2705317 3381151
3055138 4774031
2382219 10005500
-151176 -3497721
-1081622 -9155219
1074664 -1901536
-8901454 6242973
-11291734 3975830
4194409 -2219863
-5593659 2945656
-637881 -5137332
-1484493 1359897
-2979331 -3335890
3387452 -1880085
4245225 -1407110
-6506094 4616224
3964684 -2942837
2564237 3728318
-1954135 -1215235
1737270 1941815
3015767 -7380003
9349522 6865829
-10862743 7952246
-5871135 3704125
3193446 5012973
-2425722 1378049
-75219 1597805
2867192 -6126875
2032255 -1886457
-1847447 3838576
2126308 -748577
1418967 3288941
2520012 -5251037
-952733 1522207
2065539 -4473786
-3495372 -6546403
18958 950948
-3755620 -4226262
896293 5674828
1411348 5658908
2630574 -27045
-1539484 -8021472
-3343342 1502636
4436267 54339
-10897630 -4216219
272059 6948483
5891368 5277353
-657985 4740386
-832457 6212046
2185226 -1373792
7446288 -190502
-1410007 2431614
-1441241 2221926
-7852905 3345530
9437529 4637338
835268 9268500
-893216 -5282862
-2948128 -645871
3502989 3541167
4634538 -134413
406405 7301440
735614 3027498
4839595 -1904981
-9159623 -644060
2691265 3791098
-4700471 -4056181
-1409171 2514121
-2355085 -3382366
6207304 -216199
4291398 -1721293
10319186 2722253
-748282 -2015472
3594286 -4232234
3411503 6014148
-2126609 1032337
597933 -1419282
-1027047 2244911
-4119504 -1053118
-815626 948068
-4735682 2533216
-8161531 6472344
4230849 5847339
-5847739 2896104
-2407788 -22913
4175638 -7623903
-7869759 1117989
342905 424492
-2378882 824739
-2853520 -2644252
4647680 1440181
-6460937 353499
-4378886 6853285
-2582475 -10514092
-6618893 -826237
3533217 26243
-10815066 3027280
-9179213 1002822
-1232432 -6853932
-293011 -4499531
853197 -14204467
-1311058 1906689
-1463827 2433847
3042157 -3061319
-6311392 -5559876
1618201 7941414
-376947 -103507
-477921 4985640
3201687 3845873
1633524 1000505
-4658508 -4146069
-5677794 2411024
-851316 -4788500
-346936 6168393
-1764098 1572865
1615010 -1768270
-6070670 -2937188
4629244 -2364976
-1327404 -6176220
2543258 5783732
-5253511 -5645066
-4831147 3164398
3765562 9718630
9168086 4756891
-1160776 1410426
924102 443257
-523707 -2912670
2668156 -623600
-2319627 -3024575
-10187836 -7156099
4897979 1987151
-317915 -2967150
4081722 2556481
2290341 -1538467
4310946 6378451
5743553 -758706
-1172246 4557956
2743696 4687738
842313 3398872
-1121447 -13763624
-4207139 5900334
235705 3326586
-4908542 -1922027
6958553 1722711
-7179097 3975284
-4555719 -3124228
-3930585 -3587762
-4472001 2147918
4772570 -3798800
-2548376 -1730254
3792245 2647843
1988220 2375976
3971769 -4649620
-6532131 -2705170
-23363 4022539
8524929 -2437830
-1174202 -1231437
-33517 -1365030
-910215 -1808571
23984 2009540
3890107 -4645786
7224318 -2939716
2631624 572821
460640 7169270
-899934 -4217593
360473 -1080002
-279589 -412142
2900367 2114116
7112925 5217496
5416032 -4661345
-6421993 4204206
-967574 6012131
-2489179 1950584
-6299561 2328356
-2103852 2028776
-496919 -1106172
7217104 988827
8004144 -8234893
-8089039 -1976077
-1457751 3045606
-7349043 767949
-2935783 -19244
-6371405 4805114
-822422 4377204
7472097 -281881
-6485047 -4049167
5102282 1459088
173754 -2293592
54257 63015
-1855020 -4695714
2987706 -3752717
861385 -3037211
-5316325 1935626
-6474200 -6364120
-6681910 847925
-576835 90884
-1167463 -651719
-6345106 8795275
519155 -2919686
1660445 1929216
13753323 -1563264
2407441 302921
-4620182 -4650932
3343522 -5585253
-4610844 -3674547
-8315791 1473996
5728880 1650781
2378164 1405782
-6541636 3141910
3718138 -729909
10905427 -4596268
-2233818 -5778015
-1259355 3594760
2119179 -1825841
6403796 -746836
-3833862 -3598218
-146079 -50110
-4238442 1129366
-4268433 7214779
5252238 4977984
3751012 -3200006
-2858824 -1246915
2336883 -2197599
-4406761 -3156704
-5057059 -5402359
-5997819 -597903
3367480 -1375941
1365690 3359825
-375468 2642547
9056848 9710515
-967934 757995
-1461139 5072000
-5423252 -842163
5365656 1023041
-4192569 -240947
2895564 -3673364
4798025 1609440
5851206 4875086
-4204777 -1014702
741104 -10481414
-1426038 -216002
-7162734 1165133
-718884 -390667
-1506159 -4003529
-9730235 5844042
-908460 -502350
-7668299 1523327
11987293 -965973
4736322 -904703
-643442 -8266757
3940985 -1792471
526788 -5343309
-4618200 -1339290
204786 2552769
-1591697 -359917
3804210 2015737
-121463 925848
-3675949 3681270
6854025 1294676
-1059544 2692014
4646031 476144
5423591 -366915
-4672486 -92804
4985173 2464503
5480951 -903665
-1989072 -5618918
-2616418 -6552651
-4137126 -6271890
-930266 1750403
-3582094 -1857167
6982031 2543234
-8157022 7592571
-7821293 4888211
4341138 6781659
269419 -1113229
3699274 -3241126
-1740482 -2549636
-2873126 3213667
3118866 -2999088
2906823 -2228024
1938757 -1172074
3061366 3320600
-273596 -4514790
2358701 -4149959
-2075541 1235556
8238984 -1373737
5262086 9264249
1487001 -7889434
-367217 6982670
-10646184 -3447586
8682837 -2242309
-5179416 2489579
-4259989 -1987601
4296738 1255746
1144592 2851699
-1418228 -1600119
3410798 3205866
-7602030 7756289
-572733 960366
9723835 -814991
-68254 1252001
2696925 2259180
4099467 -2244107
-282911 -10610031
3871285 1317553
545817 193825
-2347475 154789
6033930 8680677
2376425 844854
-3240404 2038733
-3104969 2502474
3156121 834688
8123608 -6995939
-3493800 966525
415013 4337465
-1732889 4160681
-2891587 6027158
4985333 2629396
3368391 4145665
2158789 -2192456
4633269 5777890
4565983 1843244
2302673 3002814
-6471510 189885
2968815 1877230
-1805761 -955289
4675779 216405
3978775 -5359304
-675604 -8177693
-3654158 -486087
-3287454 7808692
-4071135 -11720141
2196427 -2623311
80203 -7420859
-1182222 -2684577
-131818 1368583
-293697 -3927059
1913357 1046442
-2635927 1078728
5147116 -2634181
4687600 -2191536
3854913 -507475
-88081 5739969
-4307666 -4765917
-1422580 -82289
-3929570 5011338
-2360983 740379
-4008927 -5656345
-4669762 -2056515
1619803 4991652
-4536170 7261091
-2394214 509897
453591 -7052459
1762483 -5969824
-59420 -7578824
2911816 5530725
-6033474 -2528358
-6058223 1861096
205686 6517358
-5287502 2159621
-4006737 7261669
-5499471 9838753
466975 3756304
5184707 6397413
2838385 8536516
3855474 -994504
-4127881 -2523248
-5560804 2865902
-1523809 -10164025
172358 -2210603
549637 -3540392
-637084 -609186
-4133963 6214590
-3294757 -3112149
756339 -289905
6306640 -2297666
208660 -5906917
-2700261 2350050
-3822762 7494757
65673 3937537
10018149 -6557814
-1562012 -2374825
-2386659 -5001611
-810679 8180995
2579834 2628825
5632308 -2505704
-3807034 -767085
2379240 5456329
-9300497 -8254526
4606017 -3527924
92941 1511590
4606006 -2310440
2612215 2581318
1808455 -4032832
-6725810 3607548
-2103182 3132957
2749963 -564362
2500760 377028
-2231529 -821085
-3306791 2009001
-3024641 -1891150
2080546 3869389
-6853246 -1170639
3429747 2148434
-1931315 3823797
-1011431 2107356
-4629121 1418263
-6047134 3001772
-4824832 -1254447
6518003 6173114
-317161 -2143417
705971 -5500436
-3545143 2443728
1084707 9708176
2339875 10128188
94061 562158
-13556054 -5475399
-2672841 -3691082
-1584139 2257109
-9080448 -5141187
2841532 3852329
1876691 -7063677
4865184 5017867
-7825950 828247
-5163732 -7355953
-2738591 -1933498
754297 2847784
3543626 6211111
-3662423 -6936013
631469 2873070
-5508280 -3141746
127686 -1318071
-1532821 -734881
-358814 1851819
10608980 -6210257
-1870772 -2918345
1254850 -5618037
828723 -4917322
-3497354 6971230
645880 22179
-2488192 4845664
-806106 -2167280
4406851 4223401
-7395893 2615746
-6531929 2300051
2345286 -4639256
5363745 2136814
3968533 -3356707
-986532 -5381245
-5566499 -6622794
4755065 -1839737
-810091 1673722
-935619 3016402
1107612 -5651282
962615 1835914
1255318 -3268662
3303912 -2984175
-12962 -1248061
-3661811 3683816
-1789056 7105179
11120345 2624875
-256258 -1700991
151761 -5039627
-7370431 238998
-419662 234629
4824049 1934275
7282025 4272621
-1684891 -2524333
-3000778 -4483150
-2671740 -33627
-3381998 -478418
-6780384 -2547237
-989525 1832549
-7298703 -167810
-966135 48220
1157763 -1540900
-4146244 -9128905
-5334594 -4019511
-2949001 -84834
-4443124 -560016
1055969 -2280355
-3107666 6478834
-4999714 5432578
5428687 -5677161
-4003755 5945580
-852270 8118549
-2967078 -2979815
-1685684 2840541
-6359208 -7654722
-6810561 -412197
375982 3068655
8221671 -7355013
895991 5645348
-2824608 -1471403
-4031716 -837339
6014456 -527110
-5262590 3898341
8461347 -920350
-4432904 9022363
-1914303 4188537
3543947 -6975204
7002910 3423566
-431543 5871239
6878067 -3465669
-693682 -2008443
4952 2188895
5117586 3785070
-4161359 3930203
-2195618 5565468
-1182228 -7087762
1546258 5519966
3415630 10443491
4960949 3856705
-6318890 -7498275
4328673 3899409
-6877876 6979640
-7390228 3161243
-2474125 7170487
-8572135 5900930
4571455 5167669
1615241 7077639
-395811 4064281
-3650743 5213305
1481157 1556284
-1001679 -2187315
1093197 282903
-2257425 2224892
4303158 1657868
-1343713 5754288
-5939606 353613
-1170144 -1465884
-2860027 -3512859
6210801 -7275551
-626799 -3788149
-5947518 -132807
-4079558 -8461975
-617898 1181341
6466459 -2100805
80577 -10072827
-1925215 2411826
3240486 5470950
-679311 9397511
993770 1136221
-4513788 1922589
-109754 227968
1987338 4428082
-302484 4598534
-8499427 -208351
-7470168 4071203
-957205 -3668127
2970673 -2792436
4133998 2469061
-4970899 -1945534
1778876 2324940
8865442 -1065771
-5199836 -6846310
6418448 7711725
5083759 4314285
-6323179 4449286
-1004608 -294009
413908 3100561
-3255081 3510632
-2742939 3725869
-971534 -6386495
-6137311 2038934
-4803522 -1333129
448915 -7581080
187665 2257048
-1268858 -1497185
3994216 354183
-275119 3413540
5835681 3976502
1786850 -7714500
520644 6662457
2264924 4481735
522029 -2306992
4762830 -2685186
-1227156 887035
7422522 -7918801
3624668 7182616
-2393630 -759777
-185310 -1641657
5844954 814972
3313960 1047054
142369 -2027345
-7721924 2113336
1070514 5510712
-2582904 -142273
331739 130671
6510652 3635201
1929588 10013476
-1757302 1296915
781218 3482629
-1197517 300147
-4529469 -8246248
-4205911 -31087
-3023693 -1930803
5830266 -8312802
-533007 7824900
411908 -7007114
7241899 -2571211
-1863511 5617929
-6238789 -383961
-637423 1845887
984161 -4081558
-4347080 4903590
-3810905 -983065
-3141249 462682
-5236785 -5650838
3327474 3044860
-6078835 574373
-1756498 3425038
3280216 4328210
4604255 -4116400
-4551082 -1948325
-927126 990997
-1899011 34626
2053894 5102710
-3928140 -5629215
-2989089 4656540
-1419351 2376898
486201 -832593
7364753 791268
2305800 2097292
4784226 -4926537
-7441111 5924360
626735 1853900
-7096290 -5419762
-7008089 -8081224
2189379 3746769
-1548729 -5097037
-2099564 1553160
1621636 2492015
-7538705 -9796672
-5997861 2940105
5690737 5711956
2969338 -8082176
-1582719 -1300066
1704529 -498063
7053590 965304
4238171 4637571
-2222076 3221281
1258704 3582303
-689551 6386541
-2659997 1098455
-4136059 1981854
-2174495 5080717
-1131057 534693
-4630678 6117000
1198983 -7956572
-688425 639297
3665326 1579109
3367636 1510634
-6832919 2111445
-3549854 7079371
-2692421 2113350
1842216 -6020093
-216755 -4126737
898108 -2575452
4383046 4506711
-2036296 8663938
3101559 -3352610
-2532347 -2267159
6034069 -469053
-533156 -4319564
2360724 -1306857
-6307830 -2470107
-3917690 -609706
-2253858 3867208
-4985164 -1007821
-1462492 -615210
740045 4448156
-2074480 118416
-253981 2317337
1107434 5935117
-4603047 8021768
-2678868 -3269538
-3958668 -4269434
-1366867 -3956227
-7633621 -4656647
-238633 2739183
2784557 3860334
684527 148503
3986601 -4200199
794277 -996855
-711237 2047543
3201403 5307716
2360813 1122449
-2674500 -9963058
1856229 5870746
1712170 -1396533
1896276 1977775
740000 2870949
-3577029 5052450
-2127416 -2537928
4004154 -367487
-1450782 -3119348
3309602 5230144
-2448310 -163142
-7344889 -1834137
-2798234 -2575006
4030510 2931815
-401614 3094157
2885023 -7173209
-8648045 2368413
-1620505 90410
-1587061 9463118
6241424 -4873820
585381 -625267
-5222836 -9070338
-154301 2502010
8799778 -1181089
-8989550 -3403310
882801 -1443915
10207507 -145503
-3012580 2218595
-4738665 -5749220
2397964 -3459197
-4189454 -1419220
2301540 2220254
-2792061 -37536
-4173218 -971166
2972700 4709559
-1070305 -4735679
-2622116 4522132
10443884 3219808
1044214 -2348059
1459990 1676676
-1817522 2736823
-3613720 -258116
-3135809 1269283
-228262 1084518
-3770131 -1216881
-6611395 -3140197
-376897 -5985225
-556994 4841549
-822091 2019080
3171841 -4300047
-1250063 -987466
8457940 -4391098
3047162 420815
-6286797 2056703
-390093 3303742
-2428335 1815954
6210789 748297
-1691738 886862
-5857438 2409773
1013249 967517
-1500685 -296587
20959 -2805492
-2733846 959369
-1494113 -1853369
-6505521 -3260241
-6699717 5273437
-741327 -8368239
-6681068 392269
-2827833 -1535218
2590676 3103828
-2245916 -6345977
-100875 2937040
-1299261 3416702
5311722 -3299731
6360003 -3142224
5630801 -4769628
4267574 9801087
-4449925 -236175
4925283 87753
3600523 2374860
3569606 -127665
-1920035 -4255
1145731 -6027398
756206 -1997102
-1728695 -4769563
-2449679 -1710102
-1102802 -2464089
-9692592 -10914531
6770169 3926058
1665167 -5028914
-5006458 -4417445
-5830636 -6007010
2416329 -3548068
-679171 11124685
-61056 1364923
7038276 -3613522
-7572347 7461775
-2445725 -4481868
5664146 -2583205
4883905 1161711
-3256609 -2464188
861791 -148173
5606780 -7581433
-1296916 -843412
2504741 -2742265
-2130579 1061702
-1144426 1726730
-4466838 -1265972
1103973 -4597284
3253289 -1128204
7650453 5092946
2654008 -4779939
-2318366 -790820
4113879 -6301977
1074313 -1572734
5104126 7861585
-2631650 -4999746
5012287 3532535
-301343 -2828600
4160292 -393277
6261236 275528
-5629864 -3994232
680055 -3458266
317945 754789
3325341 761361
-1405062 6266809
2499693 -2280755
11314526 3159851
-7990951 6802641
-4105030 66848
1902369 2381876
-4111101 -4260630
-4564967 -5388854
3104596 2200621
-3894343 1510372
7394639 1314077
-2392305 -837393
-6943812 1987739
-2857078 -5455019
6085853 -8269673
1864803 325280
2789980 1004691
2498461 -4539314
1882800 6874816
-3259873 3388170
-3488493 -805372
2507716 5503337
-3003174 -2660805
-4137033 -118057
-391602 -1625389
1492893 2137170
4404803 -5762311
213825 -4547617
871725 8779717
3383108 6996037
-2304883 1660714
3400498 -1527148
2738618 -6200042
-9800149 -5012042
-4566319 -3017020
-264652 2699113
771916 5717173
-1812606 3673669
245810 9010155
-6241821 787812
-5640673 -4259788
-6134434 9006045
882551 4567744
3047121 3651144
1013169 -1714866
6463272 1879586
5801931 1068657
8812027 1549336
1076145 -7344336
-4576025 3697233
287874 -2653739
1613461 4417951
1334510 -1719285
-9807879 -5590588
-1020266 2302778
1171490 -6425338
-5569859 11875354
-2217653 1890797
-2303095 -5664151
1596703 -1090083
5554560 7846627
-3419223 -2713564
-326511 -2370812
800214 -1004025
6029831 -915687
-982255 -2440476
2242955 299962
-5191396 2696933
-8142379 -1449396
103664 -3852106
645161 -5962494
-4634756 916705
-4788307 -1833621
-142652 10724177
-713828 -3805143
-3300122 -6917001
-1148339 6607118
4350817 1584218
-5136476 3641904
-6547844 5223481
-2043420 3371347
-4741401 5252255
3702076 -4310986
485408 -3846099
2941212 3000624
-3472489 -3706148
1354126 -2602845
1030215 -2142700
-7012018 1015163
-1311169 1842993
-4844296 -2564447
4664481 -5415199
-6464058 -6707840
-1409565 -843773
-2872870 7702772
-1256666 -1199157
2736166 2812737
4448432 1019227
-1921746 -2933490
-5610748 3336268
2041155 -882655
-1629824 -1230175
3977995 4315509
-3075501 -4400497
4276805 5117567
3780914 2859058
3862097 2645490
-107427 2456117
6268042 -4256513
-4055168 -3770416
874129 2213886
-893397 -4636164
2454654 5414916
5924396 6221664
-483282 -1171761
-743662 -930703
1035102 -3413612
646072 -2998422
1735582 -239804
2298944 3347450
180642 3881212
280384 4352869
2372137 -524848
-1539752 2629607
1247286 -63699
4724468 1986328
-5400199 79632
6372125 449535
2556252 -2606801
-2815965 2667066
2910670 2799880
260934 -7349963
1935489 -1049407
-1331120 4104846
2918440 1582316
-1444189 5338334
-1618087 551613
4840945 1329617
-2988723 4711775
-210239 1573043
944573 -4894333
6565326 -3192531
678684 -4855735
990827 4499017
4581206 2128327
-5266276 -2002256
2031285 -7075496
545337 12644064
-1530438 1138144
4769659 3091244
585290 11311512
3453285 7958149
-967109 4515023
428874 3292356
-1361641 5602980
-819627 1402356
902236 -7182799
-10863 1302164
-330772 -3165933
-444245 -688513
-3716141 1524112
2155456 -2442015
-3456723 3773132
-3914951 -631300
-2470550 -7986058
1756347 2332360
-4166530 -6098992
1328821 -954566
1007486 1377367
1127927 8787688
-4570339 6184402
-756880 3675013
-518080 -1741601
649882 10643679
-5735929 4028161
-5026729 -4563615
-839229 4928777
-9233673 -108545
1764179 -2642835
-8627237 -3813914
-4982298 3090659
-6592576 -5997564
138252 7138861
169578 -373337
-6493518 379552
3070678 -278336
5679244 -1297853
3560914 1917710
-5926251 -780970
2575974 1282266
7955547 2190190
-4821371 1762049
-4068962 69819
7317288 767645
11795273 -3332190
-84494 -33091
-10024864 -2139256
-9461721 -692999
3207970 5445725
4065485 -8298094
-1855830 -3076904
-7417714 -906811
-1451191 4382914
-12563877 -2289524
4575864 2331309
-5869571 -4883031
849209 -7977848
9154560 -706117
-5967452 -721551
-6341884 -4440620
-5094390 -4427062
4705433 1203506
-257099 7234048
537819 -2263416
-835937 5311080
134126 -9534546
-2938489 -2316759
1610906 -2533407
3200000 7092901
-4949502 6009893
-838715 13876026
6672237 -9316445
-2131211 1320875
499380 2433611
5287985 5692712
-7155590 2234145
5375187 160314
-204341 -2836550
244313 -7462457
-1439341 -2501756
-3964165 168621
-5632629 681825
-4389732 5302668
8612194 2197641
-3233954 -1134170
5753106 3322935
3077296 1423816
-4507644 -1956567
-8687404 1476671
-12476 4309212
-2900384 -2672093
-3762740 3353950
3358624 3216098
1931397 145738
-3144428 -3180484
-1138193 1576683
-1123687 398213
-11556147 5544089
-2879746 -2327319
6593319 2506605
1641911 2112732
3965614 -4450351
9556652 426706
-6458950 4680084
-3603674 -4597620
-1696075 6325059
-2547582 -2499385
3133598 3649599
4238983 -4174733
6167037 1112945
-3048220 7348396
-936553 4674970
-597749 4002644
579759 -3128394
-4176574 -1366921
812545 785868
3503181 -3174941
-506215 -2381883
5884976 -6368015
3222976 -4975757
-2206467 22022
9727780 -1983515
-7538742 1962590
-3512033 1314123
-346421 1382028
-2819450 -898072
-7141962 233894
2321222 211922
-6024920 -699667
8789672 -5659950
872181 4039646
5621588 2306712
2356817 4960206
-688507 -2254830
1212292 7436923
-1519800 -7101529
5797521 1359025
4799487 -286433
-736626 8234696
2494458 3096196
4182119 128730
-6871621 -611571
-4119073 727771
2407464 360962
2046175 -4470556
-2807338 3176859
2757613 -4782596
-1886982 2692301
631090 4485031
-6195686 -1446728
-2037074 41112
-3734047 -1017268
533334 8700829
-4928119 -3757602
2249466 -1415470
-5642868 -5851443
-5489709 -6480589
2278376 -4414083
-2675439 7016555
-3574335 4482066
4484810 3570586
-1612235 -5990191
-578781 -81962
2163054 -3843895
7164385 2043423
1023115 -967686
3401210 3874281
-3898227 6295775
4951166 -199015
137891 -224437
3050687 -2476171
2858194 679218
-11235620 -4458621
2543503 -226959
-4412982 -1888019
-4451900 9295016
-10821307 -5743936
-3412396 2540859
1377177 2478361
2948830 -4432797
-6248946 -3632759
2480276 -3839317
4500209 2006964
-676406 6116332
1686526 1263927
-3715326 1186700
2499802 6248230
2312325 4662652
184477 -3356080
-2617956 -6241763
1105336 -4095699
-2111235 -2276351
4560227 2080318
-207233 -2767827
238282 1626900
-2186613 78957
2255391 2461212
-1578926 -3140520
-634849 -1283284
-89958 -2842389
3842242 2739135
1499101 5614360
-7576859 -5245032
-10622861 4705503
-2689978 -3104722
-5269436 2387859
-5128178 -4839060
3734175 -4701832
-1232992 -3625657
4638608 1116975
596764 -171454
2937784 -739711
4940665 1808204
3151512 -7248291
-2613771 4732923
3636517 -3241903
-966745 -12308912
999950 2120488
506123 -9037906
-3214275 646286
-119159 2720964
6470757 -1077822
1105014 -1665118
-5104355 2338079
4682610 -503422
4576046 -7270637
-411588 -1903941
1168354 2714647
-4041881 645508
16934606 429448
5492791 4405124
1058387 -150136
1961398 4102982
1600372 7036224
5717215 3415610
-2140763 -64331
-3946984 625020
3177162 -6029145
3185334 854714
-945740 -2947476
-1852194 -1798246
-2144879 2322630
-5058131 -1463161
-5939359 3927583
2656471 -1894635
-1822873 -4391931
2037479 4585701
-848344 11148682
799998 -2713737
7452509 1522947
-1509464 -3690376
10742445 8773203
3078356 484154
-3064806 -14456219
-1196311 1362776
-4941263 -413877
3473495 -779697
1796678 373237
-3680191 1606325
7127412 -1435316
-3787721 4049342
6524391 -2067613
-5150829 1808899
-4241077 2294327
-2113739 -828068
-5594351 -1648623
5914710 118610
4084846 -1099511
-8532709 3980412
-4552460 -5342026
-1596549 2696089
-3112289 -2298647
-140431 1902745
-841339 -3586030
5688426 -765951
770969 3971578
-4090594 3622078
-4843583 -852877
-5650283 -1765966
-4519773 -3050719
-10001053 -422072
5529742 3380382
-5906466 3149456
-1187453 -5470175
-288056 2076367
-2722985 4524276
-4084199 585837
-3688382 4261791
3182221 4505242
-3005666 -6531401
-4155341 1450433
2005912 1403881
2061688 7283386
-3744772 -5891069
2814408 -6373509
1977446 -4535706
2345635 1692456
7521730 -3174450
6352892 -1195153
-4876541 5829065
11787016 7149189
-4250997 4011599
-1837089 -3618253
3391360 -867734
4110024 2253664
-1492803 -975257
7762165 -2989959
-3614134 -1705557
-1213231 4567394
8006155 -294659
-2192458 1542241
-7472870 6008709
9605676 1985992
1533320 -2392021
-6622705 6800913
6489888 1252553
2121097 4838106
-37127 -8212668
-2932709 61393
-3628353 -1493749
2410510 -47046
1940712 7288528
-1761694 3333519
676521 2991338
785230 -4234100
6908271 5802113
5034022 2146818
-4495261 402313
-1103469 3698956
-2017909 1344441
-1195233 2514533
2356759 -2094251
-5327244 1892706
-1889946 -18438
-10252043 4401951
-5290310 735785
-316151 2706475
-7298713 804782
1760711 2324808
-2008380 -884936
-7933474 -4399112
-5392107 -2387659
2332247 -2215983
1698429 -861688
2954616 -5182391
5636575 4755454
541069 5718081
3873766 -2136330
-3192245 -7639721
-3147592 -955727
3554476 4219241
2319950 -827272
1200873 -4154943
3668112 2127537
-4021463 5838330
4184166 1461617
-6062637 5475104
-6931852 6561770
2861173 2854178
7955448 6643251
-2310285 2154425
1203802 -1800440
-12763568 -5794935
116118 1596600
4857452 -685229
5039643 -2892179
4993998 -8123978
-3250395 7545548
-983837 738769
903346 3768189
-6639616 3116678
-4556447 199186
1152062 6845635
329559 -4237672
-8386775 1515945
3383839 -3706546
955264 3568396
-3587673 1447473
3514286 917691
1862175 -2641896
4083196 389643
1945800 -1042244
4535067 5415415
3044385 1889893
-2677851 3741760
-4126435 -988398
-2058910 -4537922
2509885 2856007
-4356337 -1070575
-2059678 -3444645
847934 -3595712
-950024 2017321
2904288 2413174
245426 560339
3053100 -3908832
2468028 -3757964
-3184334 3469091
-3736454 -762277
1947853 -5385230
2198672 -5610845
1440485 4221670
2973293 -7716397
-2592853 2693789
4968045 8726175
1746540 196930
3785233 3613574
5801174 -2734091
1556741 -6525614
-5236781 -6217105
175550 -3731676
-611583 -9692731
-3630067 -6171692
6776620 4495014
-1145335 168176
-1736345 -1512275
-4102746 -1139869
-5980737 -6170355
-5154712 2969362
-3328526 -4591745
2070262 -4700762
2623880 -3936650
368467 722129
-414952 -4613048
1361961 1257787
-501032 5042353
-469284 2927804
587821 -28089
7557356 684173
947526 -1384312
-6854098 -1053529
-7997762 3089364
1353912 -2446296
2091824 -2469432
1061294 -2218188
-800224 -7709500
6592501 6092666
5887548 468457
-5911060 4868696
-490420 8176743
1519901 -5091626
3806903 -4150602
3179514 4285405
-3517326 1964953
-1387304 -1880720
-538231 -6793760
2038207 5859331
8337689 -816762
1205841 -434428
-6175447 6303537
-530282 2355196
6194395 4485596
8257895 1280294
3753736 -3888342
3871520 4240673
-1874286 -1205230
929866 -6130209
-6447894 1178028
-1188977 -7957842
7970030 3231095
-122805 1178494
3470703 722758
3530737 -1922841
1148511 -1514509
-2602461 -3891889
-2047890 787912
3249636 -5525587
-2928144 416972
8769343 -1781977
268707 -4167430
-2279139 -4090655
2134310 -1188924
-1068328 7575040
6114995 4747268
-1411843 753767
-2320523 1100204
94221 -1131935
-1330997 7282723
-5695053 -8215055
8169301 -2461609
2291414 7781391
-1374324 5949664
-3112685 -429003
1755457 2036460
3045201 -6450502
2144419 -2184098
8416847 -1836675
7736366 -7566092
1260705 -2795529
847180 2454084
5677009 -515353
5313185 6650580
2207372 4403044
3249462 1781472
-8732824 -2268377
5369637 -1677077
3650310 927540
-5704414 6196630
-1112858 -7687172
-5980467 -4883959
4686885 -3120268
4188281 5830280
-2129132 1527478
1991519 7673
-2743022 -1254957
7278511 5821778
-3562214 7663128
-7179313 4868648
3914966 -4851272
-3588729 11624295
4184871 -3666944
886720 -1473742
-1794992 7038379
869705 -3719929
5861603 -12250744
2870853 5635559
5514701 194068
1100569 2060937
-2057840 -1232230
600862 3307057
-417624 795014
-1907669 -3015604
919732 -7119048
-3937511 -4531615
-704326 -1391472
-1052379 3330657
4773007 -1164266
217264 2155958
5004785 2502916
1340214 -2846502
-11776171 3478339
726401 -233926
-2757394 4454152
-712949 1933265
7116841 -348899
9651458 88242
168029 955941
-5400531 -1764754
-1767459 -1229256
-4627976 2086199
-3140616 5148311
-4402009 8845764
3282286 -1762413
4299532 313705
920059 3361544
-241713 9179474
725512 281302
-106521 -7831143
1258040 -5822405
-1968751 -6716826
1723416 -1730498
79212 -4592930
4523240 -318516
-9253582 3589482
3517224 -4997794
1466151 -519710
-2632100 3091688
-10712518 383974
1272506 -6563803
-729458 -123046
90008 2652750
2978102 -1027930
-1331545 5931967
-3402111 1810611
-4735300 676151
837905 3425596
2887593 -903499
231660 -575297
-766575 5145038
-5607308 4186548
-1840407 1974913
-7437951 -464035
-4512167 -4468854
-7615056 733932
-6524699 -3657000
-1584743 -1068398
-458885 -4471006
-1902316 4455840
5756855 940599
-2560678 2609533
-5300722 -3528063
-3979548 1379717
4496365 2199508
1602505 -1329592
944182 -2583504
-4124756 -3823113
-3430630 -270480
2231254 1097639
2262105 4035273
52840 -1786945
-250073 10583756
-6111557 -5668741
5784677 -66700
2060513 1851993
-4764892 1129841
-5012426 2253217
3109475 -1173242
6279294 3736876
-7434211 1868251
-4277691 -4391851
7340437 -1935162
2359501 2439304
1724930 9909245
-2244793 -3191816
-5638198 1774767
-4307682 1036523
1994393 667967
4280184 -5485513
926521 2920123
1332923 1226917
-5575064 7692241
3502579 2721397
-6489982 5741017
1409905 -5111565
-2787406 -5110880
-2091670 985231
4490656 -9793983
-10742551 5367443
1392561 -8119873
-693252 5458357
-591525 651829
1122200 -2879283
2505886 -835888
846931 5417153
2979461 -1139774
5631749 3484307
3193892 2496823
11442792 -3777216
-3059521 1085326
3702850 1084325
1144629 -5167730
9000925 -1669825
6129410 -6154939
6974168 2571384
-3269285 -6298509
-2793636 4214892
6215777 -7532104
2440292 -265111
2371697 2851819
-3345922 -3885160
-866308 -534449
-7538600 -1184757
2171948 5317458
5492737 1309731
7815931 -1042909
7654672 -2945708
4865431 -416099
7172756 5728944
4520248 1513459
724209 -7291341
-1514567 -783211
-558796 -3366030
-2180316 -167952
-2849482 -6709477
456669 -5810475
1510675 3574146
-2882390 -1120693
1688700 -72506
855961 -1517850
-6985760 433585
-4629121 6536733
979729 5633996
-3340102 2910464
3831337 3644393
-2703407 7681228
-1040794 -3804120
-141591 -2619552
-7421285 5744092
4829852 356049
-4423020 30793
356975 2721921
2891683 497948
6639575 -6785020
2007552 -4697564
-3186975 -3178504
638773 -5677694
818940 -1168015
-2127341 2427623
583628 -469730
2626213 -1108718
-416421 2006449
-708728 1470480
1651299 2130469
-398522 -4877092
-2998580 2720452
-5406227 -3416911
1377261 -7458627
3930691 836689
30408 6751956
392202 2349694
-3488202 464166
-6244374 4380128
-586359 4885156
9064862 5171681
-4485080 -2579014
-4839110 -3345339
-3565922 -7125819
1749754 -2133802
-1165782 -880954
-4166497 -1481534
1738907 3571715
5996093 2902951
-219283 -946650
-3015902 -1184537
-5175735 -2764554
2062761 9701767
-2366016 -6471389
-10597689 6318002
-6664968 -176380
5403122 9551854
-1270241 6140392
-3411952 2323456
4723788 -1231554
-6242018 -2460394
-6407253 6354600
3321658 -996678
960428 563147
1096545 3807168
8494342 6600527
-4214400 2785234
-5251430 -1121949
2825492 1245340
8243141 -293264
1988003 -2218693
6843938 6402063
1847472 873719
1526001 -2420606
5755394 -5370698
-3885148 1145464
-3361121 -8615437
2394335 2234786
3566375 3394372
-1362322 283452
-3049473 3589560
3486127 -6737500
2456460 7882714
-3591945 -8022222
6899682 -2781375
2589187 7287221
-5831088 916044
-3591387 -3865318
-1698500 -2406678
5895366 1967652
4312651 -9681645
5142300 2531731
1039224 -222952
5378271 1004831
5137629 -4827565
-5761130 7028504
9789102 2463610
865485 -4901379
-999994 -508012
5938448 -5401758
845726 -2258486
5814948 594848
-6157141 -2493871
-6416065 -750092
-2126653 -6874096
-5840720 -900528
-2945125 -2917173
5678285 -248353
-1835282 -1862519
2276622 -4912219
543201 -1279772
-128740 -1274093
-1868669 970222
-4068063 6409695
-5151954 716752
-4897063 2210787
-5291433 435148
-3697249 5126710
3380553 -6662163
4499654 1892493
-4741285 -1794087
5803060 2589503
-96658 2779842
1453452 2879062
871373 1020497
-864932 -972301
545427 4295498
1724168 -5430179
-223298 -2875820
3307638 -404158
1928603 -7480936
-380368 -1354794
-3359443 -1356462
1529449 -2860521
-1954956 8940744
4299670 9922000
-84144 682517
-6398364 7094776
-3890429 2136600
3487625 -7248206
2475038 9458251
1192543 304783
1150641 -3773581
2090982 -3924000
-4267908 3802825
501292 1490763
-5089728 -949316
2453132 -2703420
-3936065 -3223786
-3563455 2431180
2314055 5181504
319000 4241184
1660689 -2683774
3162982 -575624
4546336 1390833
-479877 2855182
-2813539 -489726
3410085 -2744990
-9717275 -769301
1269248 3060390
3832597 419678
-727378 5681073
5711132 5831658
2130645 2579837
2080822 -7060686
2970687 -2401436
-531647 -3785347
1204824 -3051369
2153342 5584106
-1888589 9983812
1532108 -1234734
4618668 -1560970
10745206 -3680055
3356587 -3616941
120467 -691999
9734954 1365152
-2272371 773614
-2264636 -2378345
1889170 -3659654
-4031760 -2242295
1532371 -2969962
-1694810 3368951
640621 -4021265
6662184 -880376
1018655 750906
-198781 327866
-4700767 -844692
-3082023 -1826610
5519514 -3334123
-2691353 -175959
1608979 4274027
389485 -1906791
-777191 -3799699
6211685 -1714604
8848599 -2789935
-2829945 -1529528
4527067 -8096842
813592 -1612193
-4637989 -3635309
3857432 645910
4985318 -4442607
-2120918 349902
1714088 1003750
19681 -1934654
-5639797 3693613
-5094333 5628421
-791288 8267553
3138749 -4455092
794352 -1977632
-4294307 3771000
-3865493 7485103
4699749 3518646
-5077930 -213144
-7506003 -4817265
510878 2700407
1926068 2938529
2173938 -4886999
-3650735 3060076
-1650205 -2260572
1881812 -2698696
-721451 -236896
6231935 583563
-6540692 -2929797
6861083 5121977
-1469694 6883130
4365401 -4924989
1515519 -1384689
-3796329 -2829577
8391964 10983500
-3800384 129273
2864880 6874060
-3526943 5580249
6292354 -716361
-4926925 -2935946
-8433933 2728089
8322343 -6895878
-8371720 -2903122
9752826 4103400
-3159720 -6683670
9528141 -6107875
2358995 -2838818
-6034684 7188716
-1991171 -75903
5717545 -10836886
-3651397 6617354
205349 -2946908
4947215 -7596924
-4954954 -1379707
-1781071 -597608
2817823 -5048095
-2008044 1758042
941224 1869212
-2565397 -9953862
8316119 1337575
-1584398 6440056
7789468 -2953181
2561196 3619417
1534123 2422095
-88699 1589991
5833431 -534777
88841 -295600
-181651 -198022
3753759 1525932
-8451934 -1863099
3792938 907751
-1679117 2464389
-6968493 6311709
-888854 1824352
2986686 -4708702
2952724 924925
1778390 1644220
-1086396 2208014
13819 496965
-292787 1701303
53712 -4014429
1711070 2674582
-2247475 -2068020
2313434 1469006
-814913 3093533
5663195 2021408
-4523866 2987690
238331 535312
2496303 10159236
2404063 638284
-7540469 -80453
1469958 -7380858
-5330761 2683193
-8601081 -2086614
-1791842 1952360
497682 1040940
3851284 -4109740
-1627281 -2475663
-4310495 -805449
-417671 -1028210
2788134 -631368
-6774391 -3807128
2194929 -2616475
490599 3869476
677752 692426
119586 -4275641
597176 5049081
-588761 -1151457
4824985 6378202
-128208 -5300312
-4341571 1035152
-970837 -2433105
6047865 -5046400
-2082919 1684604
-5302665 533278
5072740 -4887224
6932944 -2301560
4562737 5583409
-1196192 1353040
1109950 -3115031
4434705 -8817152
2938581 4770480
3749399 -2821729
8761099 -1444591
411724 -5020608
-8525115 -6182488
-3376492 178416
-8463444 738105
-4914073 -1308043
-3785856 -9496734
-7227294 730040
4923777 5232374
1675435 -910482
4218609 -1951403
863242 -1563387
4308265 -5196472
3088849 341160
2835555 -3712394
2664571 -771953
-3809132 4805068
-3713010 4880453
4278677 3571675
1463409 -2133684
-4256405 2139278
4676337 -4480347
1486747 -5731653
564787 -3658824
-3978325 2713936
-3022946 -6599470
6675192 139324
-6762263 -9855008
-8123316 1192029
-3262421 7151795
-6648579 -2117494
-2194664 3063288
3899360 5426874
1564297 -5081995
3375828 -279354
2665903 1941979
3113119 -1474728
-1237660 -479643
-5437421 7315335
-966043 7803785
-7985783 1709557
-604665 8532164
-7817875 -6930876
3535748 -2931904
2669174 5114941
-5060664 -3816521
2194085 124782
-186545 2753715
-6332994 -2320971
-2853260 1198596
1971950 -3968000
-6201702 -7823874
1032356 6031383
579730 7340510
-1212432 -4054446
-4130029 4287985
2853362 -2154107
2400776 6691457
-279474 -2786521
974595 3582160
-1094366 -3506512
4952316 -5092801
5043191 433781
8515669 -3054821
819434 -4663741
5235678 -2871118
-8862372 3475824
-5063397 2966792
2201798 3619669
-4771096 -2169079
4832898 -8782472
6880613 -1412946
3011770 -2724656
-1811849 -2363524
-3774838 -3297134
-4091562 -2906811
2406583 -1021637
1072100 -6170062
-1959487 -1462076
3601603 -2055348
3213652 5669294
11917816 -2476172
-1054579 -6779904
-90265 -2801401
-7505919 2878482
9114153 -4052288
-4369041 3023614
13529624 1682180
-28800 -972767
2103710 -9264746
-5345869 -2318129
-5541773 -1382497
1586129 3258465
-7563488 -6411642
1897536 -1883737
6444392 -1470567
5628932 4898285
6110252 -1856678
5136198 25793
-1893977 -177023
-3245435 1783520
-1395171 1038754
352545 2250077
-4418708 -804350
1242073 -1021978
-5864571 5217511
1431534 4499395
441130 -1964456
-1083017 5723448
2142466 -1652680
-1091993 404096
98108 -1140951
-310120 3363277
6741223 262700
-6027240 -248854
3162446 3389938
796627 -1347407
4616960 4389707
1893316 -1538573
-5249647 9793073
1456110 5087011
7687371 673983
-1659530 4379597
7805604 1296355
-4872916 1728744
1419260 1601192
3019773 -4829584
-9222173 -5539071
-1250321 -3675941
3881248 -3033021
-5414507 2948199
1026602 1815497
4647939 1223908
-1573917 1980031
2479997 -715994
5124374 -1128749
-7458365 2417074
4865400 -2228168
1349782 4898356
-5244925 3076065
2579472 5040358
-2431451 5680464
1444217 569503
-1298102 1358115
-4829742 358116
-2223193 -2088848
5558517 -1792988
-3975816 4186962
-3392643 -245427
2036104 5469350
-631942 -3402053
-3921487 -3301080
1272952 -2384302
224136 -202757
963013 -1881599
4051110 419193
1035474 9153522
4757577 2813094
2344870 -6917907
-4070916 -4424543
2988688 -448989
-3013704 2508453
3720836 1420549
964576 -2341391
-2326766 -1970113
1042204 6993588
-2347837 1705903
-3492116 -7720762
5650892 -8132367
889878 -9025628
1358795 -713461
-3851270 -798361
2121863 -552042
-1632013 -1377763
-4916968 3937832
-1499661 -3405069
6837569 3045960
2416020 1093424
-2746082 7628802
6592408 -476491
2300191 -2608888
1473403 2785245
-2651100 3052297
7798628 4485139
2546322 -4206749
-753692 1028817
-590982 -1875772
4785009 1621968
-2766159 -5329504
-5112722 -6429979
-6204383 -3141372
10020198 -75711
-9383835 -1898578
-588426 4924157
-745409 -484038
-7228306 -3935121
1418 -2388507
469753 -13023411
-159462 3083764
5047301 2487618
-4504150 -1630178
-4448048 1556593
6354496 -4784476
-2706034 317116
2299822 -1246482
3090843 -1058704
774588 -1342546
-2234132 -5946242
-14971416 -1954714
-3074170 7245393
698824 8055867
-5919921 -4366249
5055738 5835932
6799017 6911302
-6701706 3130977
-4085671 2551289
6563948 -6899920
3802542 1614896
3905706 7877973
1539075 4169506
-5020259 2470213
-2740714 5613777
1111162 -1604809
-348172 646532
3931516 3681223
-472659 -6819265
-6451285 4561153
7546737 1632207
-4618281 -6071260
-499375 -573659
-3546761 3309529
-8342291 4309557
-476021 -1639296
1856360 1585004
-2634291 -2167994
4875015 3979229
-2985845 2685360
-5565218 953880
-3536089 2366372
-3936697 -3273130
3423824 -2511074
4058985 -2227043
11936959 2493750
-2668553 449953
-4466079 3225481
3073004 -800777
77541 -4728319
-4116521 -3033852
-12167676 -7270078
-2226020 -6282789
6548317 -2109764
-1964647 -3750956
-5339301 -6033211
645413 -1415671
4848636 -715824
-823547 -3427178
-440460 1542243
1937451 -7582391
-1322972 2850638
197040 11879732
4677865 -1620354
2623094 -3001059
-4628956 -12294945
-1962003 -7140568
-866404 852501
3087386 2144971
-1961346 -3345231
5688478 -3935962
-1986179 -4817312
5099610 2707722
-1631073 1989594
-2437170 4874055
2966559 -3695872
-2961058 -2412712
3155416 -122826
732309 916657
3402263 -4045417
3763399 3303860
-2157726 -950436
-1231698 3397653
7148154 2325885
-928139 346398
3134516 13133208
-1527139 3642996
1319089 158878
-5899121 3987071
-7758927 -2715627
3671060 -1508126
-2839844 1184271
-501975 -287497
-1144878 2759979
-398356 -838386
-5323012 -657709
2382911 -4506072
9062039 1610279
-415749 -5091635
-2482473 7978721
11315503 -2368028
1058891 9516760
3482584 449790
2279092 -1757353
1075686 -5724665
5157307 5300251
5254949 432167
-3806888 4257215
947492 -300740
-1661998 1757692
-3213346 -472048
-2649378 -186236
648229 4838676
1829378 -2761444
1860339 6526097
-528374 501391
-3999295 2968442
7947534 -5847361
1351032 -2163594
-4152651 -959520
1900471 -4893404
-2221529 -5370238
3524717 -689937
-2731122 -988262
2654356 306850
6556299 2872528
3316911 1416354
-4181042 -3318064
-2573686 2479927
11508053 -1075035
3489700 -5922528
447966 4293380
-659806 -1453453
2005608 -952803
-2034678 2549388
7014552 -9514890
-9715842 -2640246
4151074 1153986
-1791145 -594142
308718 -8315078
-1507311 1720178
882877 -2822493
4021136 1306922
-855419 7796241
-1843937 2590077
6209505 -166741
516498 -1489726
1046640 4860562
227499 -5156277
-238469 -5194586
-1140625 -3257472
6472855 614017
-783059 6828058
-2118895 -6218259
5154305 918030
-1960778 7576998
3085909 1434948
4762183 -3010653
2318370 -5086472
-2811980 1037324
-6608856 794015
-4015562 2795006
-2428218 2892103
-3781786 615707
-5662790 3282481
-7184273 -5644764
3900803 -7482114
5727363 3368437
-3001982 -3267300
-851002 405902
6371494 -135285
-1373329 2008034
6839298 1188242
-5778985 5317751
1373353 2499930
-5378933 526081
-4645279 4070992
-5212368 -2156554
686014 -1134155
256662 206514
-590611 853211
-1375169 -713562
-1532176 3521651
1456637 -3979058
7511231 2434253
-1986350 3018163
1254076 1309919
6241791 -855886
-7893233 -284063
-2654285 -3682991
-2766269 -1438965
-508732 -4667189
7530130 1248397
-914063 4577786
-5803739 528262
2835299 3426080
119461 7043328
-663045 -8810060
5615721 6804938
-58553 5595911
-520106 -2259369
-893851 3212161
1400712 -2082423
1428722 1440396
8270226 2767284
8216775 5941853
550981 2050816
1854257 4858735
-7118578 -1750857
-356279 -3140980
2179256 4219588
-1903303 1641861
-774699 -1915184
1935437 2783612
-1518287 -699430
1901348 10672199
-3205843 -6440513
-3831154 -5078701
5512749 3033698
2633772 8235382
2280320 6926562
-10338449 -443840
7944126 2578542
-5336538 -4749706
-1486542 2923804
-2623138 -421995
5651426 -347456
4876836 -2817081
-9568458 2182178
-2230161 104543
5806203 6362212
6904513 -469991
-575376 6961791
2507246 7381291
201578 -3174687
-4716599 5708914
-2377055 -2772111
-1566726 -2857043
2215731 -2274409
1228753 8300423
2949897 -3010547
58983 1446097
3793701 -148802
3462893 1770064
-2319120 6287718
-543603 3625693
-6640433 2321719
773550 -2078680
344448 177521
-6051547 -7172136
2175425 -4926929
-6953084 -1707563
-7241156 5650116
2123939 415251
1575730 3043139
2187978 -1757970
-6154885 521726
1611043 3656805
-992865 292865
2077043 -6827459
-7940154 -2492528
-901858 -2405770
5623890 2893080
4699819 220487
2459363 -2755952
5595496 -5757884
-5001011 -459489
-4222655 4847203
482445 -452884
-687906 -4266634
1868838 -3076490
-487009 -4419851
1532897 2730874
4376429 681018
9642628 -642502
3675080 -2003678
3016560 -2763370
93463 -1192812
6886590 -2441298
3894854 4463523
10602 -2242474
8082272 886365
-288413 1217087
-1769592 797702
-16127 5002302
-2273028 -953279
657255 2921465
-1279218 3794948
-1201511 322853
3494235 -2472783
3692079 1674524
143776 -1015337
8988112 4545957
52696 -338819
1814278 -168079
-2212604 -9954760
12601532 1632458
3947886 -1748203
-270211 5218439
5274333 1415492
-9789803 -7540261
-6011509 -5103516
-2570273 6289790
263990 -4943205
-3869746 -6516285
-5193670 -761774
787393 1865444
797371 722218
1690114 -252580
5735083 -1631294
2077794 -5118835
6640218 877713
3780948 2278779
1866303 -5272998
1915785 4353668
-6160478 -6023896
-1948619 -4683332
-2455393 5204786
-3319418 11531123
163696 6756216
-2130914 -7391546
1724795 2598071
3791241 -2593104
-7409969 3744747
5338545 -2729501
873629 5667743
4455320 5820062
1541039 -8786520
-3542777 -739917
1539879 -1349191
-2798190 -2311533
7855648 2369426
365314 2250556
-2172257 5459850
-1912569 -2834563
2215642 -2808466
-612840 -1941264
3749661 -1406620
730575 6212525
-4687630 4885013
-3325166 -11488258
119414 228566
-1245355 7444065
-8935320 5574701
6461261 -486393
7106577 579436
-45184 -12393200
-269864 -3506978
-114162 1675231
1368448 -334625
-879734 4257048
-3375469 -3531188
2934724 8724925
4700322 9496455
-2697115 1087172
3415859 -1366477
6041789 2576993
2794781 -726203
-5877079 953238
410376 -200637
2734607 3118827
6602548 -5833913
-3103745 -5590593
-5133496 -3324622
-2005756 -500539
1139656 2696714
-933729 2254930
-1663644 -10961682
1385021 -198631
6343113 -2756856
-6729683 -4538853
-4606722 949426
-886807 -11745365
2093972 -7971013
1508991 1396505
365871 11236155
6287671 -6232124
4590698 905245
-1528858 2284997
-4401031 3851142
-1551168 -2093295
4478650 4286194
-7301388 -1564379
4219040 -5560094
-579689 -3380461
-5667386 -4361557
-2547055 -1500274
-6580718 -3255935
-2634953 -239600
9179236 4514606
-279558 6015200
-6587639 3943155
1992992 2752444
4301047 -585595
7939530 -1293725
1559121 -669408
-2812832 2839548
5674392 4618865
2738322 3833353
3830869 -6464726
9043362 778278
5230136 1715844
-5080643 -1058971
6730642 2781836
3319615 -5974115
6819507 -7823793
-1251305 -4620630
-2803705 4397384
-329139 -8800600
4721619 -5167849
-4437387 -5873485
2995658 -3945602
617072 7568193
-3860535 2368124
-884092 -9021052
1495495 -1071900
3567307 -6048615
3120342 -1842672
-5831388 815363
8065716 7472237
-2039362 -2044551
-3247391 -6593192
-1505985 1705944
-141293 4964095
-1803034 408092
5933323 6189166
-3912809 -3252693
3473230 -1040369
-3855600 -5682204
-4736747 -2778603
898896 -1391700
-382593 -1071597
3585414 3501215
-2725102 -3457696
-2560340 -4006708
-1907469 -3064997
-3436227 5991359
1967102 1766295
-7027102 -4947972
3082277 -3068728
3800390 -1903341
-4793391 -1720483
4713744 -4354464
-3295372 -713075
6583056 212177
2146530 -646313
-5418475 7528743
364127 -407126
-3847470 2261062
5795526 1161723
8096108 -1156449
-332401 6265783
1609870 3599661
-1261791 2961474
-3003279 9767
-1019460 498444
-1075359 -239822
-2188445 -219981
2852737 5932005
1595931 4700971
-3078595 -7192057
-3679459 669141
-3776210 -3112796
1919402 799300
-3090935 -6286000
5346574 -5335508
1429176 -6782422
-3756928 -768915
5282337 -5756777
-796574 3010574
-2490765 -794074
483102 -811978
7321517 -317889
-5783727 -7384392
2593067 -4685803
-4366072 5509318
1269967 3564210
-4353382 12598347
-750200 1884747
-2699787 4417498
11140515 -4411379
-96144 -3514353
-1480752 85478
-1274792 2027515
-308954 -5796188
-1369885 -1839917
5671359 4609974
4474729 1486639
-3716482 1850195
5236835 -5785595
385770 -4129150
1095812 -4511363
-1467400 6374305
-5596000 -695461
-706392 -4315266
-4946770 2192891
1822355 9385639
2082741 2632563
1274939 -4864740
5980066 -5157326
446180 -5361215
-587499 -167335
618671 -2925226
-3673981 -3856766
4309580 2175357
-1550836 -4238574
1638107 3892687
-4082527 -7442106
1972474 -5893015
6441712 -2374203
-7315415 49978
-3559602 -1080991
-3357897 3498329
3084275 1546834
-672683 -13295077
-4887716 9391482
-1388087 -7327247
553079 -4093916
-3388678 -9371370
-357528 -7768416
-3505062 -5206373
-1718546 963772
4861669 -2953783
-1835896 2192808
5947353 5228335
3792740 -4140475
1693573 -4261506
-7484200 7238397
-2187968 -1227994
148121 -2726069
2903606 5023729
176014 -4727698
-4819527 2296165
-7663325 -5384364
-1600845 -3840843
3011868 5014391
9444208 -1348242
7070944 -10967386
-417330 1564901
-1919177 209813
-6871633 -4220759
3722921 4382871
7816384 1287704
6933050 -2004446
2130415 3781350
-5449779 -346963
-188353 244514
3524110 -13208143
375264 99957
-4938084 -946881
1129784 -430279
552362 -3466900
-2522136 2156622
-2190894 4303034
-1864003 -886881
1473002 -3239847
-3130714 1211166
-11788659 3038096
2540605 3382653
-1612338 -7557708
2623992 447937
-3600418 283475
-909613 -7905847
-1224148 1278431
-4929484 -1782149
-6964959 -3275929
8011948 -6539872
-3541336 -574897
-1271766 -2348435
-5487779 2459698
-4610789 -6512180
-1386946 -3479595
-2162044 5267653
1846470 -1019130
523021 7718131
-2629102 3304990
339714 34510
-2187625 3454604
-1795777 3868330
3398990 -563258
944831 253328
5437352 -1127577
3366678 4061897
-1250925 276524
6203866 5102584
1646403 5778619
-1991060 1367069
-4499760 -4222615
-8620217 1441608
6598238 -2893349
-6453538 -3400453
-3225190 -946178
-5035070 3820636
3404364 -4426111
-3244879 2548838
-1665387 -2447605
-13131963 -6882609
2951011 1869132
6906717 -3795003
9418812 -3066908
8542909 -5639810
2175979 -8628848
-342930 -6026289
-2319873 -9855716
1112692 -3074755
-388097 4860974
-676343 -2750420
1041442 8331413
-9776343 1248987
-6566956 -2908167
-8053807 -8422370
5964385 1300227
-3603025 -5636155
-1478643 2610977
4437853 -1726512
-1477030 3719893
5395855 1197419
-3733054 -933468
-5875065 3040226
-744161 -8254684
3675090 -1678017
1249196 4938416
-6069783 -1930228
-702374 1635423
-4979484 -735010
1529377 -7435967
-1241323 -591347
2086811 -4216610
1327979 -200459
8838192 2556249
-8280677 -2054793
-3951180 -4213164
-4905581 5047613
737444 930334
3745877 8757945
-2276326 -5246314
398465 -3989879
-1366866 -4401215
2521045 -2134777
4387025 -4044030
5092497 -4167484
471652 5550325
3961794 -4625433
-8610312 4890104
4619239 976815
-49913 -6131796
-829534 1167451
4948480 -5476778
-3607982 -6949779
-3306951 -2917122
-488020 -1811306
-5481102 174256
-1286091 -293084
1184739 2239725
-4987357 -5785612
2137610 -5901853
3953682 -5738373
743200 -1426541
7362745 127936
3568577 167082
-4660605 5056940
3065020 -7653171
3397241 -2917962
7109226 121008
4338524 -4387813
-2823358 5514989
1342701 -1505015
-1520543 439005
-84111 -6336657
-4127836 2511512
837310 1804815
-2556062 -7043242
-3135939 -6028138
-2006660 2310905
3912453 -1427678
-2006444 -1129893
564583 1366607
3283182 1074944
1643845 3045092
-843276 752861
1259180 -6813182
-1465018 4653883
-2741543 -4974637
-236455 -4011561
-721564 661496
-10034450 -2261732
-1300677 787494
4327814 3981149
-844407 2116780
-2564484 7029789
2114165 528697
145816 2607501
4163029 -5319318
-5478735 1828592
4729904 5540504
-10491681 25922
-673649 2183923
6132602 -3141383
-4379621 332827
654376 6589105
1547301 8184367
-2934395 -1189728
-2527530 2669796
597962 703183
-3071991 -1193378
6359748 -2696170
-4454441 -229540
5511800 -4024239
5176744 -2768872
4916555 -6393109
-8843445 2756849
-4902965 -2676148
-4478863 -6383713
-533216 -3526868
8032913 674480
346373 -3576015
-748129 6921512
914216 2839712
6696930 2472937
-3039765 22962
-3792811 2556145
1996056 -532813
-1863242 5898583
3016454 8014764
4163212 -3401491
-3394743 -1737769
3569500 3935760
4121879 4494609
1983387 5323261
887938 -2499102
1575653 -297194
138746 -4585420
907327 -1986282
4735897 -637270
1508233 -1100516
-770461 5166871
-793421 -735826
-2466935 -63982
-6482284 -34846
-2081168 3007090
11014230 7647552
1599972 -3193605
-3206373 -3526358
-10802553 4574789
7834936 -2234144
2622301 -4522707
3805489 -5751879
-2451918 421965
-575755 534744
6053981 -406382
-6079866 -3374028
2847370 -6622882
-4796981 -4999878
8611415 -7921672
547043 1542468
-6146565 5869421
-3216598 -5998883
2340441 5682291
-2865261 -183214
8667319 -2956449
-2637897 4150461
-2995769 -7805
-5126802 6346998
4033213 8855909
-2925464 -2598312
-6543615 3858813
5685723 -5909123
8317966 -7257279
-4097735 5200969
-3417511 -4743249
-2705328 -1999213
-6852611 102064
613216 3351729
-36436 -1255759
4731324 5561672
-2710625 -495479
-5714603 -5851136
-6594412 1085904
1547028 -6472981
2398265 -6168740
-6220147 -4167087
-2488763 2307750
456691 3305943
4152566 -3758783
-333204 5125706
-8895328 -4023811
-1352290 -3037065
2937086 -4684499
-2559956 -2224600
4007847 -4703144
-1998289 -132475
1194352 4281323
4597859 -4680092
-400601 4003118
3834683 479118
-4449400 40437
6639944 3067096
8104742 7191945
-5843312 2153289
-1339057 -3214313
2878624 4164250
-1180160 -2280929
-4333262 1419233
-2164975 486034
-1255623 850027
-4020612 -841722
1125916 -41979
-2409078 2283981
2512148 -4339662
-6379599 3490978
3592803 10523213
1105687 -1202227
6516159 1417814
-4236118 -1572438
2845010 -702445
-3267483 1280253
174875 -4813891
-3926294 1014905
6505564 2092819
-3470657 1557840
3452098 7493810
-2906897 499563
4759791 -4753005
-3937702 3262233
1302949 649683
10024709 1231086
1191030 -4961912
-1023881 -3214074
-2482686 -1647083
4219402 1359862
44250 -4664464
1664799 -6975764
7035199 -3269545
-4722906 -2385792
358783 398838
1796452 -8786698
-2302256 1332049
-1792734 1147077
-2489213 -388305
3089005 -1924500
1267418 2097079
1712946 -4295342
-6902674 197996
-4103472 4449083
-3126627 -7738006
-1481904 -6552128
2947530 2049112
1256490 -3135224
-579041 -3372108
-6173049 -1021833
104716 1920707
3810801 6292248
2777590 1006075
924735 3216154
1504844 2667923
-5185914 2637393
2960707 5550379
-2093212 -2465431
-641976 3543067
-6085642 -8142368
-1648987 -526676
-7088111 -2606602
985831 -2984728
-390527 2275081
-6026792 -166097
-2930977 -6424935
-13827155 -3439357
1711802 -797046
1260592 -606397
-6879861 -1232560
-1966759 -987481
-6643422 -1176487
-2162758 3995047
-2601860 3169850
5380723 -4054786
-2063702 -6258449
2442860 8427091
8003940 2502293
-83062 -5915041
-11944 -6179117
822055 -928514
-6459106 -8619745
8351523 -2869868
2886066 -5218818
785920 650305
-4378587 1686563
107175 -5684418
1928620 2608968
2186018 3808230
-3446268 3117123
-4487950 -2224858
-3299784 -653384
3481305 -289208
4683442 -8253596
6323921 6226178
-5561960 103236
546385 5925323
-6418234 5512417
-1575319 -4304646
-1544399 -1441327
-6445845 1294101
-880648 4461890
-4102534 2325905
-3863547 -9080914
-214623 -1604866
-5550351 -6326309
-1255872 -2258969
971700 -3613253
-12516932 2266546
-10822131 -3861424
-4843055 1703243
-3093152 -317854
-2397088 6986483
-965099 2968922
-4202591 -163331
-3100436 -2974095
-4680219 -8139757
-4503308 -532342
-72974 -4461986
417308 -290019
-6109856 -2130236
-8177327 -9540066
561165 1566585
2656779 -5136258
1105511 -7178298
-2031807 -2001418
2402005 4846412
3313617 -5496843
4192797 175568
-1311538 -6495889
-3155555 3876896
-6421304 5463973
-710441 -659733
388252 9111282
344683 -241472
-1606044 -3337307
60388 -3729814
-3457872 -8452990
-1178367 1028866
-164898 1354620
2490728 1103644
-2907776 8911655
-950623 -4907825
-2692795 3987743
-8801025 2654178
1229708 -377343
-2587 1082622
-4854805 3412819
2709518 3290327
-3619145 2506584
-2008982 -509414
-1055687 -517739
991304 1162750
6520035 -66530
-4750758 2680485
3857856 2587166
-166418 7664058
-630184 -5253036
-1276277 -999187
-4182329 1837496
-6483784 -1419063
-9481806 -2457122
2562335 -7486275
-125437 2909712
1447146 5347736
42016 -6197625
-4118492 3336953
6787662 -1084649
-4984589 -1316666
-2675907 4574859
-830970 293905
-2030900 1726240
7673194 9488719
3295249 7878182
-3157849 -1259063
-165470 -1841175
3069717 395977
-1071438 1781399
8523907 7264391
1292227 -3428950
2084688 6108568
-6931015 676422
-8115631 2102205
3270118 215834
-2424132 -12690095
-2171785 -359597
-2601905 3564942
-3402696 7313831
-4214707 -854378
-6039141 1644263
7737968 1045731
-2001669 -2126026
-4557970 -2753241
862073 -7898382
-2683366 -1730436
2673952 7361002
2255422 2810788
-8757702 -5173049
3396097 3457090
-7588133 3833303
-756200 -1366572
225357 5567182
-7235811 54392
-243802 -259203
-8341218 -2800278
141173 -4669704
-3659758 -2724539
1459369 869769
-4364783 1557039
1541157 5352622
-1383505 5480312
2464679 5889010
-4227183 1168872
1788678 5765158
944639 -515181
-1658191 977158
3018770 -3723348
-2941370 -4235977
212361 -4830361
366578 4358432
5387670 -4668405
3933515 -672043
-1627993 -983513
-3263973 3498599
3890237 5862137
-1842735 4549652
-9365216 -9039642
3291358 -4962425
4436714 -4178856
221397 -7224583
-2259216 11059917
2755346 -275340
5010317 124197
-1211554 3425519
-4536279 1136524
-3926066 3667829
4757480 3429327
-3334213 -4566847
2586673 -2563831
301594 4738022
1153107 1766969
-3281412 1281094
4495432 -3023472
-4978161 4745679
7770272 1320154
-1212962 2038031
1962771 1721141
7462064 -6303400
-963404 1639299
6612606 -5518992
1178892 222323
-1544781 3530670
-1347099 -4639868
-4101168 -5095137
1582510 -1134243
-2580700 1673360
4740084 -3352437
-2831290 -5155051
4313384 -2338127
-4764617 -3061926
4051917 -507461
-3006886 -4706880
-4021376 -2208893
-3285362 -278935
1719392 562718
-1535677 757856
3961753 2732315
3151454 -606818
-1031012 -2263745
-2980153 -2557570
-6847688 -766544
8657201 843865
-5117438 -3975341
2437043 1937266
6101459 -1356529
82833 -5300548
-842011 -4345786
298246 -7112549
-2205991 -136198
3573 6457416
2233109 -8146131
-1655603 1841500
2215066 2705131
5899739 612751
-122238 5091687
-9609530 -1277060
-2118601 3569383
-1761732 2115852
-1169868 2054652
862448 -1303891
2871643 4156993
3727062 -1401666
-4489822 609975
-5577085 -3202039
4582207 -3573297
-1680601 4913950
2117430 1521975
2052676 -2526704
-3315752 -7028096
-3176727 -7327994
-928071 -3801131
55170 2305790
-1866834 1459243
-6975058 -5126020
-10362319 -2759743
-7154327 -594331
-2016474 -3711890
2552412 -2471973
-2539193 2070151
8076227 2052717
70838 2931532
-3599983 4495006
-2801658 1313209
5680639 8127031
3843500 6546701
1644018 3195207
3094854 1503996
-2156086 3629151
2760872 9124769
5848034 4871249
2363792 4737696
-1470793 1654383
-5639671 -3822413
4625914 -3614986
-624232 2524689
-4066849 -1983394
4318455 -728959
3888500 -2921533
-6886494 3671625
6920993 -387703
6182614 2171590
633740 4151895
-5114143 -2777074
-17433 1353840
-55033 3814495
-505292 -889562
-754665 5694008
-3660368 3069170
989593 5297335
-6664687 7480735
189163 -4491431
4387774 722150
3631316 124597
-7778234 2033653
-5329571 3594537
-2964297 2631684
5249317 -3829453
-1384636 934019
-2479256 -6329521
-1196574 -5277510
4072589 6155279
159869 -34266
-1072180 -4667071
-8179651 -314268
346599 6043046
5819224 -4111716
-1145385 -5398127
1859599 -1820483
-392046 1896370
5566181 8741257
2194329 -2272039
892473 -3339870
6393992 6576787
-1389406 1676691
2832617 4997757
2681947 -3030998
-3008132 -1647598
7305835 -2110138
-4686407 3441502
1590341 -3099956
-8072698 -53314
-2390375 35266
1653494 -477972
-2784188 2093578
2905325 1695684
-2465728 787005
-753006 -2409654
-297449 4221402
787489 -7798016
-2218502 6788250
5992065 -3671236
11726558 965608
3953908 3077611
2218288 -4278867
1152368 -1366496
-6210776 2602126
-5017324 -1066092
4996007 5844105
-2270429 -2256011
2825055 -941327
858700 9481027
369546 -4464012
1623207 3180110
520843 3241293
2296386 5616529
1102609 5907110
965136 903973
3379538 -1012933
3112729 1483619
2432106 -2971765
-936398 -5122685
-7051035 -628555
-1645707 7131578
-1369746 -459569
-1004758 -6838913
2957034 1865585
-3320614 53780
-5915971 -1817323
-3686718 6489184
-722793 -4052903
5884005 -4367152
-5274564 3099137
2016407 -2985564
-196416 -3742164
-3747173 -207870
558401 -1831457
1620513 -2995230
-8215348 -2942549
-5709171 -6728159
3123189 8093284
-9567872 181323
2356140 -2027302
3436321 2602947
-1349466 6411962
6957476 5253948
5903730 -4730187
2139090 -2090031
-6265299 -4830362
2832210 -567225
3796079 -239259
-1878710 3697810
-2036616 -1482261
-52051 2927011
-2106162 -1649885
-4429709 -9012084
-910522 1642376
-6469985 -2554146
-2815136 1717184
-301188 -2895446
-42465 -2274714
-331554 -653596
3216052 4048269
4227892 99864
3020235 480768
-2559261 721310
6414209 -3600495
-7045588 -3397259
-2571509 2490393
1356012 -6763513
2509944 6905077
5637844 -5540862
-67779 1633492
-1835752 -1113202
-6203354 -1213460
-7450867 -3023266
-415203 5179712
1770282 -5884191
2724533 1747114
1612719 -8024362
-4631156 -4267536
6187664 833411
-6067446 -2213718
-2388565 -2725478
-2443065 6155100
-6002496 -4904206
6537585 -86969
2768467 -4307997
7689031 -3624937
-986272 2313665
-3873751 11090095
-3545953 -4646176
-2779403 -1198938
-1102314 -5335100
-750885 -6681703
-3180755 -3506833
-7367252 4724235
-7886795 2525817
-8725947 -4238462
-3132453 4661577
-1536569 -2582757
-2082079 -12323202
7084485 -4366711
-4053710 -3130101
-4761246 -1439123
1784177 2285527
-4067182 -7379887
1374929 2411672
624924 1036564
1426646 4695732
534662 5490745
4431879 -4484034
-2419802 32096
-3918155 -7500724
6405603 1393445
2286375 4297736
-6290020 -6408693
2650605 7947706
-1859718 -438429
-5654082 -1907883
8389955 -1065589
-2262650 -3251315
5112285 -2770815
-5316263 -979956
-4260407 -1690292
3283530 -2611743
-326999 6417986
-4001762 468105
944562 3561849
-109312 3093960
-5883625 -11308468
264976 6638763
7949551 -1377030
-2814412 -1542614
4581790 -5252984
-1837304 -477480
-2869148 -5464134
-3459427 9672801
5631103 -3094607
2694775 -5450572
-57832 -9155372
-1155109 -4123506
-6111157 -2286896
-1269630 -2145739
-2738743 -4681871
-204428 2451530
6064902 -8602283
-5068959 -2200492
3348446 -4941465
-1928170 919304
-49124 3341344
-225190 -5335913
5222206 -3286822
4988161 5355950
4176043 4894748
3121865 -3756708
6830295 1977636
5078318 5822454
2471295 -1773295
2593411 -1561251
4240451 822161
3809076 -7637403
-5530291 -1008965
-3178859 -3329378
-5855542 2983978
-7109962 -851203
-6060420 5301737
4377577 -507935
-4189404 -2630657
-494276 -2910797
4270849 738469
-6434197 -3990758
2375107 4122294
-1251058 5095154
-4216252 502896
-3932269 -1174864
-5500956 379568
1211931 2128064
1934389 1049087
-2630671 3201354
-706847 -6709008
5771001 8733582
-2166919 -2956322
-3209761 7502486
913201 7199566
15458799 4022244
4745474 -1873011
-10104128 1808759
-1212763 -6409589
3480662 -4355228
-2730781 9176713
8523120 4718208
3485643 1106811
-2149377 5394227
6309102 22517
-452209 -4552322
-1656339 2360171
-8344189 -3176190
2474982 10462752
-3513201 -977334
-3932116 -1052177
-843679 2894935
9620827 -9482188
1039244 -2752592
1720504 -3196010
-3874449 1786129
-2594796 -3351839
-133348 -5503613
-753361 73697
-2503918 -1763126
-7623623 430728
-4046820 2379067
2650935 2460555
-4197272 -7121050
-7365662 6662800
539851 -1012507
2172388 6233845
1454958 1966361
-10833554 4777405
-860797 2861162
-8289384 3468058
-2938729 -547529
-5976069 -6804081
389731 568514
-31567 8019359
194889 -1285613
-180303 3432524
5172146 -3933394
488834 3906333
8342394 1002813
-1620486 5486919
5083336 4435645
-2431154 -4583114
-2818027 -1454906
-2179425 9798418
-9071101 -999867
1193656 -2673616
8729857 -1089149
-8201494 3161317
3706154 5881508
9587175 -760716
57514 -1498976
-772872 -4356561
-711648 1049143
-7429778 -2715079
9111840 6021685
8760114 -2425185
4129550 -617811
-8900748 -5823449
998293 -1569468
-46100 -1158684
-3278658 13418728
-1551256 -2700626
-1417427 -3970352
-3504787 -157381
5843562 -402661
7141884 -5628450
-1630994 -3279672
-1084846 289672
-3625532 7003037
2482386 -3624796
995670 1126115
-5705870 1241860
-4905242 -2364478
1706701 -508955
2801743 -1939351
-3999349 -3707203
-4775602 -187857
2865692 -2789422
1494521 1018320
-7031024 3833778
-3906844 5482758
7969895 -3460986
6880372 1373850
4230162 -82118
6425885 -1741037
550610 4552508
-1463564 4565635
-11808887 -2678405
2321799 1716867
514708 4644344
1068306 3703121
-4354283 3404899
2741370 -1173016
-3067286 1149750
-1508763 1528174
-7107766 922929
3164770 2824240
-4066624 3792517
3725611 -1886649
498882 -3069433
-3141308 4669581
-1671909 6909217
-740422 3850085
1087454 1679971
5336315 889454
5167433 -3864911
5734494 -3916872
-5464329 -2518976
-901317 -1515039
9077570 -609288
-275929 -1398978
7655642 694470
-586478 -5377761
7539214 633242
56536 4054183
-1987678 2479395
3270277 8404915
5664501 3679714
2987181 -1858154
-4732964 1187941
-4375072 2888126
4001733 2564996
-3048606 4761754
-1438135 10581831
5480235 2549881
947299 2662681
-2973825 -2177622
6506007 1214567
-1947164 3516637
-1536254 10172643
2603328 1822378
8812660 2914218
-248961 -1873318
1481321 -4525332
7008362 -2391958
-2278860 5351735
5211300 6731302
-5102739 -149264
-475784 1834922
-12564048 -851798
3480751 -7117354
-3332769 7014228
7770084 1887911
-841718 -2613171
-6200781 3290157
-1498098 4830982
-3901864 -11160668
5484740 69025
-2122503 -350435
-2816446 7112689
2345629 1582303
-4203241 2168396
-5327664 3044996
7367242 328934
-6907778 1471462
-5136142 -1801767
-1586588 -3201271
-376278 5541539
11810952 982892
-163403 3796026
-3020828 7316782
-2012688 -1043566
-326862 -721573
577362 2309875
226204 -2773711
3680827 3420001
-5014456 -785852
-2813053 5528991
-2116358 -3909583
5778021 2196507
6186069 -7203278
-3151724 1524123
-8334924 903686
2193024 -1042586
1583977 -8211272
2212980 101070
-424449 -7364812
-2640937 7079863
-1904901 -24525
3951777 1676987
-10062744 -2596983
2695096 -2152535
-1154762 859237
6475583 -5761108
4495244 435258
822755 3586309
-4039142 6046272
-2669610 653748
537014 -6177348
-4987925 -1609892
4106581 -4782307
-3576 -8698728
2381658 5088017
4784217 -3078939
-3805312 -1314043
-13173980 -3127823
-1035269 2206224
-2541850 2939869
-6131606 -10207510
-1643800 3933482
-480254 5997538
-7104720 3988584
1488945 602581
-6332405 1083789
1656971 2258698
-255114 1327094
3822629 171548
7958628 2694732
3263797 -1339245
-297604 -3720722
8271745 -2819241
-1085731 -480115
6548026 -2443603
-1211092 9332605
3669510 5185590
1878792 -1555926
1163173 -2533167
8064175 6405198
2566468 -813210
1713485 -2923380
1573299 -1799873
-8992995 3500525
-4902551 2820966
3535862 4618560
-7675238 5727510
-424909 -85984
1689674 5592458
-1945242 2655536
1092230 1674008
6712365 4347490
605084 -3174459
-1857582 -1890371
2660383 -6383452
988927 4740292
-6566834 1861238
-6379931 -45159
-208359 3622781
-8520463 -605439
1374916 -7603033
4419376 1218739
-988584 -3065305
3885450 -1258301
-3099030 4189449
-3746653 3560237
-2955646 -212906
-7397207 -1543959
3157481 6631742
3867834 -4242252
-1424886 -185872
2651336 2659927
-6818772 -4151267
4976518 -3902349
2334461 -4951560
5752337 -1011853
2285214 -143556
2941773 93123
-1036028 -1241506
6120799 -4413043
-5211001 -9833897
1109048 904265
-1131907 2826669
3477512 -3195630
5588147 -2544839
1864830 -2182840
8291429 -2608210
1554210 -326995
811983 5062453
2719259 938962
1588404 1464948
4296912 8082230
616299 -3664929
-9317672 -3474262
-970428 -517435
3653313 2454993
-7323681 3628095
1411839 582950
114705 -6992354
2459239 4195393
-5850514 -1123142
1003774 1395588
3009678 1182151
-4926860 2045671
67236 -6332381
303457 2484919
-6159238 -7894586
6920037 8701665
-1330754 -4467865
-997381 -1510826
-8131652 -1324269
-5043047 -4954069
1968347 4938799
-1241751 -7679189
3908733 -6431307
-3548854 2859606
-10004361 -4626831
5218631 -1794891
3255756 1252115
-266693 2897402
-4263556 -2107427
-556702 1156897
1988496 -3769639
-2351224 -3844002
4728860 5172957
1946616 -353975
-167663 -6644518
5119484 -5003920
-1024796 -6543606
-788563 5358715
-3072899 3907530
-407798 5108682
-4758341 -2177213
2604272 -4113592
6059829 -376084
-6691462 -1440113
-4005090 -969474
5765697 -7766647
-571761 -3298866
1427236 3085421
8084563 -2622037
3378780 -1553399
-3507954 618035
-1759494 7240858
-3711746 1887610
131122 5792007
2692203 7099533
-407168 -8422551
-3159705 978452
