866726 -70654
899301 -723370
-150142 -803871
913029 -868965
717583 348354
-1124462 -508292
81408 -465326
-1101091 -1122979
-118098 25398
-135707 28428
-323276 410572
514210 75489
-1171315 17895
-253735 263296
-25887 228220
1334942 -367875
-313066 -14740
273188 -567200
-681625 -923774
1146694 331051
-120969 916089
-213100 112394
-255995 448711
1121212 74231
241955 178028
-20517 -293027
5529 191065
-642320 884075
-1130008 -580869
1424399 425576
191021 -843927
75825 -111488
202109 -277330
661225 -216014
702082 299115
-268996 -662786
923109 -654225
-202865 -314124
273478 -25319
-112050 200561
374936 -76991
-152376 560574
513711 -78311
255329 833479
-393340 -437978
955758 34155
1003341 -276855
1048426 57169
-155605 -244678
-403008 680553
-501021 -408132
258556 -211206
-290252 -272930
-106234 -893079
487962 -438161
-1169729 -63253
-612826 278278
480103 184366
-1130269 -110863
373288 -245795
-150897 -252102
848516 -247688
76539 160337
384530 -385226
-716770 204174
-506875 482928
333645 -11016
720870 -20034
-887453 -247349
-471601 783144
-853887 533250
-407059 93482
-573075 284090
151000 -756179
23171 -632258
-245961 -228835
-464194 405474
-24195 726478
-227981 525082
221891 442253
305565 183490
-1353683 -380634
-197389 663868
-282290 -88366
576540 282269
-273410 47257
-639842 751289
-489969 -105597
-186243 -544539
-32047 306043
-161661 -529804
-811673 93935
456474 -758748
73084 929118
9157 243908
-1035410 -776140
439941 -222480
363807 511897
-1238200 -962095
-108762 -132660
-737361 1109037
714602 193654
120518 336657
586409 -379303
-90440 -156527
-166251 -534279
508615 151091
284386 199922
1301287 72514
1235 172896
191480 1250769
-308253 821916
1500327 -755378
597841 -373179
-542338 596579
-306650 -991960
-705710 -591354
860551 777906
331352 306153
-13580 314421
-874832 178790
-828449 -114921
-262192 113465
-1142826 -61923
1026849 -229004
845237 -560961
-269412 -125972
236999 -628350
632173 -177467
-1375510 -124796
59928 162941
137580 446130
483660 500991
-602473 -114891
-246720 855496
287611 497660
122795 133218
-169102 -1038384
38659 -819649
-523391 -296655
1101971 -20130
-177008 581713
62220 -116782
125669 892210
-109825 -463950
-114209 -236492
566908 703032
620961 943408
57424 89354
-533184 -40708
387898 -207970
50489 321561
-455870 -96073
-972750 1041718
-287584 -428509
974733 665963
516736 -77840
844861 -63390
-148305 -37584
-587733 493826
-755664 327733
-34838 723011
448188 542982
-330926 -158558
-369532 38264
184383 -615281
-25910 -388340
167660 807162
465129 -285980
412165 76869
-1633633 -474211
751232 1210209
-315044 400195
-132443 320308
52648 -134822
649602 -542747
-421362 283531
618422 -112273
-66073 -1393454
-921556 -87675
668026 447928
-11893 -691625
-761171 567189
228954 890973
-404929 518335
-397578 -702
-374763 -91197
212618 603361
-435462 608915
55602 -150865
15520 487849
37885 -21035
668373 -127844
-202634 381388
-1609344 -167018
-770060 879996
-115278 462756
375789 -16
481690 -481755
327715 833096
615811 -47450
-36188 612270
-14456 515211
-808761 1074372
-394449 178898
398523 -275858
-110287 -124452
145834 -885246
355534 32191
4462 -254707
514842 79747
-289330 -652579
-894307 -701872
-1846752 -244578
-1013197 535902
117763 151108
467056 -616788
492151 344036
-1632137 -502803
-678295 44721
444938 481032
521271 -375746
-763052 181807
445675 68167
68058 -334745
397964 -1072
219366 -593227
-343282 158930
-1124581 365927
450344 -522532
1108548 -803926
589857 133038
596510 819808
1114002 243522
-575598 394168
878087 739202
299822 248073
-100099 -462668
92882 135116
47128 329569
386737 -421087
347077 -333241
-280851 -122233
34958 -352172
-41496 -840400
-152563 -58994
4835 253159
-262073 144605
569953 227261
728002 495751
237224 -748470
598811 -149969
78448 259680
-63994 190167
260674 -307035
-515346 992405
-229817 133244
-101821 156091
1179805 1171623
-844413 210725
279788 689694
572645 848308
-844802 267536
-887895 188625
226620 11142
-287228 224914
-201481 370434
-956384 70818
1031871 -118988
74538 -605187
-637293 897307
405757 -104272
186431 195149
-249218 905164
-1089540 -396177
220377 178911
-627423 12713
434444 -688267
-297234 218254
-201017 366935
-693112 51247
-775718 479458
1099126 -123185
-209011 462360
-925744 -821557
-264942 714175
729987 -429741
-44588 -13272
1084236 -113129
351262 -130425
800705 868256
-189655 328427
-32087 -206118
-202069 -643183
-34080 -256996
-575873 895338
620085 126300
-268534 -879140
-163768 -150487
869933 -166628
145619 -443113
-10577 86795
-58009 -297743
-829101 -92789
-566591 -94209
700941 734491
-1014996 287965
1257993 -903582
-558057 311346
21550 150681
113715 249911
304505 -119055
-256163 507684
151303 -128899
82584 614029
-291840 -270674
980744 366507
348221 -254993
767273 177203
-1005276 -696582
-113936 -443483
409815 -705036
-62327 -246774
769348 -314031
-416368 229081
318029 233368
-368957 1216593
272832 -389155
-516578 616412
-701928 404584
365503 270242
313522 181759
91913 -909136
-1073514 -677082
203937 -897287
-862342 438435
15748 622756
287447 825263
149027 -360881
175078 -749693
-4714 308435
229870 -68659
501236 -265515
-147089 -657402
-532407 -619559
219737 644961
-251682 143441
266685 33984
1608423 585456
-308231 -587458
-647373 158950
-332912 576436
681364 59751
-379561 19013
664707 -965288
482511 -396246
-88814 444943
-210897 -227095
-76276 -292930
-215080 474986
-219663 717479
-604189 306032
-380226 72191
-461961 -478628
302787 167600
660873 -561114
18602 703200
1033365 -881880
705579 78560
-167336 277092
248218 -181263
-82518 -230390
-346131 225664
31048 -324246
-306629 -194497
349790 -448946
141121 -99777
55147 -208650
701311 -37466
607248 465458
819391 416020
-105868 16884
329510 253383
-226090 -304802
-240633 361525
-142460 662700
-608821 306449
474750 476501
-442366 511783
685917 -338267
259590 -171054
-308430 380242
-120015 -567676
321989 77355
152046 597035
-68280 -460719
1013547 -799928
-621848 -639751
-1009710 -411624
211492 -625497
-744142 -491966
928606 -378399
-411175 392466
-478348 -59651
473384 -430155
-631287 -871270
-726243 552918
665117 686847
-304881 -305528
-928102 -399582
-266674 -13594
709920 506718
331976 322388
-601634 -792615
70526 201953
198650 -901166
-205779 -812632
-327315 -435289
-1217866 344700
-261767 218183
988183 -83770
287622 -213038
-727363 -921313
-645242 311906
-915284 -860601
-968610 227525
-560250 211615
298833 -252207
-496625 428912
216792 -340720
282566 -314668
616084 -216925
358040 -61611
-183881 795340
-417742 -1217726
-30779 -25493
-317597 1058187
-758046 -66283
-246542 -28474
-532467 -41433
366705 73963
-464367 -622171
177655 563869
317960 -328814
336086 147016
111908 -619534
-1319846 -1131404
-106009 218966
-249902 -110663
927517 73507
-253836 663074
52682 -1139749
2089 174539
56565 -340436
-308807 344593
-357214 -579364
822942 -61999
-291512 -451950
-511435 1155348
-290683 -968398
245595 1197816
-594395 239054
-735297 117968
531749 594632
-113969 -258772
117268 -735932
797402 -349701
-49610 509010
-840714 -225548
619695 -628273
247740 120153
448506 -590403
670730 -2059947
368052 -646056
-134195 -357164
-1140979 233852
392914 -144279
707796 1143648
648526 167015
-20858 -548794
192787 91651
-448401 133479
-143241 118826
-447016 227280
-378815 719401
62856 154523
129395 132289
-1460891 702962
723939 -179969
-377853 -534079
127656 285248
237050 -1043212
-304188 668231
145313 3882
-380144 -37366
-414964 516872
454196 -173282
-358016 -190566
-86858 -306023
550746 -186555
-479683 296578
95291 236126
-1038496 1237483
-1197877 363996
-1078706 -299059
-26082 -342779
-976022 142971
1375608 -58705
-128567 218969
271914 662433
59769 -417970
-482289 635550
-1054112 -123708
-459890 378100
1144000 32682
-730365 -454983
78064 -1083235
-335192 -151640
-1013743 -972855
508926 -1181128
449352 388549
-329507 480672
-622214 491234
611379 488470
201134 287663
152847 -156005
312306 123348
272992 651810
76933 -740295
-827933 -190358
-274971 -631951
208300 425260
21266 704958
-366885 -512288
572886 -1279203
-97230 -383751
831238 -2128404
219133 -34094
-59464 -322758
-437915 -492093
-120559 -803636
253718 -736159
530757 -307070
-390744 763953
134844 353349
-307513 -642900
176252 -370608
-1389730 101785
-836362 -360757
274939 750901
168570 -1160833
-40621 -405436
12284 630315
-16547 -438125
-289806 85513
-277093 -142918
-523589 442554
675545 -352441
352917 509357
-692274 -1276648
-472216 -339520
18525 417686
458416 33642
-44612 -453273
-115972 134194
-1040659 325639
91626 -429616
947938 -221676
-323220 738212
-45640 107575
-797558 224883
-470910 121038
-631705 -410565
-262687 -218699
96906 571474
-63459 470544
270463 79772
81641 471435
-363213 89163
57834 -157540
-71627 -491354
-505414 683527
63848 885721
-80407 872854
533754 -822859
-2923 -69907
-232125 109142
552867 -479683
346309 194525
-51658 -201632
-636403 -92755
654406 -384731
673131 -1333692
-800734 -5216
-117074 174233
-411543 -545537
69991 -501374
-414444 -580094
347795 -959062
93192 -134607
-782608 -516076
405070 1169086
-150309 -556721
-284200 -1012496
182417 557542
637967 -646122
-295648 650761
310048 -438703
101843 372649
197003 434852
-746983 -272276
-221242 -191169
357199 -623176
258797 1202844
472413 303136
8747 -38212
577600 268601
-355709 184055
241082 -511907
225248 -114799
542225 56793
400472 -726810
-368298 203724
575500 -314388
-527865 -363492
775804 795033
-203726 -22873
86890 246136
-118580 46051
40906 8753
35050 787140
155050 -59667
-56526 106881
373849 -258257
17955 -600091
1292 70810
256237 -863955
-935254 20022
281744 18775
364060 46833
142780 -763113
-637037 -278072
-265908 652768
-359427 165201
-56883 -1133480
-662532 345395
821297 -294197
-65042 -781939
-142038 93398
-679088 -461063
-67693 160953
-187005 535123
774839 -496632
-503473 -258908
874787 -232351
266622 -481518
-421469 185981
378550 854336
-918339 -284419
431192 101650
-317150 130137
23143 127598
556796 -542776
50109 397122
190069 -323440
620069 -298381
-718323 856482
-126819 -150082
-620163 -117154
-619964 -173566
-47648 -263271
-152444 -599116
402142 625551
273932 -125157
112903 769871
889790 309001
-962352 316165
-405044 -706569
-2957 -794982
-260022 -281806
-817092 -555959
-846179 349156
620380 -139512
-81691 695623
-16294 -232317
-98967 701921
-435271 75784
-358595 27228
-545287 -541399
-41168 256729
-204808 -825844
-208438 877850
-458148 578924
898391 505852
698357 -449446
313485 -147974
65596 56251
918353 -256981
415891 741040
-348099 963491
-371883 -621433
159458 552818
435832 225063
334352 44117
-647036 350432
483736 913308
10395 -353240
-1046485 -724760
-16790 -1046774
-59444 -213176
379108 368162
628901 -978970
606529 -178484
-223122 -311034
751398 164863
465409 28217
792381 -303861
67927 250137
-337111 233906
-1467559 1608451
-259258 445682
-468541 80602
126275 -234254
532233 -441156
133097 -232446
-528781 -609182
174424 -314044
663671 -75371
485672 -93719
752050 447894
-526567 -680854
-364745 31042
-235835 -229712
-839083 -530201
307245 642897
460153 -1063722
202627 288469
476433 -536711
696068 137044
-607098 595217
-124720 -364171
-523874 -279045
112324 -948856
974000 -516423
262105 -370831
-162142 236272
-188805 332227
304779 -857576
-134125 349139
-562512 180310
195324 1127739
426757 945742
317263 211269
-381705 778198
966462 64952
-101577 124604
-398213 252475
126807 121854
-400663 249482
-16715 375692
144695 104391
-688801 365130
-238565 903641
-114546 1006576
475638 440588
126587 383224
52705 -83514
-102250 127930
573550 -276856
865318 -441139
152709 -59628
152529 730791
219208 -136024
754463 677559
-677561 223539
-169890 894981
-206387 272638
425941 40981
-902771 316341
217712 -134884
268657 753816
-980524 -284377
334104 968088
-930525 -1421127
-149313 -440534
334675 -337157
-649243 24172
-948170 154164
-509994 -311324
-50633 578450
540518 488121
-406814 65183
-1029561 -6247
552999 -254508
-191404 -1742041
-22753 -115400
900922 329683
-256051 -787008
-208961 541868
-202045 582308
83279 699815
-412384 1229290
209262 -863856
736354 794373
46655 -773175
-20227 132947
-309399 -371823
-647131 323410
-720064 -212755
-14575 -138214
85792 40167
-29268 -1052100
353630 -217820
-342105 -118416
-734293 -293633
-75314 474356
178308 750561
504476 439755
361183 -49855
236057 -639998
173874 -91755
92856 450199
-450916 349298
968512 -156944
65645 280136
-344953 967033
306168 -577129
854537 21416
-761451 -1029623
-253596 -44083
-203236 107845
-265597 -755530
-317410 436700
292796 478205
-518898 65934
208447 -523730
1392186 323349
758356 33067
460280 1128571
821960 -964428
367454 -419921
-1341989 -719163
1086771 532201
502949 -47391
-197332 31887
763816 -123705
180796 -40631
257527 55946
79079 102234
-629540 246065
404715 -118113
39245 332025
-577341 -181658
921501 -331200
-169172 783229
-87458 512847
52756 167568
-482403 385038
-1042833 582275
-471465 -303986
-1062609 104320
22020 613561
-60158 930842
108909 697245
-134243 -375782
621364 -501504
-215878 325749
-448768 -683362
-702997 436904
125221 486771
-134601 353764
-361702 330022
-81630 -105639
-734907 -625849
-79891 -266273
-205519 -293255
314857 243835
495350 -610649
1074106 -129313
667067 547790
225554 182562
612446 691028
-119584 67683
-831048 296959
-773109 -441314
-753448 -718358
-816129 -495560
85470 419119
34827 257881
-127370 169054
-605766 -425287
-337650 296719
148880 -640648
-293796 -621544
-1215882 -57546
-468606 -859471
-70974 281015
197626 539696
61821 -1036841
-1107094 91389
92683 793825
-304460 -255631
-272232 101368
85917 -291957
-629734 322142
-932405 631060
-10136 89973
840208 -169967
450459 -613617
-58618 -74083
-677607 588943
382706 -1239786
-195869 -607337
-797964 1545854
-366165 -361607
-33125 145744
505418 -621112
-575908 37048
1246464 418768
-112638 236079
36249 479844
-207897 -38653
612409 442574
-163664 414822
-401025 861613
-793 -292705
675035 -266185
-268387 292169
685456 899331
-558579 -716115
64142 108175
65561 -590678
-870091 -91995
41000 -346365
-153711 403341
94723 -157889
-986100 -867973
203963 -750915
618697 -400476
545800 -160185
268002 773803
587161 -814435
519769 -297988
397431 -665777
-87331 247311
-941200 14080
-1283790 -90226
297533 330096
-21121 -217926
73212 348320
673591 -304382
-587779 413256
58 694730
-69798 142906
920711 175312
719972 77945
304311 633395
-741254 585646
261331 -467088
711111 -144188
-721073 964805
59171 93092
281038 453534
-471756 -126671
723695 263640
-442520 225609
-40073 542165
591768 -604758
29332 458715
253772 -204688
-855565 -905261
-908083 314535
-316732 99
26567 590177
407668 -303145
187014 492389
-77839 951773
628758 -84112
329735 312031
-322901 -146708
530666 -712791
-181910 -1461889
307413 -441527
-429697 -133390
-453208 280242
-139832 -261883
428791 -270402
-113933 -182243
412072 98155
-367252 19377
596852 -102657
-45899 235239
-430812 941085
-357 -86501
157219 -148730
-320969 134106
267931 713345
-244970 708112
26184 -880886
-48371 759280
-292550 296085
97592 -356407
135474 -611889
398265 -373606
29122 581760
515422 -66685
-663721 145372
569215 500067
-295770 16093
58931 461434
256737 426341
178924 761384
159945 -108970
-341953 618630
752614 454011
146165 10396
-124724 501491
353141 378058
293918 266147
237704 -773081
-214814 309588
-974951 921730
418494 -1095860
-1105876 723163
-840486 493553
-372149 -912676
14436 -78952
189298 -272399
-706433 -1069306
598022 -319457
-223864 268946
-258086 395827
177863 583545
-37929 -627977
351084 -851468
-811493 169194
680706 205609
373879 657051
573482 29323
135988 -515046
-209267 -596276
76253 835455
115284 614918
-286354 684184
491276 -612561
-691025 172355
-222137 -236253
257946 -311878
-326292 -660611
350976 -876172
328754 -478240
-677376 -130025
-315450 361662
-559379 -11879
461411 193503
3206 -161799
768813 516502
663712 -577414
488189 895255
419971 652105
-152431 46005
-1054074 -1349437
-437912 299190
-187400 -348543
-682286 888039
-160500 -139631
889769 -604324
466716 173946
1004218 507835
-313016 -996084
-88322 -1234285
-101384 -369307
-4341 480268
392562 535758
-555976 -864834
141475 -680543
-422439 186466
-740436 -430601
-56203 315172
-540780 650770
561487 -522980
424629 389936
258220 -45901
-690414 409777
688593 376694
304205 260143
-1314333 -1059525
418132 -132013
211529 98522
15368 259814
-433778 -332497
263154 267961
502248 -94965
1116791 887508
117995 368389
14384 400790
-727166 -223517
-1332457 -506309
-505754 574499
-237761 -506482
992853 -505157
424956 77369
-39193 202759
356130 270845
722300 335644
275028 250057
-940640 68555
-410457 -99873
-1136437 133472
70334 991685
502155 -419292
549744 -92618
-569695 -1054340
347203 123820
-1425793 -29551
-438011 115794
983563 768562
448818 -644097
95533 509254
252276 -512827
-121373 -28926
-471573 700057
-723168 690404
1883783 544335
105916 308202
397878 -390373
68176 30872
52347 268884
-866836 864584
-383696 54173
-419375 592206
150720 -19971
-379333 491567
1003367 -33162
-1046059 621915
227035 -571658
168149 -638474
-330351 783734
121989 -181677
-290581 -64058
-325126 511342
75271 105701
38892 1249369
-760813 -62251
-250863 -186698
-928442 -163824
-377726 477614
-945437 651051
45579 -804967
-1298180 -112078
-67168 310830
213615 -338465
212730 349109
633325 196026
237609 -492150
-744216 -69203
305561 -626790
-533260 792691
-289901 189770
-199202 -1015064
-256591 -647807
554803 -1030285
347329 46774
643588 413791
-104839 607124
139748 -492321
-321722 810399
-181587 -490563
-345526 -440386
-476935 -251261
-97329 512297
-667498 -105246
712039 -3628
305494 -403382
750222 208589
-422122 489845
1067115 -179525
295477 -168029
-185283 227569
58501 -866505
65995 -612059
106923 -4256
-157346 -36493
-115658 -514570
-347236 64471
-608633 574753
143462 373338
1379 -298895
59287 -379860
755302 -140477
795514 -72595
395612 206914
-180577 366221
-621221 182152
274994 989750
-513717 -166643
762205 -78384
420197 708639
-234389 -960443
-1081162 -54137
-11770 -428817
425609 124245
-192796 -6182
-149817 286880
-381288 854356
295959 1129908
1493070 -493423
-615247 709604
63512 -856714
334971 484445
450981 -482978
663239 337355
266720 -103614
-226535 884262
-790634 105295
58030 108241
-112218 324989
-86356 754672
-817395 116338
206527 -693133
-754705 -1127543
-1393210 827668
464967 -138636
-262854 -279737
-39907 -269309
-559834 -599434
659059 -235974
25176 30228
794159 -629807
585019 435467
-145419 519389
-804492 833341
-249081 333350
179547 331886
388611 1122212
-776891 -1116774
-87019 164774
-135093 -45500
86113 363583
-1535729 330037
117651 -281978
931953 683112
205142 -540433
-277266 -487281
-218826 1369200
325008 -326110
-602840 444546
403485 -97453
554412 1106690
232926 -442557
-152758 190318
554984 -824515
-210874 593575
312144 -358571
26665 236126
285541 464674
-440958 -1027893
426491 821880
115464 96954
-894602 536164
225741 289294
319851 -854464
-238884 543654
259766 701741
4002 -482777
-292108 453926
276823 -387266
1030839 77282
28463 1425110
-677396 98984
39500 -170536
-961248 388449
67021 470240
332735 -374862
729326 -67556
-195611 421315
438965 -331830
-317745 -628255
1233829 108039
383613 -402626
1149469 19967
-646892 -351605
464754 -473817
-683398 448748
-387681 -233016
-126218 -731290
-360380 -432
224080 -634468
-467450 -735668
-1169780 327441
716490 -206615
-215919 -182391
-410915 -400115
65985 -125186
-98058 -419959
-124307 -389618
244360 -553036
178349 -209919
1033129 435474
232120 574763
-1042908 502650
372476 183754
-402045 81874
-461522 -407761
-290246 -92149
-232761 -74159
-582822 1223045
-385082 -117120
367328 255586
262330 -653220
122459 -973230
242967 258957
89473 656315
-45147 559479
263159 -395900
-199814 -222974
59425 -727960
-715638 -996537
-678962 147162
-604512 12499
737539 356790
-586589 -63281
-26452 281727
946616 249320
1210946 478748
1067674 79838
119907 -26255
255133 9834
-415921 -644264
740074 790944
-1351066 341653
1059417 -521974
-87117 -432661
-887313 54954
-22964 -44713
-135394 -703209
1122526 -612300
-481102 283959
-887277 511275
63273 10070
74816 -378013
-151732 20946
-657662 28611
39232 -835390
-1284671 709350
557746 -173837
-124923 138183
-375190 -27409
-685450 42397
188670 -61104
-648541 337874
381061 -769363
-266959 -500428
10564 644821
-81205 185331
-203966 826970
-381831 -866265
-248470 -472300
-31724 -362430
-396531 163370
365198 751404
-472826 -392875
693670 -365293
-619717 488414
-299624 -260950
320026 535928
-631781 1106803
539754 -488613
-419041 94468
-201430 -39296
472440 -1453036
-1090168 1062590
-338392 -12320
721407 -622048
-288047 423025
103305 258013
262101 -646561
-1199779 -1028731
451514 270709
650919 300583
-923532 399925
-706558 614192
578746 3228
458120 294545
-262460 -105664
-111297 -5067
58055 -243172
-586904 201688
540429 40689
161607 1345458
590161 451212
-199336 845858
-745619 -709621
903678 -696330
-180539 364143
-678708 -124220
668215 878580
-1086483 -857056
-362287 -289813
951512 -790915
285331 533244
-777685 132388
-319021 398840
276131 572410
53008 -116834
628172 455407
402119 146396
-42965 -670443
-228473 -608365
387316 -790824
544041 -1032580
825259 -452004
-380744 81224
87609 -528568
816467 -407654
681489 373298
-147287 -746067
-571971 -874148
-622499 -337475
828037 167870
533525 -60403
-1079290 40761
-16838 94600
308722 -281180
963844 -142704
445539 602753
-532714 -652115
-156653 247017
840729 -112234
405696 88032
-768601 82673
642172 -307440
147834 -241025
-363227 -868779
1044271 -178149
600191 30962
414750 -176010
238067 222559
-493194 524665
-807309 -86239
-349610 -457142
-259939 -93369
73566 -201488
-77777 -263589
-18278 157881
317339 325895
-49124 -665887
-675712 563415
758024 55800
-978875 444820
-174863 922812
491839 -791131
251572 378847
-203619 -232274
-69237 262914
-930017 -772136
-1900047 247273
-39306 -118474
-369824 833119
1535054 785984
-14275 -685496
-919160 -312505
122641 215932
-454287 240581
-952917 -316468
-159754 32911
-506544 -155835
726648 -414707
705510 -63903
237374 -94651
-372701 -87
4232 35194
-209393 266531
257253 -897705
-974787 -174994
3024 389065
206066 29087
602691 -635418
-353487 -802183
-45624 361934
638260 814270
459122 1551720
803422 469566
358189 -662570
-605772 899577
-27095 -451358
311944 208197
103089 1046515
-90489 -268448
-273798 -106131
-747580 87242
-161250 613278
632508 1039971
212058 -551221
-15627 -113850
67388 -559
-602589 -932947
1006882 468188
400124 -14359
-645075 -114261
-970133 721089
-210557 -418607
310028 -358544
113730 -120714
6124 261190
552147 -247412
473710 651160
-110240 -292874
-473841 -437042
-325498 -339047
118304 -271617
155415 -198283
483146 190910
913214 5769
309929 165746
779344 517823
369147 880196
-889581 58947
493627 374145
-538524 627399
503331 -395397
-279987 489602
-1055053 -729811
448608 -614476
-1509079 353928
203110 748372
-132913 -571157
-97959 -155487
515039 -252002
-187386 -561763
451046 -698574
-823191 186685
-1185378 160536
-291312 -302491
-213362 -412912
327529 621505
-96125 345717
392500 -364917
458782 -35650
-8244 280980
-1086322 126589
249013 750926
10897 -164305
-170411 -201010
-234014 321842
-637671 281523
386745 588530
-488722 66847
-159849 -721768
-331417 -200376
-616373 -70243
1150312 -962028
-403328 -274783
591118 432533
-306317 381303
-132209 613341
-589535 -428755
-339410 -1080110
491245 222693
-111829 498878
-379934 1112847
-1039665 -571947
-569783 -324899
-80460 102703
-199189 130464
-691241 -1150407
728054 261950
1075600 -715249
-146484 -19059
-765466 -1243823
-321493 475736
801974 -101262
1082834 247718
-390882 286104
65384 -348622
893833 -67197
-30624 489345
2070 -455090
-764816 -304651
-519417 81482
-179081 -552263
154340 33221
106491 -694060
-448931 -549093
28870 479695
-1322645 -207146
264143 918600
552245 -716651
-514276 -90843
317652 1006304
269594 334219
389701 -647681
-75267 326341
438035 -45860
959506 351318
201467 56481
-1005529 32553
-423140 -654426
-187308 -538954
1159866 -1215454
292909 326458
-210723 1300670
716297 -429727
-702762 105888
689125 1114302
486440 1046418
-684516 -67883
-218492 376737
684439 729232
-651150 576290
-678185 197235
192892 149165
-433854 337822
-814801 262486
-577306 -481043
504643 891096
1541105 259945
-679172 -159347
-241429 -105533
-145198 -408734
-762230 -857449
-1703 122986
187894 460061
-296016 863745
-166941 -465753
581016 245491
-452497 -88168
-892822 1023961
-161157 -341338
-213856 -82148
-913204 -733051
872601 -910842
-104721 59926
297403 880017
-421150 -294272
-205464 454585
-489699 -11599
495603 -472687
-583527 -631436
-399005 -548425
782726 -652015
999956 39811
-758455 -139829
1023570 469847
-134720 487801
718988 -137451
-550409 -448645
-37906 -325104
1132444 749673
165809 699152
370314 74913
828259 74627
-481443 -1155754
405696 847009
-164006 -677206
66269 777541
1062469 731969
-226367 -361170
527026 610082
-1404151 -697382
-801266 -119298
405289 82426
96858 243476
890758 -187807
-54718 633901
-222905 -22399
44259 356410
189649 143829
-999319 -174171
-639652 121446
227166 85306
-288069 -325799
-622895 -588517
-473077 -47202
-139537 490742
280648 -170409
941674 -652143
657465 191942
-340153 -567046
-159 -334674
318205 580012
10100 -768775
-294067 -133877
505057 -508278
-550007 -16405
-304512 -289281
317272 -182018
555088 -562834
686708 -300336
-403960 -46493
-217647 389570
1178768 288736
182557 -173254
144714 270426
265585 -687097
-294923 -594325
-62220 -445671
-108157 -286475
-217206 -843980
-384844 100003
-592823 689405
1067537 283465
-799974 -676156
-225052 -215943
-334506 595903
-130218 -1314206
-175251 -287981
318047 -1075510
8683 -131912
-528753 112978
255936 1106769
329748 -597098
545112 -555483
-292448 -438873
-591144 891554
669500 158291
595013 -30212
52668 -660322
1083122 -12511
112644 345992
-178867 634705
9340 587213
346176 876710
214976 -145627
-407364 395661
893809 -386892
70318 -210085
-194284 -64852
432763 769909
51430 -116398
-330416 289116
-428559 1021280
128396 -112832
-691037 -70108
18154 -68677
364443 449334
-897321 20559
-339199 -864446
-547404 482821
-142577 126676
184308 -424171
-251596 46806
1087672 -694848
-497366 -1035018
-240478 -516140
-55070 -788964
-10757 306657
-332894 -60703
123639 -214510
-821276 885915
1244689 -65100
-184852 199999
-1144640 153283
-563120 -227353
-1474778 -19258
-686485 794065
-322961 885520
-177594 -1073053
815650 1074189
-66198 470834
135890 -731206
-1097033 794909
-477889 1036114
730562 -233941
3331 10445
68751 369755
496340 127900
533254 -802358
16174 -705925
250946 -378777
-19744 434773
544705 -500980
-93032 -1134524
109932 -36248
-302667 50060
-407402 341446
-599917 -705576
-46580 520400
-45285 612673
-30992 -65032
-220979 -1160357
-148895 483928
-12594 990155
-196622 -298558
-164264 432064
-792557 16464
-784713 -2551
-179446 -800140
-179492 15340
-563334 -141481
114910 -530039
255556 -1081140
88765 -403700
626349 -379316
-297270 131886
354091 -101660
-254717 -223679
555271 -9582
-325220 -94286
7897 359335
713821 100678
535836 2133
396522 -389938
178103 -595694
-113567 -130644
195844 -200710
105005 -829702
734655 -165601
-164938 -54079
-462390 -448163
-73776 380160
-168140 735586
-1627617 -300950
-255769 -402501
55814 -941104
-324207 -948931
-126461 751055
86938 -661230
-78262 -322419
-1009730 -381830
54847 -298968
706046 870647
191113 -905414
173389 172704
-341569 18610
-272558 905999
-268494 78555
-278685 258756
178918 573590
86156 335384
196806 -478838
-593492 -282964
-50311 513265
316473 -645023
390645 700537
-200009 141794
899862 -718554
-203 -156784
682380 213509
-308638 -934562
-600543 30746
395854 339519
125629 1008645
-279454 723325
67003 219412
-471080 -689358
468145 -770701
-57741 -184140
-271595 338028
-498429 298051
163192 862574
-153421 -301602
-560249 1994
827410 934553
1098005 157479
724216 -558694
-605364 338571
-124880 -404649
-675442 -902079
-886 768993
1125852 -909566
166901 -266338
943611 235397
759822 328144
725912 -736159
114678 -587618
-554079 -119662
319210 882692
26269 -57656
517219 144378
96115 -56600
290090 391376
-352668 494862
65331 -319468
-724153 -230389
-496936 -15963
-448612 562766
478828 -26416
274159 474237
319339 422422
-328749 543058
622924 443920
-581304 -237870
-420051 490116
-275966 -80840
104223 -799262
-156931 81893
227334 -399365
737844 -425305
3507 768777
-109958 625034
-938459 1278207
156146 312382
-790034 -280758
-187094 20397
190562 -286127
-122292 -534988
-627267 102318
419661 -371303
282478 296111
-206127 180571
-423132 344451
69203 42047
-91409 -110309
-289802 -269500
216461 897270
-148783 1238648
-211533 239500
314378 554328
171246 -369325
673172 -590734
-159094 -290074
-480164 641672
252578 260924
681019 -209783
967695 191562
-23374 907542
-1250324 -41400
200063 -357513
1159391 -814209
-763113 893733
631469 654444
-1168016 351893
-573208 -153498
58431 -204839
344326 -816486
-412916 136346
583120 -158262
170435 -330851
-170697 921044
200295 -134152
859654 65466
-366938 640801
-951352 -371821
77978 12642
-632880 -264425
575862 352501
-87957 -199527
893120 1029851
861974 -193509
-790580 -415082
-967197 89079
-30463 325136
-156012 -152016
102809 565573
-2990 665777
535868 695825
-431844 150101
504523 -416101
331310 265819
-125825 646117
-994649 319177
705083 119177
280147 896596
-1050594 51177
145792 -31551
-686375 1033362
146735 -106910
49819 131274
-34575 561797
-824807 401129
57695 47311
-541175 -234264
178528 257380
153858 -357131
383893 522447
691383 -826000
543759 747312
-217666 323575
442684 6480
-261742 1047987
-569343 1461165
-465586 -226667
405784 -264874
117317 278885
-105446 312981
269651 81921
-509864 303177
629833 947073
533668 571409
131361 286790
108485 85648
101407 -542999
-73268 -208509
-585322 -387330
65432 -147373
557143 -1160106
619014 528886
69836 -331802
452343 136799
-761281 119347
-19123 598270
738169 -337364
214981 107975
-324979 -229938
517839 393074
-365890 222229
-408027 1083566
139244 -489051
-439890 -579959
-731164 373665
-136162 -704501
250901 1100172
226179 532860
193143 -373085
173292 -169702
-907854 -131321
-134612 448856
-171184 20192
628944 -736080
30704 1533476
-1113961 260542
-931511 -385260
-486835 -972915
-1401288 -34386
396793 191719
328635 -284019
247125 -123452
-485666 -172108
-654231 548218
-252499 650083
-445369 594793
-229029 380489
-205578 -270051
-511384 -918
82403 724503
657560 -1068036
949730 794185
-182681 -155868
-866838 177323
729044 669340
130798 3358
-526237 810195
-372889 171395
589577 75317
419657 -231547
852686 247828
459773 505254
-994582 -711920
-492010 -181423
386505 936957
-1743511 425919
81763 132124
867362 -587211
440949 610360
-67270 -601253
239343 570653
-374388 -579178
178235 1016929
622893 -463666
-419091 -1124243
-515603 -737155
219211 -46211
-253728 -483781
-264179 -256806
104839 -357766
173529 460138
130027 93789
883955 72778
47833 -480578
182443 73517
91285 388040
257548 206514
302537 -62244
598678 -280340
772544 -377057
531647 194383
-125620 1046985
59616 352026
-193375 274974
-478779 350134
-198511 -400886
-292597 -107452
314396 -890290
-200882 -65238
-335589 614310
-468292 70230
154948 -546228
593571 43610
-525143 695739
543638 -203369
27921 454290
228372 -52796
-120777 -76616
-241819 299261
58267 310470
-214561 -159163
-94710 -9475
145666 61235
903861 -251554
216631 -152302
1051531 165727
679177 -958018
419684 -189434
-74913 399900
758755 162850
456642 747212
-114082 -162205
-262193 37561
-1415695 -141512
-60512 87629
-653663 -88812
239549 -553280
-33613 -276413
-121006 354846
526012 354835
578794 597063
464696 -157942
591420 715736
169032 70328
427296 -263748
983302 678675
-825037 -219258
-27803 -147892
37158 -148851
365755 -645141
721774 -982944
-875590 953574
-1378803 311462
7259 -116858
-19008 1290962
-102329 247636
515098 -964089
370944 -1027821
-739667 -77643
-16903 -589761
77506 -667594
567067 -134803
48018 -455355
-405945 -165560
-777685 -83907
226947 419899
372448 78768
-119636 -248535
-315877 166319
294301 -428894
531734 635306
-647541 277538
-626205 -522869
-14537 241258
557493 -592846
358253 -88845
-463655 -211439
-928300 -200313
-53638 -348128
-393193 -150727
-564155 786543
316356 -258023
237797 175028
953777 -524219
-361734 1004848
27530 71618
53727 -342986
590820 -871133
279786 1124636
760725 525239
-561593 230082
690017 -48894
229069 895660
-230567 120868
-1178592 -1157579
111647 309889
841540 -164203
-278692 -998799
25337 -112801
58887 -1176640
-700295 -29103
-49769 201617
-944852 462383
-128439 -101004
361841 508618
-151585 -272316
-50489 -610757
227797 299377
253806 -371606
182975 -51770
354677 -543791
-38143 119868
679438 -526040
213583 485718
1055073 -139541
545597 -392849
23046 106826
-1509315 -328332
-555079 1247437
366025 817661
442998 -227264
-555498 -484908
-197859 543454
-9498 -1230640
427332 834060
-361751 -778463
-180829 55254
379598 -231106
402749 221014
627555 424394
379259 400904
310432 743720
-23600 -61864
-829907 437906
359412 -583193
-319643 -212995
253892 275757
-729500 -642259
79875 -515877
-378886 -159437
-385066 -875042
-720395 -211860
88875 -291177
291383 -96181
-96359 376807
183005 541698
-291190 630426
-828837 1110531
340033 501157
444068 -137281
-59783 -728067
-320918 -610130
-1143323 208137
546503 -54967
252423 -435640
-723935 -482311
-723611 803339
268164 252788
224937 54879
802401 693134
18352 288798
416834 115438
-448977 -536478
105629 438205
239850 -607126
-515177 72248
422420 -337759
114740 99174
625873 93961
822380 -71623
-1104982 -302989
896450 -241990
11857 47360
323300 -226906
-647970 67026
623949 -688886
-93042 1251097
540751 -400805
-492976 545026
-497491 -352425
-1128147 788882
214022 216840
-483626 -800508
-264691 1031441
-136058 230920
43040 659391
-148295 79164
93634 293009
274581 -895837
75545 -706827
-361310 -522528
221867 489302
-227324 359781
886014 -624685
-690948 -585662
71553 -583835
-356532 173708
-475563 381778
740457 271755
-684429 -211688
310179 266809
266161 -176777
975974 -955317
355605 -570983
-327980 354461
-272510 -176743
-850458 -421446
216105 -13155
268274 -477030
-46474 31336
-641014 267807
476683 41279
299084 32854
132559 -306223
-720834 -196433
-22810 -555721
967339 -364753
169235 -454037
428948 999966
1362296 -184322
782334 -133580
-1163779 -46595
705426 -524758
-1317011 507624
326442 108453
-401196 -531451
-180350 -483036
-623270 103641
188801 -79102
-218654 61188
376538 228850
-1040123 1119998
-31822 827901
-525865 16154
-484283 -1047964
-132926 815647
686048 -419206
1070655 373315
-878949 665836
4928 669996
-1393853 -269232
667540 74311
-67855 598466
503278 -540773
-915720 654803
-813412 222994
-598070 -505116
-648125 -672564
99094 -316628
-209000 80288
-198691 666471
341121 294538
-816626 -272085
78609 303806
387393 824361
786391 -351963
484890 -754843
199222 -965425
745571 -148820
307206 732866
-680831 927299
-373200 -52764
240035 -83504
-888385 -426413
380661 621706
504071 -173487
793157 214875
-4944 -158703
811814 1089394
314661 5896
-204368 188007
-734211 -183465
1238784 -655401
-505904 187759
-580775 90062
-432166 -374804
35247 579259
-885211 -311517
-118683 866383
-1012712 468814
-720824 -34010
-333044 227124
-534425 235657
1233569 -246506
-398965 5569
-166948 277675
99080 305992
333947 -481993
-270140 -200349
-331980 -102936
-376576 1007949
723831 -189813
-82100 343187
-97335 59897
-586475 -41622
17652 -589193
-471737 553672
856347 528442
-202905 -588083
-393280 842975
-641085 -339692
-435386 10078
520224 578855
-90552 -335297
-774378 -65149
746284 202106
637300 -594191
-530693 -24068
185833 -823936
236636 -168982
689558 -1479498
617131 -275569
-87008 -81626
281991 -219520
-196865 271946
59257 -433287
-257019 -575441
-53128 -1414
-223455 469655
6841 -530108
-451964 -197839
-25521 407660
-497561 201511
252331 -664882
1473149 76548
661277 1165356
21094 -910984
366596 610840
-772191 71706
-151607 172114
-96400 473770
-997469 106415
403397 310835
818015 130815
184653 547751
-108513 -123165
207906 387351
665079 482884
347858 -1015240
-437616 124593
-408155 138561
1308376 289276
217091 -256707
623289 97202
-1647189 173182
1292935 632966
304815 -992670
160541 293785
-407982 -622666
-345381 619488
-556615 47596
-324017 56987
660698 1008540
-123121 214183
-4469 532049
32853 -1065455
134487 355923
133231 -34060
-806739 -154399
573603 -587598
278232 -399133
611286 333417
864628 799772
-508036 -81628
-21588 -162695
893881 -337799
61630 470130
-514544 559791
-260951 -757927
48774 777111
-212082 -672175
38019 -337752
399775 -1096087
-743451 255518
-77446 -1594839
-106761 83113
1036869 -562090
666418 -724773
511512 29550
-902284 -165000
515146 46678
211488 485780
612965 -611297
181871 -383820
-1045762 297335
559910 368817
-827573 -196217
468560 105020
1367179 750086
398834 361334
-558915 568423
-40193 -365105
533290 -236547
-165983 -625970
630944 212076
951622 769679
8746 175958
-25042 -936765
946156 -40761
-3079 -413206
1109221 -92917
-872945 -48790
388221 -346796
-228493 1007209
703799 862621
-541150 709021
777171 272078
194174 660089
-806808 -218317
706925 -386868
139932 1222838
364118 -56728
757752 631379
-210949 -404104
73359 45552
893099 1185228
-305622 566653
-362664 529079
-485298 -818799
100372 105229
117964 -679457
137284 126990
-441821 -580552
-562610 510811
-644304 306493
1319236 -416125
392398 702078
153383 -316919
1231799 101287
637436 900312
-296203 -186180
4566 -481891
254812 1065157
-231653 -120406
68725 -406616
-639103 -78759
371947 -200243
-350489 -494013
-148157 849161
-221855 -245058
-445073 640526
-294312 -70559
27777 -217505
284392 -41908
-99977 525048
20811 131205
496212 17138
463532 -27423
699865 269517
316624 610186
399238 -48737
109110 476308
590158 192088
212853 63125
-292726 22834
436705 -812641
344552 -217296
-172314 544916
151156 -544448
337212 -927191
301560 1052889
118798 74225
-1086195 -130717
154880 32805
-198821 94321
418105 -740764
-406657 384438
-93747 -719291
-296500 194878
186709 -94331
245942 -125291
-478755 -732119
618409 -181089
-427479 146286
783018 189739
211372 -196789
-76200 151989
-906199 -251159
151693 -115323
277317 -597272
-1501444 192849
127200 202383
-279827 -144141
-1102180 8583
-107852 123350
-629712 848068
-329711 540851
-773841 67289
1253687 -294837
37672 -481206
-226665 -559012
649805 414607
185734 139474
-498142 502850
-574510 -820583
-364469 527984
-386305 510978
-135091 610217
446626 501332
-110666 -156564
-641813 715596
-1382614 -364693
163442 -271334
261709 -274992
-160492 -445585
207026 -144203
549815 419114
58090 182812
90787 -572698
-1030864 -878571
523103 193649
-823238 -643788
-500725 145955
-539562 743266
692703 -9644
726221 146284
844376 17565
-70906 19810
268693 -151327
1481883 -250478
-732474 703172
739973 643789
1178718 1147645
382226 -409354
634356 -105785
-7236 997941
-275676 -429794
-1046240 600485
654511 -180768
141021 821297
-826886 -649984
86034 -375007
-307702 787354
-399196 -276262
-484715 -425286
761779 -290447
317636 -371989
120954 -282717
-373241 -438542
375973 -260465
31784 124815
682031 825354
485798 11114
-391021 4658
95517 -356825
-54257 -718135
1117544 -177248
-804932 809604
-540670 -110844
58156 845913
163680 398396
36091 657580
694255 -735589
334894 -558054
631443 334350
721419 702760
-116013 452270
-190972 -315969
-1274882 502356
70323 -421469
-301389 -528308
888023 -585222
149842 463362
-185207 443064
-252355 -439814
-398499 -595928
-118957 -563868
762644 475501
9842 -600721
-75021 -95072
-66775 -998796
-342368 485023
878790 -418469
-546770 620981
37619 1267412
1251443 674501
-267190 197039
87230 -182060
-395423 -429054
-271928 -613344
-483070 611464
-436910 563289
-429683 -472326
-377469 1090895
-19195 -306707
190535 -326053
285273 -405780
148842 -308283
-31393 -272467
155307 -1228038
-32172 -299616
80091 -339942
-337717 -122935
698409 284730
-1205995 281173
285209 912224
-345978 -360840
-28406 538528
75277 -1033545
186211 64556
13609 -889488
485287 374831
-465599 365375
333150 508222
-598107 518242
345489 -598870
-511455 -213108
173274 -1163692
518592 -608986
323021 -495932
-230011 -49651
-224001 -6674
-286553 -11888
-270865 292450
200602 365896
78641 474794
62868 -238997
-478533 111648
-368219 350263
534766 185593
410204 -400191
270839 -66267
-787688 744361
-33599 319926
-468323 45947
-20512 -904441
-413949 -541913
-1032837 -2468
615788 300754
-407063 -589806
-1286210 1409984
-423117 604151
46281 641805
-791162 -344448
-382948 -433709
93639 881251
-177623 -546989
86960 -1103418
104382 1025901
72282 -49657
-161316 -777292
-22583 290421
56666 255138
51823 -179072
-185610 -267798
189592 552283
734044 55484
1035588 732062
-351688 -235852
52207 488402
-222403 -94619
-1056213 -1103953
-1051359 -89276
-79492 1128329
675838 -570621
684556 -551854
45468 181505
24176 -222652
-451982 272596
-114664 -488598
31603 -280355
-288001 -385169
91689 -145529
749628 840415
958109 88179
540316 -51545
-670314 95285
-724843 61715
24393 109234
317170 -779532
-841058 -149131
-594616 -265671
-500237 159979
-598440 465578
-485207 243096
24041 170511
156226 82224
257313 104819
439517 -86014
618679 -920221
-1167226 -403717
1081242 795689
-336473 229141
-1426572 -165947
-751215 571767
93011 65582
-730113 -420977
-1261774 571912
1057151 371463
-242897 -492440
560675 -122168
-505321 551796
-384197 -833635
-737766 318384
-746202 51178
-158398 -360573
451241 -511970
-725678 20697
437108 504294
273328 507563
-202420 -205840
5901 1278030
474448 -696689
-208056 298653
188454 229417
-1010247 1064814
5465 -445984
398170 689397
350070 -207334
-221607 248721
829321 852645
112425 188931
-89612 703809
346813 -28868
393363 86325
-947535 -365075
-538909 200840
781216 -770064
-107543 -1422862
497446 270755
-447298 -15371
-243996 -998192
328768 101698
-738299 273660
320609 -88815
-228808 104603
-230312 -332406
859646 210557
-1315888 249719
339741 -370147
859964 -861301
-697742 450577
-442597 502589
-188273 -242140
-220908 86085
-486352 -384681
-285494 -110518
889986 881516
448552 -126548
519985 549524
-151182 225700
804450 -1496693
-6266 656348
-407202 573677
-183746 -233128
8666 31779
416078 -771110
152461 -703788
-535708 716142
181033 540270
-492721 -1164380
873125 40639
1087327 -1215617
4621 548434
-332200 574235
-326954 -699456
163992 -309412
-213169 -4563
-753345 -8801
-45179 -195717
-90178 1059186
-182485 -49588
310407 1222666
170881 516250
653269 658465
-96666 215162
-25014 369483
130110 -258904
-157270 191946
-147558 -590339
-343233 406963
-666148 -283865
110786 -185502
936246 -264188
695307 -980950
239901 -249969
-22077 -255504
-49527 -726911
640319 115193
282092 -542737
-485036 726135
-628109 1374966
-314763 -243409
-723779 70250
215836 1048049
225989 -89064
104100 -449328
-489227 -1101794
25510 -708211
62250 -1013474
1118013 -24243
228628 -90700
-137262 -178729
402290 567526
-792540 186371
228982 931561
-361931 1134250
-338064 -474493
-485948 -151818
-119863 -369660
-1241968 151715
357524 975267
1018597 -762908
-247474 -159611
-81832 385091
-123893 -185151
856931 671846
-119675 149863
524802 -334018
288833 766617
-307495 -623746
143449 691883
65188 344237
-81887 -116587
52852 -38361
-250060 -538708
215721 324857
224790 304270
-435547 -1249126
-1000685 -460066
-243156 -331950
633337 -831899
-189227 -64277
-232826 -563564
-283333 9581
-290904 -380214
-882457 -872469
-319574 -740152
274900 100219
88318 -38615
-675854 -227775
172880 48785
1275648 -225675
823524 67554
128320 -135785
145350 788775
322348 -201005
-803432 767640
-90870 -393999
-87713 -163348
235780 568114
-293961 -349211
-222152 -829021
511183 -57765
-278353 -667748
-465786 977419
-358140 -891598
-139036 150809
149749 -532725
-197376 -310918
-134901 153202
695337 -835901
-473854 741951
-294107 -601367
-369470 -266302
388300 -130292
371819 -437180
162710 -873527
-246563 -817357
737467 -345092
464602 331860
132615 104285
13103 -257597
1180370 106726
905949 778875
45317 -553728
365251 -277004
214996 82807
338869 585484
298127 -166218
-5137 -279622
778159 71906
-629488 -166514
300902 -524268
1131639 -1264025
135257 -45643
369192 -821516
-2018037 -829531
232825 16000
-57726 -77630
257686 187530
1034563 -191986
-3018 938606
198141 251850
-606253 -488764
-69694 -355739
516225 385421
588127 -87988
372834 -531551
106913 392580
-440915 203338
-47451 758365
-484310 248474
592669 767406
81383 461951
443049 19700
582198 89737
-399839 611392
-533000 -1061550
-591229 -326603
122024 58618
-446965 228659
-9433 -572703
172733 564785
-200885 528512
-349293 -130752
29211 -210674
-362520 -434555
-626257 82278
192649 -590428
-230849 233548
-512909 -46780
205020 398483
13336 -183955
1147619 -733605
762300 -749845
712786 -462199
99528 258696
269836 -346762
395854 979203
-511242 619384
-135974 -109527
-542672 -639802
-912514 98363
791152 -870646
-358856 277841
-194858 -616366
-875344 108897
-1149823 533283
-293952 320871
811640 437439
-408606 -591543
-648038 414216
-754691 163095
-9314 -873656
615619 1550420
-287444 -503571
445473 713296
298349 641553
-495656 80486
1055658 362288
301632 -351430
-835434 -1023962
1005848 -154997
-294059 -906898
-609373 -431890
-111729 -102074
-371368 536764
-634777 423974
-836342 -273720
-258035 -304911
-674944 8841
309407 669024
-383086 -403540
481811 -568119
76583 657861
-51836 40585
-391030 -248534
302814 -367413
284684 411267
-479239 284900
-241550 543221
-639787 -79188
425102 -205305
-427703 213317
327010 -334427
-432256 122254
1074875 -224273
-205812 -300478
100451 -599175
-894717 -247442
485710 -441704
-609972 -478020
521947 -547866
219214 320738
-268195 -450673
201360 -585827
-364877 -28843
-329368 -138485
-302840 570679
1008331 219492
1263597 -981998
-83119 -583918
-170433 170320
-402069 96883
-825154 -480191
412418 376518
1246225 -1047017
-441203 -560195
-671478 -203629
765293 230822
-308628 271735
-289056 378871
-211899 67454
-442995 205672
-188476 -335539
-151484 -740004
999653 -1003022
69491 386318
-317227 -367625
-268738 -251828
373292 146780
45853 -362605
-37740 -578395
133807 -900204
-322956 795254
354293 127100
-9792 342006
-24903 564523
1570 318094
-637788 86328
-699294 -638205
-226520 -710071
-354482 -924723
218033 -779266
-598303 539453
558306 706744
-292351 102134
-695755 681227
-241093 83693
588652 1277
131743 -37072
-352906 209242
258800 881490
175281 590545
-90315 -500657
-82313 -935565
-396041 470489
-745518 -258740
-771599 377669
-107265 357041
315246 -174660
161122 -120088
642933 -247487
151375 343530
-1236584 -38266
-238135 606529
-334275 -718338
-387574 1066659
366036 703523
-123929 -121791
217745 19131
68225 221476
-542813 418067
-21354 -204451
-826616 195942
-9042 947018
540343 777781
343242 566370
200428 -714091
329156 306609
-837691 432787
90882 600186
257624 -175230
2107 -109289
-626505 -198894
-29744 -98307
-95981 -409590
67182 158994
521782 -720093
592516 -501139
-1179969 31595
-200436 13355
-210487 -141451
-902686 332521
1087977 154766
-191726 743019
164254 189467
-569587 -68276
1226658 -1130300
-478187 514735
-380250 -157240
-1399240 -1085802
221865 -454512
-343369 -356682
-425921 106488
-418953 -819917
-421423 327313
-247143 713202
-9881 -274560
232962 389343
867479 -663868
630491 689445
-450015 291483
28898 53823
-237172 453686
1343659 737118
654213 322779
-116590 599919
692306 35130
-1274946 449073
-997932 545663
-623698 -615450
-998215 16736
-311408 -41159
561297 -1051889
550170 202185
67528 423842
700149 72844
-158747 -688319
-587022 154708
-760405 -744582
-611847 566060
-161322 1105636
-574965 800880
929122 -92493
-402321 1456256
-583466 -264396
-512607 -936891
-94938 602471
-777502 100236
-161990 1177041
-178805 411133
444643 20303
-253463 202617
1288454 -385380
-134321 469571
-40867 -719655
518370 472863
59527 155336
669460 -568947
-467011 -213862
833315 -302644
-97256 212857
-1032615 -103559
825763 627973
61114 -52979
-200074 901692
157200 722387
-377961 294940
-207825 -316772
73312 911126
-22796 96235
-758937 710875
26111 -1426708
431155 284215
-26347 -395495
-70940 -217008
-137972 1019624
317598 -941660
-1087597 -654546
-317267 251615
442375 625322
-112988 253605
352536 -1083003
-369453 -437516
49976 27728
-285133 833512
-652991 -225029
-224682 373912
-1300462 -733885
244782 232706
-372127 -296219
392524 310551
659201 646549
-931438 -505552
123083 -231305
1407590 137348
211419 -353893
147045 -400327
1215796 94263
-401044 274153
1045443 -448462
-509265 -529154
-170406 -246332
-738036 1145278
-165407 293159
-185837 457262
633845 -495328
-263142 -248284
141887 386926
-384832 -210521
168660 464826
-25539 -125338
-418739 -466023
807925 628356
38854 123562
-523253 181304
54438 269156
580109 -532690
1060931 528145
-530657 358765
150421 857928
-185939 255455
-43757 42447
-269793 174961
295094 1049305
-1419151 -348891
1110755 619746
-418088 -302411
524495 -374336
188118 -557058
402154 76000
308557 600258
-108750 -274634
228906 -85444
42367 1254814
-187431 708717
310920 -84746
-556522 1026862
-476344 467436
-85855 -16644
503870 -471298
-173797 -951624
39748 -351677
266823 87931
290493 -900418
907759 512599
619760 -734422
115600 626097
47841 -282325
182689 -944870
125352 102238
530000 62567
49588 -237570
873675 123192
-826727 -1075230
-805448 -208125
-828671 614024
-952932 -45472
-996926 -1174823
487186 -425381
1395928 445771
416133 70816
773720 -929111
605218 -197633
84766 72383
1094779 -216258
181018 667320
-2035691 364805
-400237 -324247
-950723 103295
-60333 -793825
-499122 -1094195
256423 867508
-243801 191082
726398 -606316
-345949 259083
157559 320505
400577 -61402
608239 -335316
-592315 -25980
353346 544829
499907 180571
-1231019 -521665
213080 -268508
9027 -35993
356945 -232487
534474 -132777
556531 738802
-203105 894465
-735206 269063
-321095 624565
-98313 -54421
309541 665056
623520 1010827
375852 997721
-578782 -431233
-248996 -1397
-543057 314638
461376 -126459
189290 54205
1397909 90941
744809 494769
185554 343311
274976 -680147
-184806 -436016
-382545 235330
206350 493196
874031 110903
-489240 -915830
-621926 430117
305006 -943570
394599 183097
-157409 -872973
-116862 -129265
189787 431247
174306 127247
132098 -684362
-270670 -272066
609532 -425848
-660045 803321
422664 115357
649818 32337
-378511 -16344
-169784 1119914
153977 -323909
-818233 734317
-173392 -320616
-381076 1074925
-222280 -613365
-1351601 -888351
-621376 -403620
752643 847613
-529995 63216
104452 93589
973391 -550402
-797011 -4604
413594 -504307
181052 372827
-48850 -219500
443014 484347
-328748 -425637
359751 538161
110404 169492
914939 255125
-133665 -88103
-646038 72970
-437861 -1115499
223908 313048
-342238 -140444
285286 516261
-264561 -1115505
-33518 -440045
-888891 268439
-874970 -213430
-155867 70950
-997185 639764
1116722 870138
-290820 -314459
245212 192830
-843979 420831
-362497 26986
302732 -440923
-648815 -48672
-209383 288460
927874 659490
68590 15195
968299 -588310
855678 -43978
-395530 297446
-747713 1095755
-773030 -358926
418941 20489
-611965 -150574
544998 455631
116820 560372
-62214 -421133
215752 -1023117
52155 -1065285
-532732 -111453
-285127 49922
-89214 -509193
-396889 -787519
685865 -87935
121361 562086
-1019200 -88349
-463398 285771
704947 657243
-216270 -244339
122168 -333588
-2661 1671937
-78738 342818
133464 634
-314673 -22773
685305 199234
-1079127 -400516
-284606 -94278
-398683 1115217
348047 -445980
577234 -170778
713606 -181045
341978 -1598560
-904234 592902
-127996 -507824
-448801 -450592
-595951 79332
-165139 414412
658453 599459
76389 -1148359
34928 -937646
149609 2131
-385496 -476114
-530273 -335799
-247597 -196922
-523207 -313052
-161151 343910
-87296 -447517
-759183 -753620
-169571 70874
962304 66187
669768 -613593
985747 -697957
352888 -141603
-114999 -350924
-283821 -1012166
-556779 56628
857521 819314
164459 454293
-110808 -228441
430387 91005
-119228 -471730
1307863 400591
257950 219711
182456 276525
582226 44869
-25194 -473742
187131 -170949
77552 453421
-69942 -235511
-208691 106446
-418502 -197162
-107001 80466
-1473117 -452621
434083 -1052427
257396 -547548
62525 266053
273944 -635594
-148473 157448
521844 253306
-246289 -534758
-365043 -370186
-11207 814246
132427 -78652
917107 233504
-214786 -620570
-545077 417477
-618767 339589
-665451 -201501
-374911 -455683
-643684 779947
202203 72259
232907 55885
129560 283126
-609223 49691
-99466 -11934
-107342 -311460
128008 21814
85115 -344424
908298 -403497
47712 1875
101935 242103
-606276 -16884
519683 547947
-900435 21589
938159 -827501
871300 -139113
-289609 109555
584453 -495505
-283037 -599713
406524 108576
805291 413657
187071 672044
-264805 157848
-28362 237186
144223 605215
79184 -108852
-1764536 -501141
-657301 -155017
-151036 -265573
-316864 52814
-8722 -716937
-216585 281872
-382529 -100414
231478 -570320
-8542 -284045
-29510 648276
113441 -539740
-303418 -428972
748976 431426
366086 -1343875
-357644 985843
-545113 37239
-595071 162098
-116190 -352648
299962 -358695
843492 100657
306450 -86557
-630690 -736149
218799 -17063
-288725 571040
-111458 -66506
-650615 -262619
-4302 879933
-428858 505376
-291039 1055997
-633443 -271886
-209076 -652593
-580930 -34698
-721103 143516
-633921 -285508
421287 396995
-10586 819418
5360 -1348478
-134434 -374199
5286 597283
-450769 -1519864
667479 -571185
-215864 626513
122410 360742
805832 -333478
-141029 154920
-428651 1246060
375959 262370
-306497 -132784
698021 393095
-10181 -226175
-441887 174633
-45657 -393071
66966 559311
-1128472 -83238
181636 388814
-242843 -297560
-41950 917231
95037 -325731
185594 237417
248328 104329
-512414 -186057
-153494 507825
-675359 141170
-398491 -151715
-471597 412772
49714 -1077110
-955924 -354072
123827 364946
523116 -399568
660630 460298
525653 684831
76478 -151099
586862 -17279
-392868 746139
-516945 -24301
14928 92735
287158 376010
250327 -719025
-797581 -857627
1292013 26845
-864755 619520
-921309 232656
-853808 -244122
-175869 946110
271435 165842
82450 -900400
-315969 -852531
-706291 326508
-2736 -183506
214153 -155390
-390734 478751
-26606 352757
-355876 192182
-24301 335762
-430003 -122386
-85022 721841
-191111 56523
-224711 175036
96104 214425
-957645 -181187
357089 -921702
736995 -30560
185339 386843
263918 -701793
239003 -134626
-66732 -359560
78033 -33476
923313 147476
170601 -365067
-193511 -436811
270657 -353758
-276105 -725920
-378932 812868
320045 137307
432462 337035
62943 433924
-159389 593257
1062638 607536
98076 595823
282761 -650925
637737 -172434
629641 -182474
547748 459378
123151 346586
-120397 -359668
147584 20005
-391599 -393350
-7816 768320
-44732 645999
919003 -481100
671372 -296432
-273669 247850
546244 596773
-728961 388160
-22150 -1289403
-540518 -456170
603112 -84256
-433296 -735193
230657 290267
-251871 -508906
363358 776307
417923 -115051
-530429 -380454
-434896 292688
-346018 -357629
295976 -260707
523019 -496625
-191580 -507595
116387 -446576
505259 474202
-1288356 -274058
696175 236600
445981 -519397
97398 -354272
-658913 -285217
782730 337935
400934 604020
426747 -35865
115822 463132
440524 713657
248309 -740111
370012 305797
781606 -99440
194978 340751
736730 -399840
-779788 515356
153214 -277086
415840 -215345
-565223 231137
-319385 266153
-208750 -11871
-867095 987913
375720 -186223
-252026 1015054
400804 -716003
572201 43178
436229 685989
593211 415391
280413 -707486
412243 251062
-108770 46405
-543278 308837
76774 -217146
105928 -171052
832124 622715
-220089 165993
-198423 91951
-730457 -82452
323092 -99586
1052023 -388258
-847149 94103
-244687 499174
-316843 -447249
460467 336130
184072 -326954
-218523 215339
-342773 -35386
-1183243 -680231
628210 169896
-200506 419251
-246136 -772072
-288186 485668
480108 -279805
-4284 -205832
76238 119492
-401341 -394462
-299770 -17872
-137073 76147
-379287 193563
-694244 285751
-322242 -224811
503530 -384530
-48023 1475258
-30681 755710
1075210 108568
-368826 70116
-413240 605161
777311 -946909
-454150 -1019302
185635 288610
-1245742 -321614
-170022 84606
-1105007 -197392
-548592 465630
-750469 -612767
96177 783994
-162747 -369557
42408 -86591
1020475 -48305
141932 -291231
520303 -180191
594521 379683
494555 -209366
-138387 -104840
802555 -395808
-212699 -1077437
552994 -207328
-1433351 342980
135348 -239659
-459250 -31922
-564050 -249027
18697 1392199
533524 -300526
-245819 -769725
535053 80596
114347 -95035
-840538 -902098
-458346 -1088654
290002 -566595
-88712 570491
-161275 351123
63151 1266500
-209273 478810
148775 -125916
282550 -506407
136912 -201269
-112696 -170341
-140526 -91564
408615 -104745
455881 345303
795200 -63560
65001 29175
641866 -393828
404552 356171
252680 -9089
-58150 -228620
711673 -560250
-611401 -1195729
388768 -227857
57010 -7917
64533 -649023
202993 524405
-517116 -50943
-244133 -502638
-389432 -316720
487283 -73437
452752 -712967
-945997 460012
-256988 -116416
1563052 433510
-289601 -20896
-127641 416925
-139230 -95044
581346 265873
-738615 -165998
-276485 -679024
581171 572637
854855 391225
465514 -399176
-157580 -1325241
937462 193445
-8071 409554
-642486 105072
721763 468695
185012 71576
-598516 -46901
-168614 -970397
389202 186460
-233801 -21396
1019334 -484823
-95833 463716
604765 244036
-430639 195748
-448544 1080963
347006 -541192
54725 -885432
336400 669587
422791 343325
-87896 -339169
612576 329889
-241784 71063
503667 -320021
70535 -652070
888739 -100930
-299570 -566473
-53747 45602
189223 -354822
834537 -467409
1329208 -65420
-277755 -1122561
62274 345845
-111481 26745
156606 -282128
-1110787 361756
343743 -442815
153022 -144208
-71333 514649
-84733 755241
-493489 165627
104594 503373
251023 253024
-228012 -1568180
69517 -180382
166166 197596
-363121 211556
-730867 906109
996084 -418940
-220084 -548286
527122 -210800
-191653 -240283
1209025 -433074
-275833 -25490
-497226 -717915
880351 473645
-593777 -438718
-177235 89159
216060 256659
-492552 352465
399595 560481
-315624 -377154
765194 -324554
-454256 959288
382044 -646518
-610156 645495
-589027 -532471
-70924 202268
-58529 500468
-198266 154998
-1235321 420353
-481700 -567981
-339112 -60541
-358929 741344
-331086 -850436
303247 853543
-248668 328813
-532405 -532287
171045 52934
-24330 510218
-793786 -449347
-626134 120898
-912067 -285553
-287766 184871
531532 -1005201
364769 904178
412145 559094
-374507 -304826
390379 -198558
-238117 81756
172722 -1018582
556813 -195435
251621 -892336
629823 -356921
613917 533657
508868 -63385
394842 577992
153302 400287
-431780 -304419
-346979 -513576
-165749 -22999
-127233 -169145
-393857 -392700
-30082 754478
-937760 -329008
-372827 -447375
214924 -203629
-318148 150028
1125092 580237
930247 762215
-235336 -213103
-425945 -586653
780312 661895
430578 -650257
-360089 -497779
729701 442243
279496 627495
-109160 -193475
-537777 166667
94741 275045
-315211 271490
23272 -422945
-288340 318506
238126 -395515
435138 -234053
-986234 821778
-1174305 -481614
-931310 -127552
-776271 -1362893
-479446 -386168
-461950 -616308
592792 191936
182732 -597790
458058 427024
-436845 -57586
273582 -345946
-642555 -91650
-1946 -455055
-140731 -47799
471811 -444328
202084 193296
-269851 436580
162020 -592146
-272099 116010
149084 557778
-311991 622281
-554800 623177
255951 -358812
-378007 -285048
-368379 633934
-208958 3754
231740 -814477
848983 -198089
-140966 -599141
754315 302227
473265 228676
321662 -562703
133251 46280
-1355952 -258161
-1308336 -407852
-757463 69357
124445 366046
548618 -629857
-296731 1903647
668507 710058
-748799 34188
-24262 -997297
-148795 -463730
779304 784296
492098 187520
-341580 94441
43382 -83902
510771 -98959
165002 278996
-250764 -50764
410602 189773
-409529 630604
51455 885505
-765051 359584
-220722 -67221
-630207 -428549
500028 626061
20924 54301
-619435 -719638
504212 19596
508102 68529
-45091 109038
-112717 171591
-55385 1340155
385438 394927
-453965 442137
296507 -322247
-1083740 -524584
-55347 -771976
-846515 120733
247571 823718
-566935 15886
19885 -441613
161028 425420
300871 -474087
279582 -1000602
-498343 205774
930409 -975122
176350 1295577
-613342 -474330
-616491 518216
524416 -306454
-156776 -185470
478889 1182342
-481419 695930
10610 -199509
1107334 530762
-261539 566786
816493 -520527
-706847 -252836
414914 -81503
40148 139257
-343268 194549
637560 -552707
-522483 1438674
1244675 350627
-416916 621181
39940 162976
278664 -316717
-253660 -855142
610482 383058
446904 -338509
90289 393691
-788793 332671
490147 -723060
-316839 935455
334621 293442
-333887 493762
131703 310417
487472 -186042
903121 -2418
-220193 -230663
95063 -1218251
-366586 -962516
858373 -55867
-102327 27065
572786 -40149
-251031 -120587
-356861 378536
-15754 113837
-16818 -527227
-129548 -105137
31383 -444442
708855 -119524
-188154 -89368
688285 847169
-630274 -550551
-492351 1032366
93748 -168855
16159 166930
375047 -455679
1081160 208319
401477 250287
710538 742309
320964 376625
470443 397688
-229566 40737
-361940 397398
-364959 823416
58400 345308
332195 -709765
155501 479916
-43389 -27331
325957 -8655
-414132 194074
270117 260542
657345 -82725
235285 378913
1240950 333223
-757311 -200990
632992 -518456
-566547 -9797
114708 557353
-383174 106033
435204 -224342
772793 10240
-447739 -78075
-44039 348585
-431065 -744256
-314568 -105914
-475948 -507420
-48613 -652132
404987 -179006
482407 495081
271090 301539
580959 1319168
-684574 -655322
473286 575636
-1105306 399858
-158228 81377
