-3367161 -1329549
3911309 -2293041
-2229696 -316374
1421869 9466970
4314688 5852402
-1878862 -2006990
-9116445 321466
-3403264 -6620986
7949974 837453
3238688 2044798
6605578 -1408597
-4770325 -1018059
2515041 -201171
-5018004 2816956
210087 -3875334
3083055 4652813
-7342416 -4944186
-885629 -7819623
3845882 3901123
-6829753 -4980491
55828 4784230
-3566359 -6836283
-1966687 7329542
8241068 2721349
8146294 -7471794
-4043956 -549859
-3670642 -3644284
-1437639 -4032283
87322 -4615627
-1003363 2565917
2775013 740962
2132152 5440010
-1237656 -921470
307002 -2722051
-2839123 5206260
-698885 7332995
6358895 1489440
-3670320 -2473267
-2463692 2363263
1256091 -234707
-1057440 6162136
5091782 -7641744
-634554 1126090
5027850 -4185368
-5282328 5181336
-1430505 3271177
5153094 11585557
60373 4635966
10518344 4461144
1676972 -1791268
-808647 -1909359
-1230802 2372830
-2942493 -3616435
-455347 282114
-1811102 281717
5669619 2141628
5110680 -1886934
-2239284 -3611918
-34763 994439
890604 3897801
2296839 9801662
-351674 -6347909
-1981073 -1191291
-8819809 1371715
1833619 -4334652
10748291 -7630727
1983096 -142517
-2422273 -10359257
1810105 -9375755
3097356 2297579
-1250549 -3897362
3430350 60932
-2630427 -3565417
12800978 4122563
-6767741 -4039714
-1836026 8280264
3426105 186294
-1328148 -1886552
546569 -307396
88975 -3420125
1416035 -1550345
-326229 -2588328
-2061587 -6430073
-3604378 5595681
-2042812 -5789347
-6453350 3194949
-5274267 -6950159
-863810 5484589
1322169 2086452
3963881 -5053466
3168473 3364207
-4177567 -776266
-2637312 7668208
-3705054 1307381
6625680 -3464684
941390 2581963
-1486463 1300116
132032 257032
-3488299 -2185390
-9011641 4694425
2658648 -574310
-1395560 -5362388
-6301092 1752421
-1985138 -1093483
-10411902 374499
7600185 4862383
2454746 1002143
-1753504 -4795964
-10621551 2746223
5747818 1226285
2502750 -6429166
-7903496 -1514045
-162320 -1106052
-1573504 3829849
4141868 1891756
-3037309 -2074289
-392522 -47441
-777001 -1458662
-15550 8265477
-301984 4263853
2176395 112684
3960951 -1973710
-2078697 7814209
5378904 5525552
2476011 1520455
-6314687 -4872264
-452653 8799986
4075251 4630208
5983446 -3752754
-4067827 -2861953
6196145 -6458675
1638740 2028551
-1557313 3224379
-1064971 10399913
-3876085 -9315726
1352724 3748354
-1241599 -5198566
-1166790 -4322731
-2837545 -2915320
1487868 -1112036
475192 3595936
-3865678 -5063653
-1380252 -7472807
-4049848 4148800
-4376594 3540082
6432284 3308510
949166 -2906654
1519545 -5476440
-4927883 -1612654
-5507748 -3173851
-4663602 400999
13019422 5745010
2215467 2489690
-8338262 2242275
5416278 3918966
10407494 -1872747
-1775442 -2810495
2710949 3791916
833766 -5153866
-5147956 -1016210
-3727640 5091901
-2035792 5629836
5058271 -4915365
1026980 1457318
-6096523 2638443
-612837 -3601799
-3990538 -7718814
-6212719 5206781
449650 -7462331
-5931388 3646977
-7429116 2686456
-4958178 7126474
-755083 1279414
7589165 232912
5379205 -2714974
-314066 656165
-2819048 4553293
-3337076 3363752
5617632 -6831158
1431804 1274275
-1358414 -3559992
-1409339 -2130223
4409382 9448921
1943796 -1071890
5132854 5781735
9205595 2242874
-4369151 904412
-1632674 -4563638
-6276554 -99538
-2469798 451115
-5986745 -4467204
-1405313 -6169645
7203175 -2426761
-2285646 7618368
-6570340 3536015
-267605 3912381
5031227 4243529
4137655 3590133
-828844 8972873
-3259894 -2678253
10275104 -3103945
5134137 -2509079
-274541 -2151191
-927980 -2385289
6490213 -3718624
-7197907 -5939137
7501376 1945519
-3069968 5021467
858893 -63213
-3719808 -7612909
2198491 -8906625
-8025081 -3073166
-7378204 2141650
9459316 2813690
-3142367 2024222
4689531 -1276126
-2558939 3699230
-5159 -6307852
-10584080 4521046
-2858408 1642180
-9646762 4443516
1752730 -3672508
-1511166 7506387
-10902515 -4103060
2497281 5062305
6560097 10413720
3210434 3395643
-1426895 -3176915
-4068023 -4945825
8923 -4674455
2545251 -1588471
6795059 -522998
7993908 -794331
4973069 4655879
6425639 -2698739
-3898382 3175120
2315587 -6845390
3984488 -2940894
-2000829 3510986
2918054 -2462515
2487511 1042245
-3163456 6044788
-1915596 722994
-500732 878031
-1638201 -2458413
2524834 2213056
-6098006 1663509
-2165745 1156259
7346872 5680302
-2581465 2755184
-220872 213342
-5401300 2535554
-2299104 1450265
-1405381 -3511647
-1209884 -6373775
-2141523 4393106
1849055 -2478443
1851355 3768473
7752406 4741302
-1378269 -10883102
1273542 163826
189340 2682670
9138939 -3634318
-194152 -3733850
1510707 -5973414
3513933 -4257132
-3034156 -3665000
-1764010 -3506958
7528532 -2299117
3683777 973596
-1744766 517277
2427183 -8803085
-4337675 2723820
-4108985 -5115925
7092817 -428693
-2660066 -4112615
732064 -3032463
2929403 4577940
7693528 3308231
3547179 2284772
-2341002 111484
-907476 -1386479
-524251 2338846
2500930 318087
-89538 7617384
230189 3025462
-6998295 -1390532
-366078 5158619
-692099 1030344
6431847 -1920864
-1647938 1398280
6151455 575952
-2171726 2641465
4945758 -3778173
38596 1134989
258224 4628147
5362678 10253293
967295 -2061282
-3169357 5507727
-1675217 -2079252
-6829822 613285
-3905102 10243552
-3062588 5818238
-1676505 -1989498
7512350 -1564306
-9752667 492218
2791730 6376078
-8596165 1043675
1465729 -1172332
-1662249 2283213
-3501842 -945801
-3939496 -4166382
6533700 4154080
786453 -770022
5664873 -3858118
-882895 -10928176
917677 -3467765
1380498 -1249210
3350941 -1192551
5386554 -1284729
796663 1607668
-5188191 -1674957
-856208 -8191509
3466909 -73391
-1369821 -4066443
730748 3927447
-142895 4734980
5775886 6737756
-4389909 -4194228
3721635 -3927355
707724 -5672843
-5951652 -25898
-3997972 -1241192
-3759675 9173764
-7420 1583891
-1340217 4708529
-5445194 -8047362
-2073141 -1009781
7075597 10802211
7655953 -1650357
-6336933 1763300
-2602470 -3384766
5555381 -1492887
-214592 2498296
-503581 -3928805
-2519966 325377
-609263 1899658
-2378598 2457040
3728781 -2940975
2136540 -951578
-1971807 -1436165
-1631523 -1145343
-4705388 -605940
190060 -3760422
4185645 -5732378
-5704099 -463106
1862721 -7178604
375133 -2722726
2444123 -757250
16759 1672807
2069227 2659563
350687 -4028220
-4530495 3677351
1532236 -708111
1035063 3152538
2374823 -966756
646922 -175856
4546484 -1534355
-5932824 2773596
-3679254 -7688856
-5128498 -1567159
-2050802 -1048654
-3547133 1184530
6181528 -1853848
2083124 586934
5731175 -8333533
3803407 -6400948
6162936 -3034897
-2481566 5079157
-6426625 -3690218
2602802 -10010020
-4282945 5795564
-1959852 6888497
5360209 -7469721
-3302924 3436470
-2384629 -3429535
-516939 1116519
1563404 6655173
-1899249 -2242339
-2685031 624059
2317703 -10237686
-5167976 -4461106
-1679836 3905673
-1460111 2020731
-1139700 -6564041
-496424 -11136479
-2126017 -524507
2541626 6456945
-6173155 -318319
-6763564 -652259
3081748 1275699
3452978 2188334
2155444 871404
-2623306 -3414775
-3070683 -3857798
-1094895 -1518832
3462451 -1038692
-7176053 3485506
-3474977 -1348454
437835 9698127
748506 -9713309
247624 3686
3796486 -8171686
1580467 -8123867
-2310828 3723121
-3938847 3532098
3534883 760365
7645091 2186986
-1311229 5834933
-6816525 4178920
-294878 -5628740
1090763 -9805621
903723 9713545
-2597896 -6886353
1131733 1641265
2615673 892504
1756863 -3446518
205465 -849302
1986929 7439582
-5313879 -186890
5593463 4838733
-1674372 -1077248
-4586299 -1767504
6046013 4645536
5046080 -4156721
2642865 -4811675
-83491 -174630
-1616228 -1955949
2340966 145833
-7978014 4559570
-10221627 970494
7252896 -6697054
3674167 -2963620
-1772973 3303852
1309017 2444570
2347399 3403089
3227978 2038795
-3029351 -5514492
6037943 -302747
1669706 1823220
833728 -1337865
-6896903 -412781
6500933 5709513
4285997 -4861587
-637040 1409773
5572870 6345873
7413017 -3686021
1249424 -3917705
1910463 5433661
-4476410 3109276
-2296853 4366640
1059444 5944111
6022558 2456556
1619639 2046153
2858005 1314361
6209346 4156499
-2996970 2953587
-597594 4787419
-574633 4053722
3775694 -3136120
-1358022 -9169287
4996278 62909
1788280 -4790329
-2930837 -440349
7947050 3096414
-5040940 3683846
-539393 -4588855
-4082926 7111041
-894181 4282921
-5400786 2426069
1455362 -7997493
-805377 -4517030
47088 -946046
-86550 722364
10396326 2231146
-3078972 5199494
3162415 -775587
-1487468 4781438
3468650 -58189
-8553805 -4122667
-1222656 -844986
-6096656 -4912195
7048948 1942338
-957413 2115785
-4570182 -9784953
4028929 6947700
-1604017 7492008
-1319540 -2983994
3807022 844507
-4554499 7244998
-1709867 7284295
5654898 3083043
-5354077 1690929
-226007 -2947537
-17655 149176
2648098 -11497684
7974387 -1579781
5403374 1321620
1428994 4540581
899871 3362362
-5857118 4621462
-1331776 4659122
-725669 -9340141
-2290049 -3114512
2406010 -1910759
-2853125 4272152
-5854292 2051813
52649 540177
4028739 5465069
-4376460 2220937
4570505 -3256957
2969392 -4637465
2050692 -2177984
-4967523 604481
-166665 -1179181
-5316982 -234210
-1153564 -1807068
816709 3669406
4716490 5461685
75908 1531906
5826285 2126034
4212502 4286788
-2483117 -9288
5004086 -4208233
131560 1628812
178397 608371
-6632512 -2604846
-3027398 -4141171
4299573 -1927869
-3566592 3538143
-8199388 -6057975
862822 4163575
1272182 -4474161
-3370816 -6787309
-4538477 416051
-4940591 4410902
3130952 2946771
2627237 -12124282
-5697088 4410346
5258625 2437448
4477166 -3551375
-1186299 3485272
8076973 -7001751
-2464209 -4396623
-1983577 -13650
1249895 664854
5899093 578275
-3444767 3626556
-299234 -1782633
-1762813 6362498
2318391 -5900507
543119 791473
-2656344 -4041336
3502849 423661
-5742613 352661
-1897697 2244741
-1517610 -3189982
1056982 -4561402
-1456226 -4445459
5614437 2608849
1192605 2735804
-189467 -4827885
8951781 -4732388
-1088293 3778682
-5511169 -3596298
-6655243 5449421
3762642 3353068
-7937183 -2651588
2960158 1898991
2888528 6007816
3038287 674731
-3744380 4465808
-823670 367105
-2512788 -818003
-4035494 1270535
1218901 2403325
8394127 -4328727
-717714 338936
4110299 -1125749
-8167466 -10477297
5746883 -1246879
-1233248 -1493562
-1731182 108351
6468568 2293460
-1417898 -10914400
1347169 -1407696
-4755748 979646
-3495471 -5673924
-6508465 -1219096
991919 8475218
5116252 5922056
-619411 -993000
-1534391 -2391987
2649655 -6960842
4170902 1111082
4197089 220626
7198503 -4436754
6115687 -2288660
6112922 6219878
1641350 777402
2565782 3839731
-1202096 -2614399
-1390294 7273082
-2381784 3165814
-1741127 -1709388
2634845 -665138
-4120283 7729045
-48523 1805103
-5101320 1077569
-10884625 4802508
-4028955 5055344
-2604256 -3900405
227768 2622043
5264746 7273112
-5931030 6002471
5122230 -345488
-2442953 2739950
-1168204 -8000644
-7914525 1695483
-6558087 6847779
1590444 -152759
1945384 276543
-3626535 3416833
-5591565 3158809
-6094515 333991
160161 4022087
3723367 -1380529
9419115 -3817646
-1453085 -3441734
4302724 9747976
1709182 -3548410
699670 -960083
-1742223 -568754
-1483877 -1002186
6422127 3582744
1052057 2654527
-5489815 763505
1873560 -160911
-875620 2019166
-488419 -1626089
1476102 -7882397
-2688030 -4187472
-3178749 -6019105
-1142836 1614818
4741206 3100264
-2635535 -1877615
4316787 2957236
827086 935313
-1925686 -687038
-7034658 1010844
4012971 5988250
-3660118 -5517267
-4133617 1454911
456778 -1731859
-5370330 2824933
-3904121 -4161154
1871551 -115309
1346506 -345230
1837548 7928109
5085693 6662394
378027 -4813701
-3539544 -865748
-2698621 8250491
4608962 -9968566
-4632396 -1117383
-2936462 -6750330
4553919 -3322488
899649 -345213
-166222 3367692
9301057 -7847285
-7653597 -3385196
2041888 -2883974
-3384545 -3033516
-1583004 1969178
-1598489 5065644
-9510796 -4996575
-2062891 -4433648
-173215 -1661355
-2686066 -2961861
-6500161 6532849
-645233 3301272
9666753 599117
661348 -2413861
2275012 3547153
-1488721 336053
3556858 -4483135
-3062606 -92650
1676188 -7262812
-1369851 -5418837
1494103 1787283
-238805 -2027712
-2923950 1608403
6823438 -1526675
4550123 22285
-1631287 -1437825
5556303 999737
3540689 4744088
3361531 1787337
-854970 1361467
6327716 -862365
-921020 369583
-1416121 -888282
-3456447 1143408
560550 -2881063
-3765593 4414308
-4441622 -3282803
-3509177 1708702
-2775269 -1602356
3220753 4312607
-141090 -465414
-7047403 1070444
5917081 -2209048
-2431942 -2683401
1759845 3889751
1586743 -3279563
5523969 -655133
-1159293 -360293
-1401776 -2792145
1784870 -3293674
-4566490 2513911
3344042 552659
786597 -789475
3605970 4091275
-2883293 526350
2897041 9278084
1345768 -3827441
-1932210 -4007867
5509573 1008601
-3238021 -1854447
2333638 6354736
2631660 -1006718
-212377 726314
-2509146 3614330
2469843 -580496
-748704 1469500
5326951 7836196
3095282 2692723
36916 -5722642
860052 -1414188
6232905 -4615987
-257362 -649606
6659027 1911953
-2193477 -9531377
-10138117 3105698
-304675 -7647335
3111746 1557289
566833 18069
-2489378 398340
-243189 -1154658
149954 5641678
2815287 5748314
-5349290 -3552460
3934452 1112570
-5275900 -2955733
7300957 -785300
9250597 -5349093
-3790627 -805813
344997 7539474
888355 -2946839
-2294697 6133378
-5504616 -4441387
-4398917 553224
2366052 -2626185
2157545 1384081
-7417475 11579259
-5196150 1878587
-3443244 -2812704
3460502 -438775
1543240 -4523744
-4808003 1881504
-733797 3484627
3612410 -6279596
4383517 -2882129
-1960289 5621
2653633 -26980
-4932266 -4311938
67612 -740815
3622728 434887
8600518 -2949030
-1789513 4652251
4796005 2896606
-2508343 7823049
-8107201 2610506
-3534848 2568675
59201 -1626748
-2573177 -1672304
6954685 -195442
-4100361 571678
-3181798 3277853
852748 -6367227
-1670813 3388779
2482977 89797
1563514 -5564661
-2188894 -4175456
5228110 60334
734961 -176326
-5650864 11306230
1277866 -378244
-1543522 -3233743
-3144609 1696719
3590185 -2552398
2380958 -5075627
-4261389 1669088
1532617 -4914042
-1026161 8237462
10138791 -3945518
-1373137 -1140382
-2463147 5271149
3613752 -879375
-4501592 5112871
-1431804 2645018
7569957 529601
-3091608 3811076
5031855 -2810995
-3495662 9920399
-4925733 1872956
3314738 -4810256
3127258 1669565
-1993052 -13175303
1143771 4102798
882357 -6682231
6410185 1546539
-4569120 -6610360
-4695439 -2230962
-5592130 -3487895
1523608 14050
2574135 -378797
5685884 4840484
8530160 4405957
2678864 3346321
-5413269 -8801852
2464814 719399
-430435 -780775
-4615573 377912
2333924 -4091453
-311344 -716939
-4772256 2466860
1275573 -3607856
-4804312 -143768
3654177 1431446
117234 3053217
-2164493 1329433
-1098617 5524445
2751955 1632366
-2043484 -3011128
3675606 3438215
1676688 -7813929
6142278 380853
6122259 -5969109
-4227956 -5928028
-593380 -4556563
-354436 -201171
2152195 766085
-2776068 634218
153668 5367900
-7383260 1584832
5582579 5372019
6216981 5004074
-6927943 -433475
-4410496 -514479
-2770432 2085124
2560426 -1733301
2331134 -68506
3279067 1188442
2836614 -1188585
3564952 -12012961
4932729 -5269198
-6624241 -2911726
210584 4065334
-1158391 848021
-6312815 -3846838
4532820 3899459
4038511 3497204
-5022110 -2666061
1817487 2306389
1149869 -40577
2345250 3071996
9661000 -1072835
-1912653 -7899435
-711871 218615
4582810 -2342066
-4411713 -2477722
1425293 7965587
4454801 -5797406
-1025479 -4528246
-1321948 1653275
-92288 2116518
-416408 9139765
4790021 5058816
7837279 4233714
-6846511 2241072
-2774675 1936875
-5581005 5629575
518738 1289011
-3252321 5909633
4741762 1853311
1501207 4190717
3796887 2324466
-213059 -7007090
9603331 5565834
20274 -2192753
-1074089 -650957
3257151 3951804
2350063 -4423088
-11430886 399181
-3224156 362564
2535318 -4357540
9724090 814760
-5152300 -1769778
-1810650 3998470
-1666263 -1635449
-582813 4054119
-6222609 -6174636
-3504193 3620620
5357545 -1137098
2577158 -429934
1386786 -3077024
-1050752 -1348889
-1335841 9397346
2541428 -2663157
6996422 628385
8715156 1015273
61311 -649153
6122361 -8070477
8806897 -6558671
-2789767 -4938848
-1461209 1771547
-6207602 -553893
1203301 1838720
-1814270 -8550762
-3980485 -6021082
-6468600 -4077069
7209197 8399068
-2536985 -5575023
5915935 -3852807
-3076259 4032686
-3214561 -1691509
-6028425 5209689
-2532823 -1217522
-4430273 -5459792
-3102366 -7741174
-3464791 3526069
333020 1026742
-2564681 6819035
2952696 -928090
5179391 -3963102
3563300 4283677
3110555 -1666237
122794 -3155206
-1330167 2516093
-5717647 1654493
793027 5953321
-7323813 5129876
-6201427 -320243
3465604 1722755
8756412 -523243
-1879610 972555
-2398555 7271764
-1716079 3328287
-3325859 -3525852
2541072 768080
7621437 4836940
-1287316 2418286
6017790 -529124
-987083 -7907271
1993494 1550176
1443948 -5537084
-5236184 -6171354
-5371263 -4788009
-4948354 3133317
4230148 -7003199
3309073 -7864877
5047810 -3501657
-945890 -2631584
2642534 -4180407
-3809501 -2457738
2840665 -1437047
-877120 17549
3480562 -3907810
11697278 -3876845
2122303 -281790
-5782997 3410215
3533813 -1360091
-1695807 1754925
-3894719 -2651967
-4686135 -2681592
512708 -7219498
-1650643 578207
508977 11273226
-8273282 -4198633
1856778 1191925
-1805069 -6124377
-6322607 -3124822
-6647914 -1270608
1867793 4210535
835150 3198646
-4131982 -3382003
-1183580 -4129376
-8868287 1070668
-1428741 4556807
433648 -2270856
-7590258 5477854
6861546 -906981
2198669 -2298708
-2217472 -612464
-3521554 9262805
-540661 -3287630
-153712 4951411
-1262859 7397970
-1465056 -556988
-7882374 -2320859
-3595491 1334291
-539948 -1303316
-5953242 5042995
-4383193 3055469
-1954382 -540848
6496147 2930057
-3443483 2218468
-3248806 -685812
-4248735 -1831568
-2864724 -2243843
2741403 -2063541
2623741 9297356
-207051 -6127533
6339575 4740946
2401691 -7253874
5424418 225951
681984 1359671
5156884 -7014112
1515547 -3056513
3469802 -2384159
-6754550 4881219
-549673 -6311614
4497442 608763
-162465 -3375984
552934 -6360772
-2309708 140530
2426936 3294826
2666722 -273037
-5086715 -88987
2606274 -593472
-1332672 2971559
9032383 -3028304
-540061 238942
-2232953 -1172374
876226 899982
-5127656 3584612
4085461 2360647
604352 -5404617
5271452 -3088834
2126975 1954989
-5258977 -3627460
-3019239 731358
371687 -4474610
-2977577 -1870610
-872763 -355518
7882138 -6441908
-2994633 3106718
5429394 1192094
-182951 -2304180
3419519 3048570
1105277 -1127368
-1835669 -7216724
7491491 1189158
5345497 -4292226
-2617847 653727
1068425 406923
5215542 6267761
1744150 -1613347
4513397 397581
-612538 3622604
517399 -785937
2867346 1742904
1359971 5810535
848545 -3698006
978242 -3181022
2208658 327796
4484888 6146774
1339243 -5027116
4377807 2763419
-6327080 3960919
-1084231 -5250568
104374 -5463174
7638412 -5398721
549518 -1789490
-1422918 3829764
2631178 -403404
2664327 3508541
7091860 -3811465
-6477871 -4307479
8235137 1889935
1327246 2605861
1529130 -2488578
3556206 4892088
-8659279 148095
-2522239 -3893223
-3811185 -2949893
2889587 -2538925
-3808826 5533517
-3888633 -7518759
-2872219 493329
2155792 -659503
2311720 -5736137
1752349 -4094787
-1811335 -1808492
3881240 -3202482
2554065 -5494092
-2191919 -3834181
-9184935 7588899
2413218 1209793
5506887 6106733
2214863 5289635
7314363 7807615
-3915855 2509642
4686029 3178102
-2462817 -2476059
530784 6690886
5872283 -7496981
-705075 2342461
8228621 1300051
-8213305 414096
-1765574 -1210277
2474221 -689623
-6229535 4814596
-2437375 1718852
1344562 -752129
-1518531 6506205
-10171815 -5460779
5108094 -791780
-340517 -4068938
7592357 -5217950
-3912160 7166022
1354845 -2509279
-2638502 -133737
10116022 2133317
-2874399 -7990010
1340272 3432355
-5228615 5766315
-148492 3201204
8177493 -5028606
13179654 2026032
2059088 -1711181
-3041607 -1638563
-4953062 -640950
-1604752 -2735560
5324220 3474255
1283719 2320371
-10786984 -2108791
-56540 -6263521
5164129 7186405
-4294408 3273731
-2489339 4537515
2640141 -5412164
588209 -5646004
-42162 -7337155
-11266717 -1950483
5286965 -5085057
-261201 -12071381
5315722 2698962
8273099 -6641906
-3226067 3293890
2052867 -1493532
-8698490 4895489
-1797578 -6491784
2591322 -876704
4654922 -984889
4064483 -1344746
-366164 1817895
1951213 4844920
1525618 -2104317
8927220 8787834
-5780945 602680
-794810 -9620498
186174 2050347
-9512309 -732778
-5976766 -3720272
319972 1327110
5260700 -8054040
1112322 3299254
-5859987 2256482
807590 4264219
-4482049 -1793956
-1986659 10517809
9380604 2775586
-217918 -464597
-1370511 -2778224
-2568967 -4610149
3278408 5641339
5015592 5352786
95722 3259912
-1776145 7438758
524108 -4045581
-1241316 4851989
4690675 785547
7335512 -1964008
-2818959 -3251886
-1883461 -3218826
-5511577 -2238329
-8518421 -62385
-3793492 1000950
-1215824 -4175276
-2072479 -1103419
8788796 -1121639
-2088527 116731
4824034 2405129
9080406 3948485
498994 7253997
-5247548 8318683
4966804 5109513
184915 5495680
-4047446 5639467
6330544 2888750
1695590 -3922212
928514 -4172358
304444 -12448502
-3306497 -1052847
-1509416 -4772037
-440921 -827473
-287495 -6489588
-2220532 -1991827
-468828 3265064
2784612 7100426
1441087 4141163
1198053 -1959796
5134492 -8251182
7883305 3914887
-2989955 1724446
7946947 -2754240
5235869 6541330
2920374 -1971416
-339231 -490203
-2424283 -8627158
-4504815 -409385
7558958 -1301076
1338765 -2459646
-1071706 -133274
-9052018 -3414829
-6721277 -1119700
3523669 62316
-5310716 -4327077
-4845953 2304500
-6320451 8214056
-552447 6490796
-2526948 -1085948
-2226188 -62157
5505762 449446
2361996 393733
-299751 -4165754
-35724 1859791
6928801 -829133
978878 4309311
-200805 727159
-12072983 1873707
-1857288 2917436
-2349501 -1881585
4849983 -602503
-7821829 -1750791
-2382013 -1502514
2399788 5042703
-3347608 1439855
1991936 -523604
-5623044 -5372915
-1438013 -2098899
-4309823 -2013902
-2732155 645612
1301637 -5217186
-4102553 -3205300
2684185 -2064467
-5043732 -2693824
-1597883 3699968
4520871 -736879
-673528 -1472262
-2487821 -3310493
7413795 4511436
289500 -3929612
-3089149 -1217096
-473068 3529157
-4211279 -4625291
-10179083 -8820597
3588336 -729015
3536325 576331
-3337951 -6709059
-3176849 6445164
-4645042 -1973477
2789059 6518566
-4710552 -4268154
5792825 -1371841
1760113 3311634
3162180 1811880
-5036570 2727139
1684792 -9377033
1877365 8715218
-1571478 6674456
-1007819 -2488605
-7592293 3657807
-3181631 -1599942
-5160489 3731139
6682582 4568496
8021004 -490887
-4361556 -4791848
-3543622 -1710167
2014703 -6249128
-3458027 -2183282
-1664719 -8610515
5671799 1579831
-5548489 1725434
835822 -1615817
-1591861 -2214679
-5701202 2787070
3471757 -5878353
-3847112 -2145508
-2303324 3671321
2896855 -4307597
2964506 836728
69001 -1667503
-2801277 4378528
-4263789 -2666614
-98680 -8003834
-4438715 3558695
-2590964 5083106
-30368 -1880056
1103225 1870549
-311574 316950
8691495 6085911
5899235 -3165752
1254188 -4707517
191029 -5693345
-584780 -1602033
-6474269 5991585
-1179856 -5725792
2837250 -1165763
10925515 -5579404
-2237373 1535772
-842815 363859
9405281 -3715612
-1379911 3254341
4163034 -2571443
-6648487 3890938
-3989052 -874426
2064262 -10316661
-212744 1990154
2820050 -930604
-7427625 511882
922986 4713198
-4438966 2675921
-7161298 9364321
-2337374 -3645428
-131290 -56255
2418407 -4953998
-5091041 15019168
-350405 2434653
584076 6510600
-602537 2332221
-4735062 3607166
-7744117 6758567
5463461 -4060554
-4886132 -137676
-1807703 159863
160824 -724645
-1763949 -2601791
-3048134 6696401
1265107 888528
10396787 7783189
1947781 -2499043
-2796492 5464868
-2843738 7462
3361133 4250751
-1863155 3186666
1687868 8184036
4931087 3178257
237541 3003430
-2931261 4981033
5201875 -7388143
-2152449 2322497
-136524 6700865
3806452 855512
-4219441 1146397
531437 -5182008
-6175655 1077437
-6576575 3799384
6157164 961715
-3014341 -6700627
2479322 483639
-7088005 -486199
-331171 3533398
7048544 -5694968
-2480537 -569430
7628221 2381851
-4310101 5201901
5346083 289954
-4450418 515934
2548709 -8858835
1447780 -5062758
2388246 4751575
2868818 -9244635
-1620975 1183249
3090448 3638962
-5366701 1692962
-5049927 715313
1695508 3169264
-1993258 -3284548
-2483532 -3241483
2090107 -3617559
3985360 3973183
1533520 -5120157
-65333 -4348941
954806 1469882
2304621 7171258
-7892704 -411906
7446653 3858674
475880 1450963
-2541844 -760674
849801 -8542227
7436812 -4457127
-6251312 1191526
-4540940 -2632778
-4159087 261110
9423006 -6768529
5563621 3974373
1698100 1628929
2107826 1596585
-9107212 -300036
-723481 4730083
924192 1147485
5718470 1303678
2858694 2097883
902495 1546608
1757010 394270
-2187528 -7170613
-1736522 9189992
-2684560 -726843
4017505 -10206544
-32626 5019903
1358345 2734244
2631229 108326
-426651 983105
-1348534 2802417
-3254495 -1341422
4071430 12871791
-3228856 -2588393
4566143 1471597
-2533474 1676745
3259096 1754121
-4674269 -3184438
-1411176 -9930730
6675399 -4044209
3076705 -4249018
2914378 -5223035
1714960 6090852
5873501 12403729
-2421359 -7938478
-7062225 -4987954
-2897902 -5043223
3586490 1582833
2600065 -3106579
-149130 1652225
-3497357 726278
2484929 1837327
3957130 2228885
4123928 -3281897
1387964 609802
-712223 -5484131
2272930 5379895
10125916 146633
-5570570 6514587
795803 2834794
4832724 3279177
-1772086 1987912
-10609256 5043416
359234 -4167914
-2743411 -444398
-3480352 -4639510
8785834 -5922801
1990548 -768168
5219252 -6003182
-8385749 5961878
3245560 -2100224
-3284792 4080387
-10150208 -3228607
-517133 -3467230
-3237899 1142372
-5612800 3043935
-156793 9791913
2972909 886610
3053704 2561662
1579647 -3903952
-1364276 1574445
131404 -6164218
3038670 -2311285
4393779 124931
-1718664 -1848510
-747361 9499708
-13510 1174243
4806122 -656181
3123999 1626404
-127544 -7454324
-3439270 2092733
1644403 -3825975
-4930638 -1262376
-408274 -2708587
3690985 -9653729
3342136 -4963102
-4209210 -683021
-468750 -9469692
4663274 4618948
-1531675 -5734766
1123448 -1694524
-116618 -1437257
-4025897 352201
-6579922 -4071353
-4668050 -6597779
-2192375 1029233
2839285 -5043179
-9974528 5547996
-4658797 1511011
-727330 -45248
-4757966 -8455493
2895806 -4528126
-5177586 -4626694
-7979495 1884646
-2001984 58082
1904717 -5636268
5288706 -59018
-6053949 -2960239
597624 -7295788
-1553968 714169
-4490211 1261501
2303570 340447
-3757327 1663657
-3092360 -8304833
894425 381205
2866394 1269321
-4814112 8864597
-931288 8326072
-6078026 -5919
10929147 -4843003
-1781592 -2379216
4649485 3995376
866656 -254581
4262368 -3327153
-849576 7730657
-5884762 -3308072
2906010 1134840
-3340933 -1234638
2921955 3396129
-2334219 -2419121
8018452 -5327384
8401905 1371412
3266594 -3243950
7273632 -3969183
2664482 -6564957
-2430507 3142235
-8525241 4627282
-7253800 350421
243716 3497095
5593441 -3430746
-6489638 837507
2038765 -3087085
910450 478589
-1227867 -1168406
1418816 1385815
2701714 4773286
6075111 2179461
683592 2814211
1611241 -3891264
-3418889 2961255
-2567143 6187959
1126140 307240
10695767 -188394
-1130100 -2198013
-2866571 -5576831
-6351830 1259905
-1851300 3147297
-1355693 4762524
-3334409 -1812354
-4317751 -3687632
-1510482 -1883207
-6323981 -5907910
-203834 1922242
139461 -2340275
3774296 -1632942
862483 1015833
658742 1627549
5127483 1386906
-7912197 -52312
291783 -768370
-6354031 -2212802
2168103 -566383
-3004342 3548326
460359 -2600284
-22083 1588648
-2598684 -1634592
2674746 -2197540
-5617150 378402
-5932791 -2378660
-321915 -797328
-974952 -3361857
-696685 -779478
2227491 -5025888
4234834 -660734
226678 -2800783
5515264 2430613
3449390 -2589055
-2099833 4161687
5668730 3090760
-578241 2004463
3826894 -2331945
2489713 7658958
296670 2534472
6752909 -3705795
3916684 661092
2325388 -5471101
-94345 2267457
-1555775 -2965150
1992037 -6451319
1999000 1022516
-316656 747242
1122530 3224290
178318 -985669
-799638 -4630604
-1291672 -440973
1003433 641122
-4814339 176179
-359601 -1605214
6088290 -403688
-8014054 758656
2639239 -3517813
-1082678 -3347262
-3598115 -9801160
927402 -368080
902334 2975713
5245196 -3709741
-2725729 -3835719
5399455 -3330918
1836699 -1783132
6014439 3746076
-7117830 -3230202
-1508258 -4230158
1075625 4751271
-11926 -5888342
-5596407 9533146
-1783867 1738778
590247 -9700559
-3570058 -1309385
164813 -1305816
-4058181 102659
-887663 7310155
-3451096 1530554
6543062 1739726
-404821 3312907
5003575 6922876
1501663 3612309
-1370851 609990
5254260 5588204
3905678 7812118
-6569294 -5914123
-6105289 -7977227
-6247989 -840342
-6823689 -4964113
-7278085 -3921376
-2848194 6024813
-2562566 7701692
1936306 -3191893
3425081 -2398248
-2316611 6379792
156893 172638
-3019549 -2403074
5925868 1754191
5179088 2188348
-2126959 7492563
4022857 7704041
1219146 -705857
453802 2958466
4037653 -1918358
-391288 6143985
6829826 -644620
-4544640 903327
-4605609 7580545
-956245 -1763997
-68174 -11842715
4588575 -3839018
-4564892 -3298913
-3195251 2057798
3232610 1992338
-5418726 -2767943
2303780 -1899524
1529008 -5683976
-4742039 -6648751
-706061 -4259547
221072 2612839
2603075 814336
-149188 -2669127
11375596 3579387
781071 4254308
5887050 -1229048
-1338724 2902785
-2813853 -8322623
-1624040 1047497
813669 962941
1427441 1005739
2674659 -2964293
-5008804 -1934666
3509767 -3780694
-2581366 -2068580
6855902 4268873
488130 -2853914
2797582 2063616
-2381960 -2587386
-7803006 2561219
6334207 480052
-6631914 80396
-1214556 140648
-1686439 3463934
-2423904 1661365
-1188294 -2749150
1011118 40081
4751957 -5913846
10035395 -939792
-1155599 1852936
-5161496 1982233
2412710 2173929
1713975 3279920
30739 -5912845
-7036890 -1627508
-3475986 -2779121
2771372 -4453858
7008426 630092
-3081150 2140262
-5443528 11490718
5986405 -4492986
-2640866 -3314758
-1415443 -10175952
-1528211 -2778622
3638189 -728635
1534459 2874706
8420126 -3180092
-8572872 4606395
-7775751 3836169
-8322585 -4388022
-1004934 -5467717
-12781937 -3321037
-3152994 -7094427
-4281882 4164398
-2253725 1191475
-928203 1586638
-5009781 -3390887
3267594 239738
3468279 -3595049
-3080886 -134219
3156846 1380961
1346969 -4238459
3427161 713972
-2040036 5830630
641950 -2701738
-2095616 -4954356
-4784039 3243906
11498797 1069955
6979359 3388897
-5663616 2634582
5987874 -4802927
-5383661 2539537
-2044752 3632878
-1137927 1366240
1924222 -91528
-415478 2240924
-285262 -3372525
-7198089 1261012
-3075539 9590113
3676937 1798597
-1936519 66472
1382130 -3269153
-9451261 -2675539
-4701917 1500804
-3658868 1084727
-3880358 3646867
1515956 4554808
8165841 -6474522
-2289518 5852295
1553020 6310059
232309 -70093
530338 3399060
-2842966 5331001
1812877 4177623
-6380332 3072477
-2969373 -7576933
-7576202 1760635
-5204561 3495879
873620 -1348475
-567890 -137089
-2588986 -1985162
-1188310 -9197188
5186170 -11058150
-6081091 943341
-2440869 7009787
-2855858 161073
-6027640 5558251
2223051 1314873
-5333674 8519418
-3368497 828341
6818761 4739940
-5541998 -848135
3231787 -1138553
-4483180 2157257
-690713 780935
5092094 4655912
-3613400 2733254
2373167 -9483823
-2966461 3819501
376736 3349615
955798 -1407501
5744355 283603
2929148 -1235514
8612152 -2557121
10376747 -4002490
-7625409 11305150
-2981679 787331
448794 7393544
343764 123611
8059631 7481513
1950455 746050
670684 -960802
3710419 -1388224
958704 -1669724
-1254574 -7673769
-1899801 -9152274
-7005280 10978542
-1812793 -1296330
-8064435 3148599
2104558 -4947910
3396917 3878146
-5043628 938552
4014794 -3314955
6545039 4275659
3606644 -4094862
1323876 4016052
-18384 6749413
-2691989 1827179
4103972 3720967
-4010970 -2169849
1093854 -4166343
637068 2415193
-255456 -6397406
3437414 -954295
-4511960 5427597
-3078872 -4949292
-3929681 -3151048
1845243 -1074922
-8103366 9727268
3132058 -3880684
2698874 -1444070
786243 -1974836
5219335 3619188
-1641236 4282343
6164183 2020992
687016 -5247450
8211702 -2673751
-2183742 -3494653
-2988689 6184323
7725888 -9216029
67289 1831492
4695380 2256017
3775315 3604917
-946760 3793954
-3941798 4941755
3254612 3240202
6887261 -3718256
-431330 5670342
5468694 -3560355
-3566382 4855646
10232206 1377968
1074122 888018
-8258019 -7541134
2640220 -1109611
2604901 -1353187
724265 -3166477
855310 8898873
-675852 7929161
5423114 742071
-8799713 -3209194
1397529 4347199
-1625623 -1658661
-4463207 3756015
-4442549 3358244
-2707721 1466379
-2478035 4316599
-2161267 3138952
-2255429 3823667
-671578 -10879509
-3486979 898837
4513496 1466276
-3670121 -4726975
5888227 -1483093
617418 -180639
3930423 -415520
4643568 -1245102
2295485 -835432
3159650 2147080
787919 -1167658
1608683 1018701
-704952 1599257
-5749517 -5354291
-4116131 -4938484
5754415 7321898
320762 892496
-2637702 -3678015
-3910006 -129411
7327922 -10484324
-2199318 1510722
1047302 -1214722
182366 5567945
14321752 4834278
2386248 6685947
4172093 10976431
106519 -6140960
5261369 6474285
8543691 6294306
4015284 -599777
4590080 -1987850
-3090218 -3342469
1519564 -381572
3799667 1397014
2431361 -1765249
2048253 -3297163
6189996 -2263411
-7585657 3491913
-2251391 485471
4424271 -7832353
-9634631 1671433
-262272 3760237
3909873 5596322
-4945344 2657241
-1108767 -7883368
933272 5227114
-929914 2276932
3985972 2538473
-8310523 4387084
-3935259 2191931
-2497196 -3444386
186120 2721217
-2149495 2005824
4535014 9678666
-8842927 10500822
-960097 -5056915
8081921 6097590
6944406 -2973272
4500630 4108657
136759 -3274326
3463208 298315
-3828981 -8862293
-126773 9445344
3634473 1581589
293275 -3815132
6530840 2281044
6596539 -1199319
3525129 -3171423
3088374 -10656840
-2065176 2250184
3076708 2685001
-4072244 -2514501
5363208 -1754112
2429946 -2730821
2197954 1240594
-7725904 -102196
-373877 -4271731
-8589858 3672013
-5001227 -221046
-7078793 975098
4001507 -808572
3099617 3835019
-1516725 2788803
4520878 3596741
4764600 -1989499
2185387 3083270
1748682 1448509
1739703 -5031606
11873946 -3562545
4237478 -943665
3929029 2458648
-1237935 2720725
715242 7391624
595710 5318067
1812682 -4409912
-4187588 6460900
8775585 5288401
-2770610 780212
218301 -353012
654408 840533
-2107464 911705
-3930128 7738356
-1135117 -2715684
1138326 -1309416
4918896 5055229
-714345 2057987
6674335 642208
-6100696 -1860070
1978121 -6870106
-4101048 -1265702
6364109 -4419836
-1287083 1416902
-3703724 -8709804
751307 -2771331
7349453 -4401708
542290 2157702
1861119 -1991487
2837194 1198022
-353854 2971283
-414965 2216722
4073406 -4069680
-7098242 6078139
-3873205 1335467
-2674634 -7477883
2763667 820753
-10575283 2402578
4336654 -5381509
-3172252 4255015
-4955536 -1397448
3265988 -1882719
-5320684 -6252435
1087017 5151621
1102534 608619
-7115321 5172514
386436 -3369821
4049673 7640577
1761254 9805156
-2526137 2175913
-1880689 3448188
-1639477 3801912
6489830 -6759289
3279121 -607013
-1764447 -1021980
3023667 -2559459
-5731650 1356857
-4091865 -5038139
-3889870 -6916343
-3783185 -1839840
-3742073 -1156001
3517975 2167954
-636959 -6190976
269641 1524393
5064482 -5422037
799169 -1074978
-1050874 -684970
-5502582 4342940
5252909 222395
7801723 2031249
299257 928262
-49572 6345633
-3361080 -2599724
6871751 -1014641
-8932402 11558
-6432220 4288052
4960649 -6604087
503711 -2117558
-8902785 1998590
3348681 -1020269
-1028368 -4423571
-2065001 245765
5022391 3221912
-2989696 1458522
3915569 -3463101
-398817 -1425468
-1289861 6716159
-2461439 166161
-2154275 -1229813
-2012188 -1501895
4853094 9672520
-5342120 -1814818
-5702459 2575903
8041798 -5500426
1614461 11648776
-806352 512376
693239 6608480
-7301531 -5376876
4283418 2296409
8410968 -3747982
-2381519 1103061
3108916 1487144
799788 -6556276
-3417749 4197093
-2382571 -2849348
3556900 -3144735
7989959 4525308
-1759260 -4512313
3688416 -5253709
4360839 6090673
1383233 -476077
2958823 -1503199
7868060 -5672729
882776 4344457
5651189 -10209532
-4500797 -1613501
3235166 3094370
5476043 1925153
7161660 31426
4677352 -3248277
3836160 4199225
12974691 -1152428
2337781 5147006
-6529404 -6759004
136336 -4934259
-6062485 -8979148
-2557312 6794433
1172450 -9023703
-123954 -4991915
-2677933 -3771229
1324676 -2785076
743961 5351600
3051973 -2019284
2819687 -2672662
-2215967 -2707342
821699 4390110
5654028 944558
-2238368 -3184471
-5098294 -62090
5926087 -475194
6189169 7654792
-7269468 -175933
2868384 -2839279
4736228 -5158785
-1277346 -5780729
6101563 -521441
7521535 -4739918
-7832593 1052325
1240746 4264698
1806978 -380685
-2897865 1845242
-5052562 -2442293
1426321 -2596206
-1941231 -214124
3972485 329312
-3555514 -1175185
1104433 2517855
812641 7640286
-9796059 1485909
1236679 -3410460
2749694 -1597044
-7489358 3016755
1127506 -4693305
2678238 -1901082
1531410 3217665
-2350901 3632439
772954 -3434468
254002 4692632
-3669254 2624153
5286661 62346
5876944 895732
3262980 -9768905
-5480238 322414
-2816866 5733897
4999772 2393150
-2989232 2155754
5587272 -1568480
2157715 4730489
2888875 2446899
-6165837 -4615242
-1780286 -1768170
-3327141 -84832
-2422283 5053351
1337798 -2447906
-4631486 -3160558
-1389741 217910
-5029496 -4738762
2457506 -2339888
-254676 6292683
-378771 -179766
47015 712563
-1406583 7012549
2786167 -675988
-1421283 750876
-1970520 8906366
-708117 -2343793
-689061 1601151
1179242 -4714176
1917087 2648728
883601 1355714
3129860 3567918
1343674 1086991
-889126 3676871
-7692171 7705850
306333 -4208763
8267290 5031823
627357 1864051
-3755821 9665199
8143004 -6319200
-1490739 -301491
-3880707 2317330
-2370190 1047375
2205183 5357941
-6173424 -657676
5487729 4233734
4114340 1006635
1199021 -2256802
-4043832 4388540
-2138133 73310
2716365 -5100348
909500 2887243
10299023 2143442
-6792119 5359119
-5330305 3945832
1366269 3790270
3200438 1654980
-81121 -6609220
-2836583 1339173
-2732407 -1651068
-91704 5599970
-3785102 126691
11657912 -786851
-3383829 -1677972
-2777929 -393793
-5483864 -3841494
623164 -1934290
-4116570 -3355028
103451 2454522
-4991880 -1965988
-4562584 1807278
-2955716 -3320350
-4608613 -3566019
-5504100 -205742
6286060 -1879193
-2235454 2837204
2166632 -7488393
-2930935 -3904526
6876890 -1461492
-3335448 1530864
2846613 -5904941
-7662943 -4712862
-6092953 -3433062
-799426 -3790654
11086525 2389908
-10968726 3530117
-194564 -8542490
3122414 -914230
-838392 -345608
896144 1965561
-2300418 12286190
-1300573 -1318715
1145893 -2320010
1356974 807901
782635 6883424
1517319 4569161
1969843 -1245732
-651131 -2644198
-2656125 1742699
334534 5466954
4211746 -3727634
997759 -325870
4211898 -5177815
329267 -4113698
446671 -10451552
-3645517 -9292003
3650205 -1126735
-2277953 1231983
-599354 3003699
2507815 -9187427
1794889 6666364
2506565 -3287632
5104931 6056614
3856356 -3747399
1427047 2399372
-6103152 70073
-287483 -1202760
2928808 3593856
1088140 1819258
3512163 2721527
2401703 676878
-876369 -3517382
1225695 -7733657
-9269870 717570
-3997825 -3300740
1015831 -409754
4873164 1819645
-611531 473434
8122104 -351387
-8472519 -6221276
-5856034 2074770
4558904 -3256676
-2136988 4233219
1086670 6418845
1789536 1888424
-2902418 8526408
-1708094 -803356
-1548630 -1037376
4734975 2961041
3993877 81565
-3229357 4015735
-6863905 -394280
-474241 -833851
5103803 -4434278
-1838018 1260088
3206314 1632851
2988627 2007212
2182784 -4874985
558221 2459889
6456373 -2308658
1369321 -293191
1435200 -1640957
-4992107 -8045454
1113546 3896130
4147744 1289320
-5585617 -8298867
-5424177 -5656289
914071 -2754484
-7037506 -4262083
7070149 -432471
-1204218 7527217
4925724 1602519
-3036566 -503805
-4941315 6399979
-1143101 2199429
-6641080 -1245122
-8188443 10102745
-4945257 2736088
-3784191 141308
558294 4529116
2227912 5361117
705850 -687433
903659 -2598505
-1688413 -2385619
5854320 11220057
-918523 3533626
2839589 -5435603
-1434642 6224496
-7746734 10199449
2475471 -1582850
1321077 -1809849
6322297 -2100321
4474390 2970589
-1254158 348188
-5107811 -2650949
203435 -1830535
-170958 2378362
-10056606 4345822
-5729596 5329720
-1835076 1928446
-1458631 -2107483
2737042 -3690943
-8382344 -1104580
2902607 7395602
6553161 -4894663
1710408 533184
-1948960 5619794
4404855 4133799
1580122 -132731
-4815721 -2853002
2617392 6248490
-1049270 -649903
12467940 1916159
649353 5072736
-1661615 2230070
1344859 2488250
-3372130 2404421
5507767 4322849
802042 686510
-2563107 -692
2551948 2414100
-51116 6115191
2724112 -1030763
3920882 -5998056
-2691858 3881783
-1306592 -371923
-2283679 -911865
-359268 -2414092
616247 5975758
2639407 3266760
7319591 -5866234
6063931 -2671156
-2508080 1936856
4994069 -691508
-876257 -856656
-2730270 -3939308
-578781 -2073944
-2279976 3830389
5859856 10490792
251915 3452280
-323164 7763787
7369638 -2276122
-2515152 2804031
-2461131 -1373675
-1670658 8145819
-348508 2828574
1837623 4243960
1103655 -7070447
1449684 1188632
4488668 1773332
1170715 -5055648
-3384564 2603020
-816585 387449
-1516422 1966825
-5130823 -410032
-4832006 1428237
-1624910 3998227
-6460746 -2000824
-4306789 8073770
3340486 -4848279
-2114667 319609
5192082 873681
-6334602 -2970740
-4970710 -1303532
2777110 6211309
-1115530 1010373
970402 12960893
1579309 2447517
-853235 -1090147
-4157477 9209022
-3581538 6619
5498544 857562
-1634044 714690
-2272432 303187
1621597 3990637
638251 1825182
-2049141 -2254761
1873662 -2914974
4837039 2200686
-2703690 -1095339
365614 -4864625
886413 -5681204
-3039783 833946
-5817172 -4278309
-11458266 883221
-4811009 7067943
-415031 -4506179
-3062895 -1459757
-3051831 -585575
-562693 366538
3265633 -3728280
-2058952 -3084166
-4393949 961957
-882779 -4138635
-3020972 5944044
-3512391 -4660142
-360818 -394711
246225 4397549
-4098042 3023549
-282543 8166977
-2453559 -8177558
2693960 -5063774
-3254196 -227596
-2043288 -4835675
-3399608 2255994
660735 6198499
4315435 -459211
-13117 6770572
2911626 -3765128
2624567 -5776023
4822332 1972485
-965284 657852
-360792 9246659
-140973 5960857
-1320402 178940
4025749 3502337
-3660400 575340
1095160 6977490
746080 -1127150
-2434001 1106090
839012 2862687
346630 -4567382
3665399 -9508691
64976 4342358
-5005083 6649751
5803504 -416763
478808 371505
-5338278 3891251
6132532 6486633
-1604259 861162
1228787 1090858
4039867 -2964254
-4387493 101433
924275 -3406520
8074635 727093
1345683 4539223
-6938176 -3253341
1376026 -6098777
1266964 -4524192
-7914237 -7378691
2447397 10865345
-4178324 -5573809
-4411774 2168788
-1972786 5383152
5647983 -2936312
3182981 -3899904
-2063108 -7158036
864436 -6586679
492812 1574870
5286261 -2757537
-4209686 5351554
1375239 -3426406
2676976 -1172870
-5663168 8027088
2815376 114210
11546440 445047
2020818 1160452
-3487747 453131
-4144051 8842414
6838174 7401929
-3564291 992955
-7074707 -2048979
2402300 -4415724
954411 8016746
4885981 2787041
-3288129 7749749
-1284324 5788285
-887015 -1208546
-3121563 3311656
3953633 9610037
2716894 -1350561
5065292 3817809
-4162111 -3130047
1647866 7640409
1239835 6558614
441584 4656810
-1784075 209447
-437581 -3877001
-1020615 -12504632
-1588506 5216324
-307931 4956594
9372305 1710524
-10678660 -6059496
2277098 1064964
-529037 -1560621
-2027859 -4607710
3393148 2096253
-10819 -2238510
-2866354 5358586
-1938673 2491200
1246176 -3938082
-4051375 1923930
3950202 -8425468
-1415067 -2771924
1782783 -4783879
-4993728 -2921698
-2176794 9898335
1389537 -3944405
-3660056 891152
-1167708 1378625
-1901485 -1832699
275418 410503
1537422 3246374
-76029 2603106
-8409253 -6280168
842286 -1964705
-4801203 -8396783
-4900744 304478
-245136 -3651044
3571996 -2687564
11056993 502359
-5419539 1399143
4732930 2840729
-2761110 5854409
-1261913 -11196164
59009 -2236611
-1716035 -4533493
3536973 4014039
-6209953 21161
-4480175 2805837
2262811 -6005233
1250706 -6487404
-3325454 -5603393
-423252 -1245043
-4081457 8135413
-3193375 -3113895
-2899478 -352587
4869240 -2833957
-3190437 1093638
1265577 -5586814
2006632 4208274
-2031256 -5998965
-1515701 3773722
-3387469 -3666515
-3393067 6405768
-9517380 -2978349
857961 -2500531
-599866 -3805658
-1374227 -1832580
-3165057 6659350
-993623 84398
-2616715 -959154
-1286044 -723721
4196053 -1944625
-3658637 -5736952
-7742750 2723527
-953155 -1882969
-735232 3333672
1024601 -3912895
4235035 717290
-1074396 -936675
-656873 -10862845
-2254153 -13727004
449401 -2044180
1003755 2959745
3328648 -6242272
-132089 -585695
426885 7667850
-4725000 -5094262
-3397641 768916
-6553869 -1539910
-5242858 -2774659
-2834426 2158397
-6242652 7321505
-5708357 3333091
9892888 -341226
-1034264 -363945
-12499 -879185
2786444 -9426404
353138 -1473484
-1771699 -9436385
6638153 -4559363
-1730002 -5019067
1394639 5246465
453904 -261624
2675786 -635260
5530042 -5128734
-3127490 193970
3322448 5024051
-3277592 1514398
-1480910 -2062400
-4264963 -7991037
-2710022 1079753
-4680585 -917474
-1443537 2328140
2122976 4165042
-808534 263181
-2104033 -335969
1905739 1582099
-6992076 -5655488
-2925251 -4629577
6618245 -70164
-1462999 -3641321
-909637 2113936
-4564495 4857052
3083531 8848298
-3639831 -64786
-728584 -2935048
3578427 7086183
3479354 5976948
4192210 2134061
-3572500 -2818676
930805 -5525704
6539087 2881056
-348550 -6368129
9295657 -3440102
-173245 -7533458
8783420 -3799430
6485129 628311
2034530 4026853
-6419794 -1820414
2795960 5861403
-3746239 -9392222
-6574411 4608992
644531 6441986
10159406 2281894
-2207623 785818
-1381284 8222504
316744 1049336
-3143365 -422014
1571561 3819624
1050872 7208711
-2809771 2593728
-4794163 -1645855
-6405421 -2409682
-4238128 8405908
-5730980 -3590812
-1067737 -86877
-6303145 6933280
7992507 676322
1427756 6096989
-8299606 -4306282
-3425927 4225581
-4231675 -5226215
8475676 -7690122
-1454796 -540934
-1950644 -2414230
-7962754 471306
1899194 -144762
1585757 860268
-7653218 -7194257
3944450 4789344
1387555 10075492
3265429 -5839487
1460413 -2271179
606162 5125576
-2345191 3365543
5135751 13285
-29841 2226897
2189896 4925868
-2028161 -2494008
-715855 2243698
2276275 -9119033
-7484443 -3023124
-2282477 8573175
-4379577 3771151
244963 -4900740
6422923 77812
1289791 2490678
-7193436 2695422
1612020 -3129380
-3603552 -2894537
-6311759 3662029
-4442757 -34272
1801312 -1456359
125358 2700350
-7532565 1253218
6509926 4973094
1633801 3626388
4745155 1555154
4325026 1896231
-414110 856526
-827351 -349046
-1093648 464138
-409179 6209935
1961908 5720721
-2568130 -565519
-5449438 1765324
-811986 -6422247
11628360 9775911
-1879106 3914347
-1365987 1802190
324784 -1541902
5145955 -2409238
-5198788 -4802964
108276 247175
3050262 -3272184
8109600 1179445
-664835 -2565905
-4083679 4943507
-432502 -3397094
-6917265 433699
3633264 -6533613
-2706634 1370404
-2636710 -994003
3434770 5726498
6279813 -1281403
2021459 1659258
-1052425 -6977300
3459190 2608309
-2877147 1680346
-4781430 230838
5729696 3154492
-30109 2002639
-1459337 9030225
3722248 2039361
-2141715 6648279
-1955637 10002317
-6849385 1099940
-7640847 -1277755
3787716 -1019136
-326118 -7925781
-3429325 -2100289
75023 3610876
-1137518 1591273
-400728 -4248106
-3103186 -2105343
-1606557 -2846868
4433672 4465725
2078161 151108
4624592 6292134
1051602 65897
4646808 -380340
9001992 -1912466
-4351508 -8018700
1788480 1594552
-1986001 708266
-1682392 3935919
-6560483 3005033
-2185206 3606463
-3059773 -5282417
5627589 -3536780
1540881 264064
-1316629 -984881
-773473 -3144390
-933189 -7450640
2835433 6010135
-1029270 -2352023
4220768 -9158794
-1011888 -4085899
-4550703 1804401
-1635324 -165944
680859 3614998
4075213 -3656561
3597335 5029670
1329951 -1849875
-2865388 3483595
1247122 523372
-1421879 -11063245
3431495 1194494
-6306154 1745159
7601368 4365043
3246043 925004
2242973 -2446028
5287867 4084991
-2807217 -1256258
1651169 1287859
1465329 50514
-92886 2965047
-3944426 -4048230
1456594 6466491
-2853987 4465548
-663967 6408957
-224186 -3115733
568897 -3769362
-2565331 -5316691
6148589 4688999
-3312065 4740094
308440 -4260384
5559700 7938617
-3559697 6373695
-5824597 -2074404
387993 2057395
4171987 2850043
4082557 -1125205
-4866711 3605113
-4308287 -11142651
3725842 -1877976
2710420 -2142721
2165340 3083171
2496855 1849252
7065196 -3074908
-2911818 -4108202
3745679 6250403
-3612995 8492770
8892283 -2669472
3853398 7589549
-356287 -5255999
1938190 7381251
2073360 10811138
-9500989 873651
-2144133 7907373
-5218923 -4113100
1092366 -2059136
3122845 739558
-828621 2294777
-2690062 730723
-3142089 -2315424
-5064175 -4175944
-3543387 -1066257
-5090320 2628609
4626111 1771844
-2124842 537583
-1139599 -2984237
-1144402 -3765190
-2077540 2408885
1648949 -11382936
-11235608 3315812
-605252 -4099639
2014948 -5104015
-2814100 2399050
-6315220 3242113
3417792 467333
1724042 -2867088
5973412 1944814
9834457 -7039195
856080 -3207959
4324475 -614398
767650 905578
-2485969 5550861
88165 1409354
2332964 -5799993
610191 -4249840
-2612461 -2380150
-770040 2374387
5214568 2897811
-6933957 550657
3029356 51039
1383685 -5333020
792936 8660720
4552863 2006393
-8609 -9269051
-4504210 -3468050
261380 -1547777
4185466 -2417777
1671373 -4114409
246568 3546018
-4364247 -2849043
-1569642 -9701773
-6758953 3470992
-7939111 -3367896
3980160 -10450610
814424 2843417
-1957725 -5547585
2233250 -530317
-507860 -2616774
-5182154 3684954
1583755 -8557350
368098 -797244
7446619 1908305
-520105 -7787618
-7938352 -4752135
-5914850 4311820
-665494 533521
-270646 3657260
-1507431 19001
-622650 -3457738
6429137 -3067872
-2687065 -414172
-3675103 3674311
1501764 7447705
-545068 3973890
2992694 -1459919
-7150929 1375654
-10772417 -28987
-19867 4619050
-4561483 1868101
-490684 -1725531
-4589959 -5462112
-4952763 -3768617
-2064472 -1892096
-3311415 6024344
-681307 -4875036
1578939 -2616456
-4819159 -1572817
-2436689 2410240
-541868 2479901
-4648892 9684487
7868103 1054333
-1792676 -281486
-1730270 1132978
410182 -4854077
3262903 4241775
-2818765 -6618450
3009725 -2187302
-590653 -6726217
-6614106 837633
-1510537 2300305
-5052882 1798766
10145724 1002565
-5486409 -3053923
-2304643 -7943149
3948443 -1717071
2749491 922330
-4556478 5419770
2718793 -20423
-2799826 -6088812
-1670465 -2202162
7387043 426354
-2308446 -1106048
-7267715 -3020579
251486 -7245074
-1955657 1969529
8439679 1889293
-2021815 -886225
1926924 -4248024
4258327 109566
4555299 6618982
2760542 -5200444
1672979 -2785472
-2015121 13371482
-997204 4841071
-3563502 -2918514
-1742756 5247072
5435053 -816887
-2390394 732076
-9921511 1452440
-116834 2764661
-5700513 7258371
-7549514 -5838582
1586960 7017546
7333975 -6431627
156955 -5615736
6488924 -4512318
4240776 1260773
1787656 6072559
-2889604 2350591
-1109465 7858627
905361 -2868176
5183190 -6550299
7824417 824124
-1560767 328304
1657399 -3256192
5401622 4102805
352896 -5673806
1797202 492578
2505867 -968908
-4356450 4243181
-5140412 -1161898
2145369 -6386903
8662725 -2631286
1035031 789760
-7683691 3931627
1453839 3150595
-4334014 -2907615
2462423 -2046345
5337978 -3754754
-4059323 -533391
1865203 -4801011
130776 2554305
-1601703 1622906
422012 765037
3307205 -2121660
2983652 -7167087
4728450 6385913
3417015 -1792987
-5384039 -3145150
6787121 7721168
2949928 -598142
-901097 -446189
12162041 9288346
-612621 6901970
-98606 2940455
-6259719 3990623
2241671 6875738
-695247 1283147
-4540944 -5821336
-3103792 -1266201
-1382775 -1896383
-6281551 4361724
2239600 -524771
-3432814 83004
4067108 -6098055
-7651466 -7293353
-495070 58298
6383355 -5741434
-430028 -8642985
-1247976 -7842782
1376169 -2641543
3322332 701124
-3843601 2274129
498141 -2272380
3757716 2009776
-3649530 7957010
1418900 -2994967
2841254 62995
1874577 2689945
-4065618 4978758
7377296 48736
5229329 11842481
-602398 -830265
2514986 4274335
461987 -11560639
3704825 -3941837
6193816 -825413
-6062636 -4887881
-7621007 6096097
-713206 2294297
-3107341 760655
-3629316 725627
2011767 -2619575
-11095493 -1085005
1442768 -6916470
5014236 -3048730
-1623781 -1260328
-6433609 3654444
4353480 7213021
-4103894 653693
3508401 -1726920
2205881 5985802
-694558 1271138
7421325 -2545997
2736064 -843225
-3623177 1816052
-3608981 -506219
-101469 4643951
1692048 -753446
-1323319 4148716
1817194 2804123
1676399 2117786
2901627 -4648065
-1761809 -468114
-991822 5467062
1417219 -4361806
9718739 388076
2941692 -249137
1444062 -982302
10377230 1219755
-6630644 9997141
-4509326 2801644
6887072 -1161492
-4177400 2842321
-682018 -11161103
-2419038 5087591
-5080144 -1484645
-879758 123921
2617710 980615
-1504400 2550097
-6086913 1757053
-2094506 -825533
6133448 -2182833
-4531919 -3496097
1175427 5224061
4777080 30298
354147 -5903928
1186942 -2822477
8093518 -2401580
4136000 4636425
2903070 3918900
-2014481 -3346729
5934746 -2372799
-316230 -2668321
6036746 -702463
-1252531 880248
-3438811 155381
1629096 -7017570
-1804271 130324
3487145 -1033099
319502 3333948
7416535 197239
-10145244 211470
-1739432 127814
8386979 -3838378
-3813389 1683684
7048267 3130362
6185201 6954481
4670264 3605117
27903 5048278
-131676 2096471
2684597 3364513
7939955 -3527745
-742888 -3898461
-2701955 361927
-3067920 -8229960
2068435 -306833
-922236 -520254
591998 -307683
11399485 -4159576
-1822644 2521639
7787787 -556688
3766939 -3264480
-1240516 5901298
74584 2909386
3145415 1419368
1482052 2978131
2296077 314400
-47431 -6480924
8526185 459304
-1012852 5634933
2241173 87642
1148165 -2526364
6112924 3011275
9641612 -583912
-26194 -6659778
-10280018 -4525061
-1241943 -770201
-693801 3059063
-3408572 -6142809
1244229 2471981
223594 2057102
-403590 3549856
59025 3457955
-3911131 -7139628
-2108642 6197406
2608 5081972
-249706 3889862
-3272126 1680507
1877860 3358974
6351590 -642740
-267808 85976
3791281 -2735405
3251802 329391
-1584998 -241686
2084496 253499
5332718 2983321
-285992 -942371
-4775181 -7224201
4105887 11351324
2392064 -9150991
-508745 -3174977
-734220 726462
5110317 3703761
7354567 1469080
-3792598 -2871775
-5388712 -92075
794624 2607003
-757584 2442789
1086526 6559187
6688505 15219057
3594472 -5218803
3367819 4561891
562286 -3624218
-6386169 4181854
7178694 6068643
1155827 -4425741
2155710 3970935
4696964 -8858005
5178492 1850646
-4635262 -1661843
-5752164 173068
3294523 -3296620
-3392213 -10599377
3511480 -2246890
-923617 -895283
8113997 -5643108
1225377 2337289
-214554 5727405
-2413980 -582070
-192499 1725347
-3174967 -2495092
-5173399 6978803
2117336 -5275193
-1440098 -6238349
-4151454 -5018254
2304172 -1608112
2728231 -504732
-5803901 4671240
5838489 12367669
4221040 -2474518
9278908 6578153
5285205 12278634
5611656 2079197
285887 -3351382
-2618622 318133
-347431 4554893
-273640 2257649
-3455279 -1792728
1810812 -1651701
4594351 -2077882
-512604 -1757307
2487527 9200577
4740035 -3476799
958772 -2586158
-4433661 -522831
-262898 -1751457
311897 2989483
9325982 -2616972
265795 -6484686
-3427710 -3274148
2117453 84092
8206026 -2676707
-1079742 -6359969
8962555 417038
375198 -532504
1508485 -3850490
-1594906 -131086
3435822 -4997843
-5149280 1273486
568400 -2166226
-5058708 4033388
1050845 -1402434
-1268794 4323281
-3846564 -3424472
2645077 1615634
-2098924 -8197718
3002189 990007
3073652 1565977
304374 528514
-7834685 -2236347
5885818 -3732652
-2987423 4180133
3910023 909648
-2554924 4159193
3147551 -6558722
-627486 4060450
2890943 -7063998
-8010631 -3116076
-5995684 -8017799
2554263 -4293145
-5510693 6660183
4748199 1510362
-8287541 -2025777
-4754451 2509813
-3312780 5707986
2002150 -514752
-4992828 -2430174
-5233801 -3298431
-2151427 -3564825
-3632397 122016
-3121983 -1576834
6035050 -1113893
-4291383 3045634
6949157 -5964165
368397 8198198
2602415 10365917
4967292 -1018088
-4683713 -2846784
5406583 -614421
-1558448 -7410799
12183163 993386
-5197841 -1793764
-5415973 -3788531
1490891 -5043472
2624331 2350838
-2953820 994058
-8675958 -1761126
-1020847 -1982118
-2374013 -882620
6270721 -5628461
-6043058 -781862
3378086 -428174
3519491 10848424
-2231471 -259325
1080164 -21218
2438132 1006621
-1488606 -3881076
3764862 -2891537
-1945111 -3866414
-715162 3333833
-2779630 -719670
3132710 -7088632
6001050 -267925
4782025 5490194
871443 2217677
2006540 -5222864
3810629 -4815147
253394 5760104
4154554 8774935
3228 -4462837
7005207 -4685139
-2867708 1415127
799135 -1952500
2842112 3640895
5698274 2403491
1356943 -2398563
212155 4466679
-4902304 8491415
-5745488 2208097
1268218 -39550
-2429419 -436587
3848292 -9542106
-3801505 2466601
-1968726 737205
-3722538 3825240
804995 3903511
299197 2552550
-4493348 -3346954
6223311 1847500
-4077955 6789921
-4238230 6968054
3102198 -8438178
-8523153 6201020
-2298181 234740
-482219 3386099
2039950 6686241
-3935060 8869364
228574 7530098
4439402 -2473029
-4044248 -4187007
-3699890 3176211
3298228 -128059
-4444502 -7822835
-681183 -8323339
-141847 493129
5010460 2152746
3178874 413090
-4688627 -4703437
8172824 2113709
-13574 -2267186
3555161 -2032832
1422410 -3167987
-848279 -2145772
-917290 -2139066
-928108 -2310385
5692920 -782202
6216479 1122977
-8732822 5707567
-12338 -344153
1030791 -7645769
3826945 -2131373
-5028192 2755095
3292476 4468763
-5157148 -998530
-152422 4765173
-1290335 5438964
4372487 -4641140
-1471782 778482
-6620198 -1691722
-3218381 -5769583
2058297 6696037
5987150 1233445
-3390381 -1929659
-714980 -7427955
723511 709915
-1936289 -2063954
682412 -1584842
-9242410 4704925
1214723 -4293700
6316928 -2600044
3765021 -3228629
-774077 1296664
-4724572 -5793914
580754 -618005
4381502 289688
-731678 3114826
3633409 -378921
-1347946 77474
-2139920 -1913485
-2253387 -4532692
5426478 1885368
-1806669 3970300
7144698 -6834333
1678606 -4349541
3616470 -1809699
6010665 3554742
18773628 -21079
1789656 6449095
-1335449 -1622275
-2227918 769158
1206748 5816574
-8385852 34295
-2331403 -9188619
139183 387371
-2393390 -8120587
3084973 -4033583
-3213230 -5103500
-3396148 4425193
-2260759 -7223308
-5385732 -2439286
4311878 -1573200
3108973 -3402932
-6132022 1766935
-1614982 -1572708
-4200290 425528
1074812 7663289
657487 -5052240
2047060 -2764745
12999 8405309
2369985 -3967315
2366649 -3306557
-137710 -3568990
-2051558 1511631
2079964 -3480883
-3712311 -8127408
-3302621 -1498851
3681 2199176
1884481 1690119
3408555 1739353
-4471267 -1075501
-1849900 -4195341
-2229281 -716451
7810871 1258440
-422121 3218940
-6060490 3081558
-202432 5105220
-1416201 -1549664
1827178 -4511464
-3950994 2144795
1859248 -5447734
5112635 -2174328
4870728 3016529
-6425808 7143594
2058532 2008930
-1776475 932098
-2113212 -3263354
-3169514 -2675325
2444102 -3689365
-8751217 -3528299
1255072 1178313
6504837 3537815
392737 4111123
1810021 -2223588
3962303 -4544492
-9821054 -6054877
5930499 -1496559
-482148 5407250
2482146 -2734910
1738244 -3374928
-5110125 6436784
3244227 1582725
2745221 -8022655
5648824 3672370
6451659 -1986878
4193329 -4406505
-4964558 -10814400
4081590 7884219
4252517 -2930852
-615624 2015841
895777 -1441018
-2178362 1652565
-1056348 -6512195
250434 7915600
-466928 -10382557
-3503498 -889575
1488938 -474010
-8989155 913662
-8985441 6366585
4535371 5128515
3511522 6773402
693170 6603254
5424181 -75895
377692 2382416
7570449 -5055781
-4150497 -1110980
-2277800 3329037
-6127230 1636610
6910691 700308
1176743 -2928258
1854439 -1095042
7312896 -4491921
-300660 -1010561
4889582 724766
2317780 1080692
2618009 2654574
-2309283 4004118
548794 -1919877
444656 -2440474
-12017274 -4218101
2296942 -4718268
3693098 921380
-2228035 1098405
-4935354 3842651
4498774 3845441
-1866329 1237857
4494866 4057313
3592449 4511851
-351102 1508933
-2992726 -657294
-1397479 -1646601
-4295914 1125280
4498931 -3472718
770513 -1473168
7306667 2002373
2070324 3513710
4336873 -2737527
-4352652 -460587
6857275 7127561
2862765 -4660740
-306280 4859672
-2682100 -1707102
884646 -10880488
4850506 -4783667
-541702 674834
-4829640 93795
546075 -825033
-5826114 1384944
-6402488 10236807
2809053 3402486
-5215727 3838747
-10197263 4932958
-58021 -4628479
4840910 -2667780
5430067 -4380638
11758441 -2038293
7082958 -4781734
-1644139 -3184878
1589565 -3920444
5024473 -6473327
2504424 6609871
-755220 -381700
2314360 -2804544
1015100 -1299138
-10310478 -4318625
-9354501 3581495
-2878052 -5628895
4306879 -2067010
3229706 10810966
4701620 5485788
-463399 790169
6354203 901787
1693524 2303153
-4630333 -310335
3644161 -278257
-2319520 -4132678
-453116 -1492101
-6389958 3799144
8936422 8932869
4589118 6107238
-4882484 207448
-858298 32989
-588430 1867827
-4206625 -1368354
-2672816 5372831
1905203 -1456712
-2197805 -564014
4219414 -9700306
4942746 5310537
-9202219 3678177
-758032 614668
-2442337 2842137
1328683 791637
7331300 2332575
3142013 -2369974
-1601975 58686
-384537 -4325790
354973 2136245
-12482277 5527569
1477434 -1244884
3338038 2526691
6715769 -3790406
6099666 318750
-6766696 -175334
1849264 -3270337
-3464621 8816446
-1275670 -2449618
2008650 2673900
685868 -3851184
8870571 -638662
6056617 -1274880
-6031636 -403461
2969828 4587422
2484123 -3123110
2649357 906152
3601573 -9297328
-5691052 5150621
-2606373 -8133962
6031874 1712343
1191110 8133923
934908 2415660
-7259621 -2196826
-1429431 -7342257
-1336247 2620007
-7615220 -392335
3522233 1970742
-8213414 -1832531
3067555 -451476
-2410667 -4790432
566161 -5590562
-3372996 -1330931
194207 -4824571
2032227 -1821685
5986760 1405947
3253891 -1312315
-3043206 -2521467
682517 -1337274
-1552232 1742901
-7134581 -185151
-3735615 -2179285
314477 3989011
1062067 -187763
-11915195 2908745
4397685 3769824
-3435209 -1999530
3373852 -3982483
-3485591 -4126828
6258068 -2409907
-732063 4331854
-8794527 3672757
-3089730 5180902
5500490 -3248555
2073840 7826180
601759 -119763
-2968468 8455131
-9441574 3191406
5247447 820340
1574007 2633716
-1752477 -1082289
2762738 -1384869
254194 2149840
1908167 6076700
233313 1781759
-71150 -3117472
-4695645 4600610
923041 3061615
5110424 3515201
586941 3238160
-2087327 -3598887
856447 -5092096
-4887555 1326567
2295931 -8199168
8522469 3323457
-1410656 885553
-1652689 2994589
1799155 -7835277
-2357735 -3073748
360992 -2823557
7546640 2392834
2836331 -6695699
8014209 123574
-2637248 4737415
-2696352 -6620568
6264511 5650430
-6031948 5159548
5152111 7319950
9767206 5423752
3347760 5387832
3868212 -3082678
214712 -5960553
1964961 711588
1373861 -211401
-4980614 1745078
4962398 -6186249
-3079306 5110111
2383906 7508128
50193 4306678
-5190069 -13187418
-5363828 3442768
4062936 2639591
4290747 1506761
4920586 1130573
-3062326 -2390256
-3193677 1725082
3642014 3875166
6863477 -7277658
3345124 -1433612
-6254490 -10832654
-4684262 1382928
-3232350 1094829
7729964 3322046
30109 4801628
-802260 -2392526
-2008097 -2656872
-591124 7731035
3428394 1033673
-4452650 -3523453
1655887 2123408
-5982360 2388926
-3756929 -620615
2755068 -3086573
-418285 2062188
-160770 -1635977
-1798693 5169148
-2015252 3153794
-3823190 1931435
6648105 -6969286
-2003982 -3001338
6442960 -41779
-4397858 8506640
-1928551 2872532
-6158126 3701356
-7278712 1177138
1576588 -202082
662810 2352113
4735538 1103383
-1632009 4868922
-7445574 -1647882
-5551922 6875510
-3772144 -3169607
3136337 -2519113
-4912424 4173769
-203565 2317314
-1156876 -3282517
-1814937 -714356
-5175765 1776168
386087 -2265806
3593627 2587686
-202289 -4677007
-462414 -3276178
-4041098 -5977708
3058219 -5760961
-1567872 719200
395969 6621139
13170037 3389427
236784 790872
-2458315 1886988
2199334 -4224984
-4186124 -442668
-1631497 3480260
-2806674 4371855
826753 351267
-402577 3414418
-623519 1722430
-2881082 -1099700
3244741 -6483135
2999549 -4747083
4343844 2403711
-6943139 3380839
60251 921420
-1110626 -1103323
-2122696 2343586
5383165 1215237
-3648583 -2905712
-8018191 1243598
-2415770 -2331371
-4238134 2795747
-984529 -1793141
-2459108 -521019
-3078129 4016080
4073666 3152916
3358195 3145341
-4477231 -1202788
-2091608 1787395
-9371932 -1028063
2336479 2289414
6311327 3850094
-1401783 1585962
-246761 4285121
2375455 -5246560
2863649 3491387
1970483 4638522
4251729 8163039
-7421576 473058
-123270 -164968
2438691 -3067927
-7487593 10526890
-2319015 -1470161
4446365 -3151286
442080 275695
-4767146 -1819083
3793807 -515064
1687979 851296
2386399 -1497281
4535772 -4650776
5171961 -7254071
-596867 -2846378
2774238 2710691
2893609 -676846
-4268994 2014053
-1022651 633993
4293081 -398038
117059 145813
319697 -2109731
-5091344 4393777
-3802498 -4310812
5193396 -502730
-6590082 3414974
1782423 -2835436
3151038 1489020
-939629 -1931441
-4628669 1684264
325059 5405178
-1508234 -5830140
-3829976 3360809
-8543930 -5957465
3171802 -8023867
1548667 227262
-468409 -8145462
3411824 -6411662
4500162 -6798633
3791119 -4555299
-5594586 -4660268
-3498270 2407055
-4152632 2711710
-275690 1634082
146800 -5543140
3190744 828160
-7509656 -2350538
995366 -5066047
-3433320 467100
-1893667 3372988
2358646 2265876
1447863 -3085395
5624226 -3854763
3571068 -2829577
5157938 -2123175
661983 -389227
-2631350 -55467
-4506639 -403255
339721 2276678
1947398 711139
2311968 250584
1222292 860439
3363223 -6867793
2230006 6037018
-1149124 2441536
2175048 -58947
-1149432 1749649
-445154 1689305
4732646 4053247
-780766 2447345
-11764702 784470
5362383 -1970154
3129838 1263216
-1290028 821263
-726649 -8484694
5511457 1720274
-1626880 3366188
5876977 6233134
1906033 -37768
-3945703 815622
2211168 -500801
8841077 2928240
2025068 -1590553
2283710 3033509
1576626 -1335295
2700918 -1846065
3871 -208211
-7259579 675194
-2639264 -155405
-739982 -1490788
-2652939 -6431086
2342026 -4743809
-5011796 5155568
4072419 8082370
-3969874 6710026
-2724434 451658
-8946872 1952614
-1835700 6208072
-1335301 -7101069
3440155 905215
613476 3496642
-5047111 -5349243
2308923 -4600016
-3245664 -3662866
1832806 1636090
4146964 -4230476
2854613 -5735695
2773439 5192573
6473891 1988475
-8912191 1247114
3354999 3716059
-2278637 774374
-513581 250288
-2438381 6952497
2419931 6647593
-6433166 -1014691
-2277368 2692496
-4303696 1373082
-4521091 11207393
7816729 -4082998
3526879 1034072
3000991 6077293
2002367 2614711
7704792 -2827791
6264482 -1410672
2683280 3102599
-1098376 -948594
1011271 -1831799
7713527 -2970713
2166049 2071745
-3986895 -1003053
551387 7609802
5166976 2022667
-6912969 2432958
3641087 7260622
-2600606 -1496556
675696 1145322
545782 135239
-3626817 -4002624
2720355 2158371
1178313 -2941940
5430030 -188281
-828754 -3511522
581101 -2428989
5943205 -1045264
-2876416 -3900889
-3255640 3346540
-1983605 -2847740
-2775718 -5097631
1882848 1020095
-7982819 -2726600
-728594 2737239
8836939 -6806272
5214843 356210
-913929 -4084468
-320972 176072
1151171 -6484570
2457619 130326
2904594 -1850810
-3450133 -6672875
8972868 8829810
1715429 858515
1450079 560589
1226226 1854101
1984401 -1380207
3075591 1684159
1077786 -2798687
281685 -4004512
4301726 -1415898
2630592 773622
-2092522 -5472654
-5020961 -822104
244232 -3512109
661108 1984515
7319805 8544103
-5453953 -2075624
5220274 1906015
1235441 -4839441
-11391 -1750378
5288482 1445950
-2301230 -1863137
-1334674 -2111562
6619781 3470563
-5098875 -5902290
3721086 -3882206
97231 -304503
1399898 2604772
4219366 5349700
6903912 1142051
-485453 -2854447
6274813 609383
182340 6396999
3283507 2173176
-5296488 -1050311
5914495 635414
-741947 -599685
8777217 532791
1186330 3321903
-4205597 -2829891
-3342870 3680115
4371483 -9228484
5872382 -1469460
-4811530 2861462
2867896 10822111
2922727 -3208469
1827352 -3210737
-1299249 2357394
-4333566 -4553225
-7220711 2189984
-7889723 -4130938
5591183 -8651272
5883121 -4895394
7548023 -504111
-1930726 7766298
-8659 3158067
-1670058 -2013847
-1351508 6735272
2699488 -8346610
-796929 -971165
3705492 98
-3677693 3058312
5062782 -6570686
1302036 -1987988
-4865602 1645747
-970919 1018924
6377438 -1949998
4785057 1242487
1272419 2426105
7588324 1358907
-4991790 478655
7711123 -8362613
5374178 2628001
-10869050 -917406
-9395924 107685
1643013 -3518669
4193364 -5954397
3191537 -2065478
-3992830 3235077
-4475473 3191007
380135 -4451472
-1477994 -585097
-5609515 -284733
-1989845 -3054256
-12540631 2444550
1642534 1847604
-2476231 1367888
52212 2528152
1178631 -3009871
-1093074 1809099
3089913 9812611
962695 -3136483
-6654160 -2286621
-8483925 -1242762
5250548 -2017593
93919 4305502
5001826 -2423282
-1466314 -4108008
3648500 1805782
-5980261 1530693
1100320 -3089559
-3833390 -3328321
594503 588325
-1824163 -2492444
1389826 -4980962
-391928 -1322899
-333309 6462665
-5906590 -10775305
-2600720 -3434378
-6004034 -5825772
5975869 4131685
2343189 47214
-435650 1968853
-260355 -2725480
-46894 -2325663
-3989137 3108251
949701 -5885712
933001 1408157
3552539 3052264
1446465 -749826
-7653714 3466916
481448 -3296144
3626759 1634557
-645595 5161813
7587041 1799402
-1903521 649009
6662980 2878225
-3557469 1119442
-5376829 -1076416
-8698368 6313036
-4768689 -5005240
3306070 -7885307
-5028797 11414587
374249 -900118
-2081049 -2726313
2061669 2180086
-3602283 -6279956
-777741 2935026
4935631 8860480
1496403 -1172114
-4056045 -135347
-8622994 -1590687
4165434 479284
-3231825 2566576
7882994 146227
-3264987 957859
-1453044 -2437630
2239997 -3308026
-3554175 2993947
11172423 -1342594
564549 1260625
-3051245 -597324
6618801 4627609
-4682111 -902414
-6907046 -7597887
228015 -61120
11423131 3022011
-3058322 -2658564
-6227018 4775988
-1415911 -1052476
3547471 4997192
1309728 188435
6441980 2287697
-2723077 -1787045
1531969 2784355
-8085272 2426814
-1293885 2111891
613866 6372891
-4100431 2694340
-241886 5043708
1068889 -2987605
2025337 -272653
-6270508 7149855
