-27260 713486
633949 -8686454
-904558 -5975684
-4747119 -780685
-2363108 -4002878
-1998688 -4917320
-6291286 -5483388
3701234 1883243
-5428436 -5965080
-2972300 -715151
-2846022 -4903387
-4376921 -1392903
-1882704 -6534947
2939009 2990058
-904058 10808316
1384427 2067376
362375 3181031
-2414898 -4305922
-1429005 -1614527
-2262164 1290480
4107268 8985862
-3430578 1252237
-7857418 5431682
-6093877 -133108
2988032 4185327
-6058672 -2203059
3540116 2817372
5864062 10018726
-126148 7257370
-53702 5244882
-2489519 6626136
2605200 9382942
-54152 778494
2580617 -1895555
-5177763 7889489
-807317 1759515
-1518112 -3599331
5527480 -713532
-4306823 -5329990
-5885073 9704222
-2843636 3125578
1346433 2506525
3282312 3869387
13366162 4401378
-10947136 -2554845
1407720 578398
3151732 5120651
80812 2101632
2208084 -3502197
-3105095 -347568
3831426 4793479
8364400 -2052012
8108954 7822232
2012545 -2823806
-2634018 4185632
2771617 -6241904
-7443746 289607
2816637 9816957
1052030 -2805754
-3608596 -6323033
-2225469 -1336756
-6563180 -315502
1479641 -5675201
-5898104 -3108673
2273131 1819539
-3590757 542212
-5392893 3080748
-3094756 -3006689
-2831401 6064424
5876917 3554543
5052 2331759
-4428839 -489380
465060 3296227
-2891171 5377046
-3068218 6290470
4070168 -460774
3117035 4710948
2580866 2319015
-1072445 -1578888
2534096 4151587
557998 2769824
478579 -4995288
-565621 8334191
-5177192 -577743
4638212 -4211521
-3164685 5903700
13633353 -3441460
2653541 -9198387
-2003762 1777132
-668036 -4677382
-301221 6345291
288807 5083496
5243476 -548404
6488553 -1169838
-205012 2789177
661359 455503
-1272121 -3650851
1322432 -4890694
-316237 2787501
-190868 -2828418
6374914 -3514774
-2987384 -54675
-12463503 -3702254
-501988 -2580557
2669205 -6417922
-2794042 -2600610
1868911 -2027388
-687507 -4436884
-3423777 -204116
-7349526 548716
5092801 -4642390
2659137 2572035
4841147 2212599
7787015 4076406
4634080 2040760
2219680 3941205
1947160 5987705
6678061 -230165
-2548384 2803276
-616073 -467523
-397531 -297667
864810 8254099
558246 1483093
1181713 10030610
-417662 5799150
-3874410 -841971
-1545462 -772887
-2451497 7528242
3281287 -1556343
3790659 1479482
2416433 -2348113
2409488 -2695626
-2380884 893370
-1652778 -1810302
4752071 3545211
6749946 5301239
2614081 -6298222
1271730 -99609
-3628689 622288
5786526 2939140
5252566 7319938
-3189655 -7969672
-1262326 3229124
-419661 -7124617
-338017 1119355
-230298 -6741424
-1736663 686655
37969 -1390307
-3085103 -5781125
102269 -1959225
1193815 2820906
1892029 556485
-86000 -1473864
327674 -2787203
7842157 -2968678
-6040893 -449179
2276909 592162
1602704 -3452512
-1011145 -2272503
1114823 -193795
2508109 143991
-1322436 -1620210
-6991496 -2882641
4242277 3008427
-2251742 -376447
2825925 -2326833
3407430 1624422
-1071285 -1700288
1996264 -255761
3763119 10822540
3698370 -4240931
892075 -3936184
-5131879 15343
-3852225 -4114129
-4696676 2839366
-1450461 3886390
-1648735 1389967
1232206 -566027
2524870 -7775610
1109105 2716691
-9767869 4240745
660560 2077333
1837235 -883217
741482 -5365642
1871907 3671545
-620224 5766674
-2530585 4322503
2272905 -4332800
-360688 3456989
1980183 -2419072
3092637 -10389810
-6101455 -4082547
1557425 -165349
22368 -3197727
4587166 -1718144
3848182 7379293
-990503 271826
-840366 1646641
-3755707 2029823
-1910995 3321936
10553338 -2260825
1128648 2198832
-1065522 446292
7459774 -2819395
-3112400 154174
-2759283 -4935589
-2356449 -6253606
3849251 222281
-8041736 -3442853
3344474 3782696
-381099 -2874857
679833 -486816
5503119 3047746
938785 4776857
1285441 2339461
-4852351 -149313
-3324294 -3478151
12307207 3348705
5225187 -2420394
1309251 -524261
4622242 6271538
2010820 -3989321
202378 1385046
6277461 -3176643
-2339994 -772526
-6304259 -938873
-1774681 2804813
5048330 642706
1463039 -901946
-176472 -1000702
1709164 -8716728
6348116 372056
-7727453 -1963667
-3470857 -5856153
-360520 -5736705
3827912 -4243494
-4537893 6603218
-4557864 18798
-3661310 2650463
-655820 1157071
2848912 -4809024
-1364769 8175257
-1717286 -8002725
5019228 338768
-13401402 -4784279
-1035463 899073
-8919378 -2044973
-5051357 -1235942
1478682 -2874208
-2684324 -775748
-3382538 2714282
555771 -4677383
8784804 -204077
-3320490 -943061
4182175 -6804316
-1502432 10241465
5034980 4432932
-3767773 141076
-5116870 -7784918
633553 -6665071
-1804126 276148
-5702366 4526342
-9027232 1568776
2475820 -10054287
-5714245 -6305464
3638467 2466196
2954556 -3777567
5809322 5744727
-6386083 9669246
-892524 -476389
-4440325 -535151
3488419 2650551
-1218656 -4157141
-3345181 -495880
-1513686 3110820
-2556736 4408284
-2555981 4161066
-609617 2639377
-2004857 -5572203
-1083585 7977175
-7574115 -3291420
1226173 -1501549
-6691241 -1678920
-5543963 814526
1141866 6934281
-167224 -1791420
4830787 3410638
1972826 -255524
1478461 524956
-1031302 2268209
5805265 -161366
-8519572 2646476
-131517 -4062615
418385 2829591
3984222 -219080
138159 6944290
-2833434 1048332
-5561892 3627659
59394 -8278406
1933766 -4162624
-810586 -2388437
-1424397 -2213985
666561 439469
2614752 -749468
416951 -3067952
-4158461 -443127
-6204822 -2908700
-2632684 -5201980
165399 2010720
3412497 818293
3120699 -562299
-1770394 -5141900
989966 6390168
2578447 -189677
-4866571 -233967
4424101 -2399856
-5457700 948333
4183802 -1289133
532963 1959516
2591697 -4402192
-3772147 5874595
964481 425378
4637231 3307228
4590696 1297083
801471 -3061914
-2801073 -3658727
-4122508 -722313
6208473 -2290584
2050829 296934
-97517 401559
693893 4094351
-261024 -4291313
-2280617 4195748
-5843570 -5305162
-1541974 -7666165
-1618055 2608195
-5209476 -2433259
3415471 1895475
3399821 6961960
-2260471 -942447
6550480 2473917
3340680 -1385210
-2374516 -3061248
6540510 -5696614
3115765 2868534
-2781042 2823980
2169435 -6296794
1675622 4946534
1156796 -3787131
2540987 -7079686
5691401 -1612280
21613 4278253
-3012503 -1522725
2706909 4006728
3915715 2192963
-7270902 -103342
229524 -3725566
5085279 -854483
-1587440 538213
-2347758 2145611
10847275 -3464096
-7461062 4883565
-513225 -9779837
4506880 2805923
-2369272 -8216508
5604648 230418
2876746 5745650
-3915246 2437280
-716567 935369
2403671 -13456355
-1178123 534825
1335949 2198560
11890840 -1055536
10494093 3056522
-5813982 64891
4551304 1555038
6553930 11731961
-869740 -3557849
-138969 -1401849
-5557008 -4403778
-4414107 -236134
-636137 3666933
848792 -4430301
-5682613 6601726
-4746803 66637
-892299 3088404
-2869373 -239589
1352514 -993038
-5448750 3292452
2660604 -5013824
-26721 3761681
2849148 3511797
1293756 -2429502
6368836 210411
3846115 2599435
-9942443 2993698
-3242875 -827870
2723245 100674
7447832 1455023
-3202175 -528473
-170809 -509561
4347490 -430852
4875353 5278850
1692977 6742893
3061266 -9668143
2019797 -3973973
2343124 -284729
2370769 -4323368
6661171 -1435322
-3200949 1967155
158938 -4636187
4434240 -1485599
2318930 -206857
4371025 1243290
-223815 -4133474
-8703082 3899274
-516402 -3438981
7254461 -4011372
-3686239 5239838
920156 5151110
7592119 -3655971
4682394 -4305119
-4264278 -2085640
1430899 -1173327
6902297 -5658322
-6829517 2493154
5073807 -1590214
3987306 1440880
-1195820 442287
4454952 7623381
3567705 -4192022
7295517 5996908
5379241 -1264381
1212787 629079
-3103041 3134400
-6478950 6401113
-1148678 -2397864
-2813670 -7299677
7120511 -9155083
7746739 -4401870
-2227798 -3756387
-4082095 -7378007
3496872 -372499
-8912466 6880055
-2159401 557824
2598440 -2014807
1054047 2600719
-3284559 9860011
-5895877 -1434793
-355620 -179059
-1652552 5953568
2656882 -777883
-770499 278980
-2310034 1589967
-9436941 -817349
7405061 1212164
-1641373 5893822
-1764427 8168996
2100180 -3175909
6892023 -975602
-5108651 -3826849
501419 -7687497
-4067377 -117162
-3373074 855477
-1903711 3861053
4372244 2152258
-5276379 -2474373
-298175 -2960728
391546 1777086
354716 -5449067
-3535974 -2063874
7973020 2961178
5479346 2341628
1662184 7067462
-3312752 -3814884
3875090 2097590
829820 -2055097
-4209227 3870848
-1068876 -158087
-2872859 27210
-3800214 -2533270
3137498 -1115626
4519315 -3650702
1606503 -4019329
-6051433 -7141758
5537 3552864
-1348205 4534394
6211850 5985098
4565288 2336546
-1426238 -691136
-3063279 -4392823
-581538 1054467
298012 -6234194
-5716848 7641878
-2668707 -2210885
4212768 -4116353
-7454728 7030659
-337155 5983606
-61392 910738
-5204224 -2721513
2032436 -4179636
1832953 -3337966
-167282 10071972
-4053535 304558
-2185344 -4154883
-2983697 1820418
-2151649 305513
-4546972 11496335
-2661987 -7317751
-599263 799392
-3015488 4441611
1825111 -4390577
3896386 -7722160
-4316710 257834
5800601 180473
1564449 -1556583
3641316 1496305
963198 3178305
1867329 -5915899
10035899 -3612790
-7170573 4615795
-2252844 13089807
-3775107 2065815
2965974 -7053375
-2266576 -10674062
288892 2881635
2708326 256686
-1329363 6413534
10427299 92997
2225843 1680184
4839595 -8319510
-2251320 -7579392
-10285106 -5307026
464363 -5446363
2426626 3920355
-2152023 55851
2630713 -675314
-635157 3419922
5406983 3440713
-10284259 6455100
-2438090 -4214831
404930 1544711
-905735 -1622359
1972421 1074246
4260232 7007717
-1992297 -836548
3624653 -276865
733951 -3135975
-1537711 -3852893
6206378 835307
3770819 7471687
5030437 -898943
-1283234 -2778680
6524145 1203976
-675582 3746366
-32040 3556531
3845438 -826224
3075524 4776152
5255055 -516736
-7823319 -11009926
-3601666 3682511
-5268760 -180816
-888801 -6944655
4446260 1003006
-5258878 747437
2325045 1410450
1436762 -1949539
-3359190 -7542199
-1311789 508809
-2467970 9220926
-2558807 -317304
2745593 850123
1588099 1878637
5299292 -2026155
5526743 -2190273
2111507 -6033493
-1935588 5288056
-1900435 2119497
-5451583 2007767
3391538 94714
559557 -4532563
-1613992 445338
-5774649 -179646
4630291 410424
-7156100 8750204
-3807644 -6005649
252516 -4062570
-4464288 -1233771
-1607972 3495053
-1334924 -3314243
-5498639 727862
-10282738 206140
859033 1004936
-4330375 1728861
7663160 -6633367
2715656 -3266402
-9472530 -919834
6994 4349477
6200397 3155126
-2440580 -373561
8060353 3652580
-974818 75786
4551509 -5566308
5792339 -2313181
-2213938 6137802
-4879029 601829
6236277 -498735
-1300250 -10532242
2368655 -1077641
8105748 216984
797809 1599324
8383907 -828075
-5005780 3497617
1524222 2088062
5915911 2777671
2914687 3854092
5611280 -607176
3575753 1058210
-3797181 4727007
559841 5447261
-1875401 215701
1932896 -1722833
-551739 398003
3554187 -5224294
-3602059 -4756184
-3222220 3929879
-6976874 -1559979
-6885883 5033621
1647232 994163
-3905095 11512426
10268362 3428232
-16036973 -8213560
2541381 -4232630
1030715 558877
1824567 2456065
3052419 -2026476
3839692 -740628
6246234 -5523893
-3461382 -4651287
374386 -3725589
1835673 -4605389
-7532508 1466530
-1127854 8167094
5205482 2419130
878170 956411
8103530 -6040199
1744545 8775539
6482442 -2057695
-2549656 -8000903
-3055974 -1005093
3330368 917211
352422 6345117
342025 -8462838
2138052 -396578
-3854368 -6571766
-5764048 -5569552
2507266 -6736700
2934420 -3482562
801245 -1874286
-84957 4433502
1481086 -1857293
-9045247 -1437358
-4923670 -2016733
-8351259 3830848
914765 1987106
2735902 -467360
4025753 3474443
-5854264 1973637
1813815 -7271030
8141381 5968316
2979268 -8248644
1495309 3198232
-3944495 -1014539
3038732 1055893
-1867556 -2108077
-1551633 -9869942
1328644 5222800
1198300 2609
-629464 536515
1322898 -1667568
-1332478 5164949
943148 -7672772
-579987 174672
-5940994 5506866
-2431831 -1239785
-2159556 1383362
-6250280 6096921
6269943 714675
-952827 3969761
273185 -4450435
-831203 -2400988
3822346 -1059310
-8729895 4459350
1477969 213559
489036 6514379
1329919 2269811
1082279 -901557
5858198 -287212
5743196 -819617
1709240 4303254
3313006 -4449239
2600212 -569937
-4384228 1890475
-3665820 -3160357
-2926386 -3366536
-1323945 902509
6209292 -2538746
1615213 -2626875
-4707582 -2017
-4626989 3016153
5803625 5728899
4304520 -6489704
1751409 11694984
-2967242 -522606
6586335 4158856
-1534640 -657476
4590489 -276263
-3527586 7809520
-5153635 7555895
9241549 4075280
2393108 -4051072
-1282148 5420648
-5557773 1102525
9286560 -5144066
14332286 1022953
-2613794 -413329
-1076889 -1046394
-188300 -1558076
4854872 2081511
3127880 1195549
-4389442 664663
-1005676 1983476
-241174 -3259321
-1245678 -3836516
8726596 5478960
-1307780 2777409
2907888 -1666461
9166652 -2610992
1469866 937600
-7140790 -5249055
900825 4559786
-5923745 -4501619
-1906570 -848739
-4237174 1397111
3449450 690562
3875219 3111297
-8695137 3534379
2710301 5786398
-154589 4067015
-1203012 -974568
7964090 4415162
-230855 -905578
-2285310 -2422751
2994031 -4687181
-6205271 1152352
-3264908 2024415
-155370 4479684
-4774854 -6432107
-2617570 -7372989
1594792 7601491
-2580807 -396927
-3869773 -5372045
4967472 5943708
5359291 -872861
2945022 -3400886
-6022164 471311
3966035 2684415
7991772 -6502213
-4417390 -3195894
2194276 -1992784
-139531 -10486345
1504011 3572833
-4700148 -4463475
-1286770 4779969
-6521243 3784981
-9035053 1995896
2595527 -2452550
-1045907 -1004333
6635953 -1052925
4057197 -3524640
6727057 -321410
1289436 5629528
-1350538 -4728861
-7065331 -4630920
-2050255 -2996406
-1823535 -3990191
5050397 -336808
1633810 2801305
5318570 -385226
3640616 4497672
4338929 5112
-3937587 3405773
4579001 4664294
-2263655 -326876
-4981414 -1375824
471700 -174417
-2777390 -3358094
3825293 -4817098
4868801 7005756
2053295 4227428
-7248549 -370978
3309297 -3499363
941185 2213120
-1044446 -7161968
3262183 3880933
-2637879 -10317570
-4958661 -4358184
-1057132 -1750515
735859 4457877
-1805586 1561496
4186454 2237779
4881098 -6305838
400005 2980488
4993010 -7598670
3147420 -3823890
-655008 -7957981
169024 207233
723252 2771111
4114912 -2170960
-854047 -5053158
5603272 1499426
358105 -8207497
-1833381 421028
-264552 497084
-607633 -6313465
-576379 -2907874
-619046 -7133819
-337997 4455177
-2274655 4295324
-5032488 3616804
-9244757 519637
743763 7173835
4167542 6381736
-1938885 3813991
1961735 -1761753
-6117392 -3254010
-6595535 -4634517
-630344 -6872504
49701 -8826598
120021 -672884
1569763 65242
-2518428 3898501
220002 -2602500
7825074 -4529826
1839127 650707
5077338 -5953823
3618520 -1733201
-5751024 -2867978
-2742806 236767
8268265 -4873580
-3945889 -3469092
-2658712 287583
1270764 -2829046
3207890 -900634
-601315 -755326
-5577306 -3429859
-835685 -204589
961617 -2032173
4166320 628209
260313 2287
-3657442 -8618540
4394792 -618297
-4224454 3995846
-5115278 -4297923
-1015910 -8003927
5653907 -48432
1004116 2977616
2115068 3039409
-1423389 -3622739
1714715 -2354804
-2555870 253676
-4994483 5526771
-1163825 2133539
-887900 1867991
-920386 1177671
5352784 -443756
-3600376 -1672105
4368703 4185861
-860670 7850822
-814721 6687093
-2057914 -5295037
-1127131 4916506
2742537 -4621985
-1293764 -8943329
-40850 -2588437
-5421018 -4816878
-5098598 7122745
11591768 -1468937
3245992 -606297
-7814153 -684639
-9368519 2531774
-2849946 657925
7595038 773092
3823963 1755870
2733887 3457056
-3383713 -1037188
4728067 -5101765
-1711802 267392
5320772 2868006
1325330 -6338028
-6535778 10464663
-1785090 -3900083
7761497 2797599
-3979028 -17163
-972216 105465
-8975901 5830773
1105903 17706
-790854 -291850
-5877829 1241414
-1061101 -2454357
1103530 -194884
-1290766 5462002
-6122628 -4989634
-823026 -9544756
2960379 -969943
5020560 -247079
4942432 -364931
2267616 -1839298
-118177 4084600
6211023 6482947
1692641 1595432
-747443 9103244
2357828 -3350940
-3753589 -7082788
5138017 -6121534
3455736 -5276471
4152163 -1592161
-8813739 -1205304
4073288 4524997
-1603596 -1427562
6992401 6801378
-2720789 -1954687
-218536 -7403356
-1881096 -6677726
-2749858 -3524617
-6954335 -451398
4128134 2865035
-486099 -1749024
-1854083 3865656
4326460 4304226
2085156 8363767
4854583 8718410
3369482 1467225
222994 1668065
-3304657 8613333
-6053417 9490
-1403589 2425502
588973 2838877
3166209 -3605801
6611044 -1814977
1319231 1915069
112651 -2921346
-3985483 -2678773
-418489 -5074736
7075981 7572745
5142200 7858744
-1084885 -68580
-273991 2960173
-667513 1138197
1289851 -3070054
6950528 2086184
-2933271 7303503
-10677256 -4150608
-2440847 3511411
9003352 7641609
-819287 1133325
-5439421 3557965
-100612 4721540
2529533 6328579
-886926 2389762
-3743612 -262435
1959456 -6023045
2101193 6958505
2564759 -1848121
6750266 -6940494
-368697 921307
6043663 -2044057
4828252 996427
2236084 1317841
-871860 -1847148
-6370735 1875226
2929705 4324009
7344635 6398163
932743 2889965
-5645808 -610002
-1656528 -1037015
-1872452 -384625
6660463 -147359
13355 -2310546
4373065 6069080
359494 3445521
3233841 -5983544
-4287333 2808953
-1844042 5390620
6961381 -1608001
210180 -5770651
7037852 -2921188
-11436736 -4091203
1634981 2656160
6100078 246745
-2045657 331525
2458492 879839
-11208279 284560
-1923231 2652441
-6993724 4788533
-696950 2750470
4969788 -6716650
-5876195 2993013
-282950 -681489
-4829354 351901
-264416 4799769
-3763833 -9093595
-1567159 -7992759
-306076 -551409
-2562538 -3730868
2456537 1098023
-930057 1506909
-8341339 -5016553
-5575354 3334981
2580125 -2058257
-3816213 -702650
1801187 -4498959
5719683 4111420
1812821 -14548427
3257177 -4109461
-723723 3841835
-1585764 4296111
-3807697 2782000
5574371 -36977
-2481774 4990343
-2372208 -3097421
-1255434 2896787
-7204672 -825812
1653515 2290259
-3156223 -1438334
-2604613 -915042
5371091 3980046
154607 2045744
-2449963 -1186014
-449438 4163069
-8827432 -6975715
-2595315 4013946
6920788 -931258
-1392167 1533793
1170399 -2728571
1229961 -2290479
3478085 4655530
-3619123 -2652179
1210902 -722932
-8697167 -8012863
-1285844 2501998
-1819584 3069944
66144 -969635
3208821 3927582
1994507 7731638
1501130 2582660
692499 -3338392
5831935 5880282
3361673 568433
-891593 -473705
-6062546 3695861
105919 714601
-15290 -1998978
1081676 -6740538
-1323391 -4892484
-3519614 -847419
-7519658 -3526266
-7403984 -9826814
5389009 -7329338
-1136647 1101538
-6027417 2781392
3069082 -3610663
-2944744 7385075
4472018 -2176529
4959270 -5745040
-2371003 2296515
-1974307 -4647753
-9820185 -310878
-1816238 -10448022
9186538 8786157
3628860 -1076006
-1185348 -503202
-431076 -5047923
-2267207 234001
-5102614 3590299
-1431426 -5534147
6167 -4460647
3128186 242639
1760518 4750119
3505269 -5895768
-7923973 6704808
-1165629 -348963
-10030799 2205304
-4169779 -2848865
2794184 -2945441
2809204 -1631125
-2757341 1283422
3626658 -2583631
-603887 -3074102
-1836537 1922109
-3831561 -3800368
1176135 -521684
6036610 1787485
-3908368 474804
4138157 -1967863
3959127 3274287
-2108405 -2335214
-5117420 2301873
-8072406 -439313
3626875 783316
-929220 96209
6029669 -536471
843330 -5123698
4545182 -3147313
-7119703 -4112273
-7855022 -8244431
3580516 894975
283872 5204625
-1746042 -3129433
1637556 -479537
-1362088 -3008312
5926048 3492974
-660288 2611177
75771 -6483877
3656956 5595088
-2949415 -1142669
-2369487 -2917191
-7738324 2157822
-6325698 1434891
-10814959 1938950
1634792 2163773
-1633989 4874
-1315073 -158907
2006611 3139036
-2638853 -5776880
-6914497 2653859
-5395749 2277038
-1065540 2720677
7870702 6389329
8296027 -7594666
2536134 226608
-5344315 -1963953
-326222 3975768
-415292 9457991
114967 -2043673
-1854936 -2599590
-1020757 -4811829
4271114 -2882333
1787367 2053640
-1496074 -2237354
2377008 8460608
-3136576 -2086581
1044269 4022827
5815471 -2088599
-2841744 1929161
-3627552 2842175
19770 -4016474
-10793191 6714492
-5742645 4063368
-8354191 5575848
-4755699 -7235222
-4335335 -1619766
-2654274 1348485
-880608 -6027288
3584473 -8794456
-2553103 -7561415
-413116 -8207108
8693523 4326054
-7805758 -1400733
-1650185 5841886
-3684354 -6269997
8946134 -4368041
1065150 -2960541
3899704 10063048
1809713 -227278
5374990 -2666671
6463418 -2526454
2137343 -4979195
-431921 3854952
-1307040 -696504
-1081035 -33806
3456884 4283468
4934925 -1120619
4494018 -1129117
505566 -7912096
5339810 3381967
-431017 -6879022
1355719 -2814671
-5298945 -471862
830122 342713
-1931845 566878
8797901 4729324
-4401708 3625338
585933 1182717
3773209 -4207718
2585711 5075086
1653135 -2819993
-2246109 2024768
-471090 -1119806
-6263817 932661
-5478002 -516164
2763242 -1157625
2400458 4443648
7310452 5443165
-898603 -5538700
4079677 2532150
324716 3639830
1316788 7221217
-4110859 -1159844
5790443 5985571
10445495 6387099
-5368803 2761254
5041790 -1892997
1197736 -324558
-2206734 -4919910
6973460 -4414459
-4881198 -2121578
2872949 2430395
-537413 -567660
-1675657 1696325
-1618244 -1790736
2257899 -1817118
6578248 1883514
-3603376 5105330
-3981071 -6080289
873812 9833323
-487266 634233
1140466 5846834
5699013 1046326
3320256 5900652
-2450000 -873970
5967977 -3673905
-6204605 7034661
-1822875 -7444144
-2868630 5936020
1975074 -4140632
-1903916 943974
-3279385 -5468578
5505400 2935023
-5320551 -582614
-3019240 -2217665
7259276 -389086
3307517 3383757
-4941522 -103733
-1043577 1017605
4782859 -2043092
-7036807 462540
4679049 3788920
-1394097 6767463
992077 4148770
1774756 -6878954
-819358 3494214
-273906 -4019251
-1139925 -632979
5149547 -540402
-2488008 5971088
3624497 4704579
4075701 -1035634
2780042 -10700698
2863954 111958
-3124848 -432218
-231195 -6110669
1832444 -5042774
6999143 -4847489
4126953 -1499232
-833658 -4906328
4315883 -2813774
-3836923 -4906034
1370336 1147919
995778 -3998216
-3453748 -455911
863364 6522788
-6295227 -3967336
-2263319 -1818647
-974967 934984
3983041 5740337
2368777 4437584
-1399271 3923565
1222171 -418193
5212131 -10549314
2947659 4678249
632399 1099373
1403522 -2271399
-7535679 1322668
-3212931 947343
-7388814 4319525
-251888 -9057499
2116950 -1214003
4896267 3274345
-376700 -5381500
5756327 6723228
-2815631 -800268
-450734 -10126635
-2265449 6339848
-2089754 3701683
-3914245 -1490658
-5818074 4412849
-341289 -1473916
-4045677 -3056054
6556692 2636887
3579504 6880308
7430754 770590
-2872210 2387315
-349629 -5910103
4106616 -5295362
-5196393 -272250
-6012902 6687796
4777055 -4327905
-3779409 5028618
1638797 -1177351
2885622 3544251
981905 5566526
1793814 3876178
-1735354 60060
2453876 2885587
2899789 809241
-3666757 -2715778
2185701 5570705
-426589 -8201674
5726795 7003759
-958917 5807509
-984940 5645642
-385506 6673711
5472753 5023852
-8144940 226692
6177786 8082563
4058128 -8327449
2211157 -97053
-5998209 -6373768
-4860640 -2829302
-5794409 2444489
-2123447 -190276
-2158578 2449397
-4118228 -1990035
-239954 -2575397
-2731964 -575117
-185469 5538720
-4298880 -1289485
2721826 -1142610
-2245610 -8088324
-3200897 -11295783
-5265276 4033214
-3694679 -10873907
-5175499 845881
3657614 437749
1696883 7612124
1863997 2659670
4193227 8057321
8054717 8312748
5509029 -8272317
-14011254 -8493357
-4623428 3474773
11339816 2730717
2522040 -3943859
5195698 -775337
4085924 -1672153
3196020 1952919
1070342 -2293773
-6504886 2335651
9042336 2377899
449624 1782606
-1359913 3258219
3104445 1032797
4309718 4854767
1831237 -194982
-77543 -4412396
4118601 -7030927
7680021 5888917
-3879268 -85915
2242952 1597162
15265877 -225199
787099 -10682717
3641827 -1979212
-803240 2420916
-857669 7195664
-309438 -5578005
-5836829 3876148
-8457099 -5625355
43978 -1052523
4181766 -2283898
2513755 8335778
1233837 -2757598
-1285132 -3566507
-1115992 104237
1751783 713838
-5106667 -719948
-8069263 -3539157
-9588641 7090802
-1811844 50696
-1112873 156178
-2468265 -601904
2047548 -4155423
9064274 -2200090
-925069 -7378239
-1958924 122035
-1165099 1059033
-4543056 -5631653
1372347 -9167926
-274921 2894144
5655002 -2953985
6099011 -8413191
-6461955 -4901763
4074975 -2233843
3874239 -670977
3393882 1918347
-8501784 2906954
3939165 3647230
-2328717 4613423
-3391997 -2870795
-6376391 -1475261
-5958306 6507099
280436 -1614667
1419502 -1907028
-6171541 7576588
-1910427 2641236
6563803 -2960240
5675325 -2388602
2597773 -6223641
-3775486 -5726852
8167247 -2345590
-1191695 10948423
-9663239 -4788613
4160531 -7871284
-2409771 -2514361
-5657324 1102223
4768369 8268335
-4936843 -6231862
3815869 -4845659
7941179 3045303
9067478 6900853
-3689325 3574156
-1064482 -3156556
1653959 1659803
2486023 -581886
1533792 -699731
-7909978 1983734
-4880988 -5156431
-7700767 3870104
3023759 -4611924
3876467 -2284569
-3929319 5624006
677425 -5645885
1843941 2541210
765453 -3296669
-3432780 3769550
-8401638 -328999
2510149 -240646
5491788 5086231
5703325 2631145
-96349 -5405296
-4449400 5356188
6804326 -3020614
4872980 3769398
-1136501 -870357
-8767922 -2357792
-3393780 -9273574
1474357 -3539274
11088426 2259633
-897123 2319824
4646157 -512491
-278670 5943138
5633704 5471732
-57077 3237434
-109281 1692722
5696764 3817992
839486 7622666
-1201433 -4308374
3330001 -4839052
3333439 6878621
-3287315 3177538
-4988720 -1090691
4061607 1003452
-1289650 -9458806
2410247 4131989
-5878951 6425522
-1628177 -748323
-3280730 6880044
-5295197 -2385176
1838598 -1921912
7525680 -2500626
3830766 1829319
2265610 -5322720
-4338387 -8700551
1552952 5538222
-11281286 -5651681
2343557 2671576
-5431133 -7375793
-2822108 -270395
3522548 -709012
941264 -1077101
-5887115 -5649031
-4847171 -5771108
347237 -691737
-297461 11676807
1187749 -583788
-782432 2143021
655989 3406652
-517570 1776344
1340233 -7158663
-254484 -3075411
-6416922 -1890814
-6964016 4976829
-410046 -1703120
-3898369 -5624031
-329410 4121309
-1229851 3547164
-6855838 -3012213
3291934 -4468211
5202182 74500
-2913906 285090
7359144 1541856
-676163 -841468
670607 -2640741
-748910 1742011
-956350 -6856093
4853808 -798511
1061333 -1726886
3400047 1992095
5444909 -2536158
271080 -376794
1049456 1461846
-224891 5057753
-976688 6556152
8916388 -6904919
3578120 885597
5675318 -845010
-1018869 -4782581
-7045906 -925533
-7900792 -5126018
-1776435 -4559761
3442024 49715
4176012 -3919515
-4302957 -5701139
7099913 -2180742
-6139522 3168464
-6092015 -2043760
-3123044 -2867204
4923747 -5787509
2412766 7605433
132008 2274783
1191312 -362372
-3359574 637094
12382 1176991
-1053944 250779
-527268 -3815987
1388664 2158098
-4353009 -1709571
3132552 -4931779
4695165 -3722017
-388593 -3592126
-354094 7793704
3821698 -8628765
2660228 -9363290
-1438372 2082641
5910564 -2807851
1400075 -1272384
-2471007 1825433
5215151 7128565
-1290788 5724699
3546187 -1958632
-5439278 1853642
-2531005 -1138924
2591375 -1589090
506379 -988804
-2948479 -176545
-8293154 1460131
1507637 2156236
5628783 4310524
345808 -6112390
12342511 -9110037
-3874128 -4165015
3384873 -1669823
-5483959 3053870
5394370 7041299
-416567 -3645871
-6811155 1059164
2423131 -1009732
5517493 576077
227605 -5212006
-354941 -3426559
13634644 562754
-7342326 -1189309
-1328136 -4196328
1945554 1382091
-4509292 825198
-164518 -3089288
3565025 5354483
129045 511615
-8247895 6542447
-270579 2033440
7749344 2883531
-1430146 1782
-265424 -2869031
-2681507 -4514389
-272774 -1715793
-5878070 2901763
2167480 -4354376
2592452 -3930401
2080983 -740255
-4225092 7755105
399751 1185456
5667842 -3006470
5118423 -4624031
-1549316 3005630
5843350 -3463677
-1396257 579544
-4403488 -3565726
-6449249 -317478
-3543702 -4272994
1042297 3076131
-5628468 -3060798
5843432 472126
-3503262 4478898
2680982 -738294
3764433 -8375833
-1493267 2695800
-4393594 2987882
2943671 -2282399
2883258 466447
-5312896 6702870
-4250863 1203065
4495550 -1443330
-4324709 -4381366
-404359 -9704736
-1025416 2227259
825058 8280833
488849 318947
-1633026 5147568
-1571419 -3192293
1878510 3463784
2987371 4616582
2666715 2681370
-144614 -3686254
-1682343 -2296540
859442 235829
-5180144 6795166
3906716 -172623
3919087 1932684
-2380191 -6239803
-1766803 2542837
6584313 8925854
4053486 1318687
1966365 -2115171
5528040 -4196656
-509308 103171
-5076328 282089
-2137343 -6509387
469026 -1916260
-7923880 488912
4505316 -5306077
-6683488 2617022
3000479 -5800791
-3177481 -2135282
1484026 3283760
-5683514 1712961
-3226698 -2251028
7511756 -3159113
1743546 -1674020
-6837665 7226655
2360018 -2371872
-2925746 -3750106
-1969943 -4846471
2777759 2787022
7048981 -8536572
5696573 2668795
3770745 -2672973
-958996 -1283299
1265775 -1264704
-4086080 -7337372
2818372 2360430
-2176932 -1269265
-173835 8123442
-4638995 -3495883
2757602 6265880
-2180542 766107
1241237 5895184
1623684 -7195780
1903526 -1294985
1342434 -2517419
3153138 3950095
10207491 -2777536
-12607166 2329393
-2080952 2828779
2660727 -3638388
-7515011 -3577393
45009 -997267
-5525848 -1226311
7913838 -773406
2043453 -133325
2692948 5790341
4128667 8763556
795938 -1860931
8039153 -182847
1407084 1797630
3335118 1880655
1577290 6639121
2633510 7164769
-100219 -3304372
2441349 6221859
1215205 -1891392
-1068276 3169361
155622 -2651756
-3652619 3383607
3370103 1488608
989477 -4199910
3068386 4036318
-6128429 -6614897
1587956 -7059077
844456 -1371294
5331606 921895
6281251 2788117
3876934 2324911
-5060530 -3000995
4617932 -4561087
-2947496 -2722356
5270901 -4359560
-1572247 -1495460
1986133 -2605463
-3408828 -1067969
5949772 1284001
2044258 -3885864
3779468 5170958
-2118025 -5629184
3537046 2418755
1036126 3180142
-7113276 1090886
-1684881 -4768071
-346919 2731071
5528249 -4973935
-3040166 -4509206
1341282 1203595
1123141 8065774
-1667776 253627
-505667 -1345653
-2350971 4702636
5639338 3097424
-957756 -204733
824292 2616291
559709 1930211
5343622 -201025
-700645 -5359241
-6753956 -568761
-6718890 5313353
-13166376 1351630
2002289 -4706729
430816 -569069
-2916434 -3098658
-7039744 -3102677
-4717816 -2199719
-1300183 -5265536
-2155811 -812079
1302249 948044
4426072 809212
-1995217 -2237898
8220063 1712685
-1990807 7194087
6782956 -1174354
4242696 -5510854
1948088 -1795758
4119621 -2651541
5273292 -2936427
1339396 2818919
4465614 -1643522
8844349 8795606
-1514673 -7772933
7369045 763853
2475140 -4241053
-2100236 -1710913
-105919 -341631
-1026746 2409159
-30881 -3609074
-2226843 -4531166
1840132 298095
4492864 64415
253991 -4937855
-614449 872410
4348343 -157362
-1267003 -2443077
-1089152 1327685
425086 1279518
-8673096 -1805322
190137 -6532699
469334 -860515
6010468 7792020
-1889296 215071
-4126367 -410862
-4667731 -1112435
-5657413 -1859374
-2329197 5392390
1460519 -4825093
3595883 5894409
1531710 7180055
-355932 -9687770
6713799 2409607
-6959138 -3940059
1007354 7302347
4928042 4606698
-7172100 -4395160
-238832 -1368563
8712186 -8497157
8472348 512272
3322925 -5107076
1213529 1894188
2648949 -91253
-5594523 4470246
-9928950 -1938884
3339278 -2906378
-3825256 2367648
1045925 5082940
-776339 2576841
3464670 8015318
4447080 10608589
-19900 6625879
-63861 3661231
2108670 1584381
-230118 2889060
4712886 8357426
3637297 -1701345
4664408 7757206
-4257077 2130639
1286618 -2378015
-2906503 -2120042
148581 -9910349
6885397 -224891
310541 2461081
2193814 -2684515
-2646216 1814151
-8944473 3843303
2380098 -5786045
1479035 353418
1003186 1282244
9346155 -849179
-2728202 2177133
-1248742 1436860
-4685497 5247259
-5985821 -2585787
1679744 3256461
2597982 1230772
2866692 -2702876
-6502622 1897998
701520 -1195730
-2696631 2738728
-2580478 2416707
3553085 6774781
-5455910 -737574
-3032333 6406039
-5612866 3594687
-6616735 -2290500
-955815 -3656589
-1985297 379314
2573269 1532520
4313503 1168163
-1342480 5661765
8798515 -757455
150552 7778663
-1442335 4874427
1181323 -217284
-4998960 -1692460
-2164827 4679501
-45370 11785004
-11039074 1269733
-2860319 -2313716
5368468 2892880
6314397 1868594
809621 -2979952
527433 -5992310
1552798 -3050619
-2492651 4129244
-979585 -1903532
4481217 8408534
-87305 570988
1505647 -340746
1490986 2114057
2477326 4131870
-3114785 3705758
8141809 -9719078
-466759 -4562324
472201 -5839365
1611863 1731834
60087 2214875
-5576520 -3287747
-7383824 -5073842
-2088377 -4797468
-4257011 -6831409
1112409 10708022
-1273321 4177444
2504821 -1975751
-4922634 3501253
438447 -103799
7010639 381070
3477716 -530957
5140193 4721765
4925725 -677228
-3446145 -4373393
6388030 -58197
6676484 -7068503
3207165 5275281
690555 -3404084
-3940413 4661856
-2780753 6902072
-4264869 -695524
-1623638 1228527
-22869 4851248
1539627 488149
2253190 -5008822
8696976 1331619
-1870104 -395004
2676110 6589813
1682415 -3662398
-2199986 1805815
-3035023 1430041
6306797 -2072001
5049102 270276
926706 -1855730
1769107 475447
7995394 1324737
3808053 -4625604
754626 749308
4457980 -1614872
4356545 -2088749
-2695773 -2139661
1741717 262267
-8927596 -5272811
1104179 -1036342
489250 1599358
-18143578 -1705192
-3138178 -5845075
-933407 3638828
2407820 -1623190
-6298762 133694
-2386565 -42052
9304755 -1257583
3161201 1061454
1067202 645533
3528056 4444317
553198 258137
-3857164 3996050
592677 -1481317
-8836625 7222922
5521768 819453
-5867818 2863871
-3130763 2611126
10881749 -10561927
-79038 -5768754
-3060385 -6989045
-941164 2119680
4102944 4973595
1186832 3585466
113855 -4425562
1516667 3123741
1800835 -1920077
-1302771 4342985
106725 7617164
3866357 1730132
4993563 3365474
-4297080 -1880300
7580821 1918078
536401 -5515881
-4024915 -4004920
4194669 -2325336
-2028769 -9180436
1375977 -2297047
-3985400 2988640
5593656 -2953822
4622663 -945850
4380778 -2964813
-6039706 -12791259
7522435 6551248
9905527 -4260360
-2148489 -5512466
-1019489 -3750853
2665709 -3420768
-4493896 -948657
2237476 3980754
9272481 -2063335
-3789436 5488231
5598930 2363119
3783610 2612931
2649346 -3946338
-2508574 1041874
-2411602 785621
-1539544 -728708
-388913 -7141498
-6235129 810617
4263821 -15710901
-721540 -3672040
3204430 -5289521
-3638459 2750932
2316712 -702235
7993579 1860213
-3314337 6707858
1877642 1733912
7452280 2129831
23545 -3075108
-1913058 -7702
-3926181 -1177857
462346 7757311
413065 1441928
-2203720 1674660
5412707 8701686
2553134 -1304318
3100979 763408
2839225 5315725
-2357323 -5339530
1847558 5844779
-4058368 6578112
-3921574 4717977
9506120 -3348891
-3230832 1672502
-2753366 -959412
4300289 4763544
2854386 -2909301
1027248 -2827738
1058185 3736952
-6484637 11030360
3178670 3996326
2903835 3119865
6068965 -2438034
1528748 1286622
9643527 -1097221
-1753516 -6400368
134352 6359496
3759889 -1461311
1041175 -3377805
3741335 -7816276
268731 -2255107
-3055919 -2828370
2325600 970419
876973 2071650
3050442 -5170152
-201654 4357462
11394100 -2973727
-3156191 439464
-1366230 -1441816
3932373 1432084
-2350454 6047736
2854958 1470302
-402283 4232561
-6050240 2518448
1690386 -4219985
-3034164 -157360
6271036 -2601346
8068368 4363288
394291 -2360446
5785249 7051067
6119175 -3105653
1768885 1223472
2658097 -5938093
935682 -1561412
6858921 1118885
1682953 1574098
10174030 -1148780
338105 494697
3487604 -11734914
4610172 -1528476
759745 -5715815
-5395125 458488
-1069182 -2550412
-7497581 -1295193
1207928 -1294371
-2089688 2705016
4377988 -1508160
3082730 2423235
-5959860 2226578
-6594032 -2048720
4518050 5245961
2950910 -2239592
5823898 -3733184
916324 1620049
5299464 124195
901854 -2251781
-3255919 -9054221
636609 -7109089
-528802 9018350
-4970976 2308077
-391596 -1609802
-2121155 -2147186
-5243335 -11022959
4159422 -4063325
4092117 4423047
3531368 -1898432
1539072 3860985
5822551 2677413
1517782 -111647
52424 2581188
8178094 4788425
-3202960 1419636
3215997 -3224731
2213703 -812715
-2374660 2702250
-4470943 -2074384
-5296215 -38821
6070965 5767719
-5990581 -4894227
4643778 -3148052
-5451070 1298674
1270687 -1012919
-1067869 1711470
3075479 -5283846
2044338 -2545690
144112 -10962839
-3718609 919158
-1043653 -5396351
324761 182253
-1476559 3816007
4490407 644975
1470346 -6985360
-2770085 934368
6640025 -610242
-281768 5580037
-1448643 -12120510
361230 -6018408
4713546 -3549961
-4256020 2435042
-1276796 1867547
3372449 -501755
-269868 5528643
4167947 7506344
1123905 -7302240
871487 2435129
-1542569 2188911
1081884 -1145817
-6060861 -2415198
-2090539 -4654752
1685921 -4422566
4106412 1495670
2057137 -9718292
-2074024 -1255248
-5437850 -3220928
85322 3535361
1316027 -1826619
736983 4802285
-2822426 -6916716
-3207754 3457834
-5650862 1887595
-1316707 4580253
-3778667 2914784
-1385566 2650365
6983636 -2266404
329396 -2374182
-5196920 74697
-657748 -5603455
-2452296 -300744
-296518 -2586465
-1659955 3691809
8620955 -602098
-2013988 -6449571
7671468 2482633
179918 5535692
-8846471 -911833
-3074860 -577872
-3733550 931894
3761302 -347630
-5874060 -1116804
3714667 802472
918209 -1332269
3479335 1383467
-1874397 6361424
9902557 570696
7560739 366096
-372643 66621
-248590 1086642
6487860 1261101
1414367 3146081
6900510 471082
2263371 -6172292
-2094112 -961268
-3687617 6204374
-1998847 -832580
3049425 -6975171
-467942 930881
-4538903 -969515
1976487 -4639080
-2539107 -4807105
3495938 -837342
-1258608 -4195581
-9894129 -381171
2980392 5860820
4877606 -3494791
669221 5723717
-7216569 -2644993
4630396 1086042
-1462269 -5107373
-2365375 -1075657
-5838965 8059739
-4223624 1256527
-1877955 423748
-8972228 1031653
6579178 560484
3737359 -11124070
8453208 -4694048
3835847 -541010
-8544455 149593
-1119041 2925468
1891340 -5182939
4838986 323677
-1165963 -6092820
-66167 2675505
2169309 -7555516
4835067 51133
-171856 -5418389
2104250 -8471627
-4174924 -5065163
-5157225 2030085
-2562676 -8289817
1603609 -4486537
1165841 7302237
3316853 2225443
-1770300 -2503543
6780362 5266147
-2092041 -13495
-2124625 4035297
-2989194 3987283
-2830438 1539861
-3048009 3163040
6331976 5172340
-1962712 -1229767
7516020 3141019
-1167353 -869099
2941079 1191962
428571 3170305
-212891 2103927
-5353324 8081369
-387032 1581503
2508234 5303647
-5563863 -1512916
1322286 7508962
-3994790 -770621
2658853 3853897
275777 3506530
-7852968 3945540
815579 -6784239
3328376 -1814513
107770 7542767
-5129595 8009828
-712905 99541
1504087 -5667343
-817621 2020128
3915546 2247278
3167406 5893048
7196549 -2443545
4355722 1916337
-4707280 2474775
543379 10777247
462459 -6636994
1821568 -4071907
897661 -5281798
-1241788 -1537200
1625047 -659547
761730 2921003
-3084672 -7173529
-3238071 -2481730
6265651 1699573
-10965408 -1417593
256596 -6759827
-1054278 4917404
1685604 -699641
8207850 -3474422
-2869969 -747652
-1360835 2593681
1516661 2111985
-1314852 -2799189
9409145 -1184521
-2422330 -4962866
-7645393 -4085165
-3126563 -8800342
-495565 -1020123
-11104533 -1271968
4934508 -5751358
-1045945 2129887
-2438558 2822826
2095082 -3763228
1602778 -5345866
3897564 3923007
2489439 534012
6029292 754100
5254831 8639767
-1651552 2165576
-1888657 272378
-1395153 1888690
2231855 4607228
6210479 -9757878
-1271926 2512223
-8457377 -75994
906369 8675873
3333273 5688395
-2838491 104487
-2731080 -3624009
-10924751 4646076
-6561359 8290283
-3245086 3700077
-1688317 -3317445
-2415687 1545588
4513297 6182196
2308765 -2896058
1921469 1371452
-2514538 -8581830
5045872 -3750382
2387827 -1643285
2746600 -9492180
-1200183 2113350
-2715863 4661605
1395484 662844
-826243 103382
1715916 2145336
3189189 1196967
435387 4251450
-6058696 -215604
-1333549 -4802589
-4954000 3461934
-901262 -5721200
1586399 -1710473
-524829 -3849452
-8003030 1891164
-4290073 3543295
2115352 -3091650
430842 4586445
2163071 -956325
1504190 -5032964
2397084 6425391
-8780072 -4597504
7077695 -117531
3786224 4587463
-1013913 4801241
7729169 -2515598
605337 -2704424
1464952 -36804
-2261725 2573231
-662662 -4884521
-1447250 2173841
-2559110 7061329
-9336081 1957372
-1317184 6126456
-1432694 4528596
-5361865 -9145799
360039 -1055178
-278665 -4016136
1403363 5166457
518168 -1429198
-4267906 -13853302
-1414910 -670446
3168842 1287668
9250492 6117343
910637 -2745011
-706835 5449468
6270213 -3534100
5594461 4146786
5257438 -3898154
-1368426 -1843176
-4696524 3343243
642893 -11796899
2697992 655108
1865884 3767820
-2190501 573196
-2157509 -870130
4727144 -10931939
2055668 -3578180
-7802342 3541955
740430 3314912
-4162943 -4435038
2229256 -2825705
-8329568 -2557158
-1097641 1261375
-5559640 8107840
2812630 1908529
3013792 4306127
-974699 -4072440
-3702538 -1490997
2867334 -2988481
-1838256 -6078500
3825298 599335
655713 -1214709
2603218 2762227
1965035 -5946390
-166185 -4194362
4477675 4275773
-2167900 1417774
1910009 10830277
-3398704 -4258689
-720554 3314935
-949112 -741714
2949754 -4411477
-3556530 1484810
553231 6280692
-457428 4080765
-586742 2235539
-582485 -2650770
-2512416 133176
-4191888 -626807
-1887562 -3665032
-3515355 -3275640
-2299286 3779991
-1191631 2509485
4871485 -489098
1835990 3913634
369574 -1789830
-2193043 4888234
-2884208 -1712012
-1577041 -2730048
-2443687 3560426
-967362 -2701805
603748 5801143
-7620964 2439757
2339471 -4566325
-5018591 539110
9063915 3969855
-3558700 -5189231
-1713892 -10133971
3316809 8288517
-1331373 1559072
-2111551 -5348254
-2696433 -7855048
4260034 -2879299
-8871781 7394958
2528711 6532806
2235481 3836269
-4717993 -6296808
-3390684 -3736195
196060 6071119
4906362 1178493
5709413 -3711968
2973565 1186499
-3493312 -509342
3499331 583262
-7396813 2392842
-167392 1432780
-4654204 3329059
-2974471 -2992958
-3545717 -2771713
6494314 -4707966
1853503 2302767
1704572 -3661507
-402125 4754391
4665046 2292644
-3305458 54511
-1745307 3813991
-3671179 6745665
4726528 -1847090
2882511 -634207
440239 -3870099
-6459659 2908720
5981829 -3987903
3344552 -8723618
-206162 2997296
109282 434686
-3159540 -3783737
1159540 -258421
2594967 -1377615
8195988 8165830
176354 7193851
2541986 -3553502
3303902 -4554320
-3792327 3886420
3444463 735434
2464645 -1256379
-3279239 -7564922
-10903296 5649658
-1975316 3270433
566765 -2545486
264021 -4539974
7960464 2734517
3902204 2249285
-3334225 -567201
5848886 1500725
1120597 -687033
-5530885 5151203
2927574 -6797529
-2460843 3056552
2887568 -179981
1574114 -2194211
-4511895 -390510
-5396619 -1970882
-7479416 -2844522
-2461618 -5691889
-2708591 -4827916
-311666 1929828
1386053 -94875
3296712 2628896
-2964880 -3832164
1241724 6085447
-3333997 316751
-314364 7072334
-2253171 -7834282
-2723324 1519256
4659016 -596551
-8472598 4525834
5309564 1821713
-2983946 1804858
3821071 -5055284
2058918 -2327814
2413763 -793787
-1958417 -4172102
2581478 -1200715
6480640 2482137
-3980336 2287658
-2095064 1082648
2130051 2993523
2134566 4913869
-302838 -6735445
5218491 4404797
-3789889 7606832
-4503958 -4883315
2035203 5130136
613986 -794402
2857801 -2606290
-8197174 970335
2978667 -3491122
5651174 -2369186
7494652 2127643
4598287 -7524121
-4478877 1726595
1103725 4988228
2934742 -5028613
-4867056 745301
1541551 -6247622
-1866020 -4405740
861473 2279288
-2484633 -3801259
-1539839 3191543
-541677 488968
-3737778 -3373639
2013862 2695097
3023100 1037345
-5646177 -154029
1104864 -10526531
-5874082 -3335824
1911209 3491216
3066514 -4374764
1306971 3522934
2597030 3915076
-3765803 10054555
-3985902 5855900
6222473 415339
1771672 -6470382
-2738555 -2743343
-1405637 -5772433
2985397 1719366
-5480467 -668300
-4136360 11525647
-1811486 -2745396
340839 -2947722
7693193 -6362932
-2560470 -2506689
-535619 1087867
5244675 -7639379
-2961954 -2908999
-375951 -7678585
-4889978 8151626
114116 -3873515
4599964 -5044655
-1214435 3720615
-3314770 6351526
-7737478 -3691918
6475861 -5326697
4649523 7715392
5542634 5451525
-5630336 845915
4247921 -6019238
-875215 4257320
753530 -139982
-289796 -6057506
-3009600 4350942
-1704677 3991140
3813626 -4795381
1933114 -764608
2865007 4973845
1368950 984884
7523958 -4157325
-8445833 2144597
529881 -3829237
1018591 1300618
-1112995 385491
4936426 -4026580
-851477 -9905646
2273066 -1054172
2004185 -3187311
-3357176 6712889
-2559491 2420671
-4199749 -4723287
2571319 -4600419
-4464580 3294799
628183 -2700437
-3834608 -667433
-2954141 -4164211
2905898 -2651858
4417204 5932653
10871530 -1417986
-11880057 -3630544
660313 -1340535
496169 3590051
4016537 1406538
331373 3378314
2549954 5143721
-3945273 5392661
-199863 -5221117
-4213131 1582061
-434315 -4063477
-1937405 4065754
7520488 2307963
-1280775 10514375
-3274438 -1808893
-2037936 -1894618
5014835 5947502
-1492987 -666005
2219257 1260401
4214118 4280323
1950242 -3814476
-722510 -3514462
1460565 3413247
-1731005 -9890931
3066628 -5352179
71281 -7121935
-5711346 -393776
1237473 -8829297
-2427271 -4182707
3331663 3246745
1793911 4013986
-4644699 -1551339
-5656508 -7108810
279018 2895613
4353516 -3904201
1957181 -378443
5211856 4944044
2184892 10073765
-7542803 530801
-10359330 2870817
-2195596 3797932
-7209244 -4336274
-2212888 1119420
234084 -969777
2160953 -814498
-4815323 5172066
-6176627 -5884303
-5090274 188846
-103522 9395789
-4259176 -2259554
-1567687 -1998883
5397464 5812160
2216484 877921
6885095 -8987972
3561577 -10602525
-2164158 -7787067
1569974 -2010375
-1929145 -108132
277060 -4626980
3344004 5638677
10490911 -6103915
4457078 -1338608
2119115 3832751
-488576 3841051
-3294565 507694
817880 6874482
-3111544 10153026
2810654 -436268
5743028 1545953
2127083 -6150349
4856 -723553
-2244655 -2045757
4356431 1065360
-5094922 2786458
1945573 -2691290
-3939305 -3865666
-4851146 -1062689
-1554644 -3280463
5619244 -3097147
1657989 -2921553
-2012221 3534158
-411852 837187
-2221089 1455988
7496124 1560193
-219219 7290160
-2969362 5570979
-7832626 5551738
-3624231 -1038920
-278789 2431812
-4414109 6124148
5089180 2779837
-631746 -881631
3451223 2989471
-862517 9185264
3981930 -5033342
742658 4877491
-5907294 -5248003
2206085 -3419748
-2889992 839342
-3957230 3698937
2159541 -5672466
7115576 -5606672
40738 -427650
-838191 1944197
5380333 3225022
8781047 -8256224
1745324 -953692
-1431505 4681269
1468463 2123745
-2343056 3163691
-1339037 -4660532
-823563 4752453
-4124430 -667441
-5940746 4409098
-1541814 4228460
-780510 -2817408
-849917 5451627
4811343 2739858
7961949 -3780592
1313250 -1617703
-222766 -5901684
6333215 -6267817
1950871 5245090
-4272688 4882310
1662016 3183851
2272078 -3856043
-7155412 4546322
-4280420 2526750
-11179509 1504059
2750854 -2053758
4446387 150003
1331713 -2319904
-6498028 -1399833
-3029912 -2987180
9556058 8532665
899933 -1967893
1394312 510635
2678363 2711397
-466171 -4521280
-5264861 -4506416
-4980426 5529277
201111 -665520
19482 -517230
12719307 620467
-125775 3295693
-2331669 1567181
-8134465 -6697229
3864903 3108686
2117370 -6974408
1783209 -3048081
173535 10843938
-4902339 -6492644
-1175931 -1950720
-2087469 -5272359
-174657 1432533
-5317769 -5191522
1005287 -6201722
-2190417 1523185
4902326 -2736032
-4999243 3395431
1078326 5196721
-56955 5473392
-8007830 -2589184
-1782145 4704336
-3200054 -3187582
6937338 -3926783
-2583514 2181019
-4546560 -2652602
3163141 -3880757
-998872 -1449704
904939 -8646807
7215329 -469579
-2269632 3769946
-4179164 1118941
-4852751 -779062
-2099525 9683937
-1254570 -2093787
510041 1900608
276188 -516921
3017127 -6070882
-11704305 -1773767
-1864281 2714053
-1014389 -1628729
2775798 -7012007
1213941 -5422425
-4780629 -2386385
-2630249 1571618
-89843 1177535
6113975 2283241
-9816987 -6369997
4117302 -2671530
413799 -4097675
700085 7286032
-851577 9211070
1813735 3072501
2681203 -6679310
-10185697 -3003683
-7811325 944549
7296536 3952437
7122180 -747898
-2835770 -4989378
8479853 532922
-2584771 -1800755
4386849 5863023
-1825365 -5617820
8834937 2225457
-2899473 1862733
1454710 -3087042
-7447337 -1739484
-5638732 -5526124
484889 -4123929
-1155858 208303
-6282466 -3896187
-1441595 -2196722
357038 -1336090
5763531 -8320703
5002514 3994052
4337836 -2093009
5937177 2331409
1007539 147258
-4424477 5915687
-3113156 -2074841
-3465836 1126922
-2953183 6441487
1683894 -1614626
-1126128 1107685
4068737 -1409604
-1558971 -3014453
8130394 8398100
-92863 -2710238
-960810 3769304
1506078 -7467570
-4980781 4648792
1434200 1627251
2595528 8612458
-4105151 -2602073
-1186084 2096456
-6302550 3005587
8373208 775849
4420534 -3536644
3824448 1071142
4727218 3081609
6772314 -4880911
-6686423 -5853987
3549397 -1408064
3515879 -1347963
-6405839 -226474
-3923492 2673902
9094084 -5932487
-989299 7929894
5861350 -4489800
1765913 4209972
2459966 -2315524
-6419442 1800131
696710 1565468
-741480 67512
2255172 2160543
-11624382 -2204946
-2486053 8085034
-943638 -797149
2809162 2843059
-3309400 2888689
1915598 -3679372
7594130 -2031528
-966382 -5034550
-5735278 -6053375
-5894605 -4753587
3993412 1030445
515014 -997612
-4419551 6194949
-5809900 3365343
2729062 4274915
-1061566 -1262060
290242 -3682972
-2148127 2373082
-2084456 6050159
-4578668 269253
-505903 -5496642
588878 -374296
-1133971 111833
1571517 6510117
6111270 -6075272
-3275642 -9774475
-4787559 3203332
-1158370 297015
3033415 855764
3098506 -4147526
-4732972 -2815491
5376893 -1166044
476734 -2384832
-5347110 2616809
1772185 -5426862
2434569 -3339033
7827260 -10103055
699217 7063237
-5319550 4800461
-1720 -5276598
-4835428 -32550
-2066994 -4328058
-3727182 9088183
-2092333 2963100
-3161785 -5405304
7596307 -24855
-1729201 -2214982
2493264 -2346455
-2051713 6662367
4638220 -1277961
-495861 -935766
-3805963 -847459
-4368184 -2327711
-2599452 2438944
1881396 -34456
-4939471 -1900146
-1418693 -1630433
-1870418 416600
-7193543 4064592
4688677 7321757
3614978 1436358
-2763082 -7361160
-1626930 -3033166
-1231336 -3171320
5877646 -9700
2653108 5071218
211619 -3169809
4201399 -6278276
480948 5459933
-747293 -2924928
-1574967 -111904
1643783 618793
787084 6695736
11853637 -1954853
-1474981 1677279
2166655 -196933
3762777 -5051675
3793169 -4797343
412223 -3377207
-10730711 1112364
-2108454 -960982
2476020 554295
2229485 3645726
-6772650 -1643178
-1002682 5505762
749049 -8662339
-3903320 310615
-1746657 3850729
3964566 1237976
-194902 -6412762
10268439 -5297803
-5422791 5472891
603459 -11014573
39099 -3654263
-4465575 4820494
-1465972 7096891
-4359685 -4126636
6065701 2181378
3085253 -2555598
1271510 4692222
6398771 4594542
-5928588 -1053652
2088401 -4104537
455161 -5971526
9579223 2601670
-3180974 751530
-1153283 -356937
562471 -1654925
-4946172 -1492993
4498591 -1027919
4850649 -3058259
-6263692 9933070
-2381778 2196214
-1074990 -514674
-2030912 2871187
6220114 -9841485
6690420 4588019
-3006926 8087060
-9750917 6295694
-6337138 5530637
1607892 6613645
1461893 3953080
-8481057 -1848391
434072 -3747126
-3100156 3171077
-408873 296970
-953648 -606509
-776235 -5766542
-1307604 1810764
650647 -2400840
-6778573 -1823158
1249445 -7744018
4607406 -5335726
-1580699 2719530
-1976678 1451527
-5594863 -1852732
7506134 -2220368
-11194985 -2204100
-2031974 9829361
5389196 -9585563
-2972600 -8051296
2970041 -2949340
-863440 -2952088
2761309 -4964607
2379757 2909020
124615 -6713158
3994267 4297627
577316 2419770
-1428102 1567595
1743733 4643045
-5798064 10601465
-2796561 433345
1257639 -733544
3903588 -3285187
50787 -1928219
6302128 4107659
-2957159 -13101692
916069 -2894877
-5206126 -3118205
4776149 -873249
2132849 12951035
-4409381 9597253
-5802344 -10833428
3381361 -853951
-2285915 3987459
14196 3712799
4725280 1196420
-1507621 -2644245
1892464 7104796
-6036129 -5126827
-3763675 6374781
4296476 1460972
2007540 6477105
-2688453 5277304
2974433 3698848
5740070 219350
-4500549 -1823987
-6650473 -3082195
106416 459729
-289197 4663026
-6200984 2286553
646816 233427
-1238794 -2002594
-6264706 5878366
-2649011 5798055
-436201 478673
-4330761 -3506909
-3639761 7668765
-3301679 -1233410
-5905015 628191
-6169858 -2048875
-3295808 2774575
-1143063 4193996
3028382 -6370243
3303185 -4442657
-3175734 2453312
-3255345 852359
-4045635 3978300
-4607774 -6960537
2263519 2089277
3871233 -377904
10628868 853414
-1529567 -1725060
-3640112 1436339
-5412894 2324533
-9485483 2291199
3317280 1358146
1871724 -2376254
689282 -4827169
-2884035 2193574
5549355 2669835
482749 -332515
6219359 -2438675
2306195 -2084988
2068816 -4999139
-30584 3036644
1199257 1872786
4073243 -8731282
-2963786 -3086559
2733215 2120792
2995032 -1050876
-2459145 -1885397
4362665 23656
1979322 -6185550
2374111 6602912
-5143882 1191449
2245051 -10510126
-4332586 -9630402
4194818 2893594
-7051381 2542553
-149698 -3650032
2482674 -14367
1236730 -1551063
1371738 -3816983
-6001351 -2479900
5738448 5821065
11028125 -74
363126 875060
-5160722 7747342
2101053 -1738210
6503270 -240480
-8534153 -539668
4043100 7718350
-1265212 -2379868
2651853 -5200289
4659265 959611
-985921 8292222
3440542 847312
679804 -4270807
-2462083 4096894
-2138410 6246476
-498279 10005967
5372895 4903369
-6259692 -7727939
-6121014 1732069
-9211068 1724118
-5577961 2353823
-2112992 -1859040
1867053 392135
-1676446 -1168771
-2854747 512540
5691870 -2402181
2910340 -564787
-1765693 2043387
842043 5271428
4204805 894938
3856730 4885704
1661726 -3913290
-5755034 -812197
-6859531 1289841
-3857118 -6160604
147015 2353653
-747751 11405199
-2651885 -7023645
-556943 1084724
3063504 5236849
-89742 -2426766
3963715 -2249545
2501016 -694292
-461280 5324331
3946368 1577738
-4137101 -2496570
-3856703 -473614
-6483085 4466296
1481577 1207350
-6374051 -3459924
-646021 -2518368
-1521968 -2421463
6343792 1974725
1393752 5684215
6429607 -1066820
364891 -596889
-3040414 -4166998
2588752 4584464
8496275 -2231525
718453 -2667146
1769590 -1254075
1067297 -2059059
2440247 3008629
-1277060 -1526963
-699176 -3448508
-3986101 5224389
602786 2032478
7178339 485131
-3219053 -1941715
-3616634 -1605371
-112384 3977568
963071 8751357
1187222 4383051
4960441 -3883050
-106338 828099
3339841 3381798
-548852 -2438681
-2940419 -2611405
5141 -7891013
7613988 -3548447
-3854936 4908939
1386880 3786357
298202 -5375693
-2660009 -5013395
-55418 -5407491
-2132969 2700127
4706632 -1240019
-11167948 1030314
-3392088 898522
3277911 -2836100
8978736 -4045682
4575048 2449738
3371961 -5828027
-1710063 2172323
-1402224 1717430
-7982002 2820384
6535817 -2196409
2263158 -272711
179988 1449714
-1654730 -2699736
1106126 -8892705
-5659391 2970246
1306452 -6321213
-717071 -3890117
-444603 184769
-5187183 844607
2838967 -6918480
-7579881 754953
4247309 -5018855
-1173053 -2065466
-3330174 -7729982
-1117234 -5149196
-1177867 7530854
-764962 -5002009
-6881715 2060650
3358092 -186949
-5627534 4497617
2215222 -9667000
1170238 -4806764
-8244482 1258115
791359 -2201716
-3582581 2855241
615420 3198882
770261 -4221014
-8613728 4457887
-6098602 -9848523
710695 7367658
669354 4233403
9330812 6301741
-3365893 -6003875
5054423 -854755
2585699 -3060730
8523099 -4406929
5260478 -5902868
-113956 -1374935
-3388335 3775952
-6147027 -8472613
-4078149 1151521
1690210 1548339
-737449 -267565
5298907 -2456492
-2871957 1942647
5142928 -4794273
1622234 -623969
7182567 -568746
2552400 8881014
-4969533 -1688737
-2245092 70832
3359918 -597583
5783067 -693272
-94284 -628262
-1976540 8208575
3741927 -381405
-1372477 2529613
10432199 -5087282
1795048 3025837
-2209849 6733888
-2665435 -3895763
821118 3623427
7080669 -2695310
2285813 -7941292
1456389 4597672
-1343578 1659073
-4474856 -4827780
3638679 -1276571
-199058 -15529019
7583324 -2486039
-1264824 4256659
-4705275 1824906
-4765018 2847620
-5499617 -904787
2144645 -4155220
2098524 -3016124
-10054120 -587817
-4864744 -5743214
-2342503 -4890105
-2456155 3603275
4526953 -767345
-1401841 2144864
741196 7145281
-2597557 1644851
3522772 2933043
-5355086 292394
-6581635 2936510
-1748013 -2759480
-940393 2750215
-6830373 2333110
-8959141 -6567497
5326265 4064386
6615341 1883191
-633271 350863
8579752 1815104
4531491 555250
-5017875 558015
6559053 -4998725
760044 370291
7832704 136172
4385484 3077976
2257858 1078769
-1419956 2609846
-4780186 -2600486
3097549 429218
-5655056 -3399000
-1510854 1713341
-3528094 -5328376
-4909579 -2960123
2003853 104549
-1687645 3011870
3749180 7709255
-3780243 -2043286
1540517 4769739
-2077355 262487
-3322894 5227036
-8185974 -1464102
2340244 4852503
5128306 -7044020
1079582 3531690
4950031 10373024
781538 8893091
692332 -3202648
7823908 -4406139
-1663959 -4790603
6945600 372880
7191270 -4685755
-1007896 -6319781
-4634523 2771120
-5092066 -1727455
1968820 4562903
4043609 3328951
2227439 1426218
-4369070 -1946895
6099555 -1645063
1373854 -8929738
2858375 1318368
-3682404 -691250
-557462 703853
370741 4571070
-964324 -991935
4947216 -192647
1217680 420261
-45060 -1633986
738246 -2801578
2454591 -2219373
1402347 -1284769
-1030624 2822505
-6699290 301598
-2368388 -7364441
-4018462 3284225
4120111 -850403
4180165 3273187
-3534732 4545286
-609724 3537837
7780788 790191
-6102106 2753729
8017115 -2885418
-3854926 4407755
-4842647 373316
-3011903 -1668769
3773661 4314667
5597993 427267
5138446 3369885
-5224596 -398808
-10362841 4696740
-3820385 1741318
-4410363 -975054
-6500079 1208574
-944670 4620475
-1916660 -1825902
7130586 -1607653
856219 3342179
3040365 5113944
2262557 -2393473
-2716079 275214
8237165 26165
260279 -3532076
4081024 -4472308
2417479 -1642018
3770204 2256721
7347338 7031209
-861918 174496
-63304 5263049
156466 -5011138
4946019 -1079463
6753370 -338214
-2038285 -2281055
5372434 2728125
3015773 -7576084
-1949785 9873314
-2197277 -499828
-7812841 -1059874
1261065 2290539
-1606156 -1167633
3866843 -1848101
2692295 -3433568
-1973874 -4425174
-8315153 830982
-380 -573437
8945756 -239391
989931 702226
-991566 -1936898
-3944021 -2635312
662092 -3697297
7021004 -5752361
4455898 -380259
2843552 4480891
-6201689 -7875428
2134064 -9388385
-5530304 10537127
5145421 2627918
-1788839 10922134
1095388 -6129903
1103413 -7105977
-7263505 4769942
-1364108 3073272
-4792207 -8527211
-4695723 2731308
-7606866 -2178103
6709731 -1315391
5576033 -1567495
-6348418 1668951
5721326 -799258
-3970630 1395120
3814384 560472
9842019 -6210785
-2312228 -576858
8655869 -6478746
-4788172 640208
2321866 328311
3288468 -4501884
2300755 -7263215
-611954 -1533988
-458975 4384561
3174495 -2537262
5587648 9451250
-7483610 -3578788
-1397380 -2860523
2770937 4450520
-814164 -24618
2242504 -981790
-405217 -2963771
-2312332 222593
4838958 5168670
1334120 6651948
6535912 -8295334
5905856 2616037
1484265 -6061267
7042897 -4736849
-1984222 -3345106
-3626325 -2079971
-5155792 -6013295
-4984302 -943326
4458675 2803304
-1527534 -2511096
9412339 -1535735
7067 8909978
-1081571 -1511369
-5631639 -399686
1416743 -4570408
-3205481 6843772
-2193347 -5604515
-2757842 7236635
-2740533 1027349
-2764239 -5792641
5468334 -580560
3710122 2642525
1972625 135380
1231811 1382132
1253877 -736706
4380097 1504615
-903957 77031
-7353182 -531895
1097424 -1468870
1620912 -2300015
-8226260 -2466136
7362733 -2490295
-515399 2108927
1329339 -6616029
-1626083 -7671005
-6287406 -8810092
-7313515 -4365344
687402 -8959687
-2009466 3723625
-8792131 -5197200
7803372 -6275227
8291350 -1059631
-4515351 -1910457
1350012 3285943
-2454453 6353184
-2315400 -9273623
1377008 6967608
1477899 -3027933
-1927686 2084572
-1861012 -4685799
-5860975 -1080374
-4813547 4792078
-4290267 -2076607
4940199 -3979207
-6834354 2967795
-8645653 2417313
1556751 -2608752
-2711318 -5806638
-5118576 3846296
2105102 -520720
2033591 -8605225
1462568 -876433
2022321 -12019083
-4341569 7951808
-840774 4312529
-4975763 -8531305
3555596 -3048262
-3015109 -6221112
-4651064 3111657
-1590026 -5025401
-501896 1099659
-4015666 -140646
9217378 2226014
6025502 5147833
-846398 1959324
-6311912 2074493
-7124948 -10798634
-1511205 -1242875
-4691079 -7599846
2690761 4018352
-2567006 16330
-2496035 2117820
-5963374 2287085
-162236 -1030068
1379002 -847842
-3583478 -4888524
2204300 2051171
-1071028 10684373
1798020 1391985
-4118887 -2130498
2141336 1710559
-3895468 -5815315
-3494272 -542946
-1003939 6083361
2755736 3578996
3605937 2345739
-5721223 -2832522
-2096483 -1371746
-454939 -13015727
4704985 -7059842
-7705253 5374087
-264549 -1620712
502307 850635
-4176705 -5895257
-732666 -3159560
3239903 -1037244
261505 -4829941
-1796268 1758916
-2509054 3946239
2707 -5443730
-2689778 -636477
832622 1193380
627819 985373
2159309 6692701
5188946 4243195
6388811 5311767
6404614 -4645738
-2562829 1894718
-529755 -4753941
4638338 2111144
6782239 -3492129
1814249 3755335
5895017 -751958
10764765 1671223
1357691 -6894634
-1549642 -169526
-2684758 -1065839
-5077138 5959573
-6127966 -1074427
2670728 5331439
8379672 1954607
6562654 -4870956
6950365 119707
-7070948 -2560363
5684946 -6622961
-3494030 5494911
-793051 -1181909
-1384383 7768811
-5620206 -938812
-2583798 275283
-1905773 -5460912
-3477326 -334164
-4260552 705275
-2139517 5656551
-1030296 6681326
-3188706 502647
-3910882 4717756
3883767 2616884
3265912 -935993
-7126100 3585418
-5638875 -8155403
-1865310 -1950070
-1383854 2743580
-1179585 5911947
3173481 -1607575
-3949379 -694305
-357761 1651316
-4562735 5194462
-2136101 -1424598
4394503 2213305
-153762 -2331574
572680 4212070
-2612707 -9465878
1165099 2747745
5476136 4366385
3443765 73967
384264 -3029122
-7094274 -7253788
3956121 5144611
-329642 -2514961
4283740 -8421842
4950728 -55759
463528 -2896599
3493110 6648835
-3380050 -3742977
-9463049 49634
3151879 2906692
5773530 -5491308
1766199 2121769
-101730 1893570
2153796 -2066606
-2222168 1193790
8519578 347820
4193796 2094721
-4070568 -2754591
3358565 -6090648
-2590448 2964624
366644 7187610
-2118296 -2907915
3938033 -3168246
-722645 -6826437
1261146 1466519
-6410681 -248010
-6191891 -2609103
-5517359 3687054
-827467 1488953
-6835825 -5952821
1977898 376958
496349 6293384
3624512 2155992
1656210 247234
-3473717 6223890
4003925 4459885
603705 775293
4116217 -1547564
3474188 -556093
6854121 -295098
-4315542 -2709380
-4572682 1732894
-2661885 4111952
-1828356 1707937
9509323 -431708
3432405 2602766
-6613965 3128645
2872826 -8384624
4690473 -4852956
3012231 3110304
-3983879 2461468
5093552 976745
-2042149 4784476
-2328559 6020414
1652144 -65883
8016193 -1384416
-3329430 3027955
-2459342 -2125181
-1411497 1000775
-1119188 -3641570
-4192142 2238883
946111 1438235
-4279735 -1786923
555331 -2708019
-3222079 -255724
4165146 2846668
-3269836 4365089
1900362 -650540
-78208 2969163
-40604 -2818887
3573123 500786
4358374 -8391193
-1482821 5096519
964028 -2805279
-3058046 -3120493
-2286535 -1852537
-8877425 6964506
-155510 1071761
-235591 -7844526
-5466064 -5238064
-2711656 2859656
-781641 -10745433
4658015 -4151025
3202144 3909969
3610795 -3028682
2574003 -5713780
284802 -2443257
-8405225 3849158
-1530174 1227750
-3237539 3423886
4463691 4407353
2880449 6586869
3991691 -2085539
-1372481 3993550
5289439 2482613
-3415450 -3354052
-11896430 -9277383
-5655919 6926792
-5407446 -1475738
2907374 261123
-770571 3249096
4236148 3419515
516517 17410
3201454 -225537
820717 4079810
1844611 2092220
-3661941 285385
-1722006 -5225172
-796620 4218312
-56809 2330265
-3208970 4368086
5146015 2994274
-4869806 1783362
1555912 4752874
-10583954 4385133
1931726 -4148658
4021302 -429829
-9314246 5318596
-229547 -2160080
-135683 -5441827
-582361 -1327725
1971523 2545960
-2190758 901662
2656174 4762265
2498012 -1424612
-5489601 6174188
-4293428 -1474446
1799133 -3584817
2448482 -1231508
-945915 -9002843
1405024 -221771
6014079 -2400248
1216213 1035337
-3567339 14536344
825379 4783749
1218073 -2152843
25628 -4383729
-889246 219388
2673837 279642
-1308006 -5045497
5124095 4494561
8655808 -3961446
-1681904 2233050
-7386322 -6484956
-195438 152057
1594583 -1694255
1374955 4585915
2241487 -819142
-3703973 -3829238
4701492 -3948430
-333091 379006
-1105241 159298
4949993 -1055258
2818226 5707
5338130 -4063128
-1629330 -2731686
-1956207 -3832482
-5187462 301840
-4718075 305642
1892579 -2250047
-4677167 948418
6013057 -7005165
-1994442 -10255441
-4368559 2864845
-5536923 -127012
-4188787 475321
2188046 5567723
23152 966115
-3707266 4442716
-311714 -7028663
-6049814 -5834322
6281004 4432135
226998 3886731
6594771 4944236
5919427 8533677
1853205 3708542
-6375158 5795151
3333596 -1598674
1095155 6594538
6692690 11683831
-3728081 -3242121
6658837 3104115
1729629 -969763
4105931 -2310773
-1558812 2903202
4901162 -6038495
7626236 -1280367
4060034 -4001892
3819489 2580360
-549501 263064
-7770950 -3841513
884723 -2233532
-2069323 -9395774
-4600837 -3568820
2996941 4727723
-7099479 2009390
1862437 -217451
-2001325 3338590
3079713 -7751586
6466749 1722229
2524638 -2309064
-4112546 -1389827
3410381 6318785
-1121882 -3564148
4891718 5623944
-7074794 -4120530
4496518 -5090505
-3246356 422351
1677089 57087
5524014 -7233098
-2404157 5624422
-6270513 -5636721
5216043 1072504
-4217881 88424
-2320445 3589418
886706 -1602869
-3287988 -2068690
-1314464 -2907003
2551097 -2431705
4869882 327357
-1551756 788061
-2802975 -955849
-1231887 -2243807
1860174 -1058390
4305085 4025255
13686367 -9516093
6868706 582824
-3037358 -586460
136470 -654005
-6191471 -1861481
-5380081 -690593
691688 -13759535
6830401 6556494
-2304852 -706826
1805473 2937395
-1991261 -1512700
-771635 803131
-4652336 7438831
-6780658 -7784328
3422889 -1603188
-4484493 3620835
1813642 -2409839
6146971 -858818
-3662774 901294
-7912669 -3117030
-973727 183535
-155858 8543433
1470889 997595
501459 -9478802
248326 -1136696
-4472427 2840244
-2342459 -2493428
8390185 1176121
-2568580 445203
-3112755 2604049
7293952 6379852
3171474 4564712
285551 -3728115
-175570 -2751213
-488665 -662424
6028583 9610338
2587393 6782531
9014464 3974171
-11636500 -2279443
11044632 2267661
5944486 5656137
-1267813 8677171
1700417 -2062636
2345435 -579990
2096289 -5807440
-4160911 3390579
-868435 4102510
-3679617 -3762099
-13963584 1853346
723167 3149917
-4087789 -543974
-6157582 -6657764
4967587 -9629945
1835161 -567927
1730739 -4851660
1590307 -10768763
2212113 -7789303
-1751156 3305328
7277921 -2322883
98079 -1131101
-869662 -6041749
-4008786 1467543
-5015966 -475364
-2004725 2212423
1166953 4212923
-1554005 140417
3726555 1442929
-401662 -5169223
-3656898 -2721834
3788935 5418908
1040513 -2494524
310786 7058926
-1004188 3163678
-2987047 2019751
7288370 -4120349
3264223 2808986
5572598 1410629
-149996 -1478276
1839467 1996716
-2045529 -1946731
-4478831 1417105
-5763421 6532259
-2735802 -5437110
-1434592 -4421239
-6162016 -564413
352677 -238526
6870237 -4103066
-2094033 717673
-2543532 4207495
3917903 1029847
237132 4903398
95514 -4121997
-5204605 -3752037
2066123 1312613
6808355 -2831181
1969897 4962866
2255072 -3321806
7141938 3881951
-206754 -10756455
1708104 -8736782
2715259 2734789
-6159550 -1152481
-233035 1854558
1838653 -2776861
3087583 1282060
-2845337 4116423
5990201 -4243662
6758165 7312498
4598297 4359123
-1163679 18234
54109 1915773
335216 2486815
1664505 -8083196
-5104894 1701636
-4492142 -2288965
-4357905 3902621
3181954 -1086749
-723128 -1712851
-2020391 3773654
624747 -5365284
-3075391 -8938732
3496526 193154
-2024040 -6567766
-1568013 -2397769
-3773283 2635541
8134840 -3903060
4521996 5019652
-3051061 -8576996
170022 3293576
-7300305 -2272998
-1197983 -633419
-2328790 -1561702
-7638149 252930
-553224 15928
-554076 207850
-6284649 2859360
-3509307 2882595
-1140107 -1940220
-364135 6346681
2382777 -4689534
2934888 294016
-5341331 2678754
1528918 -3237586
4824611 -182392
-791999 -430087
-3028678 7180407
6244168 3096758
2440149 -3547559
-5662315 -10059186
-2818482 1585943
-529300 5918146
5368779 3727493
2832345 2245225
6517435 4753914
1758900 -2242087
4955816 5725742
-1039023 -2258928
-3397566 -6217298
4203363 1140775
-6982250 830540
-521277 5522831
-76232 9648557
68123 3006319
2444758 1492617
2941020 3022016
5065148 -2234476
6293027 8063993
3672427 -9897209
-5319620 1532025
-2112660 -3574332
3517157 5268838
3053697 -1170695
404844 5285777
3849550 1102293
2982589 -1136209
-4800675 9841868
3557708 -8850813
-2400274 1784595
11004844 2953565
2814019 2206875
-2036249 981855
3492819 1785780
-851212 -501686
2978547 -5257716
-129668 -6338256
-5289586 -2064686
-50423 7192728
267242 -3983606
-1954735 2492307
-1452949 5619473
1212375 2270603
6089876 -2086733
-2091228 -3661228
-4422708 615141
4904701 5039023
1782366 3904673
2284036 -3973264
-5340647 742755
-212844 -154780
4081872 -2078365
4093251 3789683
1448842 6912204
-11146128 5024562
-783433 1759678
-1951139 2883222
1186930 -1564126
-4152672 -5911171
-4559722 -678845
-2589970 1027088
-57803 1802453
-4067718 -5754289
-5615088 2452691
5940832 189250
-8402829 4224539
-2414266 743289
-1536369 1305392
-7526999 6407818
-3423953 8569679
533522 -383544
-1263549 -2718706
-527441 -499230
4306546 4365391
2004111 -6509236
2851865 -5693652
-2003741 -458302
5415513 -3215103
-2570336 2316241
-4120074 2974410
4930249 -4468160
3621459 -7659733
-2940797 1988503
2101919 2823227
4329131 -5796226
2195543 -4003179
-3354598 6286281
477291 3026431
3472038 -2674408
-3560943 -1396875
3522932 2962008
-188898 -6360632
1570526 -2167432
-1680266 -4123021
3493199 969464
-1300217 5437788
2557012 -4537516
-2064055 6345319
-290114 -3742888
414437 975371
1875832 -719661
3450349 -3212436
4614149 194072
3554695 -1091157
2700848 -3732273
3454416 83214
-75176 -82090
4554406 3675881
70931 -2457192
670117 -9062735
-4947948 -4189760
-2572146 2367103
3068835 3061882
-357300 -7667432
7067526 -7743989
-1774649 -2450284
2341283 -2077895
-2954362 -907525
-10642921 -5163103
-846673 342891
2880119 -4035333
2827770 -562360
-80023 -3162037
-4504351 -1162505
-6829468 -4044884
4414497 15592177
-1605968 -447789
-5174359 -308417
-2512874 -3863759
955130 2729174
-2008186 -2596991
147657 -10324973
2425544 -1122994
6888383 2034349
