363637 126524
-134972 -882661
-450738 392436
-41123 -378266
-651052 765673
-307608 -234881
-508400 -123772
1274987 -596556
866726 -70654
-313066 -14740
4672 163323
-949516 -983896
-585454 -507057
778824 259030
35519 -217721
-213153 764881
76862 354421
431083 393525
-149115 862246
85847 -1167110
-517040 155579
420667 511665
689131 791272
-799669 -312384
899301 -723370
273188 -567200
-106621 795880
-1011344 -747156
-177211 -495025
139021 196843
-17663 489329
-249108 -317260
314806 1014881
748363 366878
-174779 -354421
246097 935725
-193338 49662
923628 -527763
396980 267896
-850791 370630
632173 -177467
-109825 -463950
-793768 -1004897
563487 -251317
-13312 1247322
-206651 -441282
-34431 -312374
266565 212246
120892 -164347
-598926 292630
-750185 417971
-351204 -437333
-451186 -312502
68241 255958
536560 -341750
-52679 -247430
-1375510 -124796
-114209 -236492
545135 108221
851849 -431493
-39359 -803943
426413 329460
478449 518000
107043 -129442
-210554 -435187
37852 875438
280375 28927
-265990 464421
-396084 56830
-185119 -664999
-578990 -359925
18159 -448760
-229817 133244
186431 195149
1984 75070
-484477 -453961
125436 -71870
134297 -384658
-388340 61118
-130504 -99219
247672 468018
164116 188377
33471 -322038
102042 55505
1163804 716714
853945 -655404
59838 -75966
-707277 298929
-101821 156091
-249218 905164
-558383 992098
451871 -155542
-1046240 73342
32232 767336
318518 -517552
-723280 -274621
-224953 1239642
-465439 -254
169211 165243
596533 192107
-617325 -342326
500588 736273
411635 551855
-148976 -670314
-240633 361525
-744142 -491966
1095071 419891
301498 1334083
-780456 29375
-283686 215378
-618861 -225593
-255370 -61012
-337526 -248824
-302767 505112
-1099358 -546415
78678 -229890
64894 -499121
160980 801924
227705 -47423
-425169 -701953
-142460 662700
928606 -378399
692267 444018
-205448 -1490764
420851 -23359
-511171 51658
549231 686635
31606 -547872
-938019 619885
-1038560 -789672
144234 193036
-366816 -1205813
116308 -692673
-550440 134263
-404368 1229188
-24973 367419
202109 -277330
-155605 -244678
191526 -121858
275411 13066
-729276 -784353
443608 2082
-573934 -217286
94644 -71819
-1198273 473810
911940 245935
328005 -497275
-921214 -679158
-79567 -1591180
-486853 -989001
1082519 201903
221037 735993
661225 -216014
-403008 680553
-228372 -136041
333963 -99341
814901 -1222418
-337955 -985842
107964 95152
-263865 -397588
141340 561544
536090 627297
327576 -596231
-562760 -913404
-166447 -387540
-1293083 191095
-409460 159095
-324313 -950967
-755664 327733
-421362 283531
-765601 -254299
-738249 -475781
-1193209 -94677
-52910 97387
-397485 -156336
106323 -957813
66624 284133
-233952 122703
-290567 -709148
185815 -1008595
-707638 -1143061
-561982 -121173
-872028 250237
287566 21283
-34838 723011
618422 -112273
502585 -239501
364126 490890
754254 -558368
-298722 235129
-359710 -979699
796603 -443369
690439 -626812
127623 129327
-229927 428255
-753557 79636
131855 206561
-301175 -217966
103069 -301054
-304188 -728347
1084236 -113129
-566591 -94209
-663008 1047374
243892 -644860
155110 241698
-441341 842941
-661265 295606
346834 165000
400086 -797206
-182469 206078
-87680 -687538
699324 -342910
-288261 4071
80050 -199783
-632520 1047819
372937 -1610033
351262 -130425
700941 734491
663315 -753046
-355077 231768
795349 -74218
-505969 -393601
-192964 309485
-743257 -344516
-485043 -363047
439093 45910
346145 101211
-450697 -215039
-155818 -659675
416624 773382
314455 -888647
-450451 544559
-205779 -812632
358040 -61611
-221970 -48140
462497 480029
-151442 493508
164802 575486
-301926 131759
261201 969345
72176 -575667
-36759 -420669
-391781 125271
-206607 -539540
-1485707 -349879
56213 349897
-414711 529631
852956 -732229
-327315 -435289
-183881 795340
501212 -211146
753400 -620465
488121 659412
-103449 1081623
-12873 284112
283731 -288508
513392 -345909
-247992 -135484
277312 -313943
-347428 547403
245707 -854457
-848012 -357435
912530 -846650
204803 499621
-716770 204174
305565 183490
247120 -282237
337476 221912
535269 -555917
-108232 358644
-641513 173761
406183 549430
-115479 731845
285949 942040
-72690 -633677
-41942 474442
-488359 -759953
620957 -466339
14226 -163163
-37186 -271662
-506875 482928
-1353683 -380634
138986 -202660
65743 506246
50011 1021240
53617 -380528
604757 -1104071
-523677 177042
165901 310894
322940 -986277
-1421247 -152485
223578 -373277
96029 -611671
-217164 -610919
-311059 -276955
753866 -578416
668373 -127844
355534 32191
684432 -19321
590834 -260443
-360042 555514
292693 441972
-337541 894589
486318 -793240
196598 687022
-211180 738557
-919534 -1215638
-406098 -1537145
741316 -347398
-1295653 -71556
-846709 -132575
-82552 607377
-202634 381388
4462 -254707
661240 -237643
611736 457656
372155 1179111
-263286 750037
-595118 -151782
301820 172464
-595182 -683051
31574 -109675
319794 866413
-538529 -395309
-57639 -213975
-497211 -299462
-170467 210997
819182 1982
-113936 -443483
15748 622756
-919009 59572
-46445 663258
-96473 518882
316686 -745648
649485 -515400
-755552 480683
-278522 1102884
731564 593999
753473 257812
378622 -69297
-249550 1214811
776697 3351
1112644 877305
-386986 -39332
409815 -705036
287447 825263
-58669 318481
-629554 183798
-442152 -46265
195821 578255
600429 142825
301285 914634
1102430 -517116
164781 -91441
-350637 -582406
-1025508 -67399
109463 -16231
-403238 -810282
-434673 104523
295280 -269503
-249902 -110663
-113969 -258772
332680 21611
-346194 -90359
-472908 589283
-902603 -97566
-884087 22664
-411677 338615
-596536 -844108
-407211 5887
-421685 -110688
-621680 -200221
506327 725074
-374673 -261219
-573406 5541
-91871 64090
927517 73507
117268 -735932
-44547 403669
250330 722733
-180863 -38778
-619854 61819
734913 -902507
959524 -151542
556911 -326454
642412 46207
47623 -287129
-191198 -815820
-158065 499003
-991619 -665341
495469 238194
-344251 413935
439941 -222480
1500327 -755378
786349 -254560
-278597 659411
538336 521233
555479 573804
598423 216233
6923 21359
-501290 438628
-16929 235813
767073 -636825
-147809 -438317
-931730 -185276
924220 400836
-217669 -240874
251627 865777
363807 511897
597841 -373179
55868 55764
-224766 309326
319849 -384217
-203145 391845
-373250 -391915
315468 650975
-22220 335692
-44614 -478176
-629948 -567617
-303868 -425606
317994 1227093
-509423 -718274
106456 -10157
-1094641 279521
68058 -334745
386737 -421087
-273203 -210063
827329 -218924
-181725 -169572
241528 -98216
269361 105058
-896037 292257
654197 82174
-41883 53376
-1116482 602037
-685326 -541515
-112383 427519
443722 654370
-368563 -762696
395453 -685525
397964 -1072
347077 -333241
310398 287161
939644 379407
-480424 335889
320036 1018097
643757 614389
-416664 -380888
525488 -434256
-31580 -712425
-841150 725751
-360129 287093
-225675 947052
-494034 730618
393352 -247198
65175 96103
681364 59751
705579 78560
-310571 509749
-463580 343429
304769 -413092
-851137 -7921
-229943 -1276699
-804190 1390462
828667 348115
799748 309546
-197062 681865
-66031 -438658
178778 -383448
7075 1030743
-167389 40897
-584916 -464840
-379561 19013
-167336 277092
-67242 -713853
368982 -795454
-366926 596431
487256 -576758
-187648 -369481
-219056 -371109
-282748 326720
1403277 104120
144949 1210343
530196 147819
126917 -207393
15398 -459905
-123702 491758
-427234 -1324297
192787 91651
454196 -173282
1465322 -288471
-415904 392844
-895185 -488762
-183816 -150787
-868420 -375234
-408769 -23769
157496 1137260
-793591 -584860
153957 -364076
92149 407492
-607912 -487641
518062 453156
425619 -515391
-651150 -35153
-448401 133479
-358016 -190566
91729 -1219341
-1157661 148814
754526 426572
-1641381 -274073
439527 1312587
-104428 -93389
593326 -617581
248248 384116
68478 -164859
508884 440266
-159611 787304
1102868 -89190
-86461 -536880
-31197 487121
-1054112 -123708
76933 -740295
1155613 -439155
-554447 -826708
351029 576814
-115977 -755666
268920 133564
-139373 -819388
736618 300983
-643311 -116613
-133884 -85693
-521232 -455363
-301367 261496
818437 712264
535216 -740393
-456308 349966
-459890 378100
-827933 -190358
246328 -26623
-308063 -638870
-1920 -594222
369282 -703068
-461042 316790
-1138084 49406
-247608 -283319
641002 -5998
1642638 -1758730
595131 -131366
-865830 45055
-724610 -115433
635117 156987
-632994 -439026
142780 -763113
-421469 185981
1290585 561007
568561 -740678
-299191 -478193
468365 -936061
374645 99133
-548756 -1138505
-783272 1054880
419935 -351206
-286903 275512
402281 -419842
126844 -74238
-520670 -87557
-701611 343414
-247649 -1044865
-637037 -278072
378550 854336
289847 526576
950 277019
294519 169275
55736 224681
634541 -648748
-117171 102025
271032 -381364
-578399 -334072
1581392 15872
-379508 -563828
-645100 1253146
263835 -397315
542831 -1227035
657627 135721
573550 -276856
-149313 -440534
-707498 -494449
-361424 -642022
551727 847590
1020270 -710509
-52606 -416051
-522455 64777
137596 107453
-6397 368355
1090335 482545
823233 -106050
373365 -6784
1458143 -1003158
-787112 -57790
-135771 -182540
865318 -441139
334675 -337157
546479 397364
-65303 80115
93757 84797
901244 192102
496945 -392756
52323 111460
-979682 219833
260402 528068
511152 817895
53001 -521840
-580206 -604078
1091758 -635994
-303415 -640364
549170 -240407
-70974 281015
-195869 -607337
-288119 706410
634649 -65102
-260152 -449906
257364 -252805
793000 738217
-537910 -393293
858982 -263928
223290 942057
250680 -486833
346951 301886
-870821 634413
-1120396 -517744
421363 360181
661871 681697
197626 539696
-797964 1545854
276280 -256568
238034 -35352
-5376 -182970
-183409 -91468
-561967 -742377
922967 337423
-329334 -159163
346229 -671596
-290553 79679
446061 19246
-579758 -162151
332673 93980
-509038 -263383
282184 198972
134844 353349
-472216 -339520
128020 62090
98151 931877
-64737 81818
-155700 592840
750057 361651
1375242 401898
1091149 -375511
432049 -93723
392009 1264670
847882 19205
395655 -286003
-609331 301579
-286094 349673
565354 336898
-307513 -642900
18525 417686
742583 -186318
-72931 -354292
-570766 546353
-427199 -470317
428878 266342
578416 945936
-587506 319080
-206385 -171846
-142517 -407184
-152283 166552
-325336 356011
-455948 -388619
-574871 299526
-875452 449580
402142 625551
-545287 -541399
413711 -537234
-421178 -207087
-915257 -48509
-218117 -792572
395530 890812
-823520 -295892
-1215395 230966
-148656 -608076
-878105 -29837
505540 326016
652226 456785
-902568 204954
734925 -109299
780363 639352
273932 -125157
-41168 256729
-208994 410517
122973 322712
158625 106978
-12204 144859
-170012 -342403
-765745 1279330
-54712 -334834
-128422 -616754
-354808 -459537
-223584 -359954
-110210 -521847
-339874 -171682
-1072162 -77726
-412146 825343
83279 699815
178308 750561
277090 -111920
457145 -158865
-126511 -244501
-122708 455204
636338 432493
-997171 213520
221535 -521726
263855 -647088
-22843 231649
-370795 -300452
222664 -777911
485030 1213804
-932442 -242131
308808 126808
-412384 1229290
504476 439755
-756605 -145711
-1392822 1229295
428818 728240
307420 198033
123377 -272058
119536 530621
227913 -1357824
282954 215113
-901773 -30795
130955 -657807
643561 -380009
241457 -265405
542215 491184
165378 -560818
685456 899331
-87331 247311
210866 -309437
-171571 -96665
-1246825 -61579
-157203 -354468
-536889 25130
130812 469429
-754526 -506160
-121095 312490
339283 997007
1073038 502634
-238878 95475
466082 -373069
-93150 -506396
-837155 -200567
-558579 -716115
-941200 14080
-191401 410072
178052 1162895
-203297 172618
234823 701230
957529 396335
347111 2293
-104445 -253304
400564 -101373
-495385 932476
-594221 460685
676235 -243106
-798198 -482133
-135219 -334563
41297 -441365
270463 79772
673131 -1333692
125087 -761451
478943 -443558
-647045 119662
644449 -464461
-118641 -889609
-98611 -420516
224209 199761
130478 -134541
-148668 -9145
-64054 -204704
-173993 214185
-545511 -809869
-170784 -641758
249419 -1139319
81641 471435
-800734 -5216
695125 770036
81100 -1201323
-286380 243023
312192 -609578
394117 -223835
-675138 -380976
649620 -350854
-60992 -188856
679494 -115154
-508378 227916
-768787 159340
-102916 45499
-63423 426001
-637592 591383
-647036 350432
-259258 445682
-51143 61694
173072 -451212
-494400 -856792
-365126 -145288
442684 -839183
-322787 -111811
-332623 73492
-670976 314323
518362 -269414
-235726 -75984
-119906 -580258
-357024 312613
-206036 386181
290582 -727124
483736 913308
-468541 80602
636198 194578
308298 30401
223189 764262
-524632 440641
-302725 -1192487
421862 109192
268024 -93565
253227 -103762
747552 509624
-295984 -4950
-423905 -256161
-28466 350842
-1090 -117397
-817458 677827
-317410 436700
79079 102234
-320350 679419
776580 72207
-273717 382452
533781 775521
-204620 275903
-88763 -33113
393178 -758552
-188861 -230327
-680671 -159662
-1362169 -446950
500737 -658482
-404550 -93114
18971 176494
-689038 246209
292796 478205
-629540 246065
336682 -270462
149794 -454992
195380 659593
-858679 -251696
-987830 -695647
615199 396797
789816 -391401
114139 -203000
-113081 -640516
796170 68449
380396 -65626
-746136 -30302
-211140 -1673451
462449 -161144
-721073 964805
-77839 951773
62196 127920
40871 625463
-307093 -432377
-316923 251932
-386609 348657
799377 161088
-389699 81200
339160 -377715
-125808 -101607
432404 -193776
-184843 -10541
-492340 -521996
67374 -424022
430969 637537
59171 93092
628758 -84112
-506089 976531
-300677 608507
287692 379706
219722 -280720
327752 841070
149440 -307749
132412 257016
-54334 -432947
-16981 292791
389662 272254
31183 -462764
-198477 960444
566167 541440
11206 -438040
101843 372649
-527865 -363492
561265 -704052
384499 -938876
17574 -10662
906522 -457105
-312048 -107334
-188192 60263
1063385 -595704
299473 -593507
-298894 -640634
558077 733655
127962 -1096831
-470094 141888
226385 -484973
542950 1178918
197003 434852
775804 795033
-377324 -290126
-652474 -662699
730271 -100444
100219 -229218
-88758 414395
-1471299 379251
-380089 191868
542553 754331
1214528 11868
-913332 275796
550537 -828025
306093 368535
37500 425393
149863 -312356
202627 288469
317263 211269
602594 124516
-350303 443308
-669619 416097
259887 -589376
150893 150612
568333 530570
164337 802223
-287938 97038
760808 48722
-480557 38966
-18891 6632
414594 310640
378590 266596
907444 -105615
476433 -536711
-381705 778198
-359100 -18853
24689 1187396
-222483 216830
-733721 383197
152773 -10634
902450 181549
-99649 483945
564990 400521
-432313 1013833
82589 799191
-703413 32357
-159499 -119050
-182733 -446826
547679 -330217
-134243 -375782
225554 182562
-217551 -122966
-836669 -667729
-1024759 -302212
122537 208505
-636147 100616
808343 227657
147591 -800458
199145 1060997
112215 5828
472454 40604
194753 -8735
1053140 1030665
-774448 34320
65740 425102
621364 -501504
612446 691028
336724 450441
-165790 -38781
-175742 -3511
162447 -1098436
-440716 -469329
-190802 258450
-73761 411207
927824 1039664
-297612 608327
-467346 33534
41490 3230
26269 341327
-1156397 495361
-940177 284867
-430812 941085
-295770 16093
-357995 962321
-463252 -934116
-329071 -3882
-169379 -650096
6290 -194066
-331648 60193
-11271 528945
2626 -174213
575414 -519266
-475644 369021
908761 -272567
548242 -176585
565552 -706562
72932 672277
-357 -86501
58931 461434
-497332 463864
154340 -128946
1403326 -331545
305665 847768
-61848 -461658
-523674 -780634
-396276 53118
318262 370421
770984 -426675
-233561 -437912
-619821 -372853
-420727 -323699
86141 517232
319924 371452
-840486 493553
-209267 -596276
-665132 -259320
184874 -417799
401140 864550
-885162 -385981
-409268 -214905
80241 -321660
1219931 -859046
-1092663 -1009563
-864166 -706922
320736 -297269
-149947 270072
-297650 -402215
-3840 62526
166278 213311
-372149 -912676
76253 835455
-545199 -189562
-288374 681179
1039904 112637
361150 -410613
230585 -21503
206783 -351182
920996 -424691
96848 -688603
201914 -1088543
698566 183482
243897 -429363
546674 -10849
-788840 646956
-1004180 -1139842
212730 349109
-345526 -440386
-539696 -380916
-350301 -92985
182714 -252152
-616853 -223838
-267448 -295415
-431399 806935
-260472 800488
-302393 -127778
428979 1451348
-728726 137043
-446578 723498
7385 264297
-88125 317366
979307 495148
633325 196026
-476935 -251261
720746 -607277
39616 -322231
-413043 -498673
753942 -670953
496945 -768297
-143105 918364
943843 -475249
-338300 793476
-278392 83133
-890509 55021
83325 1035808
-106897 -86868
-412595 -204794
124036 147694
1149469 19967
244360 -553036
-312950 -455346
118273 125668
-388788 -362805
-303862 79839
-215097 24703
325550 -57417
-356085 262712
-399145 -418141
352949 27839
-51188 284932
682795 171515
485976 441091
196474 -435059
352814 583935
-646892 -351605
178349 -209919
175355 354549
-268053 -448130
-351669 591470
-370629 1188547
-552879 853350
23649 -532207
713322 -1123806
422339 -391086
-22271 137660
-237047 -535184
-360501 -482993
-24463 214244
-764905 279415
-500747 27451
-228473 -608365
963844 -142704
-657004 -899429
485113 -281728
358389 91517
149022 329808
-425267 -1090335
-97687 -506407
744617 424563
4082 124560
-130876 -290487
446880 -381694
-582702 29183
167694 677639
293879 -64318
-5566 74700
387316 -790824
445539 602753
-108669 183418
-625040 3598
-307767 69758
-677103 -93158
761833 266296
-329470 -261120
-356533 -509616
-368821 56894
-186432 -325695
543874 -2129
407656 -15471
-720266 286788
248400 -470355
-1043872 -256468
768813 516502
-4341 480268
405328 369903
-286371 581788
653779 -385939
323838 -971475
794624 68113
-56778 -563310
-374217 -265763
-545775 -1101808
-177169 1209527
350799 -196543
-942073 -350910
-825072 -243087
-169035 208152
956266 229692
663712 -577414
392562 535758
-653283 -129076
393066 -133351
989318 -263572
669138 431206
163872 210557
-734433 -539757
621812 -233657
-406257 -547320
-141809 1378848
-152140 -66138
-409698 254163
-206161 -252949
14641 -346369
-10284 -1202804
-347236 64471
-11770 -428817
-1295886 -811551
-546648 -1424611
-244392 -412635
133704 674024
-563223 955683
111435 313076
-152960 582239
-94180 -185578
1311737 -1216662
108761 -119178
153113 151643
305018 215801
227950 -128250
682813 -889952
-608633 574753
425609 124245
1446279 -121658
68654 60762
-42828 -672823
-9015 -106305
14415 -30548
-940757 565432
-117162 -797419
-1645516 -38087
-395508 208306
1417580 119880
-260157 353186
-776459 -263559
-202970 22101
1069493 7956
89473 656315
-415921 -644264
-412106 -1338347
1292103 -862132
272271 -344557
330339 49602
-465500 310928
-304302 179547
158216 89565
-600679 -621870
70963 -469079
-548489 385069
-395336 419612
-443246 -499929
124331 169359
228435 -88598
-45147 559479
740074 790944
-135905 -1163622
37045 131534
-189809 -763122
851528 400559
-1149644 -186050
-349590 752229
59859 -74741
185109 -992223
283276 1066187
596435 623998
-1140276 -573017
-688515 -83433
-184015 1198201
-270720 81269
-349610 -457142
-1900047 247273
-1211028 210971
-128475 -198743
482506 -618397
-417609 338813
-756032 -345200
-146721 188402
-145575 -141027
632159 324474
274259 -688
24981 -468275
396247 -572945
365349 -727069
-223735 483895
-790235 164434
-259939 -93369
-39306 -118474
17482 -93571
-140396 127487
-854 -957734
370984 -45199
-66327 185042
776397 -508542
49790 -608877
179451 40063
-419138 95261
-984056 -416376
-559005 6162
-323348 -219988
921711 -546958
602208 -90072
211529 98522
722300 335644
-1077541 539961
291552 500810
-836933 -515246
-367344 -709675
-748857 390188
521254 553635
261127 -26505
-799350 218169
-325930 -86115
-164432 364084
225162 699241
-765252 640104
203393 -96341
977910 -241998
15368 259814
275028 250057
774232 -392970
-495935 364888
-624537 249816
-190990 114375
691014 807366
591954 630270
60731 -529652
-652827 124614
55262 -250655
-332411 160102
-1235466 -1202956
-310990 -655116
-356398 -829945
569698 -71720
-112218 324989
-249081 333350
-303416 951666
-560949 157618
-566672 -346023
-205908 -154544
-467370 691636
-1262694 1015708
-134349 -430376
-758497 -467160
154761 -45448
-760308 124003
-693751 95881
-796073 -253144
-518676 1287626
-199540 -87777
-86356 754672
179547 331886
124657 465268
613647 1237209
-448901 217851
1034385 -572695
434681 123396
-554228 173259
520304 507057
3023 -379408
-225679 192937
1291454 -292997
798590 118209
-785147 -335617
-747731 -1251828
399288 -329976
-1284671 709350
365198 751404
-323957 184675
198014 288730
-454317 -169315
937370 239597
1140 711144
90312 -317479
170489 -324796
-381374 -214408
60878 -45190
628272 104029
-419021 806734
-309521 -325251
179083 120619
-471254 -725747
557746 -173837
-472826 -392875
507207 -509094
675020 558492
876386 -203499
-340295 69015
-56752 -288370
314202 4092
-366738 726868
-808202 -74990
320461 -120643
-663120 -78446
1020884 -394714
-635165 -169275
423955 930598
-502311 1174331
-209393 266531
-90489 -268448
-633999 117282
247207 -184110
696219 467418
-407005 -274131
352129 121814
-269404 -26154
-548861 -61386
683777 659661
-89567 -131023
83583 726284
1227863 526330
585817 263735
888319 492813
-578718 -590542
257253 -897705
-273798 -106131
-797521 -1199695
-414292 17061
374388 371295
322243 -900918
17123 1232791
-1064260 -49909
-746473 -355253
10560 256376
-336288 -915669
-505687 -72897
127779 235116
124941 978431
1055661 350878
-228557 -586809
-121373 -28926
168149 -638474
-1080171 876842
-793649 -144595
792797 -524234
64792 -44649
-58716 90017
265549 -586040
18714 -294463
-85125 -177741
185001 -340776
500040 1078780
-110772 -867079
704123 -538920
-358126 9499
-773159 -245052
-471573 700057
-330351 783734
-35739 116757
-462107 -133175
176292 601241
347871 238698
-11840 184584
91203 286676
318878 284668
-398480 36852
698737 38297
10315 751982
-490707 573541
64479 819525
195090 149134
-113933 334953
554412 1106690
4002 -482777
481853 314863
21362 -353095
-36774 -667899
-714395 -49982
52569 -322716
145801 45507
-884834 239128
809949 916971
-554350 -261325
-706461 519533
658091 -829556
-490265 -294193
-668702 239273
213250 23301
232926 -442557
-292108 453926
544973 386619
719644 -498796
-1568314 188269
1330597 486028
-1202744 579884
23952 187077
-243511 702205
103717 -808577
662250 -157027
-484153 -215663
-385665 229372
52702 -226527
168182 1362426
17475 431592
262101 -646561
-745619 -709621
-714363 -1055186
2350 -639391
707124 219211
975600 286567
27183 506857
156421 -34005
-349013 95267
353802 -66831
62085 29680
-858432 129826
80020 -12005
574674 -896976
348396 -201047
82852 -440063
-1199779 -1028731
903678 -696330
242215 159535
785836 -94532
518139 -348812
-237894 109143
-714642 266591
-1081015 165049
1086403 -477087
-374552 191688
-1364240 122869
-509258 73257
-586464 522458
-37327 -991683
-235367 -628471
-786170 53000
6124 261190
503331 -395397
-131378 279996
-158438 -341732
-75997 -776571
44693 558799
573739 -704040
-865431 245981
52109 351816
-384302 -282164
-170039 329715
-545636 -474937
-255696 63517
-9238 109204
-611817 -792247
989371 802147
552147 -247412
-279987 489602
41666 400806
-327792 118971
-356252 321348
-351479 -108589
-71449 -45554
123554 274339
44351 538544
780392 -630317
-178875 3648
-510982 54152
708650 -273016
324240 744049
-705770 307127
-348053 -9360
-96125 345717
-403328 -274783
22655 42623
-116136 -104147
-445106 -690283
658359 697560
929636 -1036704
400010 -840907
324470 -450610
344976 524724
-203386 -104701
-643043 1002351
-364341 671148
538911 474208
511920 527920
-421984 -424430
392500 -364917
591118 432533
-180986 186298
1345573 -418069
-559151 -389812
-95038 968519
1024161 -628461
285014 354477
359733 -296503
291372 272514
-404788 649004
-456798 -264641
-49534 10624
57460 355767
-349109 -349365
-100434 -681445
-54718 633901
318205 580012
152571 1594127
67411 492581
-321654 169723
510556 306314
-178555 623853
24169 -851004
452210 295031
516617 -230520
-313782 100541
-556940 -4906
-1068767 370357
63079 -471061
-469682 -578350
309960 1149009
-222905 -22399
10100 -768775
244025 -520432
-167977 381921
762601 184570
-679774 -722361
852838 732330
212081 477626
534896 -404148
-409572 169306
17663 -235705
790347 974316
673003 406452
-601247 -703983
164283 361845
1325647 -481110
88765 -403700
-164938 -54079
185786 -89021
237949 -399972
335030 89085
-291129 -238257
-126204 -46783
-514664 284474
302647 634733
-544639 -305197
-717034 -123644
108111 -757741
124732 676715
885417 -74069
-181498 397428
204880 138444
626349 -379316
-462390 -448163
-533424 901476
703959 356196
-235641 429811
-505760 148864
9408 143228
-321800 -96504
64638 -760425
345806 -295667
-241145 -162171
-744697 210735
333302 -222777
551661 -786537
549423 223161
845753 -910545
-763113 893733
575862 352501
-760041 7168
-27918 176425
1058784 -275256
-476933 632364
105981 -191738
-14060 523535
-1741195 310455
324905 -397609
1163548 669036
122146 103446
892069 -337398
-85997 939893
-139964 591150
-643835 1023492
631469 654444
-87957 -199527
88317 -153467
322719 -163189
-298487 -709738
94301 363636
1424405 566447
-528619 -659
-769385 -851622
335414 -83325
-1123456 -245750
779648 -267233
59220 372768
-170588 293330
-385320 62056
808987 207559
-146484 -19059
28870 479695
475693 -180767
-67369 591186
547452 -442472
-564576 -1109919
14746 -359772
-257858 140127
988034 175662
851481 175161
-294180 -929
9140 197122
332659 -949548
-552535 -1122102
-650698 459939
-811878 -566377
-765466 -1243823
-1322645 -207146
293136 378448
232475 41234
-584787 -559095
-205306 240367
623524 -622895
-678094 86283
1215411 -476298
361025 755327
378874 602191
195098 675223
584099 -382654
134391 1219687
370148 -217646
-245548 -42673
-62220 -445671
545112 -555483
-96582 -305388
136924 355357
-733091 116638
792383 -267600
-296919 501177
-41840 -272437
-369875 -608450
-223347 775025
49475 -165395
-1099601 551453
37467 483883
472624 -528004
-675785 -264835
99630 -354798
-108157 -286475
-292448 -438873
-1073662 -25670
67032 -330421
905123 236739
49101 -367205
-553127 324977
-30809 -134423
-522728 -444710
477458 694270
-253087 374044
199593 -612569
-809591 629368
-1280385 -617422
-129787 -295179
57587 -554392
-341569 18610
-600543 30746
1082986 898494
189361 -221695
-241938 199910
-623888 -961981
854198 -348662
-197630 192186
-434384 59633
954074 550856
927160 486066
-526639 -1026463
931150 904951
-329921 496947
-705435 -632289
-229673 408611
-272558 905999
395854 339519
941671 -461967
-536856 138391
-893415 -366344
157649 -293699
-89999 -187557
-109863 365364
132371 456204
114124 418920
-272443 -63789
-710980 89079
-800592 -105424
480005 -90548
-17408 863981
101725 486728
705083 119177
-217666 323575
-340518 310057
-1073177 336751
-79332 412107
-977755 -299486
-294038 27266
165636 97793
1091784 -19529
367698 -191272
737327 -661882
562943 -373863
-205676 -224601
-1186379 476602
42107 119716
-157520 538768
280147 896596
442684 6480
-788107 -373037
47480 -66597
438554 -284267
-730329 -1124262
-141040 265812
915573 832955
-341174 222521
274808 257336
-144370 131764
227404 415936
-519602 89272
440071 455247
915114 -29240
427724 85888
292909 326458
1541105 259945
27360 316155
-1027068 -377935
255597 519275
626119 -327138
40067 -215144
-183567 -859628
-299759 -548191
41409 158492
95496 41484
-59007 174204
197429 291961
401331 178297
-51477 -668517
-104820 -34544
-210723 1300670
-679172 -159347
492969 555487
406382 216435
-274444 -317300
-179981 662121
538253 -756047
-8361 10784
-502047 67066
-1486241 102797
23243 -411489
190054 988684
-326690 313564
-286429 -472804
-50457 -71902
-257610 -187394
432763 769909
-240478 -516140
421161 -488068
36308 -77233
-125093 656058
45404 -618586
-16178 238380
-112015 215149
256347 -765048
-1445275 -575079
-114481 -765279
802372 150413
158293 40531
526882 -566248
1350957 -191467
-82556 773043
51430 -116398
-55070 -788964
-164348 -482478
-48876 645550
291485 1151430
-160046 -499305
148325 929599
-929913 246586
440755 200826
683025 -755220
-261505 -118641
295463 1348
134193 639398
124560 -562675
608439 621954
-95940 -920757
-605364 338571
-352668 494862
943256 243202
306977 567687
-782202 -19918
-514360 -701712
-1236174 -314232
508362 -131033
16962 981226
-467202 -716572
1007081 533513
-497280 -377726
671725 -397563
155177 273757
-709541 773863
-89216 651937
-124880 -404649
65331 -319468
278212 -417890
595742 -446397
149726 -35755
-693318 -498287
-178672 438804
-1063762 -213318
377237 272157
692750 79816
278942 -16070
280938 156318
59649 659017
159866 34924
-592193 54255
-494472 232519
-585322 -387330
-731164 373665
1094835 495846
-979158 -236735
357604 489268
587804 803722
-606159 -15403
-759830 -63092
-756488 434787
-22766 -426309
155094 859031
888828 733912
459135 -271163
196003 -235286
185513 -526850
402460 928311
65432 -147373
-136162 -704501
336234 1081203
76930 -132718
-149642 390499
164875 -115044
275373 -944969
-73013 107500
-191738 380404
-566895 -154747
-650474 -87714
365488 -314636
424525 -308145
506423 -370726
969425 1019665
-768026 513842
-104721 59926
1132444 749673
853709 -215612
-490166 18910
130402 2559
-110809 -426870
438208 97964
-19371 -893749
1111194 -397345
-1041769 -109490
201955 639914
140097 543727
646334 974260
-29616 640178
1040381 -354993
-104802 -900593
297403 880017
165809 699152
167763 406714
-725259 -2371923
-232595 -83688
362941 -355119
632581 -90857
-659930 -686882
-450671 -102959
-155034 484873
1559109 50696
-935779 316663
-422889 -574364
753101 -172898
-182908 305920
-368543 -16996
135890 -731206
-599917 -705576
844804 -244801
-43940 500801
762837 -368841
158754 -14146
761179 -1384457
-1006548 64190
44788 -31939
-954397 143567
-56151 -527993
-499030 379310
-690618 -765808
-751332 -132036
-345793 -914667
-407680 260197
-1097033 794909
-46580 520400
127877 373461
739422 -236886
-261350 -675262
1099614 122707
127324 1169377
98195 364356
187758 -78697
874201 -705846
212314 554972
607822 522968
434091 797503
-135679 331680
145754 -158735
-329248 -31238
737844 -425305
-289802 -269500
611300 704706
141389 1468223
513999 607312
997438 -443169
942472 -340581
-483393 187601
-298272 -119069
-45822 809390
949889 -538953
813861 -40262
-234807 379024
483230 305147
23154 -1000753
-72470 317686
3507 768777
216461 897270
-566468 615329
-947988 -240727
-68466 331540
129403 -462184
-183473 -420270
-890032 -570052
-493204 358835
228917 -882196
-296643 13685
541094 -108458
-743228 -421296
-790420 -28225
-282179 -189649
427785 -299
328635 -284019
-526237 810195
3369 -674311
204265 800632
-508244 577789
224434 -409429
351095 -542223
-228861 592829
149010 948882
931122 -307391
569422 -268725
-5283 131168
-288777 377078
-734101 -383254
-234046 386959
43281 342051
247125 -123452
-372889 171395
575345 23433
-365793 50081
333551 -38220
181890 -170459
183982 91286
-315020 318921
-192058 -232057
328310 615469
-247096 424307
353802 1123417
341174 -1141405
-534731 372206
393268 26687
281658 -156333
178235 1016929
598678 -280340
1007713 -700907
-54808 82233
132284 569327
952369 54349
-1024929 -354037
-49923 579803
390452 719018
-645332 -254755
432883 64
-301612 -125982
139836 -598958
-404519 479989
-189562 -247736
-456341 793422
622893 -463666
772544 -377057
-1165020 -205498
-70039 406322
17535 881957
-358107 184181
518256 977378
477532 -448741
350901 514224
-238240 190587
-233337 784808
-129716 107172
145020 2432
124366 119761
-217785 967906
156079 189804
354677 -543791
-180829 55254
43903 -10944
-183681 -177736
-194682 931492
-498127 361184
-242873 -338358
-723059 -214428
-1459219 1457748
-142084 20168
-378548 -769705
-465804 -472295
832039 -287095
77290 -666887
1252570 -819495
398801 -92516
-38143 119868
379598 -231106
-76990 -65278
-303415 -524845
78398 -938659
53984 342676
-489265 -226169
460412 559358
585454 -153467
-131555 299705
-992034 -674091
-737831 55568
914404 135804
-455059 391239
55422 -82685
37673 526355
-878949 665836
387393 824361
1281049 114109
-559750 953797
152699 125564
298355 339769
811751 32255
-100991 130306
-411315 -615277
-522112 211203
265336 717674
-391181 284673
135804 -51710
685259 -144940
-314870 -432627
-223219 -19276
4928 669996
786391 -351963
432947 445490
-496409 -739868
35839 298679
-32573 -699450
305079 -567023
-497235 -570326
-900389 351221
-1006633 -294359
-25471 782760
184562 952987
-613357 339766
-1126978 258853
-137084 536112
-477198 -307324
61630 470130
612965 -611297
474354 273592
580879 -928681
357237 38463
-470753 1310926
39743 -1020257
162759 -732580
-597166 -740137
-219844 745461
-312182 -1162845
282382 582206
11136 78206
-1202362 -319842
-366517 829351
165945 116576
-514544 559791
181871 -383820
455346 -657388
-33543 -201238
-681451 446194
303653 -206905
62462 -65982
-137184 28884
86141 836838
666028 -18239
-552137 -361047
237274 720137
579196 -246375
334001 623959
72089 -931873
-767927 862679
543638 -203369
456642 747212
199326 798928
23886 241278
-417349 -28976
180371 -592875
1417872 -516189
158276 527515
-271298 -25387
-562807 830130
346780 198702
980503 123578
615304 -339780
-1067770 -336432
-124174 1060800
-150214 -167932
27921 454290
-114082 -162205
356297 278664
-139724 193703
-779648 98371
-405199 376262
826496 622079
281267 444620
-759725 688189
154332 -246875
-296474 -434475
708595 -303326
-166433 720584
-695350 -766147
206253 -225271
-277935 211029
88875 -291177
224937 54879
-391275 -318449
-482880 -285802
-32090 -327022
607544 417031
-764092 762804
46035 481624
268422 753030
-14996 -490004
-129076 91800
-864605 207644
398839 301214
42834 320134
-675127 987444
-746167 -976548
291383 -96181
802401 693134
-888218 -344512
-172033 -716861
-124074 297658
14881 -607707
18996 -35730
-172547 571239
-306867 118973
631667 693780
101458 -361966
-173438 -470087
-947996 -940324
-327719 270706
927935 423073
409310 -348468
-204368 188007
99080 305992
-821464 -460183
-575417 -91708
-760937 -708965
25586 -321625
226787 370703
-621175 -487688
-177046 -461616
1006765 -703800
1062585 -136857
-387084 -541633
-114479 143753
62890 825198
-1068041 -1266806
44301 651354
-734211 -183465
333947 -481993
-99388 -292390
122408 -266769
-55402 -163392
-49828 -299233
429996 -205585
-938438 155890
-660570 199080
-712505 -561900
-61340 -428248
-666796 -111382
1089616 474364
575112 495839
58979 551276
-618492 68174
946156 -40761
73359 45552
227259 245296
380147 1142708
-93236 -323752
61970 -175969
-319963 -502360
236467 48827
267782 522136
783543 300165
-1031403 -433974
450727 -556528
535210 -734409
497477 -47980
-366817 503863
-360967 181089
-3079 -413206
893099 1185228
575780 643857
-328415 190138
-282126 159318
33665 577576
961482 -170330
811439 -108056
896229 -275256
208314 534960
255847 -177037
-209616 721426
-96612 -21349
-777224 1050248
-306579 793613
-17219 -182684
-825037 -219258
48018 -455355
156402 -1249690
-38631 -387723
-82926 796997
32658 -142635
609018 -115238
175747 -34667
-72415 117627
520840 -235976
-401070 -339638
-785212 245726
-412220 723140
463818 510608
-578617 -1124673
-528923 36713
-27803 -147892
-405945 -165560
-1522504 476108
-579744 -1286964
-921043 2172
5030 217865
394057 1366476
-293405 -1258055
-590473 -465301
329108 -415104
368244 -14176
613249 -206218
-286805 -439558
-445868 -180606
-34966 756928
747031 153219
-647970 67026
-361310 -522528
-565882 -121500
140247 -176545
-24745 -321900
285486 -95138
590353 -267248
417693 -34012
-52418 35844
-578206 3254
310035 -292555
1017825 573236
176425 -377684
407640 611720
-348572 -74595
-13009 461446
623949 -688886
221867 489302
70103 407172
-155571 700222
140110 -1311884
447863 -414473
1279715 716253
-96612 -64642
214137 -604590
-357470 -770774
-967248 -26312
481426 -172174
-201356 -8450
-824000 -15521
492909 578614
-547218 -735848
520224 578855
-223455 469655
43381 481087
216079 754842
-351113 -644021
-391342 -256212
-462555 180081
-131931 150335
48833 -850408
112047 1230510
486933 -776720
364752 -357687
477885 -294640
193676 -346951
574353 -389963
-223579 -125763
-90552 -335297
6841 -530108
-686221 -291798
461756 -8411
181369 -558957
-609075 -153721
219609 267459
68822 -253428
630885 -555220
-11607 700063
89438 121834
508526 -886232
265232 -130491
-701894 1129516
370751 95076
-510658 248719
-296203 -186180
496212 17138
-31429 -11978
546176 -474393
290727 -340887
312607 -1055161
-208158 82450
95729 -509749
688936 200034
323905 -138700
108804 730604
-144105 86065
-1055780 -62888
-742288 -673393
363529 332383
18911 142262
4566 -481891
463532 -27423
-291135 774291
-257644 -297689
-468790 184375
942153 204803
-567894 -830169
-83387 309086
506353 445682
-359093 -79294
-697990 1383
10175 -155475
-321273 291629
-175831 754302
27607 -427577
23814 416163
-53638 -348128
-1178592 -1157579
9125 364540
382606 646547
7974 -280763
-300965 -636023
-242695 299877
114487 -515979
-657058 69608
-1110381 439589
73433 691835
-406929 -495147
-61921 -982253
-706605 745431
582349 -648030
60585 61315
-393193 -150727
111647 309889
-132079 268287
402704 104269
-424770 151030
469401 46944
636239 -82309
-579247 85560
-45388 59672
209937 -124894
-506744 -72271
-328800 -89549
-261291 -144424
924026 137241
331077 399397
822682 -635036
-850458 -421446
705426 -524758
-1373236 178835
26465 -169609
-966612 18126
-884320 676148
259975 -56734
569577 -259713
-416061 -45570
-86964 26522
-392512 342601
1257205 -105045
-498668 428248
152835 470146
662563 113498
-1010929 383272
216105 -13155
-1317011 507624
-584142 -669286
353009 644719
-202637 -249248
-309948 -588981
287305 751403
315656 433151
748907 -78335
-792781 -411602
50368 -948575
-1014605 -571539
-521405 330201
400699 202042
-44290 491580
-679667 10866
184653 547751
-556615 47596
80108 -467588
-424854 -33387
-484489 -410278
-574980 1083058
-1057405 1285801
-274140 -530107
-434531 -347431
285711 -407438
-375152 673134
26835 -421648
774328 -110708
175116 103194
202582 -642708
542355 15908
-108513 -123165
-324017 56987
1222272 -437492
325420 71774
183892 339728
-334364 -209832
405897 -260747
1423910 -619902
245957 -171337
-356567 279659
342782 60483
281025 915553
-147814 -171792
244627 370407
406287 -372822
319405 -1172902
-1086195 -130717
151693 -115323
-664515 1006285
168672 185353
284741 181401
199105 -360457
253790 29662
867100 -475933
-1141742 200439
613081 214601
277930 364284
521199 -504603
-760198 515580
808828 65730
-89409 -384357
-691566 731003
154880 32805
277317 -597272
-569562 -190751
50714 98300
658322 -462752
319857 -182963
-333792 -423947
-70330 261421
-518384 -618541
-398068 477937
478193 -203066
239027 154114
607469 -742761
610760 215754
1324440 280951
-224889 -369553
-574510 -820583
523103 193649
459378 158267
-33011 593775
-238585 -239737
-202024 -697519
-249336 204538
-261471 -85465
-56958 312054
-185576 -851599
45503 5952
-218564 -313939
244601 -1008033
-680563 303624
-258936 -219385
287020 -220596
-364469 527984
-823238 -643788
82621 442482
-232077 -283990
-695339 -20991
392728 417807
-786216 -320374
-340565 429520
-944291 89149
-593968 458424
-1055648 395252
629852 308736
-385844 -344437
269533 -304963
-222777 298807
-88677 -9942
-787688 744361
104382 1025901
-685291 597934
-571811 -175655
688427 782056
59433 270185
-348277 -33087
78070 317642
172987 336502
378060 -868851
957795 321014
-1031636 -581794
-865510 -513456
-147607 148926
634733 -139580
-102146 775964
-33599 319926
72282 -49657
988002 266936
-166174 -64704
-159931 304887
-376795 644261
-142908 451570
700740 589571
-15168 -52350
585226 500387
905380 -214521
-1109709 164179
-196858 -122108
-1599934 398017
-291895 -246264
586051 545724
-492721 -1164380
-25014 369483
-41727 1063008
448925 -299064
750441 -28863
-58969 45837
-9664 -679787
303810 -165601
-168507 118844
-861121 -1091277
1361174 -90941
-520337 -783805
59262 169339
962002 413735
-1140893 228409
156300 -158620
873125 40639
130110 -258904
339062 434099
1157195 -538674
-223161 994082
-133638 -368549
-165243 -123004
-157717 58878
-839782 -130876
-495639 -846351
704 433779
-82450 -57887
278136 -315318
-685552 427345
-339574 539888
-436725 -608703
232825 16000
81383 461951
-557295 515696
-878826 659051
368821 989602
774295 -649617
330294 -71166
287660 176451
214393 -166907
648015 -135169
-256 -30015
-827856 211102
880933 -528176
858897 903592
-231993 -575534
687279 -1332
-57726 -77630
443049 19700
588270 445298
-723684 230718
381812 620333
-318090 367510
5632 -315830
417573 654324
-743017 -440563
76478 -335222
5381 208514
-670435 1026651
390575 450884
-435070 -385695
-267061 178786
39871 -297962
-275676 -429794
485798 11114
511833 -173150
222064 -105647
428855 38640
233695 305020
160326 437568
-394400 60525
339651 96406
-368646 39923
1283209 -313330
-565740 -318759
-171625 89625
734378 421298
78625 -27115
-788099 -510575
-1046240 600485
-391021 4658
-385824 592525
457425 63062
-603851 -213811
226193 -46633
-70451 -516402
-99129 -94836
-909115 -1256904
-293525 -783889
-23660 -442846
828860 -485122
277668 -102092
75725 -163508
-109016 -448738
-482404 183851
675838 -570621
-841058 -149131
-210510 188137
-190867 -321883
376847 -474244
176316 -121564
492630 -110666
474135 -99045
312048 519548
69 -606025
390103 404758
23758 -1041065
165343 486371
-780978 328251
473088 -1269081
107659 -391631
684556 -551854
-594616 -265671
-760292 -1187803
235935 451500
-376476 655037
-15926 974726
-274037 203643
-128386 -434595
1388616 309672
-96497 456238
-143400 364785
175244 407350
-479820 25733
-30662 -52824
-415900 -523295
1356488 -148776
-314763 -243409
-485948 -151818
765725 57742
-1105576 1240739
809684 122215
-275232 140710
-921426 -212850
-499594 -235451
-37241 460241
-265041 142763
210970 -510923
93354 -131602
-166416 833289
104639 -207365
15646 391057
412487 425002
-723779 70250
-119863 -369660
-743501 -360237
118090 186240
490469 84845
-118155 -884549
904317 317548
-471257 628095
-387094 1198135
-522187 -535200
-167224 184617
60914 31568
-145153 -335585
853342 -6818
10436 -300354
188914 672854
-230849 233548
-194858 -616366
-208961 -102872
-546117 -78058
-181114 102437
169398 -256601
-150290 202067
-223593 565936
-746544 124753
-149659 252156
-246494 -39206
-162225 263986
-636418 585991
-332672 -34388
-786536 -223296
370698 981811
-512909 -46780
-875344 108897
-64898 -161165
-474539 -18948
48452 -1027566
-87488 263290
-163690 720198
-827236 136534
-392884 -205946
350325 255608
165711 668979
-222803 -116085
-219769 452056
-845030 157980
-276967 487123
457314 395476
-1274882 502356
37619 1267412
-414544 249734
117159 -378516
-202801 -380468
-223165 -405742
53428 1043756
-1059185 -24555
859663 -179886
710235 -353394
216601 -176852
-528596 -371048
-128212 4038
-767777 862988
-113858 -1035631
-86742 320602
70323 -421469
1251443 674501
199170 -431969
-158800 91372
694452 672013
501145 -976855
-507958 -706663
204143 -168105
172689 743160
265934 -533843
-66321 -294550
-121131 456908
648558 409931
774333 -531640
161795 -6926
-309447 162934
-730113 -420977
474448 -696689
24656 324722
489591 -531879
-350356 -451270
-840177 35451
104393 -481024
-980824 444903
-766808 645014
1253704 671119
930018 225312
344595 710555
-37618 -590974
609218 -344834
-697381 213348
14009 243891
-1261774 571912
-208056 298653
-5335 -56468
721587 -485794
-1107344 -1445543
672312 869510
1077979 -720079
-26137 -636406
-209722 535472
535278 96335
168374 -827
364951 -862998
548508 -1214539
899425 -603896
-368828 231003
46976 -146498
52852 -38361
-675854 -227775
-22349 -514745
-60813 345041
595295 252007
76054 -433320
238774 -779061
250111 831109
-712132 -414267
-52097 374759
298019 211890
199864 -492622
714450 -318920
-926533 -202162
-160184 425477
136129 172872
-250060 -538708
172880 48785
688435 -351740
-114494 -559323
-349814 423118
397103 -1151184
-816964 846171
1336256 748752
97839 -1046270
86701 27452
287952 -125729
242878 -1234320
702673 585833
69972 318658
-313329 -295272
539213 -268911
-835434 -1023962
302814 -367413
-15579 -204883
299986 -363898
348484 -649773
54056 60955
389636 723833
-252676 -151438
-688241 162882
-603307 1253566
-251613 -34503
-862406 -572444
992782 -230330
453647 255202
186478 188960
398378 -67434
1005848 -154997
284684 411267
266291 -89060
-285644 -738346
1031761 -751021
-304024 436805
-1051449 -24595
-776904 -36824
61822 -537136
-587182 528176
56403 -30364
250645 311159
-998179 1025391
-40341 -1075543
302313 690843
97281 100495
-32172 -299616
-511455 -213108
456638 506641
-1479753 252908
-1338240 332528
146150 826214
-64542 -16040
-253740 -405533
-407147 -32890
-138365 -955650
-2290 178846
657443 -948621
-400958 -363852
-246860 -556022
488058 346014
275392 -266092
80091 -339942
173274 -1163692
-719583 463333
1019985 93410
-499656 -1093438
-191778 270162
459214 1163239
-828222 330887
178695 325207
-101037 107799
-233294 447986
923120 631686
-451362 666610
1408152 -503820
447995 832511
-684885 1164219
-107543 -1422862
-220908 86085
-754240 -468225
200044 -181471
463721 -1129214
-288552 609630
-331908 -307970
337811 5467
-242845 276393
88000 -317915
15252 663299
136564 893052
418493 511492
-83519 -124442
-741561 -707094
1300371 -467569
497446 270755
-486352 -384681
187235 -672371
-344438 163710
-15663 -68270
-382964 49116
634988 -52602
-285112 -343154
415929 -260708
109830 -751673
-367345 -548529
-471064 -60969
-148972 -114058
-1191807 11893
-521832 476277
-833711 410789
-358140 -891598
13103 -257597
-753732 395991
-383 245146
-415640 -550127
-462277 1041372
538263 -232834
-690034 307402
-407212 -524025
-604850 -564225
607766 183953
-437262 -13297
1076315 642880
98433 -852748
-457206 -175494
-116809 474918
-139036 150809
1180370 106726
-332713 132919
219035 828605
1233104 -333676
-156608 -271969
-651123 1027312
-461566 -913788
-142008 -4858
-461690 480599
-567524 1548510
505688 1204286
173947 -688081
532437 -55187
990193 130773
531159 -343140
219214 320738
765293 230822
257756 213860
-420063 778367
405091 -355765
-914480 -600257
-281917 -683319
439544 603846
-1035661 -679
-439964 -139478
-243391 661958
123501 -324504
-767427 407635
-310619 397737
-333159 512171
-639875 517728
-268195 -450673
-308628 271735
-579132 -264036
244663 265412
-115147 -322204
-334214 698968
18370 375985
350635 -524571
751849 -738025
-324342 169211
830695 -624237
-298426 972938
-1184156 -613485
486040 -707196
254840 1464147
67265 -163972
354293 127100
-352906 209242
-99709 462194
179574 -897292
-450098 -178171
-305186 18812
-353269 -204282
-810343 -496110
-39423 126588
979614 -334190
760105 -323638
-310545 48044
-179003 -65150
165683 -66557
449330 321206
232782 -859373
-9792 342006
258800 881490
117628 550447
-540472 1055487
-540336 -150715
187127 649236
108861 -444338
62520 -714085
-259512 -369205
626173 594385
-1095839 -49790
-1029314 -7723
-383732 239417
-55548 229242
-1136605 -1118302
-122249 -536123
26111 -1426708
-1300462 -733885
853158 -325302
295079 -219072
342902 -189242
-3121 713132
-188602 -530160
-268740 98782
-916772 -130684
167010 -86241
283767 -101757
148889 3865
401396 133564
515791 56625
-411763 -263416
-343627 -804244
431155 284215
244782 232706
-760681 536176
210440 -1108396
169147 223353
338849 1010451
379252 -567407
-417867 -288968
832935 321718
109882 -924875
-551983 296951
-89299 549142
-909028 -433459
-176591 568160
-155515 -8512
-543065 309911
1397909 90941
132098 -684362
-225337 442802
273186 -253444
755113 -175803
666074 -230617
-699819 -973026
526233 314129
-625005 -895461
65068 1215707
-867430 -178683
302032 117144
46975 607981
-448610 -357990
92733 1172188
178255 -127527
744809 494769
-270670 -272066
-676971 -627181
534539 -766590
-698219 46911
-633886 1228644
150715 334070
783938 -438054
-66942 28991
342737 912987
1056032 554863
842377 380180
-352053 41599
-254188 513758
73534 -409715
1028007 -498879
430387 91005
62525 266053
-256504 -172411
91968 -692062
297143 724458
-1532252 566641
-101117 378612
-161366 -258664
64126 977122
724523 218723
9216 -127996
1014248 1072469
-714474 -120316
243800 -134286
379828 104573
-1064182 -384390
-119228 -471730
273944 -635594
-122812 255160
569493 550077
246392 -307063
570860 -710964
397940 288375
488722 -580051
106429 582702
-351349 -1072223
459036 239174
-317215 -321527
-272223 -2225
391315 -262478
596502 16414
478177 421483
-387574 1066659
2107 -109289
478312 142565
-85758 20748
187589 -124477
752739 -225967
548262 342032
13411 693452
410371 -309627
911422 232870
108216 -744466
265821 -201750
-1060845 -767024
-729911 349385
247235 -518074
315797 476425
366036 703523
-626505 -198894
190239 467935
691652 -227181
136216 -173062
-84533 -707236
1270317 -867768
-1112841 -636413
-60672 330105
-128389 -18204
-1245038 1000291
-293268 239245
-359942 -450099
-133016 -38858
-292101 -174691
-66378 434957
-165407 293159
150421 857928
678999 1298565
58529 -334540
17951 -154812
916284 -245501
-412488 -358855
-1332907 -1164628
964048 -352571
-1121319 194150
232260 -504073
153500 282082
417852 776351
364677 471795
-9297 -336372
-516123 156345
-185837 457262
-185939 255455
121082 -343681
-37128 604421
291790 -1107187
316475 -1094486
-902791 -332069
-372005 80147
-505396 971782
107271 -351456
-171266 -698440
408949 492543
45493 -466897
-804534 -11906
454339 862196
-84295 -23665
-529995 63216
-342238 -140444
-346240 535024
-994929 277364
131293 -157213
-70590 103058
-71930 -219954
-336937 -571956
195555 183693
368293 748812
171079 -88716
-170084 -595614
-742766 896617
277807 97661
444394 353912
-498509 -435595
104452 93589
285286 516261
269013 542116
736017 255183
-548865 -795995
181926 -428318
101105 656715
439384 294849
-23088 -184681
-503715 479380
-273571 340333
257192 -2192649
-347806 -478894
-731999 -399008
469239 -683924
-439773 -236797
232907 55885
584453 -495505
-563947 -268129
-162838 -265007
755585 351419
433496 -201560
730072 -47589
154495 52332
-216228 757537
-418432 1164599
371396 619037
-141281 -373018
53818 337513
-181696 553688
-245720 -460883
403824 977761
129560 283126
-283037 -599713
-25024 345367
164976 -1360845
447610 745216
-992424 -290631
196270 -493474
626790 531935
96957 -375797
-585710 222841
-564533 83568
-1015035 -1248184
-907160 -322410
83669 -595266
-358345 -83047
119236 -32027
-478187 514735
1343659 737118
145622 -524199
1218562 -187969
-596705 -251767
222518 -416630
817062 210839
-725978 256329
113042 160918
593954 329017
-476714 -282387
553617 87422
-477759 -30622
-454160 -641030
-1102591 670497
641456 -279539
-380250 -157240
654213 322779
49476 -480996
1122204 667801
-177037 -414703
-245274 -396041
638897 -498377
-476414 734562
53083 -653240
-124360 -255124
-688544 -127740
1020152 -162244
95585 5094
-234476 1274754
542490 -600022
-290298 -150265
310920 -84746
49588 -237570
-613244 215273
382827 -497917
328008 -387084
217634 86710
843 452349
-809153 -463144
-461061 454290
-408537 768672
626618 100784
269966 678784
396441 -79663
-32894 552509
113964 -915743
128851 205988
-556522 1026862
873675 123192
87204 154766
-158501 205749
-115438 -457059
718854 -153607
-62946 -692988
20100 -52916
390580 -712362
675728 818572
-253323 -261710
144940 503956
-218893 35096
-190236 -90333
-545729 428235
-508194 -71475
927874 659490
-89214 -509193
-144793 307275
585243 -167997
-65327 623232
239008 -467016
-100539 142120
279218 -202422
-435197 350581
-212317 133428
-79163 -173017
651416 -565356
-182536 207224
384541 -625611
-597011 -310452
-248340 -189863
68590 15195
-396889 -787519
265497 -46842
-463704 144011
144175 215853
115734 1230473
-380132 -643753
-599489 29201
516754 440999
75988 70040
30989 8364
73049 64678
-690347 710206
-769450 272135
-242309 -417505
-346981 -355263
231478 -570320
-288725 571040
432492 75351
58899 -255864
-124042 -916872
71850 -554478
1448492 -141497
-109957 -276270
-207649 -141068
589424 317441
-89913 -409933
323220 464952
600672 -765402
385819 97725
-470733 261084
912521 -248208
-8542 -284045
-111458 -66506
-534265 -1093753
452350 154966
-347894 149059
713012 144833
1193040 762354
535621 466605
144700 470578
169275 882533
-798160 -345743
248978 -468493
-147519 -823899
-117001 282724
-69707 -280787
-46278 793611
-611847 566060
518370 472863
39520 -915121
666044 -739310
-1548672 -978408
98375 273010
104993 -730433
-625459 -272802
-867866 1059483
179677 -433009
-1293870 88596
-838916 94391
-773418 -384527
22481 668434
-227070 287857
180944 -118386
-161322 1105636
59527 155336
152093 377906
-164455 225550
-143616 516535
420261 204257
-89229 -559171
-1374328 460412
180495 -1064066
588739 -358421
215660 -301829
108565 415714
847877 -669540
-830103 374271
442625 -132859
484978 191437
-400237 -324247
9027 -35993
-254827 909050
-1286262 -721774
424819 220795
28846 -255225
-208927 291180
55978 900459
649409 354894
-697779 -565429
-828049 -430105
-438227 -334646
-350254 -16764
356547 -216158
-373654 41449
-5592 36299
-950723 103295
356945 -232487
79457 817771
-205606 -1098159
661098 20975
462654 -93141
325117 565788
1070594 507016
363072 229664
258096 -84671
64773 309170
-95532 216160
-336812 -849091
-91962 380307
-495638 355908
-332663 -120099
-398683 1115217
-247597 -196922
137017 -682390
49972 162975
1169970 45791
-127844 30598
1223618 -340162
-562814 872674
-1558933 396438
-423476 -571270
924786 839688
-328360 -216161
174769 -352878
694131 -627124
-566630 -1426871
-1071770 -427228
348047 -445980
-523207 -313052
-476232 -237165
-505680 -196992
-691048 769123
-25700 30831
-3961 -338521
-848981 -806772
-255410 -590367
380251 372562
-23276 -125426
-140268 -5056
-125351 -157358
-389977 -36104
708182 176080
180274 343804
-450769 -1519864
-242843 -297560
238968 -156971
-957425 340533
-1351138 -691620
-23367 -94921
-236026 574929
-402361 591213
193251 -306470
584153 6862
-305943 699820
-256507 -435556
-16428 -947992
76063 -302678
-546859 693314
-48860 249560
667479 -571185
-41950 917231
760795 -386593
-68322 -207900
-831003 -159211
-222075 598762
686262 -962153
450503 97108
-99965 -638189
-967394 -1314648
-647532 191610
-970448 442918
-413619 362741
120108 1410790
-420019 -717290
1257264 348975
76478 -151099
-706291 326508
1076447 580142
863440 758870
486705 90173
-424368 -857801
291447 -192506
-386836 -807164
159931 -556271
-53117 368212
-216121 360309
-248918 -516340
153019 -385844
208851 749933
86653 472562
84659 -238134
586862 -17279
-2736 -183506
-157243 -41151
-1303886 857210
-309751 -360693
-755967 -1111891
395316 633453
809767 -252777
254264 -720106
196949 200027
211386 613165
-453591 419804
498929 753257
282260 88182
538544 160443
444865 610764
-200506 419251
-368826 70116
-1265113 -248120
-255253 378353
185978 -835239
-367408 -135148
-75518 -3392
-360533 332577
1112990 -24767
1030309 406907
445746 -159803
-616684 866912
-492657 -166075
-18527 -146923
828199 388596
998881 134097
-246136 -772072
-413240 605161
784168 29695
-405370 -739
314294 251512
-732247 210332
-68606 280695
-556775 -607957
483185 45055
323483 -297793
85437 342582
-141102 -717953
-381492 -259192
449410 196059
-466994 209722
-642939 609102
-84733 755241
880351 473645
102909 -478065
-742543 370831
169723 288119
-249454 -36505
918884 -1063712
815140 647235
-655916 501169
12624 52684
-328118 -772328
-672453 176399
-1013729 -104765
-529688 -550515
-141820 -227577
349020 365345
-493489 165627
-593777 -438718
442930 171067
-140970 -405004
-23487 -564399
-318640 788843
-383348 -504945
-390120 -729695
293495 -353717
-179727 -373021
-63998 36223
-211197 -1252303
-235321 570287
1643278 96540
620205 359285
4884 99000
-148795 -463730
-619435 -719638
150523 163835
-1021868 735019
-295799 -255224
89131 142217
63230 -1022689
-986742 272391
396084 -681835
-710274 -439265
628333 91133
23516 -123575
574126 -610861
-321178 131690
-203130 -1142749
143847 52099
779304 784296
504212 19596
-128316 228089
167092 85685
136444 163259
-128178 -1063334
-135228 1074207
-205462 391378
-841638 -658220
-334774 631021
116880 -202696
197392 -85466
85182 719489
-659397 66286
363678 -562860
69272 540074
263918 -701793
282761 -650925
-886488 131264
1043292 -1067499
573285 -1340229
-466380 793320
211471 29742
-360764 336713
-457200 491569
-325267 -120939
-207478 415651
424806 542898
-499643 -177540
-69890 342292
977812 532978
332865 82798
239003 -134626
637737 -172434
523883 -43153
677845 -371914
1291593 -452399
-249561 -27288
78342 -1096673
61829 -33242
-834423 -345978
-47437 -163320
-876745 449761
433709 1079059
-981704 -345721
-598842 942331
-658402 527960
632393 -724438
594521 379683
-458346 -1088654
-686392 249777
637110 465709
-97833 -512001
-271355 -135856
-221808 -247500
621180 -795734
146433 145566
-142965 -91477
846788 -159111
-342735 -413374
-221798 -244256
196648 228873
125596 919913
873664 452979
494555 -209366
290002 -566595
-585567 144340
-498766 -20765
203595 -342794
61605 -325995
-103928 -396219
-418770 -455964
-31723 362801
-325113 -276474
203262 -594185
-618712 759824
-46727 -999867
-797260 -280210
-707992 -661734
-136117 -851456
-481700 -567981
-374507 -304826
445662 -924437
341675 -371173
786338 100405
-245967 -745966
99254 -61917
306398 -289179
703320 -473094
47468 -436062
124869 321357
883853 1016062
-14434 215933
-168061 -170007
-108342 -526774
-737108 533597
-339112 -60541
390379 -198558
583907 403026
-527976 256836
1003425 407341
-26253 473247
775590 -506979
-639335 -13793
392887 -671558
-268584 159429
757735 490867
821453 -796085
547637 178120
-2750 -375423
-433068 296006
-59441 -613846
300871 -474087
414914 -81503
373953 49508
-609208 379615
-1010668 -633839
675856 -133332
804168 190344
-80782 -305496
328782 121222
-887141 856374
-109345 199034
-60145 -244173
1326536 -201948
-702694 537609
461695 90795
112038 -245543
279582 -1000602
40148 139257
161229 -8366
261515 -1345143
-103444 89537
-538839 106043
111606 -262592
455732 227937
-540783 -194234
-187002 -227769
-569999 -20379
576578 60360
-267626 208626
873194 87896
-608952 -561795
641050 155489
-540518 -456170
696175 236600
-130347 13864
-233202 -243996
-1043984 524258
312243 -384625
-154879 -51200
17104 -378988
873552 529968
-294253 184883
-467371 335985
-54651 -123585
172509 -107140
-342820 -538586
-481596 1104636
607469 -257966
603112 -84256
445981 -519397
84253 -347714
184642 137181
777767 1165203
16693 719828
958837 310991
200436 782836
-691118 468740
101003 701009
945394 237677
300683 -40792
51036 215025
-634323 -897617
971017 113161
-159369 -22697
404552 356171
1563052 433510
1466428 -372076
1889 -33466
-1061898 -69487
640388 1229344
70930 280651
-97071 106175
-38592 204688
-701810 -216793
177350 -793155
627339 988531
-217626 311531
165867 665387
-306454 344565
172193 1323771
252680 -9089
-289601 -20896
-900776 144616
-379124 505307
-532286 346065
-64526 -136126
-632426 -275991
-511879 88132
-304567 80254
-1027429 790111
514093 558324
-62646 -124369
-396381 360833
649985 121575
-223119 -733405
-22590 940994
-30082 754478
94741 275045
-528070 -435969
845463 -336303
-202364 292742
-529185 -1724
204640 322480
214443 -816622
-352381 -413290
-867321 -229981
69840 -296458
-541683 120981
-183606 -712225
473802 307503
789532 320264
-113932 -15606
-937760 -329008
-315211 271490
-337287 -402258
-695451 -402060
-321346 -72305
-84030 393417
-700273 172130
362709 151477
-1260140 282565
-906750 -67524
621500 20417
497248 -179853
-113556 -65025
-605141 245510
549811 722756
-1081533 -226624
334621 293442
31383 -444442
494150 -559498
-701112 572020
-679672 163221
102484 47273
178244 -614077
-698434 -231049
825643 -217995
-600006 716854
104027 -899674
-386440 1057451
1090855 56595
865001 104383
405455 -480601
625592 528268
-333887 493762
708855 -119524
-327092 -121058
-316504 -34289
-10698 774116
171930 336239
-387949 319138
-153472 206706
156091 -215865
-500913 268984
-374051 90226
-304946 758905
-127942 588163
-160870 -561340
-49033 16801
-419925 -20926
415840 -215345
105928 -171052
-116486 916369
57251 317168
240443 857090
-134603 288510
501502 -173348
277381 -333591
-214763 -479100
343560 -207274
230062 -373967
-1100628 -424128
937951 -228703
-136571 307386
468055 24842
305173 70970
-565223 231137
832124 622715
410323 -236999
-34550 224248
-254409 189272
-386766 588550
-340202 -225340
-230772 656194
837683 801303
-263044 247955
-464980 347327
915091 462325
-31418 -36665
61614 -223210
-800010 -236966
-797459 -472882
-598516 -46901
503667 -320021
-971397 -559692
732837 773675
-1276545 111767
-381102 564361
-1589359 -97420
532616 1196753
2827 -663717
1104424 618853
467251 -474451
-704576 481897
70317 192171
44976 1004183
-344826 -505752
-72316 -569026
-168614 -970397
70535 -652070
65488 10109
605407 -993620
-1275329 173447
-808270 -660666
455391 343041
207243 403743
672473 828961
1031700 583845
-751598 390801
-111345 -455952
-642601 -103102
127202 -1194575
-274911 -64004
299376 937393
273582 -345946
231740 -814477
89478 35874
-166108 437642
-1436285 316905
930024 -468056
365354 364925
67541 -775120
172027 595801
-941664 -54245
-1007015 -412066
-61547 1007431
20658 222233
1301605 125972
613346 -818218
-1101575 -792675
-642555 -91650
848983 -198089
1054713 -154642
176065 369090
105318 -336165
-66657 533935
-440826 -434923
299827 182687
-282854 339353
879526 -578823
-880220 -110900
97879 -907496
328419 -383736
-913599 -16467
349346 423727
-267206 533756
-364959 823416
435204 -224342
-1291562 -44579
-808296 947139
66840 -552843
-417875 -176258
54765 538614
989316 351240
-7339 299248
-194299 595659
578395 340378
-215597 500962
-782629 524136
-541584 -1245180
324516 -689107
762835 215956
58400 345308
772793 10240
-93255 428875
-444284 -18480
-301037 -28715
-352038 322024
192467 -1229776
1760823 1013036
