-476849 951715
-540336 -299639
-303204 -171863
852456 898625
108986 205472
797278 132322
-279231 213789
1015434 826465
-323276 410572
5529 191065
-493109 613039
536744 120205
-964720 -257502
-64320 -300386
-511067 -313888
-118721 -328898
740002 19936
-580737 -589135
-7020 98759
120313 -649833
490967 379413
66542 521112
131083 -194379
349722 -175732
514210 75489
-642320 884075
414886 -245870
-454777 308445
-850223 -811314
564705 -430786
101074 -306515
-13403 -201304
310982 158168
-518228 -574606
-1425898 -224720
307984 1192362
-84720 -218475
-203285 -296450
219912 -857160
-198719 142696
38659 -819649
-287584 -428509
679524 225040
-634453 393887
-459172 -268836
-40524 -127885
426625 26391
-173359 -62620
633555 -125573
427778 95050
1151226 -30364
485572 300938
-89193 643604
-566458 -191309
-944592 -291701
-198390 457457
-523391 -296655
974733 665963
303795 275080
349378 -1057238
-10242 -367668
-562378 591819
-9939 -381785
-300863 899344
-362502 56459
-727790 -312030
1095680 289962
-681835 -744769
474367 1082366
949878 -558824
-122699 190268
644018 302485
-201481 370434
1099126 -123185
502906 -742311
513351 -41286
-36367 485147
-170078 410195
950879 -345708
-1288264 -1088525
-390117 261498
471552 389803
-795254 -161473
-210808 -491908
889085 -1093941
640476 -458655
349595 256107
-206389 723617
-956384 70818
-209011 462360
-358686 -400674
869052 -643481
538034 128758
-47634 -982711
-638366 235405
395848 294568
-363990 1023802
-681846 -79184
42143 -273853
134034 449868
162473 -419612
475477 984957
-904937 611649
-948783 503346
152046 597035
-266674 -13594
-122219 255578
976242 269559
415184 -716389
777125 -249959
120098 363401
1202523 261064
-127805 -1250475
52301 2390
472906 136172
675161 62634
289108 -1283
-250481 -669807
-856169 -1062528
-685584 687868
-68280 -460719
709920 506718
87986 664868
-169200 -641222
-411983 -735578
-163645 -709842
628313 -743310
87559 551240
114557 -148347
-288567 -235001
34769 141161
276050 876640
-453899 959580
-735410 -432502
487118 184570
110396 960778
513711 -78311
-1130269 -110863
-347006 -791464
535935 -25698
-13799 187791
188099 -16243
245237 12924
-638915 -288484
168503 425175
-643455 492090
-264122 -736116
-396180 -280680
777901 99933
-109150 -171857
139395 -924388
-614084 231218
255329 833479
373288 -245795
65084 -229946
-326867 -716023
-102024 266037
-466014 511111
-371206 -187187
191994 -780097
-34989 262117
-280657 449110
442362 -163134
642531 434813
-113992 -27683
977416 236771
24937 -1235343
108483 34922
-1633633 -474211
-374763 -91197
500909 -374766
88979 -364316
-437896 -912880
684437 322902
740565 -91406
325826 -528611
230084 235321
317201 -975025
339407 158041
1170614 -1191447
-361839 -213797
386165 -229046
-6703 -814943
-463674 456011
751232 1210209
212618 603361
11795 106604
277356 149489
438303 -602847
226610 61373
-451498 1261773
-562566 88291
155303 -917808
-227809 -187998
657906 1002492
212739 -93874
131535 1162384
-541021 175560
-107376 370376
-629406 856062
-163768 -150487
82584 614029
104944 465153
184826 -667033
767231 621893
576531 371694
-134768 -680041
-33576 1088773
304889 528567
595783 427326
-167885 -106210
-556116 563624
419524 111401
425672 259147
441963 -429999
-1203496 244628
869933 -166628
-291840 -270674
-452400 -1222449
89220 25039
-319428 1123187
-902934 -1190181
160552 146198
519497 41183
48879 -123860
43125 194117
-835592 -219207
49312 149249
351509 463799
327088 -612037
23755 307278
89190 184163
-560250 211615
177655 563869
-735659 -417680
-11258 -184250
-145468 18912
828397 -106953
-1319539 -931235
209785 -162539
151713 734472
175175 -715742
136930 276570
-370479 1066446
-865238 -310814
870130 145286
403851 -1319928
-161804 -717238
298833 -252207
317960 -328814
273612 362186
-445703 269726
-414336 283645
-391999 -164889
1051433 421685
338950 488187
-428083 1122206
19647 -284535
550523 139745
-698380 -148296
167178 142737
817728 747499
-826792 362474
-175852 -391919
23171 -632258
-161661 -529804
-868201 73171
50083 -952120
-363360 47029
-155228 -859486
-87920 -10795
386622 155741
723818 -222011
-377982 412238
-218807 51763
-746096 22150
-540935 5932
-283881 140732
63935 -191761
358281 45607
-245961 -228835
-811673 93935
692 54516
357710 -61053
159843 638869
-987373 391076
795719 -75478
-12372 267929
754810 -625665
140790 -266188
842605 339478
-16814 796557
586890 -24426
67341 124859
1160349 33106
-950359 -90671
-14456 515211
-1632137 -502803
-70266 165404
-381382 1218631
1523419 214747
352757 153980
777191 330290
151817 -973951
152797 -118768
-370936 847907
-116655 475213
23721 -822462
142347 -1092315
-259865 -336592
590884 -776821
-159089 563481
-808761 1074372
-678295 44721
375458 1251749
316057 301662
188484 194867
483004 244008
-329731 479977
324241 -606496
-105220 -654065
-354704 -29597
841919 570089
-246123 -88609
-66248 129016
137602 -611556
-9236 361174
1023101 254259
365503 270242
-251682 143441
-600434 119476
-1332418 300276
-9872 -203273
786902 -68918
133547 -350780
-61344 -256062
-1168622 795417
-979630 859287
805827 -203421
283654 -81687
-2821 -55219
-672408 -685731
583530 27819
-264543 -738952
313522 181759
266685 33984
1994635 -655403
717109 589092
-745386 545030
67347 813993
-442675 -300364
43568 -182863
335240 117142
598147 175823
-439313 -250591
655145 975790
179581 -557762
416770 -85830
-763632 -382624
58057 526882
-511435 1155348
-134195 -357164
-53567 189744
-873198 -378644
-686961 -162944
687534 -431621
-555540 270641
450534 -802946
-294605 398326
605950 -722099
311649 -195994
-496336 148249
-247495 457950
404126 314374
-1272221 418611
61286 439730
-290683 -968398
-1140979 233852
325216 320340
116835 -89619
4360 1108588
-42825 -402204
-1206421 101403
-403968 -411703
-377780 -154555
41983 583342
-439886 153266
173337 216764
-660188 -317730
-182999 -605588
116281 147320
-14895 336263
508615 151091
-262192 113465
1170089 268130
95870 261555
-352194 799256
-464808 -258850
200204 233830
59576 734869
-1195804 715669
-227078 450764
621730 870322
-526180 -168196
232652 173793
-197820 -195516
-765910 -852756
7280 -437021
284386 199922
-1142826 -61923
189718 304325
-984479 -172609
-245340 728488
-798752 -652924
23716 -1048046
326106 -4475
-57274 -146246
883824 338702
-751119 401574
177738 -329638
902742 -392195
313105 309718
525238 -120290
423454 -1165814
-575598 394168
237224 -748470
164341 -293385
213808 91719
481072 -587038
-385016 -473940
331518 303420
-181037 -431184
166013 280683
193755 90065
1144742 404773
698685 243570
-778861 174659
-311414 444159
-310733 -406806
-381185 286335
878087 739202
598811 -149969
315834 620387
499997 -581715
29340 -361620
-848671 -370258
1019727 -1090732
-130773 480450
-93938 -271630
499898 -173402
217383 620344
-298007 247386
509526 -531785
-37445 -989035
-547729 -570348
487290 803702
-380226 72191
701311 -37466
-52655 540457
1193111 -207711
-656064 10788
-267181 366045
53002 -137906
-493606 -295956
198842 330940
-200346 504806
-390202 -307520
255681 917005
-250427 -668347
994053 -397500
-788907 397822
-107825 -333269
-461961 -478628
607248 465458
-159461 732410
-980966 416136
53577 -237586
-177067 56048
-307124 -883894
-147610 272857
282604 185998
-549206 -478363
840569 -518481
1002501 380101
210873 51187
250981 290827
-117670 -747032
-268711 -79053
127656 285248
-976022 142971
295784 366413
802960 -247764
-1340443 -526872
-741963 -383721
-126838 -446108
-50363 817548
-141905 296903
663060 -762865
299466 846583
-851122 438258
737213 1352941
-259573 231979
-205508 265608
-249139 45011
237050 -1043212
1375608 -58705
309681 431197
52733 -352870
630 -18919
275536 159208
-40067 -264175
-307843 -875107
-468530 432179
696171 -110141
372678 -651116
146830 -330126
156576 -442895
454324 250065
-541496 110448
270684 -146574
-622214 491234
-59464 -322758
-408994 -1100648
242110 190165
-1465017 97268
512962 742311
230593 -389857
-371592 360959
514242 -344476
-156827 -97379
532696 159103
773351 63693
-303154 -818670
-840324 -763546
-760332 -72837
-77088 -53053
611379 488470
-437915 -492093
-163486 733411
-354531 594054
-1103107 98464
-568521 -221037
-33428 -139994
54040 131859
-71090 -392974
-206066 304252
70505 471472
-616375 -333187
139152 393584
-545031 -531035
30795 -460638
-117028 -726710
-67693 160953
-718323 856482
-333100 34840
473203 508356
401604 753870
-416625 226496
791721 551802
137186 362384
-286711 663684
558992 481673
-1054494 -1203302
-189486 416980
-605271 10293
247921 -239640
184339 -857214
538410 -960703
-187005 535123
-126819 -150082
447112 668719
249872 -19716
-58014 -977801
123091 746111
915830 -295712
-291993 -441611
543470 -108314
322597 446024
401389 -100906
229678 -1011827
-525378 -366746
-835515 170119
-51834 -29459
626755 592740
-902771 316341
-191404 -1742041
282130 -312908
-679780 365536
-241010 -102239
501513 -231469
-513608 -285431
-148832 -21349
67302 -428818
-280698 1242817
391909 946166
-450679 1294382
-441379 426311
-32380 -231309
220371 -76228
-266318 515568
217712 -134884
-22753 -115400
863629 103826
804815 -697111
-429211 -162208
-296660 -516925
-408472 -1075405
-509279 1071330
556326 168367
-346164 -264555
-176901 -111219
319763 352558
-69718 -169470
-968353 523575
1018278 -322952
-465708 782626
-10136 89973
612409 442574
-369951 456496
78268 8588
222894 11088
321373 314978
15476 -51208
362474 455157
-455734 -448935
-919841 -191001
-368723 -93204
626773 -1641101
573175 -701713
-663270 -257216
-1153243 580505
917922 719223
840208 -169967
-163664 414822
-603099 -211086
-675415 -1414270
-277500 -801300
-751877 -401925
62851 335593
780162 -839184
-287223 -619949
-459826 -452850
-303459 445437
-56940 568277
305685 43326
-68203 270398
739616 735795
-319755 262964
-289806 85513
-797558 224883
-527081 23554
-820867 957913
-64400 -222074
-535766 815247
216609 -76378
885520 -209878
939442 996946
-680677 82305
482954 -311000
-15826 -551278
-236262 -365129
3787 -1237756
-266889 -893253
-233921 865019
-277093 -142918
-470910 121038
821939 -210748
-653553 -1097098
-189347 377489
-30435 755997
352177 -127653
766825 168094
-466729 -858500
294710 -337339
-579992 438719
229463 -87959
421578 1242349
-66078 790397
790113 651838
-79219 690753
620380 -139512
415891 741040
-662536 -702897
-487031 37316
544589 -146837
1691177 -921368
1624733 38064
723207 112551
-530251 588798
-132543 73753
-596992 397372
574314 -503287
144414 389059
-303490 -484101
501985 458790
-146055 -315621
-81691 695623
-348099 963491
-272414 -950813
-485384 -796602
608846 -511323
260607 -559804
-538995 -9965
576842 51061
400131 417608
812766 685724
13200 -697480
625995 509983
-32974 -300556
61976 -664893
69472 -443631
1130998 -106235
85792 40167
306168 -577129
310047 80255
1090697 -876193
-127411 -532936
-163559 1032410
-1310857 243970
-32321 -28901
-521914 87257
171855 -308378
512686 849575
-410674 272761
-96819 -298255
-53753 -39514
-560691 391407
-445730 -253352
-29268 -1052100
854537 21416
159690 -300292
561624 565131
859410 368214
181984 108617
-96595 -874130
-88729 -213787
274680 -580096
-269755 -391416
374926 -75658
81011 -676107
-801301 -121402
930262 180454
1467909 140004
124348 -125832
618697 -400476
920711 175312
-503194 148702
-340920 -197744
-95193 74026
-870439 -581594
-7995 -499724
965350 -509741
200816 489199
-272284 336232
258815 -207281
-1294824 617756
766002 -787022
967284 -807982
-59696 -697701
-1524164 -123953
545800 -160185
719972 77945
-482248 114006
-700379 102973
743172 -455071
-377452 -224107
865307 -686912
783005 -208783
-396852 501617
-317558 -135612
196928 -1324456
844079 371806
196680 -308666
-465464 -80123
-381272 188157
-57676 -216679
-232125 109142
-150309 -556721
493538 -170315
692380 720473
-353706 429058
712795 135360
590967 -647162
-75797 -177311
1224551 -628680
109650 -1294
169430 409692
-767418 -234821
738978 -512151
-80094 643351
-573981 -640410
683010 366789
552867 -479683
-284200 -1012496
379620 -661691
-563361 23716
-210431 -281309
74778 -452361
-262913 -106438
-596869 464019
-295844 586702
730229 33384
-273374 285099
514689 -518791
-227924 920495
304093 19001
-582842 -183438
-129792 -451445
751398 164863
-526567 -680854
417524 -485660
-227067 2183
598214 813935
414024 -489376
88839 1390098
-29104 404618
-564196 -349875
-528315 173492
-1084382 23510
-242390 -93763
-155021 -25778
-813089 -183838
-317819 263384
270832 -140573
465409 28217
-364745 31042
112233 285712
855902 -510112
316209 7352
-28571 720180
272632 456089
-92950 -32490
35325 -127329
-621156 -456133
-111529 371746
-289789 -42245
-309265 -157186
4196 -138932
291548 -173449
-314035 -36441
1086771 532201
-1042833 582275
-820307 -313991
-424068 -738487
-594153 254480
-1059629 476971
505045 -326688
688309 -265801
-299333 42720
-138601 201690
307371 265666
338872 -563306
-22038 -836552
-373690 607660
472323 -325802
-478513 -234386
502949 -47391
-471465 -303986
285553 -48995
-898470 294475
-106807 -209662
61059 509098
12409 -34419
-17245 -466567
-175009 -392446
436383 -28084
-392200 -305421
230627 -293952
-257856 479209
101958 300705
-283297 -728602
-751238 58904
-855565 -905261
428791 -270402
195459 -166497
257319 1084207
111999 161045
-52512 -775650
466255 -221941
740349 -57465
-636865 -444799
-309735 -279173
-889992 78847
-672865 -337036
228701 -229584
1067654 35121
123966 -93568
238628 -238088
-908083 314535
-113933 -182243
106246 -388618
-365752 -94088
247821 532214
-393463 932726
-55349 81497
-194166 -956332
-241273 246008
-696171 -147452
1179906 297890
-66263 -704900
346371 446870
356536 -634473
190769 532283
108552 505735
241082 -511907
17955 -600091
573307 396755
-284261 511915
822719 -333271
-751098 71433
324703 -642136
-454667 -220209
110104 490521
85943 -184672
851013 225158
1053487 472124
-113402 -69002
-368356 -186790
-115668 -378988
299081 573748
225248 -114799
1292 70810
178590 149728
-53629 -521775
-18792 -127870
-139390 -70574
-70983 200240
-18436 148433
335712 90571
434553 21332
-753819 69080
377573 1042148
300704 -1254293
-49928 -184121
576154 703114
-15050 -302223
-188805 332227
-238565 903641
-209820 -549705
266131 -196843
-256580 -983784
-268059 615967
-413328 -86336
153822 12861
-286574 344314
-1283136 -400343
-682658 -383938
-173108 510432
-127419 29544
600103 47572
477376 -44543
-376116 429373
304779 -857576
-114546 1006576
279575 154612
263665 -221576
953905 -367737
-95282 -349296
404450 116298
-379022 -609420
655542 -87439
363920 -39360
-534816 -393008
-39764 -758003
-325377 -361678
119902 502271
-208033 -261729
414218 -331195
-79891 -266273
-605766 -425287
-6626 612995
-636453 -733144
-272200 -300071
-645220 44724
-157430 274056
-353872 -1035706
-317909 -473122
-833399 -137374
422867 -448388
-560175 897314
445256 -248365
264172 7417
-837499 214500
-688751 301749
-205519 -293255
-337650 296719
-504944 -417895
-544701 634545
-893736 -219409
396701 355068
53868 -351826
4929 -395373
205111 850268
348263 -202905
1268467 -500875
-5645 -371703
-241406 429292
-204570 620756
-43317 530778
-936739 -525032
135474 -611889
293918 266147
-19957 1021690
-51444 164513
-83234 -980148
150117 883336
1096816 -5854
-1290527 336830
398516 275492
518771 -377384
560180 69585
442156 -226808
-612516 -239394
8056 -657576
488234 -368100
-333178 -50307
398265 -373606
237704 -773081
-216944 55199
55502 -462824
-422675 254799
-738830 -194344
405136 -270586
367755 237260
252280 296951
-376245 80638
-237055 -310177
456093 -125718
225107 -278944
-501897 -433421
627469 404110
-424129 -242748
351084 -851468
328754 -478240
-226863 -978249
123955 -386505
-688630 46714
450851 -553994
-631296 -20586
124920 -461795
159438 1296937
-1160367 -757260
-904680 -491855
4433 647034
-721690 -490156
1377511 -124679
-1629507 -589505
209897 54399
-811493 169194
-677376 -130025
127648 -88467
567878 -177409
-151032 357260
-879574 541185
125268 564477
653507 -47487
654806 -702356
-158179 -202024
800970 -24075
215899 -71674
119596 614304
-379222 159173
16880 -132652
-926782 -709771
347329 46774
-185283 227569
-435206 1193271
745648 -634412
-232695 -30422
804619 -419696
81593 361691
-1012609 -304157
-1041996 -340094
-708714 -319979
-2096 -17749
-209181 -489524
-292958 201843
1128286 291554
-402117 -180285
903642 -214385
643588 413791
58501 -866505
445498 -313413
116823 11061
93077 -572475
300785 -575400
149460 -37664
432033 -138830
575905 -365813
-90616 438055
1043690 -1095597
1489678 102308
-383508 304234
288911 -61090
194922 442387
-377911 1024822
716490 -206615
-582822 1223045
308403 287750
-448081 1676417
155706 -217887
261433 -656280
858080 -179430
894966 114231
-565808 -406898
847082 -139356
144498 -447789
-1209236 -324958
-688471 12970
-575461 -437755
474611 -52991
-494966 300325
-215919 -182391
-385082 -117120
-1698358 -317915
-203918 -782047
-717595 205333
-119610 -685942
-156447 142864
-161091 364587
388438 -532005
44021 -284394
437760 45927
-261461 -4615
325258 361259
505322 190021
789873 -125832
751172 -478906
-622499 -337475
1044271 -178149
-15234 -638272
-237677 167824
1085468 13747
302024 -919011
-98334 649717
-622167 771910
880578 -19523
-41119 336274
592698 687943
-331850 178473
600696 -370673
-59610 559832
281431 -1073795
613112 439903
828037 167870
600191 30962
-255684 -312261
-526545 689611
-915525 -375217
-624067 516583
-880232 140905
136085 -965054
87293 -182586
240121 20351
-455492 290958
326779 -307763
-889063 -1402624
286128 694151
-815365 316138
-672330 569825
889769 -604324
258220 -45901
-95989 -561738
-1170679 454314
-323013 88990
25161 -676794
178443 223937
-416627 -210615
-622577 431321
419964 -309831
576890 233088
-141816 429656
-54427 -665942
212174 -783270
1005950 236923
573515 143144
466716 173946
-690414 409777
-147949 126371
412126 -205533
-179308 462776
182529 707853
679887 8957
-87526 -211870
129842 -848829
83663 -999210
-215927 -1143219
797664 423226
601782 357558
-617436 767091
168736 -744205
235482 917462
274994 989750
450981 -482978
1106421 -728829
-591765 234444
442131 807344
35934 -371099
476422 -392621
-451026 233827
-340344 -125711
-913009 491113
74577 -266929
237718 -163706
-323695 507776
524960 233777
1488061 301695
-1182604 -471828
-513717 -166643
663239 337355
-507415 477626
159395 -1097272
-15673 551233
73570 458756
586366 36474
660485 404995
-574970 -955550
-354244 -463303
-441925 93330
378415 315350
758427 -647991
206059 -595153
-236362 112027
-1998 -14886
-26452 281727
-887277 511275
-46609 -68447
-244731 1843312
-87041 -260896
-78221 158970
1359695 -407913
658227 -881136
718625 -292906
15257 364870
972538 -166986
347277 715001
535547 -590221
-686060 198076
-537174 -638552
1054145 -1678
946616 249320
63273 10070
240213 -334210
303837 18353
366485 463596
105050 -218951
229686 331757
237064 -91256
272117 -149825
443208 1414005
-458232 -946897
-101665 -941466
540614 1372931
60316 210620
-525866 58021
-195132 -556885
-174863 922812
-506544 -155835
446498 -477559
1339911 530812
100213 1368699
242090 140852
220635 214178
260468 21506
-325102 145787
-535721 6473
8851 -326616
-1000048 381753
-491272 -112042
195755 -1117580
-906297 -273359
367594 742400
491839 -791131
726648 -414707
459369 489509
186947 472420
175046 724695
-197392 -43477
-712173 590724
-330639 -301035
1315800 -634413
-980130 231865
-540043 -527228
-622543 899238
-913582 206702
-195430 127660
201251 458074
943258 622723
-505754 574499
-1425793 -29551
237861 -257354
172547 2460
212822 186365
-391092 76044
-262186 68567
394059 -524004
55943 -204792
-452234 -640029
-288411 329254
71978 742568
-393936 428230
153088 -143165
66790 -64126
-174834 -100645
-237761 -506482
-438011 115794
-98236 -275364
-567598 584162
-370915 -1017667
87877 275006
237950 -207785
-423089 -161803
-235701 -182602
-353847 -733281
-933298 225019
-910276 -324875
-633689 -613001
92927 -184316
-494416 -253900
-1306867 368378
659059 -235974
205142 -540433
176520 -1043576
1072792 255366
-281286 -772022
-56484 -99910
120537 -369342
744233 -861218
787276 245732
-324686 552484
-588448 671985
271053 648457
-371134 637683
-792736 -348685
315403 -231204
354076 374146
25176 30228
-277266 -487281
-649058 390301
-349365 -834600
-482434 437235
28453 -463166
594359 155194
-113463 510142
1354 -345712
240733 -98435
301830 435377
618307 -1032590
857455 435665
772462 51263
102338 53431
1066076 411791
-81205 185331
472440 -1453036
-245865 -706829
-734604 -154674
-318329 -244167
160514 -54447
622551 188741
-543314 309480
238380 345530
75523 23906
1052182 -826738
202340 -624446
-580601 321018
97659 -317514
168153 856392
-405275 438396
-203966 826970
-1090168 1062590
271578 -589316
30242 158266
836352 153625
-539131 279111
-100209 198937
390856 68045
166746 -285402
177671 -561256
-1244070 97218
254314 -23340
-18849 -1171830
286477 492572
781027 573873
-242662 428508
803422 469566
400124 -14359
-297743 694180
555528 -544635
561407 -246306
13000 -1251506
-206979 101295
-469438 382418
552505 -521654
-272913 -839168
-53662 -109045
-553382 -331909
644622 -117007
-350436 -293045
536980 -207962
117269 377737
358189 -662570
-645075 -114261
292025 -431657
21250 -6106
544067 412333
563029 314480
-369133 730005
160925 1024101
661932 -583918
418547 278520
-181388 -227130
-363067 619865
1061079 414890
-331334 185626
-82607 619238
121884 -1134465
-419375 592206
-377726 477614
-265258 -728556
666994 -388512
-291382 -404626
498559 -54105
803305 -249205
-469684 -697066
1348693 -569511
106744 -699344
309066 318582
90502 87278
-509613 173400
-162774 680900
436075 675427
-198883 -409887
150720 -19971
-945437 651051
1195433 181474
-136552 299526
1080829 -525153
-312202 -206814
-183248 -563419
-23533 682032
-1253118 -706796
-307031 -205613
20189 -288715
-572327 558681
6512 -33338
194758 4234
140153 -257501
-114980 -124148
115464 96954
729326 -67556
367004 -95964
509803 450254
-683559 205300
-191276 -221609
-296564 28030
989356 366487
-866290 -34605
697471 391397
-63077 -101229
698594 101407
-685251 -409846
-3579 1239559
-896992 -200519
-735889 244815
-894602 536164
-195611 421315
-980647 246902
-66640 -48317
87153 423240
57665 -648928
-124642 745084
-165092 -523241
-900394 -1073735
-747575 -893958
-299966 -463507
230307 102993
68233 460295
1507537 2468
-723334 -820088
680082 -963788
58055 -243172
-319021 398840
473941 -316307
-107458 163792
-46426 -673366
-140301 228660
-496171 -141881
532414 -628339
-87171 561294
280158 -455404
437971 -1106460
-368263 304252
57063 -257178
163930 230123
-639257 -149980
-679208 -323454
-586904 201688
276131 572410
-450458 -157888
-142875 -147264
-742030 -1064721
-195208 152791
-294010 -364244
1353289 -606180
-519070 -961845
122914 53406
75765 -128009
173137 -731142
-58076 420911
-972198 -74107
-828394 1079047
728306 -356003
309929 165746
451046 -698574
-207797 -333410
-986477 415940
-234525 305041
1033875 -694490
-571287 286356
-493373 546976
241436 193612
-272433 612216
96188 -289621
588441 173134
295884 -86001
968051 -1268287
191501 -5772
-215219 892178
779344 517823
-823191 186685
-665922 -260168
-2119224 -354073
347806 483292
1092493 333223
407099 1050480
371918 905331
14784 -78526
395828 657068
-244044 201144
-109268 623025
-534570 -268076
-607345 -694475
506073 891744
90373 387980
386745 588530
-569783 -324899
638074 471589
-287519 320294
350067 -697271
607600 704697
-1119400 -514944
52109 584061
960233 258268
-562443 285095
-294308 -89439
940418 142400
-402774 47420
373077 -845779
434777 508644
-605477 -93866
-488722 66847
-80460 102703
-226189 -1038484
-1282400 -1105256
283566 174822
211154 1006399
-421439 415027
109121 -301956
-605710 -14151
77149 -878441
-121403 -247710
481263 -707214
-14491 -466270
-681257 -970142
-112518 -565309
-641536 33557
-139537 490742
-217647 389570
-785126 -200830
-98093 -260897
-212717 122888
588054 -386494
-298461 278269
-1754 1067144
-128968 -828248
-515633 -331918
136 313611
-26292 -486288
1585 -513482
-2525 599899
730725 -584493
-152699 -298001
280648 -170409
1178768 288736
620957 -126285
-577080 -160923
527194 -152782
198834 349753
-503358 406146
1016681 690124
63882 -253186
-76231 270715
-553353 -69360
-513323 534589
59535 154196
115031 -819594
-895181 533607
-371392 -180554
396522 -389938
-78262 -322419
127900 -436225
-210511 -709584
-396859 609457
-156392 -5778
-389813 -6217
-1543876 807969
756067 -80514
-261371 498156
400882 209260
-984763 -112294
101517 939662
295056 252591
180961 -131050
-286612 602442
178103 -595694
-1009730 -381830
715487 -318541
279892 -266449
-323130 -629955
-400816 -280395
279991 -604340
-467609 -465558
-91290 -253967
92518 186276
77713 -1574827
183897 -365693
342746 -393805
39539 272852
864879 -704875
512862 182756
200295 -134152
535868 695825
43639 482782
-1080277 -166516
-401779 521779
905039 -271588
-265906 -422246
1096503 -308180
330885 290872
-119824 502594
211016 -802949
-107905 -957639
618368 -25965
-623259 298320
590854 -657221
221354 70045
859654 65466
-431844 150101
151972 559522
-194644 -388876
-15803 -57521
215812 1260306
-73001 -470797
-491151 -627996
-10944 -535856
-457970 389556
-231860 425267
-699269 89446
263233 -493450
375558 414853
-31943 566922
692194 -173768
-764816 -304651
959506 351318
-660596 212784
-418574 -162457
851145 -165420
-598946 610265
378620 637633
409149 180373
-312413 625118
372425 -528378
346305 -660657
-188940 1095023
-47360 425310
-1292315 -229029
414723 309227
-138332 447521
-519417 81482
201467 56481
1073733 -1039414
389304 -848514
276287 -532788
-278977 18388
-729663 -113132
-39360 779441
835695 175361
-112337 -619238
-426996 353538
29002 550408
-181345 360528
379726 56201
-316403 58849
141402 41653
-175251 -287981
346176 876710
-245643 -17392
-954470 -156491
-9869 61761
-198992 -664761
35576 385999
-34455 298372
928487 46121
214669 -596283
-88664 276470
-208113 219179
123456 -1345710
991841 -456997
-327106 -6316
98493 -448479
318047 -1075510
214976 -145627
622552 173131
1017553 -715407
-308827 636709
176345 180444
110685 -165835
467882 -276118
831140 -386912
99299 -273140
-807567 403923
-1025516 -197841
575826 572860
337027 -255779
136389 242010
-609096 741467
390645 700537
163192 862574
-23864 -59592
89339 -729420
192900 148750
60206 454727
-561367 385423
-968982 -566125
-442694 878782
-505043 -16055
-67496 152648
-880459 -171292
52342 663572
-40225 119808
-410942 -1154416
22543 809533
-200009 141794
-153421 -301602
-726000 334372
-16971 676274
-506528 -386205
852332 -255540
104236 -704964
32631 -169815
-86524 -173545
109226 -619882
11520 -325873
553343 292834
-505288 -701482
-161370 -150966
-154072 352893
-496197 -50094
-541175 -234264
629833 947073
719518 778262
-738855 -724261
1189797 -662862
972071 -107358
351677 723880
209341 -51523
301559 -95400
72688 -163947
-46496 -709611
354136 -301814
-463808 -304180
445445 383059
-243438 425027
147441 -190646
178528 257380
533668 571409
-1049888 172178
-641909 145098
-216156 -446376
-656385 -128954
-107507 826704
275569 527841
61182 -39167
226425 -576
-305948 -300335
-151737 -209492
-17644 804458
-541701 -494493
-308463 -135189
585040 -704431
-678185 197235
-452497 -88168
484913 120967
850324 702448
570277 319825
-622258 637032
-496627 -422233
-50610 530755
-344583 -94190
330484 -316490
-143946 -4446
-169666 689701
250918 -357365
-359781 494968
-502907 -645996
658252 297584
192892 149165
-892822 1023961
-511969 -786439
158446 -1050105
-233820 626326
-1958249 -469195
-162693 -270393
-430779 -652229
-154180 468110
884783 -766149
-541765 -738443
560887 -259994
790335 -599796
-722466 -944203
219937 283787
-394748 -872273
-547404 482821
-1474778 -19258
-127495 -1224603
21697 -85490
-282146 776288
-98551 -51316
-437615 -44746
117403 52420
-931196 847546
146303 -794212
-326858 928486
-378570 284576
-282291 -385366
-322041 -1088619
599560 -829481
273343 237350
-142577 126676
-686485 794065
780933 -265678
-368689 267270
258574 -1147403
282718 -939981
-1207468 -526114
-482090 457882
-667348 -207606
-472478 254372
-536510 136161
-50925 -590662
-357399 232368
-670551 -420366
115438 110283
362128 370453
-554079 -119662
-581304 -237870
835960 -550316
-601569 -481870
-434766 -1075459
-287960 309165
-414264 621658
-219873 460144
-211081 649774
-71 -148234
-569654 -93763
-999228 453474
-315304 -412077
-746502 15646
-129050 -505143
-862687 -286601
319210 882692
-420051 490116
-152389 -837526
-739303 757826
684707 351943
145822 107702
-199674 -442074
-248284 -51795
407238 -421967
256975 -47196
146198 -392917
-148607 -559168
267112 -304376
52320 821133
-278442 -162988
190826 -818239
-324979 -229938
30704 1533476
82324 -737454
726602 -20676
631384 183969
428882 -508204
518321 -721694
292675 -790644
-386413 -451138
-606527 -105646
-390560 675139
592493 242285
175099 -1297963
602706 -456404
-211958 294817
1248427 493000
517839 393074
-1113961 260542
-442123 -836261
-8007 -269618
-136345 175687
-77518 109672
36333 917071
412716 101196
305399 134716
796776 837030
357043 227507
161651 -212129
407927 -339075
-1061286 -496377
942265 220701
-539598 716429
-758455 -139829
527026 610082
-125179 -664839
-750773 -222099
400724 646156
339186 137500
46912 422268
142849 -746670
-309284 234645
-63238 -572123
176850 -260437
357140 -549576
27181 -141675
491278 630207
287307 -289766
-1049892 -60327
1023570 469847
-1404151 -697382
-336370 888870
-34296 -1186824
-444135 1140537
-198639 287234
27865 -480812
98665 125815
-882854 48033
129638 328887
492952 458518
418589 1039701
106278 109302
177549 -636913
-291473 -596000
-300654 520899
-19744 434773
-784713 -2551
447531 -1695
55946 477018
407537 328075
356319 77408
750269 271612
979187 13355
488509 27518
-466867 -46253
413806 53929
258035 -447731
504248 -398634
85864 -94935
-64603 -113752
25910 -834076
544705 -500980
-179446 -800140
258311 239161
-1347506 -46337
-659750 -497433
966184 -291673
936522 436393
383208 -137420
45290 492849
42063 -621921
-429254 215244
-773895 -660428
809234 241905
823884 -182772
662784 281129
-176486 -189973
419661 -371303
681019 -209783
346019 32910
-244559 -872757
608412 -812006
799223 1127493
841672 -282341
161820 173164
703418 -317610
354189 95769
-1049344 -198573
-292731 36522
-371584 591201
-668120 -684121
-532590 248765
776497 258364
282478 296111
967695 191562
-104927 568764
21767 860382
1344623 -490765
274632 471080
251730 -396513
378738 -317073
36912 288495
225270 -471641
-251001 -122552
312060 -1085929
985594 962931
653421 136485
752523 -781373
26157 98507
657560 -1068036
81763 132124
166496 -367505
-74362 -368171
149667 432859
-50572 -699021
-452417 -450231
550165 1833727
160676 30092
157257 109578
31979 -584579
-68817 -500250
1504049 -987054
311750 987702
-57706 111244
206522 -563429
949730 794185
867362 -587211
-774468 -595375
-122140 475217
969064 -322572
119410 -663624
337484 207003
482720 -964402
231161 -286519
304695 -48831
-625149 -737929
923788 1064493
402924 458717
-135916 -704415
118441 -89457
246425 -577590
883955 72778
-200882 -65238
-636240 408939
230730 190120
372432 49885
194072 389470
-83632 602272
539561 47047
-174057 -177916
1013294 125
252149 -120112
-94840 -963623
-645387 -1811215
-1465145 286594
91640 652593
466182 155728
47833 -480578
-335589 614310
-464927 370595
807348 841281
6481 -499008
-160366 395902
229196 -232759
1000229 -513998
-852461 703451
367121 300169
690555 -199535
296159 -567948
-128063 -785870
-479967 171890
-170367 -346557
-95175 -587125
442998 -227264
253892 275757
-1208882 3685
305012 -61223
-172760 191696
-319319 137690
-541042 -408170
-465666 -135723
1007900 220083
-113366 188344
-133335 814728
169570 -322308
201054 -463050
-333817 -122381
182613 776240
921144 669542
-555498 -484908
-729500 -642259
416320 -162072
549097 134710
36677 -1041664
-294673 -1291986
287661 337406
-892180 587197
316927 -559604
-365650 -668711
824591 -634986
580684 -370479
-63722 -161342
1167038 -669895
1705129 48559
315815 914822
99094 -316628
380661 621706
-368639 -185453
98961 -253941
-117593 -123412
-444976 -185280
594066 108784
-45578 -24224
284710 -451785
433014 -175895
576222 -274799
353406 -984915
-276698 786576
32891 46173
-629276 67695
-27305 457875
-209000 80288
504071 -173487
-961765 -530589
157673 150938
-949770 462827
115145 618105
-77720 -493295
-203916 267476
47626 1027966
757789 46522
-152562 -83452
125541 95644
175340 144936
-145634 65306
-608371 -622309
404944 276196
1036869 -562090
533290 -236547
410341 692277
-167927 -322357
-1092600 607418
1000413 -415474
227948 -165597
322285 297460
-28547 366778
1159891 -183898
378688 520670
1019299 -415568
-1067396 -288564
21670 358762
1062711 142044
-249388 745825
666418 -724773
-165983 -625970
781860 275668
-1253175 -943320
753877 -126560
269676 -333009
-222636 54327
-817250 47286
208698 -318454
-982562 1109662
-950017 -275658
-621114 708453
-346129 171989
-104001 -44940
303341 -707404
-515289 -712988
216631 -152302
578794 597063
50686 608713
113214 1105209
578124 825360
-171443 -1249413
-616632 -724410
303518 293816
728220 89471
143581 74605
-574115 -573474
418548 -447705
-20249 -129755
-757226 -503427
107722 -79974
9649 436779
1051531 165727
464696 -157942
220059 -22399
175220 92896
397965 217254
-176117 452501
-529234 -973629
-166129 -1089058
289843 616703
395924 -90964
-792061 69961
-342987 250181
-766231 -1229611
1521237 -446271
331601 246773
42996 717430
-1143323 208137
625873 93961
-29737 126078
-392958 8679
-805572 -75798
-175080 -36115
56880 -746215
-609361 272890
1300173 129538
344040 -306679
246799 502917
-527237 -351498
-1061361 106824
-603568 -1040592
-744683 161386
320476 378715
546503 -54967
822380 -71623
845494 83687
298651 -679439
37154 7397
-114206 431546
682101 -573595
-318241 4218
-458411 7637
-293302 680734
-283039 804846
-887963 368505
-589128 -579400
804322 -1210246
208414 -613403
882470 -857249
-720824 -34010
-471737 553672
890177 150247
299791 -545417
545889 788280
462300 -14882
44512 -281118
211853 -51584
41555 203718
-91327 -507693
313442 671780
-388542 643131
-925374 -63749
94694 824522
410232 167100
423191 -941578
-333044 227124
856347 528442
-476010 1361744
-14406 -361732
373561 -432922
329001 -721635
-26077 -206211
626209 971622
112669 -477530
979647 93654
228426 -259442
11972 393653
-693691 1243980
378338 -591174
-655601 -89626
548269 8233
-806808 -218317
-644304 306493
-196360 -216969
-892701 177661
555799 -269793
-367600 -515172
-103556 68125
-24696 -806768
540093 -142290
-167316 -605704
354637 499221
401404 -251797
-232960 -1053831
354698 -415887
-183489 -50294
1564476 -64903
706925 -386868
1319236 -416125
-1501312 42468
740256 863114
344533 -276063
748562 628345
89220 265538
815960 -555847
519280 -37759
311798 -486769
-132919 -367170
-344511 -314430
-43972 -353303
5868 426949
1077109 189042
1307761 -697977
515098 -964089
-626205 -522869
-910573 -744514
-597310 -178307
-345018 -355566
1095423 224079
1079744 592859
-458558 276950
120840 -442959
105315 -45010
239744 111691
316458 -144339
-729523 -136013
305385 424418
36480 -619830
-191012 -259121
370944 -1027821
-14537 241258
1166404 -222058
521927 -514976
-682521 172294
-930379 -51335
1085581 -14517
-428182 669123
-275966 -348941
-271652 1084605
-1124611 72287
-131702 -195434
-513935 -493451
414945 127891
-337293 564648
-408011 -244704
-136058 230920
310179 266809
-151969 -607487
879643 200938
-721877 424655
927874 341982
-132528 -930288
443854 768680
-1161536 -382905
-1125839 -1868
104144 165220
71825 138182
-549741 369400
-807695 -1104266
635278 -1476191
667786 -45291
43040 659391
266161 -176777
-376220 -201174
-481762 -163294
-64554 -46269
-693856 -276954
-14610 -976473
689245 -247032
31162 -390697
640890 221844
-45070 329516
682862 -84434
-403885 -1219138
-536026 264713
-123737 -268344
55415 -521126
-87008 -81626
-772191 71706
393301 608893
-257265 355642
332852 -245946
185828 -65870
233691 549262
-49138 104070
373514 -328001
313432 -348803
-477959 423668
1244735 -201035
150015 -324079
-373258 1094747
196706 794268
-392622 33861
281991 -219520
-151607 172114
771843 -469350
-234736 73608
817737 75128
-796662 113526
161687 -646952
467850 -442010
-254473 364822
44169 156870
194374 210096
349827 -304347
96579 110844
331684 -198081
-766614 -888449
-890352 11233
-445073 640526
344552 -217296
-311252 -730659
-562194 -330664
571385 423899
-248116 261324
-185047 514374
32003 -826248
-333648 601123
-2359 2185
-406982 538477
68462 -505216
-23128 544169
-43263 -17032
787340 102300
31676 -418355
-294312 -70559
-172314 544916
-991455 -507643
795194 687108
457983 -51162
98065 501683
-741078 -342663
552684 -112424
149819 593390
-629485 35455
-128943 76502
897393 275849
-1099424 -308850
-437167 -349331
-107723 -200260
-313684 500487
279786 1124636
361841 508618
879107 -807426
360782 815256
309532 107284
-378554 -646145
-798214 -130603
109576 -54716
-92534 -35020
-319481 184716
108361 -69994
-390245 689438
-614890 931648
208003 140074
87065 826286
-78834 -454907
760725 525239
-151585 -272316
501382 -58571
361062 -384363
294504 557042
-743689 -817917
-516546 862220
152299 458617
-308687 -100176
221212 22697
-662019 972588
-1004515 -1134723
642699 490482
-225380 -620951
709089 -238914
-679424 334074
967339 -364753
-31822 827901
-568932 -698334
-377814 -639061
433872 349767
-37915 -753169
414666 -547628
-319027 230616
785641 21860
-1150134 536566
-816783 90472
389994 208000
501227 -330339
-553498 21641
704298 413336
-317787 867278
169235 -454037
-525865 16154
-475134 -116988
350441 -449406
-551761 45695
134982 -116755
235452 290004
318758 486948
526436 -262630
358578 -118989
103268 241224
431923 -369755
-681678 249952
614577 -327492
522453 -16172
-419832 662098
-1647189 173182
278232 -399133
692302 15351
77626 -409248
-37640 124818
148114 665433
492183 -393310
-802190 -288142
746607 -9728
278525 -134346
-1099996 138557
-63529 -67120
-13340 52624
100409 -543106
-266170 107812
160865 -798360
1292935 632966
611286 333417
300524 -221317
-1257470 -539142
-292444 679526
-733975 -1617641
-48459 -779079
-374125 -922672
-587279 136050
633905 -519919
144606 245557
155840 -135446
124721 -191609
40769 -256624
451688 -751354
454671 -409577
618409 -181089
1253687 -294837
640013 699274
230405 -235559
400217 117410
-163100 52132
584944 762808
256322 590924
-339232 275106
386268 -660987
94491 -174512
322704 174486
133207 -796077
275457 -397512
-327079 -877645
-295053 -78310
-427479 146286
37672 -481206
-1021557 167371
-560866 524757
302962 -589342
-393377 -353835
319418 274653
632718 -166573
830695 143100
-206074 -105789
164733 -65812
-64987 543509
-315777 76953
-461090 476197
-23034 433372
183050 295373
-160492 -445585
-732474 703172
-454963 -67536
-172962 -104071
505605 -905632
-810217 463866
113707 -595401
220263 -230991
-31267 260586
-875865 529680
-169662 465503
-61396 -83926
177416 197987
-49541 -624302
-394797 200404
-834603 -219369
207026 -144203
739973 643789
-613104 -561098
-145880 123134
-87966 372941
-1050104 660873
430469 196962
-740015 -97667
-333553 -927816
-226601 11616
24834 767117
-145270 432565
-814826 -409872
-245727 185608
41085 -95269
-303670 1055815
46281 641805
-351688 -235852
-883328 -199019
114433 -232849
883889 290224
60351 -207875
-551474 -306991
-161180 216268
16237 -379500
192613 -447529
997138 229053
1436148 747189
-632237 -43018
1224874 -32958
-134419 90718
-17554 328557
-791162 -344448
52207 488402
760808 126018
244664 376297
687166 476731
276183 -580782
35915 -360136
62951 619564
302749 -274901
-317419 -628240
109809 -526231
785216 155940
-280293 -630089
160473 1054307
345203 231961
377060 -952108
-90178 1059186
-22077 -255504
289254 630428
619315 -744003
-302902 316317
-350296 -343720
-440795 -228352
1208677 -181351
588499 95801
-594849 134760
-1170667 -316820
32289 456361
118765 140641
-92371 -398125
-304063 -554532
-161632 -264260
-182485 -49588
-49527 -726911
588270 -1630466
-101826 -490401
-426575 -832072
-292925 113376
329063 742272
-233602 73442
131542 519320
1111437 -576168
334550 953017
-342503 -44044
428322 56049
571813 145987
-666227 -19717
-2298 262678
372834 -531551
-200885 528512
853197 135542
-372307 1123096
-2297 -863705
156030 -548124
371306 -997068
146822 -288667
214743 277940
-531390 143206
328745 712936
306391 -815402
666445 -32966
-1213360 -370046
-421961 -801337
1180518 166772
106913 392580
-349293 -130752
1307809 306651
-175842 293113
213859 713240
-96879 -83823
224895 -495826
-191187 4171
427187 -315126
1065247 116796
630953 -498024
211571 -590865
-1203971 161016
91535 -42915
-235713 -12050
-104328 291304
317636 -371989
694255 -735589
834837 -103944
156050 1431632
36533 -117018
105135 -233800
261576 -556885
378765 35184
56752 -973986
-637040 57489
-213336 968477
207157 97406
-22761 977865
-687246 -734101
153266 -34123
-76847 43548
120954 -282717
334894 -558054
278134 -696309
188003 466030
-109985 -147767
-471238 -110857
811142 566117
-196143 -212791
616237 -301876
-1062030 -367493
-122650 -101634
254899 -839522
215642 -45056
-346990 113980
-500218 704342
877212 -179591
958109 88179
-1167226 -403717
501244 -578209
740939 -264339
578834 -62096
-454049 531307
302144 35518
795549 -231864
-522818 755572
72110 -253369
254894 -953836
128550 -381174
91991 389766
723945 -324685
308763 -621584
-174003 265308
540316 -51545
1081242 795689
-194587 176245
-232473 -594905
-265317 191554
-273240 -233480
684758 -814494
146168 63481
-275339 1092126
357593 -591021
33123 677931
-21622 -454773
-158008 586288
333960 -1055350
95071 -635602
-595774 111141
-137262 -178729
524802 -334018
-1052570 -482515
641183 309892
-562165 -206088
912271 352170
-1037754 -529696
-311846 -951038
524902 -224929
870324 -303971
394865 -738987
783873 -36212
-625855 -679669
-84606 -578895
865239 346891
555339 -267000
402290 567526
288833 766617
-831931 -681142
616794 980831
201426 792073
-19502 -540302
767648 149200
83646 417149
-1244869 -261629
-44578 667563
-1015924 237025
122566 -366379
-156049 934362
-802187 -287611
874050 -593184
315677 1038672
-511242 619384
-287444 -503571
30595 15702
455010 -40440
108482 -118117
-179939 -164356
47303 -878588
425636 1152021
-633578 -18310
-1410064 -201069
9171 -58391
-525140 483051
487788 -584026
342367 -261908
-678522 -434654
-93144 458894
-135974 -109527
445473 713296
-464698 685818
531720 -1152902
-154356 -927585
-416717 818938
1173850 -796153
845815 -426918
51070 475825
-46847 -485745
-326445 -205858
564146 -60114
117778 504267
868422 -485929
-495778 -240000
-411510 196260
9842 -600721
-19195 -306707
474926 639317
191097 -271965
435749 -440996
-587133 496224
226308 129248
9740 -202173
462310 -267392
73477 24227
-291921 -262866
552625 643741
-190130 1027619
-147547 49717
515745 -240999
-176329 338152
-75021 -95072
190535 -326053
223543 51431
353975 -363133
-472891 859775
245280 836290
492069 -57481
-550748 561971
651264 962795
-737125 -54059
-167360 347983
404868 282228
686045 -619038
389641 929377
-1225939 -1093806
969337 246865
451241 -511970
-89612 703809
254281 112515
51558 -404143
-549616 301783
-785759 -20830
25452 635872
1121695 -417797
629720 461609
-191854 -422493
194447 611869
-244330 -978792
-385576 -356739
-1432818 270088
622196 443550
-633803 398882
-725678 20697
346813 -28868
-430961 4124
227141 357913
-82909 -556535
343625 778712
-514534 -714492
-851588 458170
242032 591215
142676 -414026
-558957 -933510
-956262 1366165
-244134 -455942
-448981 11062
-409331 -458778
-535256 -103365
-283333 9581
235780 568114
-126350 -357712
-198614 -57961
899589 -697984
192620 613311
345405 -103785
633807 -128660
-343360 -142036
179084 441959
637172 -45431
384183 182590
597919 -879375
-146225 -904022
172585 -187966
155890 825682
-290904 -380214
-293961 -349211
112277 -87845
-690417 -179470
341156 488060
-697981 796087
949057 588904
208973 33071
372240 806754
667712 -803871
-356480 579359
-182773 -450386
96237 559780
407236 -738368
25727 -121002
1055592 482961
309407 669024
-205812 -300478
103676 -99803
724804 -297477
-618274 552046
-1291088 -3938
881194 -221186
3585 1392102
1211963 711267
-33579 702800
312852 -500578
-103036 387103
55745 -739435
-1172218 -1025683
-176972 -554994
76553 -25447
-383086 -403540
100451 -599175
4563 -743642
76779 -360713
291432 432260
-368566 -778808
-515409 -704340
-145887 349604
658156 263544
-560367 634285
119499 -433458
71176 -552895
45464 439206
-450576 -71452
767497 274752
-375025 84429
13609 -889488
62868 -238997
1155110 560119
-713438 460703
307169 492987
-672887 -335891
58068 -1049671
105374 -19934
169402 116422
-229316 63017
-230550 -663197
-229327 -442564
-199087 1171705
763845 -309282
88375 735607
-407225 613569
485287 374831
-478533 111648
619845 46092
319366 -402442
73645 110790
651000 -68276
-302273 -402760
383833 -145844
-42614 634016
241783 1186122
387373 -286833
-40261 102640
531796 -592051
-477499 513500
-724449 -195523
697168 565137
-1315888 249719
-183746 -233128
-3954 447271
141335 -572674
-329382 405150
-241074 41844
86448 -852843
-145588 -468464
-138233 204506
544841 -458509
529121 -676325
546918 -491667
411544 625290
340879 -883662
387971 -509358
-221268 172953
339741 -370147
8666 31779
83848 419778
-123718 -581317
855632 5371
788584 -169459
291318 -164455
175978 -631792
344992 -20838
843566 -83658
542934 159380
830411 -230933
880869 -305635
-83129 124912
122253 443794
104545 943267
371819 -437180
-629488 -166514
-210819 -636238
-171971 -1158990
767611 91823
-827493 841971
-465451 350487
228039 -207530
-535534 643764
7500 1022594
-855403 -1141115
-162835 37818
207252 664698
-581630 582858
-42750 753174
48290 -554474
162710 -873527
300902 -524268
465560 391603
-17437 972172
242185 649220
-245539 373615
1178494 293982
332021 288338
-533080 1217406
-452968 317333
31608 428927
343930 -522982
524426 513274
-675666 -829306
113561 599508
-75901 417324
-402069 96883
-268738 -251828
-1549449 -349144
-39884 -330832
115256 -159239
167648 -374605
-1805062 41813
-105570 -119067
791033 -207518
-793963 302261
-639810 -14232
211541 552987
-332295 374979
-184357 49641
-1187469 -216858
-805436 -705582
-825154 -480191
373292 146780
-259292 -789696
548319 -295423
-344600 -713833
530743 -638229
-359051 -1149906
415377 -102887
-182138 -195258
-870245 89981
502568 523032
-511059 -270330
253527 396449
530975 236087
-344230 -538938
772725 158030
558306 706744
161122 -120088
300657 330104
346030 -311096
-419520 858790
-885445 -644500
-854973 254852
-96321 347479
-666318 -68116
-507149 -305168
-644892 858752
-350914 -914208
-9548 -155559
641786 -654617
176285 578246
336221 -825799
-292351 102134
642933 -247487
-278144 848262
208254 -747793
439514 397747
356300 207468
-599304 290037
-372841 -628328
261909 -14902
891733 -711849
-13332 315828
-339834 473759
-234142 -928289
318531 -978510
778180 357423
-193931 682606
352536 -1083003
1215796 94263
356827 810436
306656 -801934
782312 -818562
647748 858883
-49512 468074
-287614 -400904
-398046 -362763
-657738 82189
158283 -290091
-1477257 -74324
-374603 1011645
-467272 -413317
52054 -770429
-1233403 -27307
-369453 -437516
-401044 274153
632533 430603
414373 -19875
488121 -328892
492926 328608
342229 -660798
-182562 823108
341760 -316063
-928407 291536
366854 131252
-737475 817227
-183284 185907
-55058 369250
-348546 499252
56014 -305281
305006 -943570
-173392 -320616
-528693 1179520
1163286 -18167
369500 -499999
123300 -405735
-157421 -117393
20471 -92300
-68488 -221422
203896 356691
380121 -383873
67919 -408803
375601 -205375
-215434 -592885
265186 579377
-571041 286936
394599 183097
-381076 1074925
364769 -132464
777304 908512
-665957 -574640
637685 -522770
137945 -445788
312271 415599
105686 132000
-80636 616096
376804 -156872
702688 274355
109051 706740
886999 -1237888
327619 -504840
-176778 1049965
-208691 106446
-545077 417477
319750 -1022931
-606092 -545380
-125993 141410
209184 750671
-434672 -262847
1282091 907177
-439694 152620
409289 -278247
-295201 126317
536389 391586
-35592 -556382
238523 -307108
136905 598709
-35284 -148631
-418502 -197162
-618767 339589
-159785 -111929
873050 -786487
-201018 -274631
-1104371 -49287
-224744 -313284
-324665 -6659
-756393 -210234
1021601 232313
175872 10788
846645 423797
87816 -660228
-809818 392107
572940 -357774
-148972 -278040
343242 566370
-902686 332521
-642196 209678
28601 484229
-218986 216890
1324631 1227022
-209067 170297
-131919 827811
171303 158656
194458 684060
355659 -11703
-560168 -702089
-283761 105069
223888 199329
-569166 274402
834205 -875620
200428 -714091
1087977 154766
535660 305402
939082 -433482
-497740 323574
-310871 502995
12838 272780
66458 -799564
589858 450141
155782 368499
20273 -692954
-332383 520609
-1068942 1127747
604440 -238748
-309819 -31067
-187167 1469097
38854 123562
402154 76000
-610596 -276997
58313 937022
205537 1047931
345755 -370540
-568834 261335
565386 -681677
1014232 -187557
285311 555015
-135132 264227
-697272 -450546
370618 477907
705257 446393
-336975 343470
36310 -119909
-523253 181304
308557 600258
267764 428411
458234 26735
1014011 562222
134274 287339
-149006 -35502
64410 902300
231030 -449992
198139 -753509
931838 169169
437392 12598
617646 269926
-892481 692652
89192 -257381
-4381 -563515
110404 169492
245212 192830
82099 244099
-710979 -40200
-718308 -502107
3578 -820161
333461 751295
-544056 -12711
-84382 -136322
-389446 948041
200443 273532
3353 204013
327633 559251
-130846 387568
-72425 781275
757758 833150
914939 255125
-843979 420831
-128528 284054
-219750 821120
-491929 1726177
447531 139399
-253883 -604165
-451499 -734636
364488 -371870
-7193 -543462
84054 -612493
-289430 -350035
-329252 -586529
289614 -265912
858960 1047370
-294402 30800
-606276 -16884
-657301 -155017
-617402 -76102
293923 -349325
1007281 312479
-765357 275620
-240669 116939
-143826 64149
-264528 -498738
-623057 -206932
732637 617209
213552 -613727
-248019 131390
-372260 629106
645400 -718134
-650735 -169526
519683 547947
-151036 -265573
-511741 -1038100
31081 19095
-617104 -504117
-423661 231120
238698 96096
313909 129
-520304 430835
58302 -550063
87845 854674
-622822 -844969
525986 -1226902
-498341 -417327
-299242 -295691
-337797 384852
232962 389343
550170 202185
97871 -274985
319864 446226
6646 -75661
891788 235020
501357 -260758
-1136921 17565
-567886 555782
127448 -749966
-373625 323168
-136375 69238
684490 92121
-1203350 -421533
61638 63893
-148227 1303934
867479 -663868
67528 423842
599424 -190000
-918945 798400
-296892 -97413
466663 -766869
-278420 -230098
-178786 475875
-842974 269474
42401 -229774
-115983 573845
1097603 -303014
227061 -650073
208811 -423508
-356894 587002
584572 403136
619760 -734422
773720 -929111
-815 -114165
-532942 222857
728420 -987039
-54117 337098
190826 101340
691756 -732870
147591 450242
-412414 -17717
396347 111114
-36048 15552
-523635 81008
-479984 -409379
92457 -130936
486106 -385279
115600 626097
605218 -197633
116478 863335
-763301 380745
217154 -999697
438417 954926
-719749 -371020
-83549 558985
-80710 -182983
212824 1085250
151228 -310500
93103 456396
-338544 -516588
413572 -597489
1275324 -737684
-226086 -25054
116820 560372
-78738 342818
24085 -596543
-204778 -747274
-639690 241845
-13349 -66658
600801 -36547
411982 -361810
-83057 -224456
410871 645308
-13618 -27627
-216403 -469492
-413621 -204323
-416017 -32631
-435141 184202
328806 813920
-62214 -421133
133464 634
-22457 411491
703018 454784
-1087196 1162417
329195 -156977
22457 -476405
73812 815137
-692986 -133440
475354 17977
480073 200140
650405 222620
-575100 521563
247846 86009
138942 -15164
215178 404753
-116190 -352648
-633921 -285508
-375373 495443
-839846 677104
446442 615607
-248411 545647
933466 1270847
1114738 277654
-456848 61500
427265 -270456
817083 -269793
-672701 766728
-460860 -318879
193269 524976
-1501567 -1153717
196790 129834
299962 -358695
421287 396995
-344271 684049
-419087 210483
932961 363182
-787710 409897
973200 565973
111780 -966049
837286 52030
740777 128572
-194973 -869784
-735277 -69652
-172125 -493776
541185 838152
318247 326647
-426995 -437363
-178805 411133
157200 722387
-1318648 419131
-99323 489482
-141978 325900
-28221 204989
158810 501979
-238521 -139560
-1299258 -195281
-519030 -373917
916185 -1198759
-606903 -857561
394122 397322
333918 -319844
499547 -358065
695248 -76336
444643 20303
-377961 294940
-133132 680736
-561665 -829780
-303849 -106146
547295 82737
63152 48631
-369677 -887883
-267762 319804
276440 -242949
431614 557669
-407023 127080
747045 613509
491034 284721
-166450 -429474
256952 -648449
608239 -335316
375852 997721
42474 147893
-52389 -614032
-588387 -70115
8283 -826176
971199 -295842
-165338 -384569
728154 -710664
118458 -424243
-487928 278057
518508 919777
-529723 -195027
870064 154013
602660 -305139
504220 -402341
-592315 -25980
-578782 -431233
104722 146470
108351 419638
-262500 -86094
-35821 78642
1361890 380148
-693250 1016519
-583216 -137972
295848 542876
-732424 -581866
-417 409767
-686886 110543
564586 -833762
94656 -496708
-469810 -192673
658453 599459
-114999 -350924
-107782 76913
-62352 -434890
102563 -168965
-269899 -50628
-551528 718053
137514 -960191
160122 -735432
325854 -18594
-578101 -432729
44020 -410644
1143960 -530301
430131 -158611
488671 -47056
-617864 -3648
76389 -1148359
-283821 -1012166
477533 -603627
-1086491 569771
-188557 415740
-667039 148917
246810 115314
-635809 -38580
-591491 -89057
1114152 -770109
521178 -663549
-12667 195900
-919245 192780
-160765 -141341
-71362 -344780
-637396 -650206
-10181 -226175
49714 -1077110
4924 433437
299575 392743
-831391 729263
-148686 -147002
-264414 -81094
483676 769133
37033 488447
348231 1511004
-135148 779416
-16689 -5493
-398684 734650
326938 -40119
124834 -840522
-559471 -834906
-441887 174633
-955924 -354072
-67426 -273687
643228 196568
449453 819861
-217863 -784133
1102010 255284
1488894 113488
361461 -298231
464434 142908
428136 -1073103
-704043 -280514
265578 728832
-363669 52609
-318727 -615107
212910 -232099
-921309 232656
-224711 175036
322976 -56398
-251089 84736
-365158 373806
150990 446496
-47108 339980
-701451 -522705
-212122 195424
77978 -177256
-428395 -560738
-472355 -92534
-208956 711849
-338135 -239537
2797 1023445
-207054 1380
-853808 -244122
96104 214425
-325760 588731
51510 -267874
-422575 -273038
103876 -40461
516557 -354491
-1378725 -359657
-70392 -460855
-261204 649467
910270 517290
-626803 1523717
-68666 507634
-333651 388247
-188956 1266832
306598 866525
-694244 285751
96177 783994
-27048 771085
-109574 -355185
116290 -9989
683348 -215026
336643 769971
36710 244677
-113034 248009
144520 -204337
655734 -259295
634983 397656
-770235 1108312
145675 -255831
1011436 69398
-2075 -407523
-322242 -224811
-162747 -369557
526914 -1602882
-450 -355378
21768 -50839
413792 212324
483047 264578
191348 -625864
-81727 275964
1587575 -253347
-435941 -158576
438802 -342964
-282663 -370267
-295393 184229
430852 -310072
172661 517151
-220084 -548286
-610156 645495
-844280 -344382
167956 181931
-1224166 -1087356
251482 842672
-182829 -240021
-102588 -328725
20935 1395314
-648386 -392517
57134 -124967
-615522 701128
1032462 928951
608355 344988
-106154 231269
878380 497920
527122 -210800
-589027 -532471
-35212 644610
-103975 -41659
429982 -25473
-246007 -80214
-538158 -719932
-377456 -145206
33368 -410502
444399 141281
315325 274269
-45416 -363743
-888203 -522558
-629594 -348605
1322436 788235
-759572 195153
51455 885505
-55347 -771976
-508779 211663
-381195 663119
40563 950158
670336 -547099
-127047 43154
-570913 461564
-70529 1031228
41288 712601
225068 99324
-30738 493957
849948 -944976
-675779 356643
-1065624 -133711
-182276 496925
-765051 359584
-846515 120733
-217955 -177462
-396760 337861
293858 -111283
-450168 -455739
78831 605830
-436007 -149934
-335798 196474
833511 600302
-86921 571385
-265167 823467
513767 -95371
-1130787 258416
105386 831713
445277 -29594
320045 137307
919003 -481100
-97197 -957779
20309 -360173
-429523 -297449
873450 -718530
-192171 223157
773943 -362039
342446 -447768
-449887 -726499
700214 -972956
230550 453959
-198905 -1196706
129537 -354861
205505 788587
723853 -565466
432462 337035
671372 -296432
480364 808288
319804 -77323
-422595 821255
-582410 -675593
-223364 885612
440837 145341
434689 275960
-1009021 252717
-692985 689149
166995 -101575
-667749 -792767
-215175 -326682
-671463 18935
309302 -575740
18697 1392199
-140526 -91564
-322261 30502
361761 -252953
277860 109138
-52532 544005
-20139 150023
238793 -311292
-502122 716125
-298138 -1181179
-818349 -593664
102655 94133
317993 -89530
326399 -191657
535263 428859
99557 278523
533524 -300526
408615 -104745
166429 932226
168134 -540032
162158 467933
-760556 -607251
284606 -61271
516824 -58613
420857 -91455
-72476 -9241
704998 75152
-628655 708043
-48315 471490
159894 -345899
630712 49712
635048 740689
-626134 120898
153302 400287
-911811 -265835
733832 98079
34517 -278544
269860 160654
235651 -858396
140749 -71144
-544594 -466113
57985 -303243
475416 -37919
109985 -486786
405907 197072
-526327 -137655
-548013 -545417
-312613 449221
-912067 -285553
-431780 -304419
139146 113937
909391 716960
-260105 766171
73324 -441677
-45651 -865422
373557 276357
-565626 17532
-102300 -489454
-737523 95793
-217247 332415
1079371 611796
219685 -340494
-621503 -7340
191728 707233
-481419 695930
610482 383058
431382 306753
259846 -83188
1157034 595019
-291268 -326231
-984040 362296
211256 1152919
-435302 189080
-472412 709805
906191 -868382
-396223 1130766
-135695 215444
688925 115754
234221 584268
419012 64432
10610 -199509
446904 -338509
-4813 574917
-258474 -295512
9055 -930316
1304024 -7166
24635 -576194
-871449 822840
672619 296375
-462066 -20095
-869510 -111332
-265040 423497
-535280 -15296
-516757 -492190
464546 699594
229013 -439816
295976 -260707
370012 305797
-940853 -377616
-175115 14708
-235840 1210455
44737 -364002
992334 286258
825246 -569726
494954 337507
219412 -785387
-394776 -1549309
-117995 1407422
-519122 550769
268289 -684899
-539655 -20759
-572673 -211857
523019 -496625
781606 -99440
-433980 -649021
101257 -34198
-255829 -40147
-59922 -173599
-784303 535070
-281394 -62798
-464546 606567
-866819 112896
-165366 177798
352869 377966
-111890 -507030
254333 -246189
-191586 -138343
-348123 331882
-244133 -502638
-157580 -1325241
278922 -520098
-228703 -287102
526726 -722103
-860782 -54789
-21697 326960
-363091 479888
-48912 664159
-277430 -341023
-817926 -109141
-537153 247304
274208 364664
-277880 -820855
118646 -468381
-338373 -132360
-389432 -316720
937462 193445
-680678 255387
-27197 -235884
-321092 -640561
534294 57911
329023 -463303
-55344 -816804
-456176 218391
295266 195476
581110 809760
-454809 182268
316109 -225439
434384 742689
-33652 -761798
-167044 -431853
430578 -650257
-479446 -386168
-113974 -33815
-413738 403102
812568 -386806
-266443 -506494
-174592 -376840
-932490 95166
1009081 51458
840978 -473128
-267318 -989541
537572 253700
227552 -385907
-354058 -676157
-26233 -54993
534201 -289505
-360089 -497779
-461950 -616308
438991 307023
-165907 -79189
51585 -583737
463786 -825960
-116317 -375073
304017 -788584
-591124 -155070
-425490 298117
232021 -404749
199650 267370
-129928 171574
-104974 922440
1014865 -400816
666843 1095510
572786 -40149
401477 250287
-735928 698181
397860 849825
-270182 -47725
318691 -437087
-693538 -1006908
-68946 -691467
459387 -448680
705765 222784
-1353877 419523
-226016 -46540
-988084 650006
139139 655847
-601384 21129
-416991 249459
-251031 -120587
710538 742309
-98898 687569
376240 543656
19583 453590
-200328 -181792
-648749 162848
-762733 -1283225
-44863 -54334
30271 931684
-133885 65440
636214 -254949
-570624 172878
-498014 239587
383916 -497498
-385237 308812
593211 415391
460467 336130
773036 367557
263064 -100700
-42475 -105927
-645114 -837087
1385150 968075
-687499 -719440
165965 -339264
-569287 -318311
301922 135828
77775 959808
126690 702721
-223313 1065770
15734 418184
-1480033 329754
280413 -707486
184072 -326954
8965 -639529
501014 288288
-210761 49805
-215615 -123625
89611 -406445
-378492 97497
-37471 -15661
-356071 448340
357725 -426403
-281858 183793
160749 411571
-811814 568334
354905 934368
507962 -407895
54725 -885432
-111481 26745
-1307272 -237420
133983 499709
162048 -715001
-66362 294946
720903 263025
59868 -726462
247921 153252
-672848 461641
430001 482541
-782318 -382468
598180 388391
311443 -122080
16085 -414052
-817662 311526
336400 669587
156606 -282128
87556 -21317
837343 661743
285337 371669
-120180 334658
-598106 -457315
753771 -65527
-221311 -156486
247547 496405
174378 721165
-663074 -397898
508557 -798581
539060 -524838
-318322 632979
695658 -1024981
-311991 622281
124445 366046
-271963 541809
-1190010 -556916
855386 -491841
-735998 -1063624
-513246 -116191
139880 735959
250694 247766
787206 421340
249712 -320454
-321288 91371
-235660 -109457
-489002 -832368
142881 247003
956470 -449120
-554800 623177
548618 -629857
-378496 -261933
-236030 -643758
262969 -505598
166716 -174987
267283 -733301
-595828 -64841
-467867 344206
676845 173677
-126859 335566
-605136 8752
-611004 -452475
115732 -1080223
-80991 120159
950534 367497
1240950 333223
271090 301539
381198 672804
104120 429466
969381 -137731
-266514 265016
-342077 311052
549748 -351319
333795 14231
-950941 -547405
-883528 42751
-749379 -848492
-341916 -365601
281202 450855
377708 32068
399943 -134517
-757311 -200990
580959 1319168
-699381 544295
452576 -247455
184691 -264936
675474 -104663
1212052 107557
112119 -320051
