257336 -667564
86269 -20799
-415454 -339831
-1131804 1118738
555321 875819
-128997 52504
368423 -816259
36652 -24125
-118098 25398
241955 178028
276863 -285663
397453 -72380
-610315 472389
29678 -830196
-5028 -570154
-680441 244436
-685443 430378
-468545 342764
-434167 -413271
-539460 -270201
19194 -187205
143313 -327065
327605 -251691
-4023 -185988
-135707 28428
-20517 -293027
-717606 -382429
858136 1217092
-191635 218798
648062 220836
-211667 -356258
26857 581343
-80069 -480496
-285012 -202493
-174243 12131
-651968 -961063
930112 -167548
527493 -365469
-412793 177701
-420330 1105546
122795 133218
-455870 -96073
-26105 217390
-857877 110032
-255048 307611
-469117 225970
20473 -667366
-424212 -470913
-354690 303623
123879 107511
-690948 -801515
564447 239075
788983 -184668
173904 753343
24891 -213667
432397 -598746
-169102 -1038384
-972750 1041718
683211 341881
-214326 -182138
-368458 959377
-603385 -508921
-70266 540657
-171553 81377
843258 -838724
-296642 215521
379311 -233452
-342520 -164438
-573207 -509554
631089 -26423
176133 522886
734032 -223673
226620 11142
-693112 51247
328137 -836631
-654956 -690636
-171080 -124693
366174 -113112
442763 238398
129233 335666
-412469 361822
391809 181252
-460365 -345377
-838722 226303
221393 520324
409188 -400759
-220765 487620
-67451 -85403
-287228 224914
-775718 479458
302216 -295394
1013489 -67006
-405715 1088993
286550 275276
-303499 -24676
-100967 -107949
-858382 -77671
200826 89445
-29426 117382
-276072 -196861
-676876 -1376130
668491 -840734
-609533 2760
366768 -66428
-120015 -567676
-304881 -305528
8339 258310
-505006 -907460
164402 728508
-189213 470952
-188067 404317
906783 -222210
-9233 -510321
539138 -315758
1033913 -437994
-1078567 -742592
-1091517 703192
268930 -258253
636442 -565966
-1091666 497017
321989 77355
-928102 -399582
117760 606782
446096 -49411
-569724 -839285
-558871 857726
-42149 851487
-86767 -557930
301943 217721
77886 -359669
-117405 -238788
921540 -1035441
-498614 -750246
-97160 -1023172
534574 731461
119853 -394521
374936 -76991
-612826 278278
-666988 -66863
-46609 119990
5824 -337561
-212502 -723817
53748 235289
192912 1342898
151226 388484
-856882 -199664
87982 -36069
-272270 -97561
-180225 -43332
-804220 -814955
465100 -583771
-1029171 -182927
-152376 560574
480103 184366
128621 -257420
-3159 419631
-70758 -231277
-684686 -534793
-416731 -1076888
461168 181860
-258327 128396
-533700 -186722
575398 703625
381092 -817178
-528147 35697
259564 708492
30239 544434
13815 -909306
465129 -285980
-404929 518335
-30092 -777120
-202534 -518221
-1737 868665
-459503 -331907
-593619 -209290
24701 -756654
210587 196314
516020 427463
445452 107037
-257082 312082
518676 -222907
350149 -845470
273692 164141
-1081961 170415
412165 76869
-397578 -702
-376248 38602
274303 74200
-400749 -207838
-775303 726355
-235868 -392503
-38153 -561384
40250 145140
303681 555648
-935117 -137097
-88545 -150476
345051 -808753
35690 40215
258053 817457
206947 -240807
620085 126300
-256163 507684
245522 -152265
-101070 -775613
-713418 -577901
569460 -167190
-85200 162253
-283429 -264615
337939 54257
105742 535029
386891 -883230
518689 -101007
670317 147579
-554506 -690871
1376627 670636
-312172 -1154365
-268534 -879140
151303 -128899
718462 1111215
139381 498092
416534 280307
-189222 -64746
-347923 -627622
452876 -805353
-79146 -1359806
-689868 316239
-762386 -766060
166168 315816
-1105560 -753939
-734311 -543912
486549 -216298
448392 167014
-915284 -860601
366705 73963
-351136 681814
-1065508 257541
249680 94085
298083 -209922
958642 -811958
-104255 71498
-632082 559382
887906 566880
-1352131 724703
-174051 192403
-74938 19004
219586 437751
370070 -260174
-87088 -441261
-968610 227525
-464367 -622171
-459417 930447
128355 -255118
-260874 -164198
-640166 -26920
-169389 -170017
-151150 26519
-141884 -489073
90877 -652396
-11609 255172
-183636 1063560
860647 -543895
-161381 -86248
-667416 -1118917
-97409 -752674
-573075 284090
-186243 -544539
-895136 450679
-41825 -645466
-777351 515113
-649266 -306995
356368 -145709
343668 -567818
-418828 398307
545873 -574619
197726 105945
-782139 327721
626712 -930205
-889942 -258453
16979 147579
-707706 -60989
151000 -756179
-32047 306043
-183615 -320877
887146 318933
505821 -123701
432491 -951279
-223454 481771
-319321 368966
-384165 852363
540248 -834350
23559 -179620
-558224 624038
473717 -44312
-634803 24024
-343922 52365
829646 450965
615811 -47450
467056 -616788
-573341 -27859
154674 -232702
-728385 150848
-183068 617786
48049 278586
-217190 -754905
-247363 -1454263
-521289 236340
15298 -1781056
-294205 247395
-413149 471412
-460022 -705397
237317 -1057606
-69918 -696226
-36188 612270
492151 344036
-311043 921722
323874 173983
-353240 -838509
-1181994 -599841
865366 -561942
-521301 -1104126
-183013 349894
-221637 514182
-434614 -865424
-342193 -634867
574688 -284865
-287483 -165693
-509866 416054
1215952 -328888
-516578 616412
-532407 -619559
19286 770059
-404230 88018
-76834 -59965
-100729 -198492
-589820 -396929
-39051 542843
-714434 -20291
-646749 189920
65239 -181948
146659 -1031926
123270 651562
737809 -123767
444415 713868
69181 758757
-701928 404584
219737 644961
178278 -79848
-535153 -210381
-152926 1360878
255404 -156579
-144261 -221105
-461702 506276
566704 -1134997
-271723 117032
681599 502033
104749 124061
-125932 620662
220644 280783
-556305 413078
678993 -1087773
822942 -61999
670730 -2059947
-243018 -535155
867636 92410
236920 263051
-124923 -248466
-685337 -459844
2499 -197492
-363331 -287097
116627 -259322
172741 -42333
-221504 692431
753912 1573262
-361063 -324047
249787 424522
1331580 -197873
-291512 -451950
368052 -646056
10670 -436841
777792 -534533
-359775 -819350
-458734 -614753
-220938 426086
653784 -763949
-407988 -301943
545391 155259
-932240 -65980
1097600 -672959
-1021357 -165165
456681 407271
566396 -460301
-558285 326742
-90440 -156527
-874832 178790
-507116 -1324214
72675 738908
-387547 298226
748792 -984732
586631 -536809
324601 -306793
456701 -188942
-810582 372739
-88023 304902
831607 194735
-102018 63240
67771 244132
-695832 26945
-665783 540350
-166251 -534279
-828449 -114921
-81118 573922
-132460 67845
564367 -522865
-591431 697019
877077 439684
146579 -816515
287018 337888
173477 -141976
-1213361 -114549
727313 283669
-228367 -648060
173718 483177
637720 892875
470754 983405
596510 819808
569953 227261
663011 -344936
-171066 -24817
-312646 -523541
-406895 261394
356186 -63015
-296053 -727906
493444 321200
-231343 -1056196
-808896 378044
522796 -203534
924047 127687
1417458 -330857
-41118 461051
199876 -1070
1114002 243522
728002 495751
241656 -72715
-679296 -1022304
-432865 -462874
-703945 -158039
98352 -378006
-970648 372649
-841669 523046
-944673 -26570
890664 -241085
1002906 222607
815063 -781908
26551 239056
110510 -733804
104659 346916
-219663 717479
141121 -99777
999119 -146671
-535623 -19271
250209 123507
-1192187 580560
-56259 -301780
-543979 -702614
323585 464509
328992 408052
-136777 -122787
375041 -255904
411662 -89807
-190443 -448867
-293851 144210
-170129 -50767
-604189 306032
55147 -208650
-375169 -95353
-306230 471702
491036 69433
866177 -733415
-2915 -493769
81057 480757
-519963 27563
-960766 1057484
278958 54384
-597052 -150593
293281 343565
-1263995 206831
-106354 -659332
177319 -754036
723939 -179969
-1078706 -299059
-192220 303474
-608450 410941
634903 450775
544312 -11815
418076 121224
-468724 1165760
544244 408250
-19113 716561
52446 472374
-954381 28871
152018 236148
-28488 1632652
412993 896993
-30981 695204
-377853 -534079
-26082 -342779
993104 299003
-427116 -403456
52245 -474556
-341115 -622453
1454672 -233470
-375257 282256
3584 -347637
-18815 243193
-94155 -353092
-41132 -1236021
-1327179 199864
849709 -472346
732524 -142254
484208 -705095
449352 388549
831238 -2128404
-32318 -436722
-163947 -663634
-891946 50664
-747787 570771
432154 -1191127
-750381 23699
447375 351213
257496 1023312
-638929 281764
815769 -478864
682275 344876
-733298 338559
-132922 1060124
168250 437533
-329507 480672
219133 -34094
-574714 -146741
142470 82982
173387 -158316
156535 5251
-659635 267536
35143 -900166
359024 271764
-61652 -45454
-303265 953771
47539 112114
149732 -73349
-711605 402502
15233 882787
-597756 -33135
-142038 93398
190069 -323440
555351 378246
395493 99211
245517 1022766
852004 -73057
-87097 -340174
113291 -339254
557085 103663
-328322 284934
-886899 787061
-349138 544391
145098 123950
440693 -936651
553829 -363297
-62109 -272067
-679088 -461063
620069 -298381
-577810 -773566
38922 -445207
120171 26932
123172 505746
-137032 254066
1781929 -801574
90413 -285247
18623 -155512
-419492 364564
-225078 -659347
-533400 -182467
600514 258421
-618176 915131
333083 -268003
-206387 272638
-1029561 -6247
177513 -451632
548604 336706
-150960 188063
-740922 33827
-383162 -836117
-222056 780011
-370953 -572772
-487768 -719027
-663426 -459816
-576352 -1068127
484350 816643
734319 -135467
-299310 -485918
997510 -647468
425941 40981
552999 -254508
-426329 -787392
-79250 699322
61810 -606726
-273479 795244
-279846 -858526
687181 361096
-556533 -304387
-317005 -516610
-403081 452677
236409 -942548
819077 529696
481827 -823843
-66620 -256254
458054 526370
-629734 322142
36249 479844
867631 -609038
-35915 -254856
-79622 -666854
-34627 380309
-76391 276651
336080 622545
977441 190051
725308 571233
-288338 -849348
-218153 -905521
-314658 -884757
-621477 -28033
295372 -175843
398640 546803
-932405 631060
-207897 -38653
-876757 -139144
218614 16087
-60495 -455950
463283 740951
-52030 293843
507208 -829788
-6400 -654188
-3264 -157371
390539 18322
-129624 -330160
-243778 376734
-572134 122120
303489 -669781
130667 -37728
12284 630315
-323220 738212
-1292421 -753466
-269612 937576
-316119 44388
-42047 -89578
-425830 276235
-664143 -476352
-394824 -37078
-82220 -350595
-1035926 390698
742590 -297369
-821150 -1059307
-609732 -811543
-133677 476240
91665 972143
-16547 -438125
-45640 107575
-878898 503651
-307057 -377001
-816365 -278966
-49743 585081
707744 185745
879986 -994858
541934 5054
420661 712256
-680668 105776
-111625 -527016
-728265 -996401
-46930 -353657
1091882 -850910
119202 -331747
-817092 -555959
65596 56251
132099 -714274
-215535 -1008323
-160519 -493246
709519 28959
27493 182669
761999 -452266
53459 -661648
348032 -353878
956285 559490
616445 567715
-173474 361245
1051000 975964
85566 27368
-126792 653893
-846179 349156
918353 -256981
169394 638154
296318 -743484
-210026 -142976
-89687 15415
147427 271635
161627 724278
400679 1239020
572729 -242413
-128272 -467947
645399 379046
-286521 193211
350732 44038
23069 -247395
-180354 1083995
-720064 -212755
65645 280136
426610 -203943
56994 5594
-22656 7414
140407 114038
-624954 652055
-219547 310863
-223494 -784800
382557 -365871
-472647 -600668
155727 -389421
417199 -719457
278156 -706784
-166044 -604389
601175 506264
-14575 -138214
-344953 967033
-982863 -385681
83403 -231617
672322 -12229
245832 -509340
1053848 56266
211413 267099
-398011 400879
999075 -514029
922570 -707410
-148143 1100292
-290422 -761224
297715 570934
313826 -36613
507826 -441553
-986100 -867973
58 694730
-658111 -353222
-822412 657785
194752 89677
-378005 409272
37317 339386
-606458 204685
413691 236830
1131413 251932
-247872 42235
-25173 321489
136515 -589511
181068 621136
252105 482793
762726 -174846
203963 -750915
-69798 142906
-138526 69887
-662141 -378608
195495 -94911
-511694 42262
-178749 723008
290018 261806
-118268 -1334807
701227 68990
199897 -972206
-132675 238504
586922 -82364
3765 313246
-634301 -28195
169303 -207899
533754 -822859
-782608 -516076
-362223 -995329
185689 683536
1647598 1521137
980484 -139842
513572 -532590
668662 -183013
-177232 179684
164864 -9526
-216895 -55037
187326 -71580
380946 479881
-301323 651192
463068 482141
-220827 1176962
-2923 -69907
405070 1169086
250892 868650
148830 -431239
-342288 335128
-569424 632362
-251921 -205920
-431567 357436
-290431 545187
370645 893405
194720 -586768
-1425331 666396
-858328 305749
-106069 176257
742807 345319
-364884 151031
606529 -178484
485672 -93719
-726628 -729728
-896767 -548060
-53397 -172493
865104 -336829
483112 141348
43562 -116340
53821 -158368
799785 174243
272325 -424386
734134 738426
480210 1099943
-39425 -973868
618662 -180879
297009 464431
-223122 -311034
752050 447894
1032385 239522
-943730 154757
938031 294096
-506006 131191
-73110 -394038
49461 122534
737901 675664
-59803 18310
611233 -271437
120466 307749
-801110 974377
839815 -383402
853225 -701083
-380505 -37677
367454 -419921
52756 167568
-1216856 -571588
450412 -649894
-64340 1409892
-307534 -389745
288639 844432
56122 -13966
-457016 -308185
-81523 -257092
111542 374871
-421457 161491
170160 -605493
-276186 -273355
58610 81375
493788 -394854
-1341989 -719163
-482403 385038
-34223 -66222
13985 -635956
298113 -240854
585403 128111
-649215 -159793
226802 -162915
310622 -322130
253373 -1086373
896559 221326
-305903 1144539
-78244 252821
187159 -390354
-496749 -810473
-206220 -383019
29332 458715
-453208 280242
-338240 -150052
435229 335870
-986357 -473074
660072 -64576
118551 238039
511776 -179212
-324043 -410840
-601575 336796
-362431 781910
-390834 102378
-489305 -1354838
-144275 383838
-472318 -304376
24354 -401989
253772 -204688
-139832 -261883
1036820 836025
753523 577727
-28997 -809448
-147317 279791
-382799 267276
8314 286104
431539 315318
647148 984482
610024 295372
-130521 146060
-225091 794299
-472983 82364
-423096 216143
-566090 -213614
577600 268601
-56526 106881
-536325 182839
448454 250724
-613101 -243838
-452789 218274
597161 -313882
-397865 -1479801
58420 76156
523223 -73043
-645689 554641
-826967 -224703
-643027 -869424
15092 26072
963150 258686
435659 -22679
-355709 184055
373849 -258257
-58374 -792192
347362 118309
547 56422
984734 157548
-479061 14489
-209465 -491828
440098 231595
-735091 -469144
61462 478792
-889295 -1169913
885836 289239
-529659 -142152
990649 445509
-333352 -918312
262105 -370831
144695 104391
788752 -521347
482927 -895722
-1002726 368531
-444062 385403
859918 498348
24197 1322240
-730628 -268891
-133208 -532817
-284418 -941570
80224 165619
772895 -236249
-704334 -74946
267952 -1320398
319334 -138691
-162142 236272
-688801 365130
-30490 -640857
-233967 83637
517229 338818
174977 -315836
52500 401049
-338957 -531436
562043 -319120
-65947 -34321
-232059 -293228
-905976 -539576
662869 -379860
-909325 -192702
-778552 -932857
508828 746088
-81630 -105639
34827 257881
78944 131771
334355 386132
661151 301692
771390 52603
179338 -119350
303591 -370254
-562096 82214
-196259 -213588
129498 -69050
-327864 -641419
151099 -488751
-74270 1122342
-1099403 528356
-441639 -459879
-734907 -625849
-127370 169054
-8457 405492
266611 -154169
-994001 -676505
-566561 -228995
274442 -82420
186060 616153
611939 -496863
48630 -541898
-635487 -477135
-261289 -270880
-733127 446717
-314340 230098
985777 598004
-72749 -293939
-292550 296085
-124724 501491
-100788 175611
-622397 -17120
36238 -373235
-65457 -78605
264242 197000
691492 -553894
745375 122594
-139609 1362021
-609138 640098
-590387 488078
-457468 -484651
-25571 98309
-769468 -436691
1062182 64371
97592 -356407
353141 378058
-1089970 252930
-111350 301076
-38965 370161
-661133 404302
-714116 -1297870
-159091 87980
41599 55486
555439 -702891
858913 -212973
26277 -481703
-1497049 -697532
261867 128894
-215318 -421436
-450917 267610
177863 583545
-326292 -660611
291806 -328169
227975 -41813
-221458 203316
1474 509245
-456822 -291822
106146 834763
10893 -179973
819061 74394
-397122 510759
154227 -107816
-152502 353231
-44859 -321284
-9604 -302966
-747307 475433
-37929 -627977
350976 -876172
174672 -4464
-319585 315971
-810718 94640
110058 -236530
-830300 -665887
913499 -439423
272106 414458
-8214 -401964
56550 -245109
-205353 36541
-215015 -309360
255323 521275
-143499 202412
371554 -257213
-256591 -647807
1067115 -179525
111015 -78802
170457 -579179
196565 216198
-915685 418017
532487 157681
-313469 228898
533603 -101360
-425806 -25529
149123 -264996
390193 1100164
-80748 74001
225746 -178705
737663 608770
-95316 -341046
554803 -1030285
295477 -168029
201226 -620654
-746584 -1457
469474 -174351
-331612 59074
647398 -601279
-642892 -29895
521081 363624
-55995 -42340
-500353 -458216
359400 -196007
-471054 -729718
930212 1040327
390774 -395108
507117 566099
-467450 -735668
-290246 -92149
-796400 -537247
-642698 494366
159348 -196793
133703 -267650
544626 113315
336076 -1137833
-359638 4461
1163542 -741762
118522 62842
95814 299912
-839020 -863921
-445574 1008973
-746677 40258
293200 -795652
-1169780 327441
-232761 -74159
-755758 211387
855985 137622
-237803 -40979
-488010 -134132
348999 297522
-904652 1046022
713258 187672
855009 623255
-193716 -1638105
481714 -926123
-382779 -721447
292538 -558315
-843892 -137784
-118071 -899355
-147287 -746067
147834 -241025
-697565 -161375
-799091 181979
-141812 265055
502948 564661
75312 832820
-918645 110692
382051 -526731
-573565 -860586
-187555 -307590
367454 -21304
-607038 -665220
667140 -152337
66763 106516
-319427 -284867
-571971 -874148
-363227 -868779
-318487 -100142
-374185 -377231
-674304 457938
-933139 895124
-395831 -831384
-299146 401235
178683 1737675
521904 1038112
-904778 236493
-45670 590139
515095 -2407
-527348 -163023
-537520 62149
155199 134015
-682286 888039
561487 -522980
-1095558 604879
47976 301696
-499645 232205
-509927 208314
788184 -325719
657891 -147061
-397562 145587
1033764 617775
114384 390286
-1021414 -463791
-26886 578643
-394817 232308
-38827 -509235
-51222 -166978
-160500 -139631
424629 389936
293001 -571513
-15224 310900
-1031837 139815
169282 -1243044
-198569 -453228
-149945 1214443
553130 491741
408657 311949
1076147 180827
78028 -693097
637750 428386
663418 -502588
627714 -146203
485300 100777
-180577 366221
63512 -856714
-146840 -1041324
-26855 -749979
710839 -70229
-217089 112845
92550 -530218
1248755 135669
578772 -373815
576473 552473
944612 -5713
179817 -606329
947234 660674
-40589 77781
-683870 -12997
670354 -381886
-621221 182152
334971 484445
-609381 -314512
-547466 -1004161
3914 -635059
-99364 487543
-1409023 1489092
-498638 -293826
-689722 -241986
91527 -535796
610033 -609057
639862 -530042
-982675 -408583
1043020 -198550
-1343144 -84768
182452 -428572
737539 356790
1122526 -612300
462555 -116409
188265 -758765
-945587 592008
-150147 413007
-710181 121569
323779 -800593
561034 266859
190382 -137197
-20413 283884
740643 -304963
-294939 -296425
-44472 -234868
-347512 -513408
-657705 602966
-586589 -63281
-481102 283959
46818 -143079
-589405 -225058
560213 -118783
638035 -288651
-961294 1147506
-299745 1017749
-42875 -228319
194227 367463
132668 -149703
-561640 -381025
-831410 -198080
-386027 135662
-36329 -423908
-219900 -652205
758024 55800
-952917 -316468
73379 -408988
399775 679776
20207 -492816
-1106772 -306843
-405066 -174903
-952960 -359830
-122630 713303
8493 -457115
853958 899896
-165781 238704
982826 -224154
-214139 12383
206265 -70757
-28443 -136115
-978875 444820
-159754 32911
-314354 -182295
483738 -186961
47233 -495158
-228842 -247902
852104 -59858
320449 81042
-741353 1308056
18239 -1401109
-892910 -31935
-563706 -727860
-452686 -676867
-44657 38242
-696710 -715930
-59502 -1258105
-727166 -223517
-569695 -1054340
41317 -1107422
-307120 -1167089
1547245 221835
-804468 -274852
-269965 1309819
374648 943840
1241726 -853861
849206 -279991
243105 -352599
397748 -666161
-266693 -893679
-796908 -112597
-398282 -191975
534809 423499
-1332457 -506309
347203 123820
155474 -800094
-289248 281891
160934 -199210
699758 15563
449641 115264
-378586 -103151
-316080 -476138
382439 -309283
-695391 367719
-930486 -637110
-176833 -409951
-73178 503173
264142 223187
-170881 -143972
-39907 -269309
117651 -281978
776925 847506
-597295 253735
-557597 91394
697987 519185
-448358 -757115
-536246 363269
138861 31260
94576 263522
-400911 685076
527230 839589
-221434 -198502
-506420 -123000
398469 618668
74475 71213
-559834 -599434
931953 683112
-1190124 456392
74515 -814888
227590 -2244
498383 1125560
118797 -405301
-3504 83684
253781 1120834
-136217 -870827
170157 480794
-579643 -492389
-969094 -426369
262909 243919
-82202 -173270
-281207 1172252
-266959 -500428
-419041 94468
-165470 -402174
72905 -21228
-745300 943758
-318870 -241807
406144 -60703
-345776 -791448
-147153 -116704
512935 -844232
347821 102058
1542469 -561051
-612246 626262
116542 8463
-1002234 -133373
-141100 345102
10564 644821
-201430 -39296
82553 178537
-997064 -448315
472560 -108991
-166805 -105293
589884 383305
-78714 54892
356562 138805
-270606 490907
310314 -4882
-440661 703999
-426005 -435646
515044 480610
-1234231 -210416
644768 211436
638260 814270
-602589 -932947
-297079 -170362
267199 709592
-898988 648959
902646 -157822
-606334 304600
1300363 -523577
33978 -229211
-39374 688807
540090 690166
-148237 -758990
713320 529461
-675121 1027405
-312966 562170
-229670 -74337
459122 1551720
1006882 468188
-460406 -707324
329653 602486
-304137 -766031
110936 -409705
-325402 -819448
111325 1181006
318134 -58046
-379764 297335
749375 398644
-349056 -409431
-335707 194132
425455 -300507
-196117 -433625
-356346 165509
-866836 864584
-250863 -186698
257165 -304370
706278 316666
582153 -549903
-148703 167271
-617465 -684256
-6389 -625397
-449818 367035
621675 108615
248745 -734098
-787851 229988
-74532 -730335
506367 219398
-73206 248567
549380 -1278847
-383696 54173
-928442 -163824
-30933 214697
-396858 47315
-195795 156526
260101 1383976
-234817 -232651
-963122 -298041
-219569 441600
-311733 314438
-207042 832257
-504444 -676910
-478726 -131263
-517142 -789605
456405 -201183
-154977 -307619
-440958 -1027893
67021 470240
-247166 -323946
-1199454 -22617
385649 -664662
278877 -460044
507244 24200
-646207 -217555
-288396 -26647
-103486 17593
-199468 -574896
-994641 264564
830166 -335127
-519966 116567
97560 -528170
-180967 -676281
426491 821880
332735 -374862
-77782 -1107778
-295576 -537845
900806 -716072
1056208 453407
-10190 -527727
-3730 -130271
-168903 -210045
458408 -8512
-70145 -217244
-591086 -980651
522867 -658770
-670840 73388
-33267 -204022
648879 505666
-262460 -105664
285331 533244
369245 349160
-211326 -173570
-1111277 -784419
40539 375513
69875 384539
709928 -406408
-987209 827318
282410 382818
-243277 1281236
-219417 -335714
-470267 -246754
204925 -136008
-322856 763185
604137 -652954
-111297 -5067
-777685 132388
650886 77166
-830895 701312
-872052 876404
-533457 -729394
-889470 573849
-947167 344708
225184 384587
928852 389442
637083 -525321
21915 -177443
453356 -122448
-453636 970792
137044 357076
-486311 335850
483146 190910
515039 -252002
-131923 -369438
10164 1118550
-39934 406
593851 229647
194268 -40984
378444 604542
366748 -500529
18167 -109214
532665 -1364437
-17191 142540
127110 393745
420432 620538
707364 46797
122905 -31077
913214 5769
-187386 -561763
-692199 277130
-46534 838572
1205068 -107447
36346 512876
-152737 -368473
-490381 397135
539952 813735
-635565 -546735
-175679 176972
-251117 -267447
-791488 187235
-321468 931205
-480900 295260
-353982 1114701
-234014 321842
-379934 1112847
-418406 606085
535274 -226506
-523646 -197583
-609890 265651
-117481 365087
-776605 -478615
-291443 -1076990
-221160 -86248
-11975 -849957
-216054 -306708
135395 -290803
754231 -763210
380960 -86374
-477215 -1516414
-637671 281523
-1039665 -571947
-627784 -9733
-536248 -694414
-388084 435318
500564 40921
329259 161572
695331 655938
-348578 1094488
-256620 -219362
360156 -591186
-412897 -251321
442027 -237262
90623 165661
-484824 1189905
-1111660 -131060
-622895 -588517
686708 -300336
78646 544989
427178 6940
95215 607656
-77633 123117
-50094 823083
-942892 -446039
-196460 -1125541
120629 417056
-350617 -145718
1067797 -355735
396713 -257437
645757 678535
-130014 -317563
249906 44112
-473077 -47202
-403960 -46493
699165 -572333
-275569 -653465
-93272 470877
-164432 -377664
157348 -82003
655652 -1716969
-255914 -502265
159703 -290624
-632999 17311
-384508 249171
-99333 524505
767590 1003332
-550964 -718620
128609 -571852
713821 100678
-126461 751055
-384174 -1206462
-166603 1199858
443399 547136
-251916 1025844
455578 -310393
336201 394748
-58504 -201568
-1030864 -23773
-455955 -505745
-655372 1019709
-308156 -189363
-81192 -740733
-148219 -232693
-407057 -239136
535836 2133
86938 -661230
-238346 1647611
-381851 -664922
52388 705815
-406205 -464897
-469601 -72346
40472 -186581
1106090 -85213
287755 941502
-338081 1070518
639820 -156536
30476 654417
132785 -932221
200735 -335561
-36549 778963
170435 -330851
102809 565573
-690071 177561
41537 22191
-313307 921526
877353 -103045
-181048 -344198
97672 -671954
-18266 -8031
-744623 590390
-305731 368488
-916337 -279926
-886348 463870
421018 -162835
-716653 -533096
856034 100494
-170697 921044
-2990 665777
814934 -781417
45362 -524156
-215890 -262305
-299277 -1024231
1474940 -530706
-181519 365805
408244 -1123422
153915 459122
-163920 565550
-640451 -110674
272398 82199
510438 -562698
-1071010 217801
-238422 -153641
-30624 489345
-75267 326341
371474 195117
-91263 710923
95328 558593
744812 -827060
300836 537378
-767399 214554
-740226 979148
86047 366307
-669404 920809
-385795 -497006
-639028 199966
-30333 537584
-343902 438826
76781 264491
2070 -455090
438035 -45860
63638 -548021
212808 377965
-359040 676277
382695 -150426
570113 -250206
546954 -314339
-200937 229973
-424240 -613771
-189087 667271
417124 388796
-876943 -358746
-48330 103600
-166225 -60764
-123187 1454877
-334506 595903
-178867 634705
-124634 -64570
311256 49710
429301 217839
309801 -665658
-323492 80970
-383888 -393893
-317971 428291
-745925 224212
970082 -316184
-503916 -284297
-328733 108927
252823 -280147
-77338 -218799
-198821 -377753
-130218 -1314206
9340 587213
-15582 825141
-205849 -342108
554350 -365878
417086 86879
-255295 400403
41644 -10490
678742 -244458
-503356 -875147
-79493 178246
362709 -861632
138531 53268
703643 -129745
673644 -372039
364587 319558
-50311 513265
-271595 338028
801921 -1129118
388458 272279
-895669 -586890
-211470 148272
-340768 -158236
-568166 -377824
226448 -423203
777427 177108
-893740 107633
-698926 178669
-33888 122111
549605 17642
773345 486695
-184100 -948784
316473 -645023
-498429 298051
636386 176110
432608 -21219
746074 -50608
-428301 364836
-1165481 97207
-510304 695676
-522834 -22844
-240906 404401
1076044 222137
601446 39603
-548258 976109
384233 126584
-90934 325168
396081 177412
-824807 401129
269651 81921
390500 -879046
-146189 1270657
202097 141634
611355 -168569
289053 299987
-1064699 -602904
-48613 -603936
-482595 -282189
-611507 386837
84754 768702
-1030900 16147
533204 -183969
505083 393921
786376 50805
57695 47311
-509864 303177
-432647 -108078
-310002 62325
120738 -477654
391551 -886384
-185411 60769
-314207 564168
35967 940259
-705834 -951843
-203379 -302633
-118739 -571158
465044 -176564
-100995 -350155
225239 1246004
867729 840456
684439 729232
-166941 -465753
521827 -856591
-111536 661716
-397562 214431
-259431 139333
148912 -246323
-240670 225370
-633963 -600160
381627 538839
-629464 596548
568714 330945
844639 -222488
39226 -368468
1054888 -256445
-446548 31243
-651150 576290
581016 245491
-162984 -545114
821713 -627593
535633 1401076
-40452 699190
-316678 773776
596995 360848
251810 -237539
-49147 -431500
1307676 643174
-175927 -552864
-359238 -274870
-119847 8770
-71470 -438054
244097 -682432
-897321 20559
-1144640 153283
9212 -164806
38352 -464820
176551 364941
-286678 -480343
-361715 -248807
213129 -123045
-1188612 184516
101428 -275038
155279 1111192
-374503 79664
153511 582917
1102500 211982
-375186 298301
-613352 140845
-339199 -864446
-563120 -227353
-188071 -364792
600871 469917
-487198 -770326
-61048 -307116
-81415 314165
158522 -918898
514344 -323528
540411 -948297
217785 -576619
512306 -945740
-860556 -87662
674301 699522
-70005 -294025
114497 627537
725912 -736159
-328749 543058
-165332 -93193
-206677 880155
-75644 38658
-218407 -146063
775023 826897
-376080 77254
970466 268024
-338192 -319275
282111 436480
-693145 204677
688995 401122
764310 866266
-1037290 1067608
917208 -517859
114678 -587618
622924 443920
-561869 348528
918303 -960427
-161441 -265513
278333 243427
-35221 181973
-231171 -231009
141465 91150
-72539 -269012
-894837 1009581
-218551 139757
287785 358718
1069752 261540
376731 -330515
-267790 195914
738169 -337364
-171184 20192
347335 243704
-438099 23807
-578062 -816919
-729232 -115577
115529 -596008
-402466 -1162396
-462200 -405718
-707445 -370726
170596 1100190
-602280 298651
-369006 94929
-76027 210613
484926 -364436
370555 -364629
214981 107975
628944 -736080
45392 301934
441025 -77957
1414281 372510
-360641 -172792
-626350 577853
-298576 114143
385524 141436
-369077 336566
-885562 1582992
-441968 325550
-146796 873339
-443650 -464671
-198459 -378662
162975 126534
782726 -652015
1062469 731969
316502 102959
442708 103513
106638 305447
147840 -1174917
-151897 141683
122889 202219
-442572 -150062
574838 139324
-574260 1126263
-529029 -370661
685772 -215877
-567036 241393
-499412 -133534
-44951 156592
999956 39811
-226367 -361170
-224748 159601
672995 -312690
319460 -519344
656026 -243366
-57155 -589782
165535 88639
-544854 350603
139181 -79497
-799361 307458
403985 -268912
211755 757338
-1096370 339259
238558 14821
-17065 -140862
16174 -705925
-164264 432064
555711 -758937
849138 78627
-991088 -41510
275368 -381211
-142435 4546
-750147 445650
220534 -645629
726686 35036
-153713 279410
-447417 582397
-496991 -627261
-1144344 23690
-884357 -720599
10584 399386
250946 -378777
-792557 16464
622407 -127764
-644016 -241248
-52518 656071
-581206 -964560
-645276 -85181
921235 -192434
-17604 -899672
13334 396046
-1241817 -804287
34431 -203412
-433348 -633793
-15596 137356
-590048 -301165
58207 -608500
-122292 -534988
-480164 641672
-263897 170600
-611042 654987
486253 -377111
-380306 328601
638150 -151741
-36274 -157097
-225393 106253
-423454 -33468
-147012 -83650
211745 -331125
-643333 179515
21227 186813
370371 -261967
820479 -318383
-627267 102318
252578 260924
340511 -416205
87481 -140717
-201008 -87001
-229447 -282558
-488683 -298853
-776038 -421469
529130 -71620
-636680 35766
1192128 674007
-408165 -730744
-601710 -450929
119096 239529
58256 -1184179
166990 1136560
-511384 -918
386505 936957
-1393759 29567
473784 -187274
-330338 34922
-543504 1204359
287353 595858
753452 226170
55531 389739
767513 47601
-277099 267212
-102831 -348263
832912 569492
-293712 99469
361730 20821
693865 -351883
82403 724503
-1743511 425919
-211880 339999
-584719 -535366
117234 -434390
-387924 -584671
-153397 -677648
180629 -832704
39743 56062
310071 127100
-305272 394802
-546393 -170210
-467405 743645
54252 -441889
826292 -427101
-36345 876449
173529 460138
-292597 -107452
-64415 -607261
-664674 491315
1185895 -1008500
-194599 834378
-1335929 251160
-15331 88426
-87498 -194995
-281951 187925
-193457 15263
176583 -622208
-170714 584996
-290732 216420
-37284 -395474
-29221 -1010341
130027 93789
314396 -890290
250857 -144697
71999 -332899
-554051 -371393
727737 215361
921173 -290698
597130 -191743
520403 1082394
691384 -17797
-646188 618190
375344 -868330
486833 -42080
-327419 149831
-479248 361622
-137088 471485
-555079 1247437
359412 -583193
161157 289734
-182561 478204
-160652 -187681
345053 -221146
-245616 560395
543317 -39043
265278 1334183
502442 850101
-24168 -1265652
1124259 -101168
116752 -188196
-402216 475194
-436839 -339862
594002 -301250
366025 817661
-319643 -212995
408161 38419
-539072 19641
938374 171138
-681740 -436172
-64154 -87564
-21093 -345568
897603 -125526
-487235 185697
-1348159 -222355
120309 941706
177630 -816775
783518 -773747
314564 40183
1079508 -66286
-598070 -505116
240035 -83504
-491433 -746744
-341153 -360108
336913 790293
533423 1192910
-466492 69190
-409582 -632860
429764 -402948
-242214 225301
-1033894 138025
-681784 -458104
-52135 127499
265226 351338
-449288 247154
-110353 -262616
-648125 -672564
-888385 -426413
-24221 260148
532307 -28079
86078 534734
892166 -660473
1141422 -561086
-228490 -51767
110647 178493
476986 -92901
-125204 -382825
1105090 303969
-268302 567620
-558489 49690
664294 -508991
-506609 -114598
-77446 -1594839
-558915 568423
-402637 914943
74610 380377
-73740 -490955
569234 -725127
339617 -24958
-446578 39386
-616874 -400641
-861002 -524747
1185401 185886
-1113162 361756
758825 -715767
-572393 -124010
640559 53838
455108 -182826
-106761 83113
-40193 -365105
-431378 247649
-169112 -705401
-103448 57541
-405675 545467
245721 -621995
-1152561 -290535
134844 -770856
1669133 1389398
592796 -300428
720736 691557
-61218 691813
23873 -324265
25299 103306
287261 508327
145666 61235
-121006 354846
-1716436 -289613
219653 -448153
798156 754293
-842055 -138203
485115 71815
-571823 176560
-193631 419805
336205 -130532
-200849 213493
260302 -547306
-680232 -754786
217683 -408547
-137330 152645
-644776 -454944
903861 -251554
526012 354835
510516 124784
263492 -212328
-644431 361542
-613730 577673
-310437 943589
191922 578104
5854 -24665
528552 -163830
4848 -847103
-751489 107809
96131 -476985
100511 -229017
-470661 30661
-1078829 -459189
-59783 -728067
422420 -337759
-625191 -671367
-412461 -45751
554559 -518687
32102 -691733
-452635 -271541
419103 578572
-387179 -1553034
1164394 -278942
-441799 698612
-320324 -783534
-81552 -449868
-685670 77497
98244 667181
-635555 -399746
-320918 -610130
114740 99174
103577 356705
-321735 -72255
-159649 513340
794963 264427
-211643 525161
890114 9114
-503392 -854186
-223424 870943
12789 526129
-23704 751385
-482857 -550395
-141729 364014
111989 -1014180
512277 123553
-118683 866383
-586475 -41622
792027 337682
64574 -9757
360542 107830
-1016177 296524
-36099 -140391
790398 -411072
538370 211684
-575531 73466
185264 -292895
-18362 -132452
463736 43697
548839 374311
-94576 -547690
-496667 -145916
-1012712 468814
17652 -589193
914310 -644380
-429602 -122794
644780 308538
437512 -242721
-96235 -59873
96057 165232
89248 985753
-237643 -423907
-612225 -919832
-1010949 -406091
-232821 413267
-549329 -19747
-188617 -220413
-643910 -541118
777171 272078
-441821 -580552
-27874 621232
709999 -423801
-65352 885075
784014 208371
282884 -166690
-1027739 -253666
446444 88868
23362 -166633
-374959 -46949
991135 728559
311187 -491560
-93774 740499
-299296 -75263
-20843 -1348504
194174 660089
-562610 510811
-588377 1028694
-147571 279225
-380469 -706597
222921 307501
572718 -378360
406812 127812
-167291 -748777
504305 1166876
425651 -1009336
-37168 236685
-543016 688009
616126 -1066822
-529099 433099
-645852 1271733
-19008 1290962
531734 635306
556005 112573
133157 1277036
183805 -285601
563890 227574
235198 -195860
648242 600749
-664128 308768
-577461 194846
-341111 383749
-235011 -258998
-1170447 -12478
-499170 -3331
715161 -504288
-207994 117153
-102329 247636
-647541 277538
87534 -189343
377555 79022
1415818 1766858
1249445 1196482
285996 773635
42166 -359278
-713103 1423770
-840365 94614
168966 -184156
-104695 191229
220855 528670
564055 -1277
183896 -525967
878132 -217566
-483626 -800508
740457 271755
-424762 757541
-67921 813462
-730116 -261049
477321 54228
281454 -857425
-404523 213237
-176408 -635774
218539 -178037
374581 -566928
637512 -302231
-526297 -623226
-602497 150365
-297901 99702
330046 94212
-264691 1031441
-684429 -211688
302960 -220063
130304 -180238
381246 -366339
437890 254960
-735711 469242
-846081 -1174131
295934 96063
236226 -137428
464487 -213667
161961 451548
1035309 -260524
-500379 98846
1089313 -12182
-507710 -467344
689558 -1479498
21094 -910984
-1422709 499628
288466 -321079
972899 -64266
344073 -222467
-91689 -150909
36853 -210067
-389346 155388
267138 -277781
-664423 413813
145785 -312774
-697095 -146497
-209876 -121893
-615691 -509674
521794 513476
617131 -275569
366596 610840
450060 -1223617
202214 318018
610051 558621
-543528 -265746
890089 363897
-465745 848782
-1114737 583944
33119 413942
784522 -1516976
677263 -536868
686091 753883
303169 770899
-11174 469244
-97387 732058
-148157 849161
-292726 22834
143264 818995
498633 -786413
541666 -838835
302320 7649
262428 -896072
-404545 358234
-33021 433893
168218 39738
-407929 -418889
232482 -63163
62408 420357
583756 650337
-221170 -61475
462919 334790
-221855 -245058
436705 -812641
531172 -1138581
-199759 198559
-322144 647573
-81283 -73373
-821818 -147979
-379648 93399
541743 -495665
-82429 119164
-373592 244804
-36991 -383260
15390 -333372
340585 -224389
331915 -208284
578370 -400210
53727 -342986
-944852 462383
928957 40891
767367 -542371
-746637 -31350
444662 774436
-1435906 411950
-1078583 -36599
414889 267539
101611 601202
6541 880585
-455062 432408
208806 476549
71215 -1390800
-144250 407711
-43444 -317419
590820 -871133
-128439 -101004
852195 -602865
489670 429310
-732576 -640339
-821724 282291
584843 -250904
-150601 -292384
-742034 283077
33524 -518870
15423 126269
242692 428082
389059 -410528
-37923 -490627
-126004 97601
546050 -362388
-720834 -196433
376538 228850
-700046 170081
-325609 -388359
-310369 -209209
124241 192819
42456 -300711
585457 638898
-24477 -600132
108464 -60834
268787 105473
-224672 -277152
-765894 649856
920209 -294968
29671 -283238
13899 -223126
-22810 -555721
-1040123 1119998
-434016 217416
206405 -203666
-129143 -115889
-262581 -890850
-122879 -25735
267599 -32051
-921997 210559
-873547 788586
-115898 173793
320311 -783277
101165 170762
-703306 270348
-1066401 -290238
-269078 -501245
217091 -256707
-806739 -154399
271695 -614185
-449372 -347131
-35692 527592
278552 -730282
-674531 136786
-509997 155832
433134 -24087
88985 1412752
856597 -326929
462708 460066
-185027 -171712
-108043 665662
482346 172056
-1768 -94364
623289 97202
573603 -587598
154897 361219
211632 -587568
832677 -333478
-156791 391385
-1240997 -454926
458891 -455104
-147928 31849
-357842 -111016
123182 119262
225861 -1044178
-367153 118586
35577 144864
50239 230014
722768 -33082
245942 -125291
-329711 540851
483700 433074
-4760 68050
369124 391177
34765 -213022
351705 394508
797049 381384
452374 861963
521915 -568668
513091 224436
608726 824358
500607 -28201
54138 417064
35039 -328921
577727 -104590
-478755 -732119
-773841 67289
72407 -1328173
-423772 -549506
-620256 -146704
923301 -201653
379453 -730514
211779 -145746
-86013 166651
-404660 361269
-583017 308618
-105242 -232501
200138 897960
156820 633597
-107030 678456
-268789 -290482
163442 -271334
268693 -151327
-523309 410581
-128504 574680
-6068 243015
-1111977 506233
652013 -601042
481293 -576653
-12423 7656
523996 -203651
212716 -245335
-534592 115528
396602 499683
-546472 618313
-907750 621977
-1765041 -555043
261709 -274992
1481883 -250478
-85191 -948690
-435239 83929
-287156 321766
-669832 -635467
1351341 211317
-30405 61763
-524220 -454725
-549766 -60363
950048 -42877
698900 -525508
698811 -382319
103579 534655
-158260 908862
-137067 478713
-1286210 1409984
734044 55484
316993 396921
-61956 -307489
-32357 6650
912282 -164620
-785711 -72452
105479 395581
542138 379331
48602 -182396
-321407 685656
780648 -1346319
67315 420058
-528972 -251596
347261 -481867
-488938 190781
-423117 604151
1035588 732062
-46730 -266628
523192 -265214
1007778 142071
-514540 374850
30164 -121806
1200006 -622670
169489 -137248
-416358 -103085
33443 -560380
705481 248227
-19275 -245152
201576 580170
-342394 -31515
360009 -361281
-753345 -8801
695307 -980950
-838095 -47998
-586712 135090
603876 162219
31575 -556916
666411 1374599
382831 -292397
-143335 714192
-94562 -37856
-1009830 222318
-27978 -1041847
1229707 -382898
-407631 -349635
-280791 -155211
-654628 -412625
-45179 -195717
239901 -249969
-828216 -655075
39812 -400385
179294 243644
-1030641 -376220
129995 347846
-701810 98585
107347 -222917
47774 -221437
-654356 703162
-248807 1267468
658370 -384568
-484526 -235613
-367758 -14125
33845 -98946
516225 385421
-9433 -572703
355529 -47691
445484 549252
-368926 -384451
-345670 492644
-525229 -615888
-14167 -240475
378083 -1014912
359835 -242686
-571235 -435133
-529285 -417159
470136 -408622
-522243 -484441
476071 -331332
285570 592101
588127 -87988
172733 564785
-742939 1581382
178920 288861
593407 102345
384711 -345797
384750 236284
266283 -765531
-163579 -643052
-400244 912740
-1140666 530649
-95709 1369899
342721 -596038
-44431 -136024
-793454 -507334
1519626 -616279
-484715 -425286
163680 398396
-1274350 459889
-763048 77438
341659 -497280
-353426 787516
-171844 -544353
-535671 -168900
-458833 -147393
230738 -654961
285221 -127657
9864 599787
214164 -832431
-239140 -105876
-611341 -482982
254235 -85544
761779 -290447
36091 657580
76453 -172521
483028 -120310
-74870 342040
285557 -595519
-773701 -612240
-755664 -486497
-442491 -10392
225520 -570081
-561433 583958
262943 307805
-248554 -787331
-408785 -856417
658152 -376655
372671 78079
91689 -145529
439517 -86014
1023156 -437528
516963 -952431
-377723 349048
-63585 243611
30379 391458
833522 -279489
-126784 -57388
-275402 179768
88803 58926
-59353 -531418
613011 -393909
185791 956282
-479773 -826355
-803598 -50916
749628 840415
618679 -920221
-1349141 -1658552
266749 -185574
-563670 100273
-738601 854515
335192 -833527
1335601 911041
-118679 171666
287496 622228
16280 694793
-352577 179113
-350174 418020
-238187 -120204
85659 -445021
261013 -580647
1118013 -24243
856931 671846
-841237 -343154
941245 258514
-678295 13473
865012 -267786
-307279 800866
-65035 -99795
-219075 -690946
-642869 -100666
563156 182909
-196823 223393
233744 143316
185474 -422592
-589991 711081
414660 43987
228628 -90700
-119675 149863
-98927 48115
-89798 39424
154228 127002
-277616 267531
-429552 63666
561375 253844
-209653 298981
-1034158 599486
408871 -41623
-678617 1368266
-655686 472839
431450 284503
-403749 286511
581993 -800367
269836 -346762
-9314 -873656
-33919 -327876
-224921 31097
-1089746 688312
327014 494296
375789 -569826
-391531 -151109
-170471 14309
176288 896083
297452 -531624
657812 -177340
917686 8753
-315672 565220
3821 -1280903
147013 381367
395854 979203
615619 1550420
-259233 -631294
725309 -888605
244761 293072
441011 -132775
538496 -104576
-867344 -685873
-41983 278775
1664781 -1189980
830448 -632943
139185 141548
-881474 -360415
79128 -344357
-512713 -512432
-290072 525007
-118957 -563868
-429683 -472326
-540552 824545
315380 721788
1019584 -72453
186081 1203353
381340 -418574
634337 385786
544178 249020
121940 19514
347361 1050991
-531509 -302277
639683 -28462
-300182 303886
-341030 107685
-517788 -1442812
762644 475501
-377469 1090895
240219 706719
29189 -298031
152387 40852
-38935 212054
244511 375146
933683 -38663
-137337 -92287
-575224 -593776
-1069713 89395
154374 85222
79155 450286
-626312 621448
793488 205254
513978 114159
-746202 51178
829321 852645
-224452 -99107
264179 -1025589
11598 193766
-115158 353837
181857 880015
-459787 -532294
859716 -341761
65701 673870
296760 771242
339602 -491390
626650 710612
13546 552741
188624 424787
439394 682022
-158398 -360573
112425 188931
-566880 -423158
250998 -429894
-238522 -392273
87469 609011
535333 221822
-668865 -1018043
463504 -512762
60991 -1142011
-203802 393402
-193936 780454
171994 -559662
70689 -252310
522660 -180582
89862 364451
-189227 -64277
-90870 -393999
-774278 929560
684420 -567375
-734946 -186919
101059 -583102
248866 1144621
-155310 -214989
479817 -520403
-360107 -200803
-1026119 619851
312761 -199794
-340811 -1229005
-591440 548079
-65612 348127
294942 1105985
-232826 -563564
-87713 -163348
-67653 827786
335623 -287905
722910 679339
-298936 -552448
192130 -64641
-142163 -18321
288846 339589
19156 295845
-52077 -415342
230231 777245
-362229 -71919
-628900 -164873
-1106107 657549
-407650 124877
-258035 -304911
-432256 122254
-183705 -147600
-219780 -168590
-844412 -790273
58162 599122
-746077 360157
-350919 678826
-995394 134256
536917 -449450
-32776 502139
-1086354 -300931
130433 -487699
152275 24380
-347937 460772
298958 -185344
-674944 8841
1074875 -224273
-928409 738414
617918 260911
-300969 -259740
-818494 -375746
4359 223391
-314791 35463
-163963 191994
-338742 351157
30800 -489730
-3906 -750024
784548 -531407
-420556 -128235
-265144 281031
-314001 -175978
75277 -1033545
200602 365896
-532015 515238
-1292370 97054
-600266 -680889
427297 230447
-192213 -135394
-964949 -98040
-539583 29305
-1347025 506873
-11406 108405
-352840 -52082
99509 904025
-36118 293822
-481924 -27573
-902301 139874
186211 64556
78641 474794
890345 1127520
124190 -322237
563783 13044
1744734 -413171
925206 -934810
10885 -12524
-168742 -1374889
-362698 276242
239635 -157271
-410690 52376
-301619 -641470
74916 401183
-199213 -401069
77404 566849
-230312 -332406
-6266 656348
533454 -140675
231081 -250217
147410 208943
389518 473276
-94649 344220
150389 610098
245430 -25771
743913 508928
-179002 -239597
107149 -149146
339852 -911739
-179709 487178
5223 362512
-928858 606353
859646 210557
-407202 573677
217964 17855
394793 -671674
1133726 932042
-410244 368012
420666 589649
1156800 -390085
607879 -315032
527441 -276210
14382 158733
865569 -49823
-191588 -193122
-1274178 -1336872
468016 384777
572615 -549083
-369470 -266302
-5137 -279622
-153797 432719
200844 -611669
189981 638881
716698 -173519
-448304 708748
1240828 -343158
176730 594677
-207638 -40361
369253 130583
383175 237401
-416837 -149023
-479638 -229922
697587 -319042
41625 1448705
388300 -130292
778159 71906
-707948 -320298
-520060 -586307
424866 326213
194842 -335277
400307 -637101
-483218 -959816
153002 401518
-383898 48036
-28901 -534786
-115611 -270341
376992 -399727
-133816 -703771
817688 432746
498458 376294
-83119 -583918
69491 386318
-53929 180807
782736 810321
209861 57804
-359927 626097
1071361 -450918
595565 510563
-877807 629863
-799833 8760
-162627 325093
101084 426183
-552073 -107724
-101070 -634662
116953 -1425432
745319 -289864
-170433 170320
-317227 -367625
594740 537896
1536925 -47605
266379 344136
-196008 834071
63368 98535
434993 106826
-411955 1385750
-513200 -743785
126331 -416380
-173339 -20857
-263896 -746024
104586 528562
8260 691908
314546 100526
218033 -779266
-107265 357041
68981 349933
286119 363645
-70658 -136902
788554 -143518
-382285 692581
163322 -123393
-863697 278854
-662794 -153893
-198865 604599
-542232 737888
824094 -378277
1024219 371938
-705985 -342535
-51651 -389356
-598303 539453
315246 -174660
285141 497072
-253923 -20385
14286 -380784
-1052962 473691
-571143 1266066
579824 -142167
-35831 -74977
473188 186476
-125266 -849665
143293 38630
-492993 -715207
-412363 210828
-29781 51800
148309 -737774
442375 625322
211419 -353893
-775454 57
360309 209752
-97021 -529686
-196369 -393759
381657 302512
333909 -8036
-546298 -32446
-366206 -460354
335324 -86675
-734989 -267824
1247131 -640627
221275 -893962
-1029823 71329
45937 -262531
-112988 253605
147045 -400327
20340 60102
217362 394100
-86112 736253
-775166 -1030939
546193 -681572
-842018 -676283
395760 186329
-250910 72658
-1026077 -195825
-115197 250715
-230235 433335
732567 1646233
-78852 -150827
179081 -144833
-489240 -915830
153977 -323909
-76366 -10351
-476044 -145185
577285 -204171
216154 1085374
-896711 -675311
42003 -284510
19975 -165086
657009 -550285
1698 -123333
-538121 383199
-330748 226086
737317 -119845
448277 -1164875
-232260 -412163
-621926 430117
-818233 734317
-95715 1150
340700 409357
78274 441245
-128594 -328232
-51919 -183695
602337 170130
-469140 908503
1057476 -700696
507042 -312967
1012302 -1010930
610481 453006
1005264 -28054
-67097 -149587
263893 87740
77552 453421
917107 233504
-587553 -912122
1531737 476895
-384292 -590821
234804 630153
705492 487600
-512861 304612
1013408 -222801
419047 836950
380747 91321
-201669 -841253
-109473 -275844
162962 -54189
-456305 -578146
-662905 -207485
-69942 -235511
-214786 -620570
-202869 -97427
873938 -746207
-147588 -1490702
436873 -721103
-313967 -51653
-256035 814823
-839398 -24959
335414 -259960
-736907 -447393
-445299 -831220
106166 170412
187858 -37655
156251 55622
-1515955 409663
-9042 947018
-200436 13355
-231700 -245518
353544 625776
853108 -445343
119803 -232571
-39147 -124743
-547787 341945
1157382 420611
-325507 520112
-644272 101754
-138738 687308
1090557 675113
365170 459616
734967 -305194
400307 -398360
540343 777781
-210487 -141451
-596676 207063
-554755 -380815
-307191 -413911
663686 157693
-679132 -263208
-196472 -58981
313854 -240154
-406592 -854292
278596 398804
-546252 -141215
-69257 30168
-947169 -71146
237985 10874
186545 -438570
-418739 -466023
524495 -374336
-985879 432552
-160553 -303985
-123899 785322
-196588 -469189
1078835 544828
-105724 45559
997607 -909005
443744 -263656
-944476 507263
266913 156498
-973717 640887
-334567 -159460
60910 221626
310811 3161
807925 628356
188118 -557058
50195 461095
-526258 -246977
-400937 622373
905262 -666555
196159 -433920
406278 -130351
-371723 982387
59711 -403789
468715 238973
-450894 458407
49899 1108666
893396 100660
376036 -257347
144565 -568670
-328748 -425637
1116722 870138
291760 -350482
-437369 -584844
533248 -386293
476959 1446220
993457 -42652
-1026919 -9637
480263 -109163
-314168 -5324
-130781 -333913
171743 620816
-1044240 -214990
395299 -153587
-69710 -423174
217038 177773
359751 538161
-290820 -314459
378872 1298278
850975 161239
64446 -1099072
-36630 765784
-585986 54187
-303112 41803
-617911 165558
596000 -481944
-325296 -332349
-120116 -52112
961188 -349022
-73488 -203565
648444 -533517
580021 146382
47712 1875
79184 -108852
-467925 375828
653519 323131
-11583 -219851
-36449 6324
-143969 -6488
499220 427421
-377947 -483469
472742 643363
210643 305795
-262503 252592
317281 593931
-678883 -149983
-493476 -60518
388017 -443221
101935 242103
-1764536 -501141
-80210 516735
-462920 -64674
1063463 1035305
455971 -328649
-6724 648068
162743 780329
-53118 -532336
-837286 -549743
-230440 -298937
378699 -89926
192526 796629
778162 -345781
-334827 -132683
-47105 -404495
-247143 713202
-311408 -41159
-278992 406410
48042 461327
817407 -40552
-975695 -770639
-994186 400596
871333 -29842
99786 773078
-556456 830922
1269609 456285
2731 -1074419
349215 -740209
104152 518302
-830879 -508272
-95786 -24918
-9881 -274560
561297 -1051889
177796 -376556
378560 -443485
-310339 -870344
710826 288604
509984 -307521
-13073 188897
-930423 -609219
60750 942647
-312213 -988034
488619 -69405
-657752 -631619
149833 97251
23345 -273312
138365 -72087
290493 -900418
1395928 445771
-585122 95339
-1165838 -795546
686317 136606
931722 -297985
-9601 -101418
-137084 -5606
380992 -817160
-542011 127286
-544077 147962
-1290402 262619
-491550 -356935
-571248 288464
36881 -332189
240502 -10413
907759 512599
416133 70816
-286601 -369416
-356341 1031086
-334494 -857772
-922089 168467
246505 543108
-658094 -284569
-430815 -415555
-416553 -477996
1138759 -864331
-162292 -45230
-243361 -8484
184508 -497069
-15601 -400095
-230724 489066
-611965 -150574
122168 -333588
-371815 -294455
643151 23949
342598 958367
433356 -187097
898786 643718
-912489 527425
305578 -870902
-144589 956323
302437 469099
349642 -410313
266673 32745
-39566 109275
-202494 -270957
-130278 -495889
544998 455631
-2661 1671937
-92334 -348511
-18398 -368730
519771 -71063
140785 -93437
185581 371165
-191051 -56895
435537 197899
697754 -370827
-78027 139174
-168983 -183856
55974 -259906
21794 618435
565388 -273162
251115 100775
-545113 37239
-580930 -34698
81250 -32919
376838 619794
402496 548016
630875 -92626
28039 -231893
1057051 420296
1598774 282211
-383210 65676
276182 -556262
100508 613395
489867 -701325
-289904 -540394
558122 744745
941343 449802
-595071 162098
-721103 143516
149949 100131
72359 -820588
-339782 -408068
-421864 69787
161084 129711
-147795 -176535
680555 -719274
465906 -180730
-185170 723743
950055 186678
-982955 -956246
-287824 729097
-3845 -1537849
-29357 683953
-777502 100236
61114 -52979
-896939 -677034
317419 -678975
-186095 319903
-442171 -240590
211154 -114173
-271053 -592002
707028 1141413
46210 793360
-300466 -528383
-25807 21856
-44493 188360
-41727 224829
784964 -224504
-502856 185094
-161990 1177041
-200074 901692
77248 530426
226761 -166839
-276783 1227350
-11071 256163
-455168 483531
-541707 179572
969674 -135641
-338309 -523403
-777785 449023
-818572 -428838
-228581 417022
-127698 137969
-47477 -195565
-592936 -562541
157559 320505
309541 665056
466385 455070
-1063073 799818
507480 243175
122557 471168
286130 -485408
168298 -784136
207337 513092
59088 -338170
1072370 -46747
-23397 -133816
105415 -499594
-609686 205328
915655 157940
328599 1140383
400577 -61402
623520 1010827
-1138958 585355
565 304310
840991 375336
203487 109484
351150 648668
-12829 480648
125371 134756
-1090037 562024
-239183 97936
-256614 -644627
795048 -296305
-338275 -459507
194581 526200
303318 -257227
-595951 79332
985747 -697957
191360 584995
-260142 -142075
-11165 688363
-596217 -502927
-1723758 -913399
-841008 -64075
180415 517068
252344 -196310
-602672 -640064
-161644 126195
-276686 655217
-139093 -242594
-819554 -25487
-261473 -849928
-165139 414412
352888 -141603
10499 -785664
-231940 -481495
-104470 568694
-95721 -440048
-492768 -598189
-322079 315044
-615096 1443669
-292848 -1053806
166689 -15425
-63635 611671
-793832 -246279
-162150 -595799
329981 -133900
69841 -69200
-306497 -132784
-398491 -151715
-44216 84841
404738 -38611
279297 12999
-149746 256780
402272 -483321
-768414 255456
75112 -33594
317351 -227609
-423732 595600
587751 370810
117584 -306254
930769 -864179
528890 687001
371189 -100926
698021 393095
-471597 412772
390628 -602680
-372896 169660
427561 -958101
-333563 442011
795050 61506
982406 -913110
871013 601838
30399 -767721
-318116 36769
1062287 -106612
-172137 -81415
285138 -497750
384639 -420955
306222 -179015
1292013 26845
-85022 721841
402276 -259852
-536815 934573
635307 153214
-431701 134286
689546 -878152
130189 -394602
-345259 -168123
-324403 -771591
-163158 -929208
-830179 431941
-40778 270325
-601942 343878
40659 -292127
231970 125570
-864755 619520
-191111 56523
-16659 -487167
110887 48267
64361 -356559
-37917 -870933
261798 -80982
959237 56736
-254395 -1089827
-270268 -174814
-622033 627798
-36992 832176
415695 -577531
90115 -129540
-96522 196895
7885 -236783
-137073 76147
-548592 465630
-126805 191692
99399 24360
110981 233832
245423 1158809
-540520 -152099
783419 -457969
-1247563 -465660
-21144 -45257
-284916 -143007
-1173715 -221287
778746 -659329
-32382 -70300
-255446 292887
-462334 346024
-379287 193563
-750469 -612767
-516473 21111
-421133 805718
-886979 207349
317537 39527
891052 290237
616522 -109469
-1295530 234495
1117436 -442283
-819778 107611
-785369 -385366
100714 -1088784
-323007 -816948
-137670 -74571
-321533 -282283
-730867 906109
-454256 959288
-68209 274770
598287 250602
-34309 -245808
224885 -743715
-111794 117456
-723344 696870
-741515 642671
-148949 -157203
-122170 -324007
-58560 -481706
544166 540464
-147549 -26474
101129 -195694
-343251 374514
996084 -418940
382044 -646518
-580398 -1045839
-810324 -64952
-123637 -214976
-251529 21815
238278 -528925
-177882 234118
-653314 279007
51954 1008181
-352770 421372
-108819 655311
15091 -1059976
-133391 -640281
-137462 -1042265
869924 45621
410602 189773
296507 -322247
52588 -26169
-294437 213974
469364 -72166
-738877 -57897
214493 659052
964297 531945
-252637 -735669
717527 1308918
-185604 -357017
520352 -580021
618250 786418
427111 -397182
-188479 -919427
-169952 -617041
-409529 630604
-1083740 -524584
-136261 -497364
1229004 352389
743954 751599
102635 -611371
37683 382739
-311119 -438201
-88573 1221275
-619053 -122492
294321 -270336
-742251 108646
82620 128891
336903 -1713468
242164 -182993
-715232 495484
-276105 -725920
-7816 768320
-414010 -330890
-186851 -1029933
1131570 1201955
1128228 -125178
-365345 120558
-243594 -482048
-2962 -920070
1097540 1177792
24200 -157247
-570668 109611
-216367 -521771
-70635 -548141
-499243 -598901
823852 -471763
-378932 812868
-44732 645999
88722 -132417
883047 8465
-65602 450752
473109 -886193
519234 473959
108912 -46738
-304343 263090
737302 393721
-645715 137819
-143271 -596062
285379 331686
-772598 250485
1110358 -176552
32825 -239091
-459250 -31922
136912 -201269
-484095 645804
686062 697139
-476685 258943
784488 5728
623680 571218
581021 -158086
-316038 1091342
-316276 -726112
1201502 713621
-49438 419985
15863 -447812
-155644 -446126
-33660 49648
-970125 376984
-564050 -249027
-112696 -170341
-429765 -599389
-786264 -54221
-789627 -151369
-919445 382132
172755 -380663
-702677 -1000773
751395 -108191
-236240 495871
424259 -664604
1485640 -40348
-183634 -333512
736031 61255
58525 -15729
523489 800875
-24330 510218
508868 -63385
98710 -275516
-275630 -274555
223494 -427947
319272 -591131
321577 -231792
685174 155132
-255081 -135767
636598 451313
716237 -314225
-834598 291958
-1042773 -153177
-18088 364792
10839 -232417
248426 -169413
-793786 -449347
394842 577992
165388 942984
-391130 805660
-8802 511379
515014 -1220494
505030 191597
-882292 924853
271916 779077
-252980 -166717
-266210 678371
296397 157492
385709 -63327
-402199 -314796
96177 -294672
127975 -7908
-156776 -185470
278664 -316717
-645023 152014
-390508 539867
151322 -10224
-392467 17945
282895 -167334
-600716 -266979
-447179 151187
-91190 -38188
-301758 820612
458300 -56231
-310038 -589519
12146 -787118
165492 -483345
-617628 400177
478889 1182342
-253660 -855142
-137409 21118
26487 166582
-198654 141473
230332 402940
-502695 -497031
-87870 427257
407412 -333302
181114 -505457
-732405 152311
-478872 -114413
-301977 618733
-948826 342624
-1168823 -45027
-183754 299930
-434896 292688
440524 713657
1265530 133611
-513036 25691
-123929 325015
200239 726033
-493998 322896
126920 -406695
695409 326989
304567 279624
-325806 -12911
762864 210640
-548687 176998
-296995 454562
-262636 -1102606
-153373 -314016
-346018 -357629
248309 -740111
-461369 758448
258489 -1040292
-156223 -128469
-686407 -1265302
-119575 -380602
-425628 186956
598617 387414
649106 -980564
-28484 244938
63450 -490715
126761 -172026
568552 531949
312468 -70237
538191 798442
202993 524405
854855 391225
-299404 51351
-623776 600151
-260663 -316060
16917 276302
258197 8728
-366220 200691
-482190 -383878
329488 -282993
378621 -472485
-734384 -460661
-427967 454565
-93495 -878215
-306357 362590
-559636 -145026
-517116 -50943
465514 -399176
3080 -640855
-138320 -263670
469759 18671
-83913 177324
-245167 367955
53452 -1267074
-106451 -767152
375574 -74570
439836 403142
-530022 641379
534785 -1240
336913 1210746
19081 -1247945
554269 -18552
-425945 -586653
-931310 -127552
-187399 549503
-38151 -257505
-9036 -253572
186830 483998
587664 482285
160557 -381695
220916 -673052
164546 52868
111826 337578
367854 708053
-200077 -516407
-96324 112151
511956 329838
300461 -9737
780312 661895
-776271 -1362893
-775846 -936172
158626 -614612
-1246310 786152
330273 -269556
-87248 866797
-315842 9710
-162259 165105
-210304 72598
586266 752046
-205327 302436
-322873 -291337
-217168 -380731
-140239 508910
393141 177576
858373 -55867
375047 -455679
-9327 -369505
283411 -367877
-115462 -628617
429175 -26924
-294730 84139
311615 -356815
763096 564523
221020 -412975
-37123 125661
520420 685116
115844 644404
252213 367881
-467997 -285698
536845 -135027
-102327 27065
1081160 208319
862864 -682157
-299950 -31710
476779 65505
-68416 638490
76532 -110629
-719625 -269097
918500 -17919
411187 485873
868368 -397611
900419 534304
-624448 -359757
-350967 -689388
188919 -638764
-286556 224398
572201 43178
-244687 499174
-469302 -602456
196314 355607
239074 595079
764093 -73960
234365 681205
-609532 247398
-596732 -448776
86864 -990783
-1074006 -215157
284102 -225595
-1647022 73730
-61011 310993
318984 -518881
-310126 136535
436229 685989
-316843 -447249
-1305139 492099
-124874 116916
197950 123374
904052 -5769
330916 1055839
683831 15639
389059 161672
-908233 -99161
-255563 -341605
381024 213408
-106360 229329
-72886 4966
350342 -572982
-1049348 161264
-448544 1080963
-277755 -1122561
-476397 93560
-397287 -372389
-495878 1605263
-150237 138116
-930546 876941
-194735 520178
-866654 -208258
-325063 -345144
-423120 -91064
1147048 796829
-79202 1226580
107089 495751
85018 308107
12671 996405
347006 -541192
62274 345845
-793356 -380181
602177 -63098
-248281 -472648
1427015 -4430
-214347 896560
-781836 570315
-139193 -334117
-263479 -446711
134583 622619
-57599 614589
-726915 1374247
94078 87878
-377324 -427870
-162461 -103322
-272099 116010
-1308336 -407852
-33548 -1040190
-478877 599868
174780 489633
106450 481810
-251094 850480
-240216 209846
-81949 269844
17284 -317277
-928282 -202057
73670 413979
945646 603777
237163 1266069
1074822 -321493
-42337 645061
149084 557778
-757463 69357
98316 55763
107379 -230450
255152 202041
792404 -320572
-318784 -643735
40374 -142885
266411 -157658
640145 -339180
-618790 -243797
-182554 512340
953074 -590625
-196637 -679161
-726596 319857
-283496 233221
657345 -82725
404987 -179006
789280 -523590
435369 634272
-420435 163437
205021 -279673
-296063 -328035
-211936 148870
438534 -782882
79986 -548583
725652 -61249
558569 291634
-406440 145290
-771207 595020
514003 221617
-419253 158196
235285 378913
482407 495081
433418 720120
1155697 -218051
11264 108514
-388077 -190217
231710 267227
-157238 -462146
