374133 -167995
663852 789352
1357191 -53095
-190851 94681
-570378 293143
-1194866 686054
-331349 -812186
425441 -132957
717583 348354
-120969 916089
651468 -329493
957459 29937
-90732 1072801
429530 185868
-536683 205090
424254 -520596
295557 39904
199824 43539
-7257 207050
-620421 -850539
-54103 200229
-361036 -1396422
-117574 -335484
455730 -736885
-1124462 -508292
-213100 112394
-373979 60588
422464 -632014
-718864 -445937
834637 906131
-747193 558926
313276 -267437
-831431 -1039122
-410498 -178633
-755978 180806
472920 -484392
937078 -419114
413226 368330
129918 -175255
-344028 183239
483660 500991
57424 89354
-217629 -187459
320252 676872
406625 127041
-340124 151074
243501 -507738
-539728 -627393
-509400 22484
350676 1421513
697159 1029002
157896 698912
-813794 36970
21050 448907
-534251 78888
443475 488300
-602473 -114891
-533184 -40708
-23702 430569
20774 -29447
317393 -218147
-104680 519418
-128186 5965
373324 -669871
298121 843070
-287818 20106
662833 -623554
210913 245208
202865 1007081
-505754 -399130
-7826 -439141
-245430 -835098
279788 689694
-627423 12713
-1715191 -535924
-68053 -468739
-121826 -704985
-1237207 736007
-217406 -304221
1533636 -653082
203129 325749
-117780 -541901
-197693 -675127
-253411 -215853
-622636 -541784
794809 697047
-100627 -519827
-221090 132094
572645 848308
434444 -688267
-264489 447017
608239 -149765
-326153 417471
-834562 454640
-449979 269849
844034 -296018
296032 -739083
-462415 367421
-501741 357884
169184 -344091
74876 1669824
-2649 173268
103617 -488448
-1336319 -503523
-442366 511783
473384 -430155
156213 -145722
-248392 -48056
162627 -453756
-539271 -251473
-522972 58803
-822261 311309
-1287894 679049
-879449 -242524
409251 -147168
-334395 -285768
1251989 4259
343100 -464331
4299 -178138
696676 -625251
685917 -338267
-631287 -871270
-7415 65297
-885566 -21494
250345 916007
966390 -217410
-8182 308364
63649 -983840
351285 -22143
-550255 -1040352
429934 67068
-466099 33660
509125 -615519
385264 -720140
-345178 76474
-176230 -371661
923109 -654225
-290252 -272930
-396740 -13906
501470 -229439
67361 -764147
-28538 -488655
956104 835037
236760 504156
-310400 298541
-863532 -291617
-1007422 -303492
414261 207107
600662 316272
-561385 -310609
1113966 265101
-1036127 -503195
-202865 -314124
-106234 -893079
-30284 825329
162218 -440183
638386 970539
822591 51366
405936 -562247
746852 441962
82105 602095
-92652 -126802
-84980 382736
-352321 362145
811685 -496247
319555 -325994
-222827 125785
-636952 745195
-369532 38264
668026 447928
390774 -18795
-345039 -1229143
1137283 277609
466351 -261637
-354530 -153138
-265178 -54089
641902 -684174
768372 -224107
-354373 862813
-868319 34416
-135393 -789869
-638240 -1023612
181280 280950
-899224 -225454
184383 -615281
-11893 -691625
215008 555875
756116 -481935
587695 -487314
-413440 -156644
-104749 442865
-81059 -378561
-709682 -250562
38880 -728812
902285 880875
-459910 339068
169527 -229541
-335917 235392
-13344 -937201
-142163 483561
-32087 -206118
-558057 311346
-152545 -10796
-78787 806330
-511331 200086
-19374 124908
-370104 254091
-842718 604621
222270 -843077
6527 320959
373069 -397594
-140028 825336
-313411 -555404
-18331 -298187
11153 -791327
-6210 768689
-202069 -643183
21550 150681
445948 886467
-90122 -125357
433752 7432
948307 -932869
-117854 58324
-1055851 -218985
306624 -752149
250991 -492326
14753 370234
-472101 41679
486117 -179884
-593731 -495709
234553 159914
228212 857727
988183 -83770
-317597 1058187
141195 1283514
-49932 -24156
-460541 -368702
-384769 -129959
-164658 79410
271081 -961076
201999 -113982
213097 315840
570742 227674
-207672 304008
-777138 -338238
-255729 -480203
338975 556368
-13828 80278
287622 -213038
-758046 -66283
379528 -1110
19852 982509
-435985 253708
-626704 -389285
1055360 129342
-318870 -1366737
522480 -215097
-37887 -801448
-232263 -35322
-661794 -235487
603805 895454
-1007710 140461
456488 -30167
-553990 -88341
-887453 -247349
576540 282269
-273754 469315
474431 -222317
-652836 -404971
1124694 308692
494039 -344830
47490 171973
-604604 20284
-411992 459798
-563433 844981
206784 2695
-698785 -222107
236491 -164462
105916 139387
-216898 -386064
-471601 783144
-273410 47257
319997 -356294
611085 75678
565196 -383502
538295 681611
-640422 360015
-671194 -408991
83957 -153145
-872219 379748
517439 -125926
191965 -674538
-344516 951701
-844132 -405584
1330647 225353
-455000 -275630
-115278 462756
-894307 -701872
-95711 -25939
836955 267249
466080 145242
280693 -291367
525012 -765067
-381895 538271
-345602 -19887
167660 -1014911
-81946 -124492
-260006 536489
322422 163721
-574814 -173565
735235 645718
216373 -499921
375789 -16
-1846752 -244578
-416484 -641074
-18405 1391049
-598249 494873
263818 -1031668
-840789 56431
300314 -140520
462068 53487
-70592 -156166
-357831 -443542
85606 -413546
-1057283 28731
9896 475478
-122434 -547431
-464743 176948
-416368 229081
-4714 308435
695341 39138
-428717 503130
-608939 1254120
-715483 -395348
-22479 -554218
1015229 368975
417816 36836
160503 -118456
-269550 40515
344371 -223174
-655394 1102571
-269542 -12473
1068641 70614
925872 -906072
318029 233368
229870 -68659
-345430 114605
-512743 -444424
-670582 -204120
1005799 127023
-17896 -209822
-397052 -280796
-55384 -686973
43500 83279
856632 102306
-109843 -633310
66335 735224
-525139 -108300
-195771 -740074
518952 -440202
2089 174539
-840714 -225548
-212697 485179
472594 -195516
514499 -58521
-83784 -649405
-416250 -199131
-806285 -130673
446868 -713401
168611 266005
-492713 -560682
18980 432060
-118979 -237890
-598964 935044
-28507 -359294
240867 602274
56565 -340436
619695 -628273
-305375 591556
-1030476 -609023
31833 -320476
-79150 -1299857
-1104283 824913
-360176 -201001
-163259 -773736
-799464 -475889
-496620 292986
598890 199675
296052 -550989
-492526 -228840
-45489 -208769
-247086 517314
-737361 1109037
-705710 -591354
-305408 -627856
-373282 -48062
830482 105294
119769 486516
85607 -229165
263368 -147079
337240 -237101
606996 -1255807
261869 33569
-170656 435359
-447751 -426140
-204209 -487274
278332 -204974
378104 55981
714602 193654
860551 777906
-44256 135280
-708938 -490706
-153855 575937
79951 114334
681558 -943673
-299789 -531085
-291501 -669383
492531 -684536
-812836 -294737
265349 665793
606325 469190
-9433 -95311
-308258 117210
-3160 462774
-1124581 365927
-41496 -840400
-47330 816620
343710 261188
-18291 809202
-349059 -604910
329222 400747
16604 233079
-807954 457325
-147976 194080
-215282 305072
351579 986434
423129 -660415
984459 -728510
-385142 -311526
-303581 -1112396
450344 -522532
-152563 -58994
-355072 -375293
104512 70359
342942 327540
-9769 -20522
-100634 651661
-1441544 188534
-86888 131002
568521 112583
-99764 627910
279720 -244379
463557 303808
-788246 202708
233364 271578
257436 -542621
-88814 444943
-346131 225664
269191 -256872
889073 -60822
103351 77739
920540 -405714
63645 -255027
-395540 -416592
-315943 -1080540
-701776 -1022058
-150153 106162
91221 -486469
374963 -597691
194612 -845258
-389307 -428977
-72813 454137
-210897 -227095
31048 -324246
652605 -41432
29760 704176
975372 -182922
792349 -471472
-103055 402944
-208556 300367
-79749 194178
-167013 -34285
-174823 -764227
396870 359512
909058 271041
-512327 240964
650825 -27140
60974 -452384
-378815 719401
-479683 296578
-166589 -222904
666811 45064
-431327 344460
-803213 -314585
356631 -864170
-351148 -831559
205811 821861
-649879 134246
-383134 143579
106380 -286082
487985 8316
526461 336403
-955225 500589
-198849 -1022098
62856 154523
95291 236126
-66166 710535
-709043 -324166
165759 482061
30679 165184
359838 21856
-1029349 -391603
38463 -910244
-290615 -81278
126815 632826
655173 246309
445822 345137
-69706 -416035
664859 943
-300252 -182961
78064 -1083235
21266 704958
-577599 -492122
468062 -1008838
-468245 -767904
-42723 -332307
-190877 553459
357148 -429536
-263144 -218041
-385784 -1046528
-176299 -513104
408055 231937
-141002 -740618
591002 255482
655536 737547
162565 -215312
-335192 -151640
-366885 -512288
245468 323521
190977 -339199
268305 -97434
421133 227908
364733 150308
695451 618153
-383662 -71201
-50806 3966
-1020530 -33977
30419 -983226
-38968 43996
772130 828366
813968 130970
-109488 -337070
-56883 -1133480
-317150 130137
-120811 -107587
243146 -61410
-745020 370623
144835 335289
-859840 -405107
-180149 202517
-106563 -245689
270479 592327
-589054 85033
-1219125 -846004
402067 -387373
575567 -109838
-518234 782536
187502 -312496
-662532 345395
23143 127598
-166523 -226380
5868 700533
-611400 -185367
-88616 198083
-273589 -595396
99866 55459
-1457635 -361710
220943 -324287
-480198 360733
108375 593831
105165 -588990
-814971 959020
-787509 435927
933839 -503794
219208 -136024
-509994 -311324
-288008 -810063
-623287 476766
269587 -80676
-832066 -192519
-238804 538165
414385 -416958
421122 -332784
-608294 772250
488950 -511916
183119 -498670
293693 -90107
1203359 -247245
-91160 597999
-197777 -346621
754463 677559
-50633 578450
-245284 13537
-654240 713037
128009 -395071
288845 326218
-997923 -418344
197925 647832
1121399 -369175
114127 -24136
220444 -300289
-970332 -510277
387517 -367694
-457755 -170540
-631691 -186664
337018 2995
92683 793825
505418 -621112
137276 24661
196557 882613
-1412645 -308686
-283512 -50552
-49832 -245977
102153 -252020
-408323 -110797
1068469 645760
441044 65379
492297 -146270
219001 165668
356124 8024
-965365 -131453
-374515 1109040
-304460 -255631
-575908 37048
-948821 -1089916
-291884 -824922
-463420 -322484
-100864 351068
-111712 541785
681417 78603
-764521 860390
860966 505009
260886 -715447
-1225496 183074
45195 614311
-72214 -220280
-1247309 -215677
-169058 -333733
-836362 -360757
-115972 134194
859874 -683416
-528106 -643904
-79118 472781
406257 167698
79543 16090
372992 -225360
37124 -443085
145607 185401
5780 470853
-111451 -763668
-698818 -426236
-183841 1031021
689508 146688
-345589 -6411
274939 750901
-1040659 325639
296566 651975
-310311 467538
204298 -3836
-655231 222141
38366 -571990
-175994 -63490
-959910 -519486
-105369 -328186
-275144 272790
412502 759139
-103189 -181570
1085393 1095641
650507 -81551
187198 378736
-962352 316165
-458148 578924
-293955 152130
-47395 593619
266468 -22958
-35672 7342
238003 -389537
158381 -653755
287069 -142109
430284 -390942
-799708 -983284
299126 -322688
-522657 -229517
723610 -160949
331315 564325
-47428 -135464
-405044 -706569
898391 505852
209776 -353744
583787 680720
-816627 108036
-949696 235109
-769307 -3606
-361231 487387
-294084 625680
159431 657419
-490294 -432752
131019 -367340
422171 -204399
-36917 -503207
203165 -605116
-463607 272786
46655 -773175
173874 -91755
-252670 1073173
1022245 391086
-290944 -816009
-26832 540673
-23697 -60073
-778769 -470659
541534 -112880
779955 -240454
283522 -551828
-268862 121500
-218140 76806
177695 -349350
245881 -626750
584436 -671142
-20227 132947
92856 450199
247432 -283323
243154 -610992
653172 653744
196462 58776
-747143 90255
219372 429521
-745545 46350
10938 -229101
284235 -536304
206819 348116
-1075029 -108474
-141732 210608
100883 -120775
-326940 -65876
-870091 -91995
-21121 -217926
185025 159068
-209331 1494966
686283 -1548576
156595 444990
-1073477 161453
-414508 248368
-134143 465958
257654 719590
414474 1488926
290730 -441821
-373023 -77910
-604474 576605
214407 298307
-3755 -383519
41000 -346365
73212 348320
625083 96004
451044 184038
-237707 136173
-193101 -6211
951947 468086
160640 -48008
397172 757801
184762 753065
-942326 -171846
-173368 -739226
-337326 1046151
-73221 439543
-132232 1576326
-710385 72649
-71627 -491354
69991 -501374
-547997 -23102
147260 140774
392614 685094
501274 731063
640131 199520
324014 -877741
-401806 -1031834
124911 102683
247303 -105280
-7253 -968393
624475 212695
644715 584215
-208908 -527509
319358 11858
-505414 683527
-414444 -580094
685868 139549
278428 -402830
-326028 162879
-279428 -781380
-257272 -310471
481203 79826
-448203 -869021
-518018 -833889
1184174 -286811
-243951 77611
55924 114840
-206449 -325904
129775 191491
10532 -99687
-16790 -1046774
133097 -232446
85055 895850
814671 681601
615045 -142314
60736 -268949
565087 -548327
-97586 -951884
-225985 -469007
-1141118 -95678
-503980 -455627
497012 -344355
-69840 1231841
-152429 -501093
-764246 -951036
-177650 1487566
-59444 -213176
-528781 -609182
-396123 -978766
151209 -1412843
-342695 -68618
-139064 780672
-91306 -13686
-238511 865362
-312455 -410265
1364448 -543189
1163463 -294620
-134007 590862
-746755 78762
-69663 494974
518547 823667
2267 707793
1392186 323349
-577341 -181658
-74472 255331
-97341 -447392
-235267 -508206
-178593 -223223
-133038 59813
-305482 305178
77799 -45666
147501 182563
-106229 329235
-977209 272648
402295 -164397
629291 300483
1545290 1368602
1247194 716092
758356 33067
921501 -331200
518745 -470201
1092213 884350
712388 -839116
200074 8953
586076 -308857
-387597 384043
-679234 -684858
-690988 -566720
-1235401 -287816
706555 -386382
-104177 -675983
383660 394707
909474 -557084
-461620 -125626
723695 263640
530666 -712791
622996 373688
951192 99941
313544 -407749
292168 -351509
-902111 -850247
-474923 -604646
-179345 45523
49984 17279
657906 36076
-186543 -631707
524009 -56156
703350 501674
-177165 34327
-148822 -51431
-442520 225609
-181910 -1461889
587472 354723
286815 -1061059
-9517 -831974
-523234 -124992
111269 13571
-1678261 246178
-1182940 -533680
24383 607469
-473321 -25208
803593 513762
499859 1039299
206502 618093
-557039 641077
461198 -148247
357199 -623176
-118580 46051
181218 205970
5065 -764663
208027 -512763
35512 -49265
-734395 -125720
-115381 961949
783939 -210810
-377441 277553
-538203 541266
335196 1217967
-174020 376890
280947 -1146316
252665 209174
-70941 218712
258797 1202844
40906 8753
-20292 -887734
927691 960324
790989 18780
138037 338294
-423034 150169
-117284 -538351
-450876 474749
-590996 -56032
-391773 930403
657330 -104969
-371236 -1068702
129725 304734
-966902 105862
666682 -242034
-124720 -364171
-398213 252475
597413 458691
-1032 -57753
-1487721 -658829
501492 -65284
960299 -88037
266245 44244
510063 489259
426472 1541278
710968 -267811
371224 374200
-156490 581700
171460 523006
410484 -296501
636400 -480665
-523874 -279045
126807 121854
95547 -126260
356038 -25237
-1100124 390549
226316 -334589
722079 -360246
-26274 544147
-115597 -266857
340295 66179
155159 378924
-844696 284832
-92667 235276
-868783 755163
-286459 -43400
516454 380960
-702997 436904
-773109 -441314
-1079492 -197550
862126 298290
1139918 834518
-49748 -136579
314333 -8059
-774915 -454469
148337 -149174
-285783 -1035359
-93148 195683
-281326 -192116
-527294 -85359
301017 261558
143239 -100120
76734 -967596
125221 486771
-753448 -718358
-394225 124766
-169918 750423
47538 744890
-633133 203619
-395763 -34796
-627279 1047423
428477 573336
339152 -761402
323395 93918
-682855 185358
132716 398459
-126087 -967579
15566 -209655
-658141 -411511
267931 713345
159945 -108970
616459 31472
-414333 454599
997731 -112247
-1019506 64383
257203 417057
-1501138 174149
-175486 -98348
-218085 -117065
-102294 -606351
285789 813698
251022 -725521
-93719 29096
-709960 458051
524843 -150128
-244970 708112
-341953 618630
445352 391971
-165236 -84863
-545271 -799003
-634055 264111
-34104 -1644574
-80804 333304
712682 259640
193722 -241977
209892 -1632663
-125477 -273701
-207274 -609020
-537939 225851
979468 455900
-308442 534855
-706433 -1069306
491276 -612561
459633 -270799
-433379 773040
-194541 -618268
542827 -332693
751 33559
143352 -321847
111588 -253145
1201533 -1602342
-912784 -123754
-620997 804808
-387551 241159
127311 688203
-813472 431152
-149747 -225407
598022 -319457
-691025 172355
-195520 -376163
128985 478362
705620 154922
-199912 -385339
-533803 1026894
-1011762 -125049
-237107 -826531
-890140 335991
72223 -594219
-464192 458635
-326858 58396
-659287 -34475
-349832 -403270
-502373 -85634
305561 -626790
712039 -3628
288096 -784357
171231 800531
-337465 467771
-50821 673864
496017 -153508
-155953 -280856
-188513 -83023
51116 824553
-188304 596804
-1401462 -631165
-319661 362885
-69792 -826005
-140012 -305434
627146 -117476
-533260 792691
305494 -403382
-896855 -128144
312765 811104
-536813 366412
254248 -306559
-369944 781200
-418791 -165992
25820 879787
-442972 602275
406940 331210
-854205 -748495
-109144 -429573
-569954 -295629
355385 -408999
-1076625 -298287
-387681 -233016
-1042908 502650
376908 -233494
-1005288 -94679
-303022 71798
-205610 -119158
-246911 9317
-476459 -87197
412398 -1047394
41208 -208009
89478 -131638
57236 -129155
88011 -105467
525010 782777
817529 1033945
-221645 -124832
-126218 -731290
372476 183754
171158 -316154
-120926 200104
-577160 -341923
-1173744 -505372
184081 144563
-844863 826610
-26997 -209685
-764247 279211
342113 -110394
425629 -453319
183891 751997
534980 119285
223255 -738786
-434651 -157058
-380744 81224
840729 -112234
985807 1044876
-135272 491901
-41533 -789687
191587 -534960
-308055 46853
400201 -740435
205990 401255
-249655 405863
1573827 118376
-1212755 222616
245013 -345257
456158 -249920
-397567 219507
-366722 -490378
87609 -528568
405696 88032
-439950 698992
-269636 -41391
332538 520576
-843268 43317
-38192 -188380
94828 404452
-584750 -283703
-165755 278775
-791451 1046333
170446 -768727
29068 334467
-366790 179795
794263 489923
-25790 3797
-152431 46005
-422439 186466
371567 -490808
-550713 -50310
435125 -121388
-595580 443562
698473 -615218
619941 -611621
-220516 -523770
-596608 -731934
-308282 -208429
-629311 -128042
41278 -443366
-886878 125743
348173 -2060368
-382799 247669
-1054074 -1349437
-740436 -430601
658240 -6636
-699604 228398
-21540 284972
123801 563085
102097 -317323
519183 662586
-226025 -485807
819268 809038
192240 -210785
267565 7757
533518 -782343
-364463 -835029
108802 614664
96280 371739
59287 -379860
-381288 854356
563788 -349665
193774 -585932
68647 469624
139097 -15567
68317 -775817
-32108 233354
280521 -408872
-123544 519267
-628656 -167642
-580657 768118
-129691 1177541
111653 -826522
-125201 -44687
45226 209265
755302 -140477
295959 1129908
-26386 -607654
-648337 224893
240255 77909
-2319 208357
85041 -101101
381456 360164
-715897 374002
187876 771916
42692 -593074
-482810 -619105
-424352 153644
83773 177454
-338347 -362433
-226727 139558
59425 -727960
-87117 -432661
-965177 235735
-141804 320324
-162235 137071
-252915 214738
55057 -744017
-263780 -62902
-184611 222973
-421663 439576
113013 990291
693260 271636
308278 369063
76096 -179807
-72706 -53964
-596660 -525957
-715638 -996537
-887313 54954
-319738 340201
249764 546047
-121987 421294
457162 342341
994922 -372649
846403 -704208
-193558 -1239723
-494394 392935
933079 331057
338593 559464
110564 166353
-1233415 -184407
754675 -1102101
-31576 657419
-18278 157881
-14275 -685496
-236747 -579753
10429 1207643
109250 -1028429
78264 410669
468041 -138375
281357 28549
143883 -131697
193720 -641251
-1293046 192426
389616 689135
-113032 712141
-273450 31729
1007953 58566
-215047 148098
317339 325895
-919160 -312505
124946 217667
100505 1210521
-258938 -176220
1753226 71359
-119338 399071
738913 484042
343862 -1323544
-597166 536304
262695 -405284
-163549 623338
698431 -539426
194156 -662133
-677531 531904
45153 -614549
502248 -94965
-1136437 133472
-758673 -250091
48862 -121330
502040 -652841
-560664 -664096
679103 -105001
154139 135443
-339312 -32236
313038 353202
295012 -516968
298920 514411
402591 1272557
443291 854265
597203 550894
-678099 115840
1116791 887508
70334 991685
491947 554490
-363833 412918
50966 -102892
-269124 -330505
71966 -321074
-127587 -555275
-2363 -692758
218895 327610
-557158 -394264
-289857 -1057025
-527992 561249
-605319 -331030
325943 12905
-446431 89966
-754705 -1127543
-87019 164774
413711 513449
-564503 -298510
-223007 17170
120022 454580
218225 -652509
120383 -284782
-932799 98882
167346 -615553
-610793 -42119
132790 -170391
108161 -673851
542708 219624
57754 -435450
-572312 -174820
-1393210 827668
-135093 -45500
201482 -709832
158630 484648
-456967 228853
45173 -622557
394009 -133507
401084 -902918
-212663 374684
-494528 824720
635771 642736
-718180 -400535
-108587 -364392
-295867 -133740
172522 -687966
557961 -1179744
-685450 42397
-299624 -260950
282878 -338734
77121 -543577
-167811 -75182
-134063 174733
697202 327593
342661 706225
-852852 533628
-280019 -20392
1135319 200732
-64180 -850083
-1241016 -4297
-218593 88338
-335487 988
-187650 569799
188670 -61104
320026 535928
616117 -1209145
-376621 -411952
121138 130316
-477052 356827
-1015141 -191312
-814736 -700179
-387306 1008995
-566418 644965
474900 -724633
-193885 567456
-685263 384061
-294256 -93890
-256744 -685959
180310 -138988
206066 29087
632508 1039971
-640618 178121
-45163 32879
-358007 -191253
-712903 664076
-634003 12249
320058 -6939
-197583 584412
-770065 350520
-339839 -386633
-341574 444773
336532 -630189
362397 -1235740
6628 194152
-143465 541118
602691 -635418
212058 -551221
-474444 515504
108753 -711110
300091 70249
149553 332057
-892460 -438275
3519 -274902
233017 -185914
749033 589614
287491 -392376
-43497 -207436
-295684 -614506
491615 -533381
1222692 490426
868162 241308
105916 308202
-325126 511342
-684471 -928628
-420280 1335215
-310443 195987
-327450 241069
389416 474441
479927 -511284
573434 -139879
-133047 497667
-102743 -304053
365813 13172
402072 -181617
690510 357996
-337782 81829
-478504 285668
397878 -390373
75271 105701
182786 -33992
946593 -244572
790081 1695843
45300 824232
30907 1131301
401945 -428796
-724827 541770
406788 -514532
-63281 -375556
685387 401067
292251 -69367
796474 -179243
-256159 47049
519662 -617532
-210874 593575
28463 1425110
531907 530439
283017 103735
-189211 -94462
413043 -748884
822840 605289
-22168 462837
370810 -387520
787112 -519831
467236 -22625
-555783 283292
343997 -24970
149028 -186459
42800 621194
509636 -1128763
312144 -358571
-677396 98984
-319209 -30729
-458849 350669
407785 300206
-454355 262897
-329753 -207022
-297590 -62608
-27904 -449439
1196135 -60880
291026 -245503
-67422 187107
69067 -259985
-573782 -292877
-38292 538859
343318 -31958
-923532 399925
668215 878580
-16011 739830
-791224 -471964
84367 -1167873
388003 -615290
480162 -251701
205932 591554
-28959 -1168390
-715886 391203
-359650 -31765
-395302 -569012
-465939 -150116
1019741 -359518
143731 336655
164339 914628
-706558 614192
-1086483 -857056
84679 459611
-109713 734216
134355 419740
-638822 600699
299821 -270530
371420 97985
-382178 -376582
-470640 182664
559292 292
166875 -64312
-117215 -579634
-179746 1029848
110082 -217578
484527 319417
-473841 -437042
-1509079 353928
452642 -226182
-644179 -244868
-318821 -783082
111733 -714669
-50986 752656
-1273041 142241
119603 83146
601634 -36701
831049 -525695
-488456 -910108
-491687 -182996
-213922 1207530
-60330 -307230
450581 -317296
-325498 -339047
203110 748372
-237718 75330
98763 613006
284774 -720602
-180566 -483558
540126 814485
-91040 -600030
-230841 109053
681579 -568047
598302 -387524
-297638 -91427
18250 165361
380098 780098
-653470 -375579
760223 -1624019
-1086322 126589
-589535 -428755
519008 656298
521745 -620731
547559 89450
447045 603258
459400 534530
-6531 -144829
316340 -439089
-28255 1186986
795405 -60873
-472680 335898
-67584 303610
-651059 -393964
-537992 -143295
266657 -303469
249013 750926
-339410 -1080110
156373 -194750
643833 6642
647227 118460
-508783 -627605
-53127 -461679
-332915 -345506
-454015 476478
-293508 975255
460356 -114654
-213602 -123442
388630 657209
279062 -502911
212326 851375
-1691196 -640672
-999319 -174171
-550007 -16405
-435316 558280
150781 875951
198655 -90102
69639 182134
830882 146682
540154 699025
-206664 -534604
300585 139066
-20609 -617160
-880608 -59033
-157207 686364
-246005 -110059
-298161 146781
227769 -1384978
-639652 121446
-304512 -289281
-599260 222888
31215 -32906
-153313 210541
-200707 668183
26643 659465
-569807 -567775
-203193 -798093
125151 -351034
-87672 -386326
-375580 -78992
-551492 41296
-469108 -285510
-124401 61259
100229 207128
-254717 -223679
-1627617 -300950
418981 478832
-625445 262412
-658334 281943
-131238 763538
285745 955114
-101537 677045
3446 -67156
-756092 -567325
-932454 -259901
273640 -751689
-1574023 66430
-69885 442427
-37800 604563
511470 -486063
555271 -9582
-255769 -402501
-20470 235196
190360 858396
-87604 1123964
374007 -25488
398253 90814
-391316 -328300
-642976 778068
-370575 558375
-1269236 24992
629307 43046
249147 421255
-246882 -591199
13825 122240
387856 -257056
58431 -204839
-790580 -415082
131525 105177
487432 128222
-207395 672600
-285360 -250978
-156867 207778
-138116 1011901
479149 -444898
-710934 282444
211588 412119
-590873 592189
-45567 160812
-30729 210506
-236612 128921
387871 -385337
344326 -816486
-967197 89079
599775 631948
-532292 -373329
-31126 -364391
27723 -75522
-299285 404252
-529846 -541064
115644 171451
699051 354613
-413683 -152413
495592 36180
445433 272109
984458 -227434
-480870 460103
706701 27777
1082834 247718
-514276 -90843
-619566 -262427
1168379 98871
383190 -98731
-792564 1045180
-726604 -943047
1746601 -326784
219231 328535
986894 180987
-491810 -37834
89741 421803
555752 -419456
189457 31155
-310880 -460683
-186231 340254
-390882 286104
317652 1006304
92121 -85745
-367835 -187770
224051 609512
-198864 -335900
-79686 -470433
-55222 15339
-166242 889030
250346 375946
78287 501143
370457 624116
-493147 296255
1030964 240020
-629887 393846
225053 511831
-592823 689405
595013 -30212
896989 1032414
-1316188 199062
-62959 266839
-244466 -28017
-1070879 464566
928450 503344
340910 357620
-673251 -482349
-175792 614704
697157 -1159864
-124988 -505726
100616 -732496
-119475 -358554
588507 -494824
1067537 283465
52668 -660322
-100516 276850
771445 681557
261888 772825
-29647 -2656
38161 -18716
13003 174894
-146357 947223
555440 190721
-856744 -659859
-927063 788014
-401218 -182562
305330 -578643
154318 -171519
774572 8535
178918 573590
67003 219412
1101539 28295
479717 -151846
-535813 659988
351398 506877
-343140 -494715
698596 505814
-590311 57399
-309622 -74563
-460474 172438
-135493 374388
-212585 594666
34981 -623622
-1257246 -607436
-320341 -894556
86156 335384
-471080 -689358
-586013 434615
-209666 -398477
-172534 -407569
550061 204354
462402 441552
-125735 688563
-301018 -798204
-747600 -111078
-235246 835247
406630 -517927
-362347 -306560
838769 853587
270778 -382648
-861066 -43948
-686375 1033362
-465586 -226667
-1402426 -310419
93785 -377708
651955 -673614
-405428 444468
-111448 -291030
-770386 425298
177617 217659
-997991 -940303
-77988 -735393
206574 -38266
-540605 53974
544608 -144169
-1231852 204546
282776 156619
146735 -106910
405784 -264874
-283407 210015
570870 -464434
205800 -468055
-66005 646109
103241 -197112
-163342 8502
-220345 -394292
898149 101949
-690646 -967734
620033 1245454
313323 210795
-622365 -369570
-268993 120195
-67355 63249
689125 1114302
-762230 -857449
150429 402608
105078 -788868
-426774 82614
1563115 76496
151906 -277867
250020 60064
261863 181531
477951 177777
-72443 -328030
-321178 -751079
182127 -618420
-133477 -248755
-752005 -179626
-526913 -190715
486440 1046418
-1703 122986
113283 -330737
-338470 -130191
277751 334634
241664 736178
473139 -72228
460896 -51052
155840 -1732220
-199655 389552
-524794 434270
314490 -209031
164764 607136
990029 -507493
79360 -129856
-310663 671465
128396 -112832
123639 -214510
-138813 -504127
650975 -289923
-1520866 -139261
-216500 269266
310550 80063
-290340 -202838
615280 -176374
306457 -213983
1001800 185540
-79808 568022
1043666 -439416
384649 -511660
-22487 166543
-621460 373975
-691037 -70108
-821276 885915
-468948 -412993
255107 -273679
-1344126 711354
-168004 -151084
804329 555975
-354749 397109
313455 -308936
-445280 -366313
-144993 474381
-306155 803021
26750 337202
256510 520458
349951 -686686
-94149 -273007
1125852 -909566
-448612 562766
-136700 54254
619322 606538
-779184 -663150
-642356 -121595
-194306 -285998
555163 52391
-1146215 -209304
559163 -450223
-61637 -624041
812632 -997350
831592 -365976
-313024 369557
-936568 407480
694806 -586119
166901 -266338
478828 -26416
227099 -392840
426619 127251
195878 303118
561377 -890977
298522 777794
-77030 224378
-126362 -472500
180899 1228717
204725 1292932
-347331 251977
-49394 183085
-35314 -414438
-415969 324247
205736 -237929
69836 -331802
193143 -373085
329729 1208789
127536 94000
-903579 364630
-44523 171918
327527 446688
109082 -370675
-335022 -357360
189864 249262
204635 -94525
-71540 -171190
554046 187641
-445347 -163121
648795 516222
721602 177253
452343 136799
173292 -169702
-98907 -291730
297607 -373839
551857 353468
-129598 -111903
-136092 321703
1091820 -125051
389236 -166843
-64702 -554095
-664526 420592
-31840 -588705
540509 275457
-437576 -189435
131778 856518
-285801 198597
-489699 -11599
-481443 -1155754
-155933 973327
605510 37742
144596 -290553
-71302 104536
329678 183269
-307816 305525
38877 818551
170717 -353014
519150 -19070
502779 513945
-68820 -303575
604733 629264
-29523 -1294581
672222 1063312
495603 -472687
405696 847009
-198311 -495554
125432 1488691
-531572 -157971
-304309 914890
274879 -67267
512961 778103
-108874 633455
87517 559027
948255 134097
-96098 432825
-1006130 93665
265815 30567
258471 -576478
904175 -383210
3331 10445
-220979 -1160357
160388 -48233
-409838 -32911
185986 -308785
713945 -298803
-546323 206690
482708 -420832
19000 1247711
1052127 220002
757530 -815800
-286295 1104178
673385 334064
591127 -569916
-548528 -1087220
-156418 -419325
68751 369755
-148895 483928
-793428 -277681
-248626 1061769
26518 -377063
90772 455643
443146 510430
-57809 -341689
877795 -265608
-228292 89850
60247 88446
-176298 -336670
-493208 -218258
176348 -399038
-401335 1384524
-196080 -441544
156146 312382
314378 554328
-160303 3830
278525 241486
1064169 -319880
-346141 100266
33350 -229402
62485 798126
137151 125416
-335391 -770883
96786 -88471
101439 -304668
493940 -337526
14759 -201010
229911 253645
-408753 -6235
-790034 -280758
171246 -369325
600432 -533307
-153632 363103
231707 -235493
387075 -241823
-151151 296004
-95845 -1274407
-141258 -163684
340060 -644521
485052 782208
-1051818 179088
599707 -285769
413506 -1476446
-523524 -451624
578911 65331
-252499 650083
852686 247828
396118 85243
-778927 365731
-1036153 -188960
26131 450771
-136047 -662631
1920 -730769
-1030976 167104
-374892 -284707
-168933 110178
186180 95351
-251081 -422417
980219 -562253
-828885 176769
-502924 -472438
-445369 594793
459773 505254
109043 -705644
780959 767855
187196 181518
-184554 453436
260037 -1321266
359125 -94566
298743 951011
75966 -284471
29842 554512
173155 962127
637161 -78972
-279419 187425
-99249 -203550
590482 -741172
219211 -46211
59616 352026
221850 750435
-263273 600927
-308916 -163214
-98028 -195501
664368 -901058
-294226 340858
279747 814466
1027118 589877
-274925 -495917
362748 -512904
841530 247177
-58488 117757
272944 -402661
740513 -1180291
-253728 -483781
-193375 274974
-206352 -77540
-699858 9851
-453480 342895
420076 -942685
255319 -61474
-583938 -308205
332577 1067926
692512 99505
-62805 -327811
-725352 206118
-655118 414577
-610944 -1200971
-196157 503983
-141444 -261731
1055073 -139541
379259 400904
-107322 292641
408656 -326245
286215 -143261
-274675 -410423
29484 776608
623200 -623728
272381 -874548
243318 -943928
267441 68953
591492 327615
558732 105721
-413665 961672
-426078 748508
-209077 -558565
545597 -392849
310432 743720
-598844 59785
-764040 -38942
356917 214257
-847092 538783
-664716 -768106
1156613 -35352
-24250 171118
-929822 22376
701384 252601
299088 385124
454165 -485398
1235728 203955
82561 -776031
-210518 -1125122
-67855 598466
745571 -148820
-962098 52566
-110818 -255473
-131871 -52562
263196 -954959
33254 654798
423423 -1021585
-471573 1205631
-421109 429547
275620 267024
604420 771877
303424 -572081
142744 -262582
-265241 -369099
-144340 125446
503278 -540773
307206 732866
-329904 -547898
-196508 -472537
574603 336259
332053 -1376901
433024 -72476
-563343 -60029
374440 -414953
1122103 -491342
-140166 -854550
-351997 402563
455804 528848
-714278 246297
914542 -47257
-305259 481174
-212082 -672175
-827573 -196217
-741285 508657
268697 276786
426048 1050916
225450 -358524
-979393 -396152
392285 310932
147268 -449673
90968 361289
162003 -210674
-481302 -308007
234793 230089
858433 172637
-230130 -338807
629189 1014213
38019 -337752
468560 105020
-679219 44512
-1017925 231068
454555 -204926
-171489 219689
-369092 73189
251045 -127641
-156283 -31935
250808 94141
-409529 -254099
-688022 -343749
819404 226445
-222345 135804
-235688 -358973
508533 163561
-241819 299261
-60512 87629
318197 430805
-221184 -430525
15615 396740
-258627 9693
694621 -133384
-282491 -326055
-498007 498651
-100031 -1056614
277304 -1152723
512475 753901
278055 -741869
-399318 95702
-326966 129046
-531199 -727140
58267 310470
-653663 -88812
-869123 28136
-189100 79854
204435 220584
636517 -520511
-611600 280420
425162 795077
-503567 467752
92200 1024635
-918282 -126190
494074 -231952
-256362 -947750
-589075 662122
564065 118798
-735568 242956
-291190 630426
-448977 -536478
-481662 118321
-238354 90062
225583 -8432
285225 552515
604713 737861
-89853 -25026
927030 -1120381
127863 -488571
-308853 18600
-642732 199082
-992251 743439
-246818 -61757
-692947 68146
505607 -77227
-828837 1110531
105629 438205
-573135 337035
1090633 144147
-660137 -746413
17888 882100
-502857 172151
-1263569 429692
682129 -628616
-845394 -20837
679497 203738
440136 389097
379298 674697
-435140 681435
-470706 -98976
425234 -132061
-580775 90062
-376576 1007949
-472817 -71418
-358203 492888
41284 -178510
135238 -46513
881659 657880
521329 -163285
-345009 41399
-550634 115036
31182 -120674
-682838 -207536
-297089 158839
-818462 510708
-360902 273431
538929 104064
-432166 -374804
723831 -189813
365190 789706
501931 -156955
19010 -102717
-52697 9298
76242 -1099556
-453802 327657
5047 -332536
102805 3340
1309170 -450082
-797598 -858468
110757 401272
-703453 -732797
198867 -185297
217177 142681
388221 -346796
-485298 -818799
-650336 -219174
211723 -408265
417517 -308491
-1113409 -323893
-467431 -652929
-361437 -657866
-900977 436700
-609338 852064
-79688 -142067
-540534 334048
675338 16560
-552441 488849
-193091 203174
-476149 -38591
-228493 1007209
100372 105229
-386937 -441812
304656 -95777
-197527 632322
-220364 -82715
-132150 57732
855590 -627339
219193 -642156
132476 699179
-5363 -390821
-42962 -414571
823591 586611
-935189 582821
-200704 -412508
608034 -238436
721774 -982944
372448 78768
-364444 -520530
213298 401792
-55388 423558
-530551 584827
-658555 661247
301586 -112792
185246 -753830
-527856 -482983
-868446 -355598
-380651 236729
784322 -922896
-706975 94632
1036746 -236834
-191725 -314832
-875590 953574
-119636 -248535
236033 -452024
1146099 362865
-691214 709456
-427801 -250533
-354949 -35885
112213 -333622
512776 63423
228878 385348
88589 290799
541392 -523843
-510079 418443
732366 -667246
-742671 -355297
-805947 -207298
-492976 545026
-690948 -585662
-107337 -815124
152630 339850
397925 -737828
670896 559864
298355 -529587
217949 -442170
-386095 -195910
171253 344380
-388636 239170
582341 -302966
-1159615 -577792
678184 408132
36444 -972919
-34211 673005
-497491 -352425
71553 -583835
134030 878474
422839 -44839
1035549 274802
51875 -275584
-977355 -637105
39820 -533864
-1331140 436802
-364684 552611
-638013 198595
-453004 71953
-274922 569279
-25877 -1152006
-41337 60993
143067 1006128
637300 -594191
-497561 201511
175224 431181
-83586 -45407
-492446 165966
-1124343 -412905
-110741 -610111
395691 -1023110
121406 607346
-402354 114195
378962 1019070
462525 462351
41286 20259
684391 307238
851209 1083981
-337346 477941
-530693 -24068
252331 -664882
-874561 297476
-33458 -127338
329029 -30474
-715186 1434696
242312 -698194
-552690 -461126
-154788 -56039
-733820 279166
-520439 -1130464
-331644 856126
668511 754590
-204211 814162
-59191 -399905
-50259 -882627
68725 -406616
399238 -48737
-191397 -114145
-42034 211341
704775 -1411178
444859 -878459
1157762 1068031
-292504 -370712
91862 725968
417607 -570424
705668 -326474
1199970 299794
463466 -584613
1438739 -405070
-118432 -143776
799317 229099
-639103 -78759
109110 476308
-203276 121397
-182171 -804999
162076 -132799
162833 182548
735471 -385414
266444 -270917
564719 -1058528
69950 -542191
-20014 -21052
6927 -309534
-189700 556748
-952510 -476278
47415 -285210
-157774 -148042
237797 175028
25337 -112801
-50694 -576844
-58478 1048186
-312252 1031264
341516 996209
86881 73014
220245 142723
-28726 91474
-66651 584522
-533302 843288
75443 -138333
135807 -832386
483253 -264465
241843 150699
336707 -923878
953777 -524219
58887 -1176640
-203375 -362359
-505515 164134
899701 623608
-889040 -525906
-17099 98354
-233982 408704
271018 402776
-1002801 -132304
584747 -177611
818518 316111
138545 47300
177552 -360809
-537098 823068
487800 224498
-641014 267807
-180350 -483036
167028 391935
525377 -21425
291636 -270571
-153269 -220833
-154237 249257
-620393 70186
-402257 339903
96448 -206256
599611 -79938
-271923 445668
95599 -303422
-939718 -346667
616797 -925541
301131 612773
476683 41279
-623270 103641
-556476 47230
1051354 -671312
128923 63532
-163889 -710512
-172571 -319572
921249 546108
-148190 309725
-130613 356296
-419903 481280
-376760 561286
854849 -112358
-397358 -25565
-7289 -558734
404044 896077
347858 -1015240
-4469 532049
-259660 459117
-500360 228247
313375 575131
91012 33602
721481 -757212
-714429 503957
147657 -174922
154698 575697
275033 -443380
250218 344712
-634102 915077
139298 -223190
-401952 374068
-169237 -64685
-437616 124593
32853 -1065455
-570612 -389475
1240592 383470
283067 418015
270430 471464
404693 260530
375046 -237719
289609 -716353
-174269 471594
-540960 -954889
355866 185554
-185876 4476
-342496 96371
-193865 107977
-624453 -549329
-406657 384438
-279827 -144141
282912 -39137
-730249 187511
-699736 -65183
3931 -1156590
477974 -146229
-1059290 903306
886368 -615099
590554 507948
539138 -124308
-28813 371033
20208 156763
-706842 118191
-496663 -934148
-331836 -4833
-93747 -719291
-1102180 8583
-81783 143833
588101 -738086
339549 -273547
-527913 55052
215532 -468444
-158617 691647
-255416 386676
1061024 898725
319873 163671
127776 -1143512
-349946 603682
-375441 -451925
796712 -55188
870158 -141889
446626 501332
692703 -9644
-465091 -332617
-728364 832788
294005 -796825
481110 894981
-1141352 425235
230009 71528
-902864 -247635
155498 -143971
-944692 -122907
-493353 210322
-79569 -1094169
137886 -341013
-272106 -215641
153369 89816
-110666 -156564
726221 146284
557078 -751564
-435837 1071355
-373504 -416488
-1203865 86030
491509 58763
-317086 191939
9060 -170067
524976 209947
527332 770476
-823672 -371897
886074 345700
-123162 938952
433218 70734
-431618 768747
-413949 -541913
56666 255138
-538114 185447
-297693 20670
170528 -186425
-945215 -1073978
839948 -524483
-354602 294734
618570 -1038576
-17346 -401735
270796 23636
-148587 223557
1051397 100608
643735 -131185
43659 447262
196511 1041015
-1032837 -2468
51823 -179072
-432474 115044
676132 1065724
58287 -289562
621666 223794
-1082027 345844
327562 390117
425311 70831
445205 439496
-11461 587704
539223 -368497
40193 846614
-87592 165276
-261977 -438988
122313 462333
-332200 574235
-343233 406963
1032474 -383942
679236 -1017260
570858 -366937
107306 -138452
469249 -581563
-315372 -396498
-1225656 -459791
-591223 -232891
-94265 65426
126666 -242869
-730571 -571904
532650 -537287
-1251632 -40374
-1807333 48610
-326954 -699456
-666148 -283865
314886 -226592
266327 563478
77390 6728
999688 -950434
733262 -734056
-180844 -1190130
911066 -317301
833732 -166133
-242034 -75561
216 554810
641035 58382
-109652 446043
400633 382235
775046 -37628
-3018 938606
-533000 -1061550
313165 -584926
258820 -619823
99222 -228621
461324 193314
-145384 -479681
-659155 514757
307330 -350513
-396957 -179072
-820590 -392399
867888 8777
283449 -329371
131312 -1057417
-98332 256443
-302740 170129
198141 251850
-591229 -326603
-333483 130242
98198 952944
977025 -886504
-131363 -849318
-201778 -368500
-722228 194430
236537 78270
-633261 -1127838
68412 631452
-555597 282833
-1082063 -599979
-100876 189686
20907 451346
-57886 45577
-826886 -649984
1117544 -177248
119120 -168116
-312712 727
288056 199354
-440599 -207039
467480 645298
-178151 -701401
-532407 1412136
24306 105763
-143389 -124992
-69501 272508
180774 369851
-191956 657224
248694 1230667
848297 53883
86034 -375007
-804932 809604
142628 188656
-1027006 -432642
-91460 465743
60548 -245987
608496 1000932
-384504 269253
683547 1197069
398855 -260607
319220 508026
-410413 -339836
-55262 700515
239093 850443
-561017 -636050
140265 298905
-451982 272596
-485207 243096
252476 -888257
291320 550714
168258 609561
593475 735895
-506059 -157556
164570 230511
-520597 -263958
414615 986304
79889 22564
824797 -199994
-1018472 925236
-897843 -889651
-346026 -334884
-266816 360059
-114664 -488598
24041 170511
195135 -1027795
-148189 285503
126217 -229165
246071 616652
-822870 -329906
-1027524 -482918
649973 -652565
-57409 -328153
-613025 -1512337
-1026659 948582
-504481 -358482
-537941 -552380
142260 -348229
479633 411269
104100 -449328
1018597 -762908
-144125 -471547
446788 379059
685735 435468
-150160 -581589
249560 -316241
964175 423264
-231466 307676
-561383 678203
-563537 -785195
-639594 73464
524031 -443350
248859 -54255
-519511 770282
922185 425971
-489227 -1101794
-247474 -159611
413317 95519
-1296956 -147681
-428244 795461
-195652 -6317
61594 747326
191549 901554
580501 -36744
1733033 327236
456706 -60308
186643 905957
539214 -408834
468524 -568144
1007695 -316501
-649033 -555495
1147619 -733605
811640 437439
-194937 -82622
30858 301488
-33310 173639
180504 -828029
553733 113497
-39545 129347
-193338 -195634
-217656 -167585
-659071 -161772
-636591 507817
27704 384651
964427 394615
117992 -23630
-325480 -121823
762300 -749845
-408606 -591543
-206510 106186
-1116905 -105945
683589 -185628
539844 860584
-454962 986190
593038 -333211
-298999 -337014
670956 736426
-15807 809930
78664 1038068
391101 -939620
-180962 496569
19798 193223
-150527 -325144
149842 463362
-395423 -429054
600346 -994148
-133695 211358
1197080 -79767
-1010562 -36695
195070 124918
756085 368920
-179949 -839963
-211686 1086536
-1069758 43699
1054109 344419
-865313 -64103
92305 -534927
-502251 145295
677939 -5715
-185207 443064
-271928 -613344
-483279 89277
-960946 -773238
355624 310976
1054086 1049979
564798 -139756
662613 444317
-307836 -660502
-129353 219151
1219039 85049
-643281 209681
-1061112 86192
-702447 506538
502316 -306644
-238223 -84333
560675 -122168
5465 -445984
576412 -282219
-489138 384088
-82753 339149
69879 207761
-812556 -51394
-24041 1003793
-143104 -152638
402039 -172156
475934 183696
-722056 -214828
-334985 745400
-736886 -368654
82398 -539825
694037 -258838
-505321 551796
398170 689397
415525 487334
-75424 260772
982100 888958
1055427 -382247
173036 303572
-528551 79846
441746 -807044
1373863 41458
786182 640726
488849 61227
581654 -321275
451835 -453986
72754 -255377
-66591 8539
-435547 -1249126
128320 -135785
-23798 130110
-709857 291689
-55520 300798
252873 -525438
-682221 602400
476618 1000457
-367132 -336917
38392 91969
-276147 -96518
66752 437425
-241390 921764
728154 -219780
-862347 -381405
-659470 -244223
-1000685 -460066
145350 788775
856460 -145111
-833385 -959544
-564560 -407112
-111047 -236368
72448 538610
-261366 165779
-50845 -211774
-7345 -655543
-653361 -380946
-1306915 309445
-674812 350675
277486 139033
206851 -187709
-540109 -361369
-111729 -102074
-639787 -79188
198928 330976
-542169 -47079
-965578 -60829
-674841 -529139
-420520 439963
-359997 168476
-546287 -92076
-376353 864823
-534329 1092914
804974 -166922
-816140 262745
-303780 709585
-59911 1339630
522579 426160
-371368 536764
425102 -205305
-398708 333483
-420176 -608963
-241114 411126
684397 -89860
774468 568980
34647 -131398
237881 -702059
691307 694379
482200 17417
132726 -4800
412042 360375
103106 919303
595591 -56963
-5486 -502843
-1205995 281173
-230011 -49651
246003 -658790
361336 1032995
-1064463 -933374
332282 364188
-48037 -567977
511079 66900
-82120 -170165
935306 63192
324059 -197526
-847484 737175
232207 310389
-92598 -944898
487510 -215386
490655 -517363
285209 912224
-224001 -6674
-6700 -128641
-763035 34753
-258676 109956
99319 -302763
-360999 8527
-468111 28689
-288996 -671502
-266218 -686828
382624 425779
-465061 751050
293146 34806
510261 48057
-630905 -608155
-347872 345658
328768 101698
448552 -126548
-89177 -52495
-257904 364868
-418600 -355885
73307 -117963
-336193 664799
94606 444505
-326983 645948
205887 -65898
627096 -89335
226745 887867
-387295 533076
-522198 198694
-850187 -235768
-134324 154458
-738299 273660
519985 549524
398209 -594176
218049 -173586
377444 679429
3755 -223432
325209 1639004
-256880 -17473
-575940 170966
7839 -532400
934137 -125913
716808 985671
-1310266 -4604
220795 -75672
289530 410707
271087 215639
-134901 153202
365251 -277004
-367698 -574431
350880 -355036
60396 282749
-49353 932371
721898 326352
182254 -158333
-25901 336961
24012 -138189
459193 -494781
-383871 42348
30374 -486810
307420 -870203
-155915 925125
211964 1045799
695337 -835901
214996 82807
688674 -518224
-283676 620084
-541429 -208366
-295220 47268
-155651 -18087
-16261 213028
193693 -140284
-277079 203473
953904 660967
234116 -224726
-154134 1288888
-394698 -142506
-1103384 -433493
212091 87700
-329368 -138485
-442995 205672
-489796 -260733
-23296 -20744
-745900 186586
-705617 408481
284479 -140023
170091 -174993
422121 -106326
-611168 208643
518555 -704141
-405287 -298073
-827224 68944
-758332 288002
-358283 -291126
-596157 102765
-302840 570679
-188476 -335539
-317135 165997
415092 385545
44440 -680772
-165674 -136936
403439 875858
-341455 -1419468
38783 -1344471
180922 453362
-359409 911065
-700662 -618698
-254697 -588255
-421784 323861
163033 -619779
-154226 -83148
-637788 86328
-82313 -935565
1183934 317410
-570829 -212240
216067 -453950
-658580 -225008
-281532 193545
975790 -44793
-609835 479515
-621917 234377
167869 588806
172237 -277881
-213677 388322
220363 -226911
684925 -627537
-216793 -54786
-699294 -638205
-396041 470489
-495052 -343348
-126659 156314
84633 92168
-36916 -783359
-232157 290363
954434 9474
-91470 513193
398208 340167
226448 1165820
1049408 663580
991677 327694
80437 3235
34141 109245
-356680 81087
-137972 1019624
659201 646549
-265197 -206625
-473432 -266640
591944 -75126
365302 305825
847184 -40407
-748552 -92515
-943153 346967
-235386 -435768
274744 329738
247591 480372
415921 -389604
56794 106996
551456 90606
-118924 -697484
317598 -941660
-931438 -505552
-1448998 -542817
629598 301917
396883 -229833
140948 -1073605
2342 955970
475462 113398
209071 -250728
251275 -50307
-163394 -646
21289 385295
117328 285643
-196325 275370
-490528 297618
1009290 156395
-184806 -436016
422664 115357
74754 -108196
538209 -771540
544536 937758
-556765 -389394
340973 -61440
-1212130 321373
-123407 16056
349862 -209895
236715 344612
-79035 159120
22096 709968
899070 12370
47735 -239577
-399794 737241
-382545 235330
649818 32337
296420 -667504
-251528 -964437
180362 -263521
427804 958332
-127242 197073
905983 -549071
896161 623679
-106094 -483042
1018262 -424451
480535 -860158
-202831 -367725
393989 753698
-282561 53003
268514 -303574
182456 276525
-246289 -534758
-244715 -141842
268711 -1019073
-3712 -364317
247292 -448314
11685 766781
-366759 -128479
1361006 -436285
284151 1261125
-177393 844408
708250 290680
-1234648 17198
545181 -294884
129968 -833883
-376985 519607
582226 44869
-365043 -370186
1085918 -924956
-76483 -267123
-195868 -60847
649314 -991378
-147771 429471
737983 164451
-264568 -31295
-283831 -504945
681871 -530691
717646 -2033
-461718 -425050
557227 -201554
-107311 129937
30085 -437943
68225 221476
67182 158994
-479486 75653
-73603 605880
536502 372100
55902 1131704
297091 602232
-720852 -1477682
-119467 -267758
-217421 167651
255428 -987660
245309 -543409
-167835 -234276
733945 116362
513616 15839
245301 198305
-542813 418067
521782 -720093
-598233 537386
139535 437058
-191079 181688
1626352 -853433
-518938 -17351
499874 -49657
-388777 10392
173251 -288721
-36504 -485189
295958 -477555
303248 693670
-64311 236986
-231136 99384
497236 648235
141887 386926
295094 1049305
-64341 -292613
-148243 -1025775
26895 -71095
539434 -944646
-683974 -467618
301782 827851
221602 -300604
-1132254 -437294
58963 -1023516
535491 -315864
380817 -296025
335957 536833
-111337 -103575
203642 -761003
-384832 -210521
-1419151 -348891
154273 773909
782313 -776659
-469957 70755
-1212260 -998917
1225886 -380323
422484 475318
73541 478717
496764 -484220
852033 189153
-494209 -147132
825158 31281
907374 797094
139190 13464
947081 121232
413594 -504307
-888891 268439
44416 133765
-768134 -949393
203928 -662076
-148813 473385
103033 903703
-323147 873028
477714 294263
91052 -295454
-426973 615389
-269255 -959746
-473694 -36949
51071 265128
35154 657735
944733 213242
181052 372827
-874970 -213430
-217610 -520581
-73168 -925655
-326912 -509997
-145909 -475104
1252236 -612453
-215543 -788618
-198790 -499664
440948 386229
488775 144122
-383223 -1006461
601582 502104
285778 227906
179633 -562263
-232926 -610407
-107342 -311460
187071 672044
908429 116167
6398 501415
-1294722 -651872
-58184 111735
559028 175641
-539161 527605
70787 197490
-117945 -365469
-444666 -227222
544550 -354045
297503 -486727
273962 -367579
631164 -304607
-432449 -782163
128008 21814
-264805 157848
-320828 -315430
-18200 24200
-201263 249110
-85458 -243339
-1623783 34295
-164573 -447501
-415667 -32063
-745321 71166
431188 -233582
165528 141128
318999 -198070
317969 525342
17921 -182607
-850534 411529
-343369 -356682
-1274946 449073
-57080 344449
-458036 -149637
466289 924325
-345275 84166
589342 93093
762064 267000
-164599 -521141
-209483 -185163
-171366 676563
725972 1118784
-36353 64291
876794 -296292
-283622 -15561
924039 -1183898
-425921 106488
-997932 545663
-178152 17745
-40826 -606835
209592 820102
-118195 -445466
-96709 457637
-763739 -343989
399229 460192
820932 17950
235876 122037
-343298 25181
94761 551069
189396 -386973
-140095 950356
313616 -682127
503870 -471298
-828671 614024
2350 365781
-437311 579753
-16968 -112113
177607 220117
555667 -4436
416829 70756
317372 359416
135957 -504222
409414 -301979
-806279 -117053
-88465 -1072592
568099 -73921
15611 -678492
25184 491276
-173797 -951624
-952932 -45472
-154029 315682
379999 -283642
133036 518228
176924 426424
-116645 -505607
-572072 207200
-762138 2038
186853 681304
285480 -258722
125375 -435644
-732802 496117
241229 -570919
-29146 587599
186428 -443982
-395530 297446
-1019200 -88349
-356552 -253607
-53042 -887660
689190 -118875
264765 1057819
696479 -813689
378830 -1001030
378807 232168
-28561 3466
-120492 -158871
418012 254756
597395 122692
-405432 -170951
623049 -792331
-133543 246208
-747713 1095755
-463398 285771
544539 521681
-366035 334351
39038 -606834
-26212 -776721
802850 -159934
565174 -237842
232419 -64802
-371881 -1004993
134748 -274945
802144 -746620
-318994 -447760
265265 176258
896881 -971597
-486067 337105
-303418 -428972
-428858 505376
42800 1126658
-386495 188522
92831 -317798
37522 -546472
66111 1333781
-64051 701569
113484 452174
-1493924 -303171
-710567 -94819
36095 -335988
-634023 -587135
182211 -1050901
237904 -150544
-350434 382636
748976 431426
-291039 1055997
-194423 60069
663775 654782
-516810 194275
-149840 -255331
-667872 -13299
440111 -518675
56190 -36607
131708 766441
142692 -599667
-20027 683927
-441747 968054
73431 -347567
51770 37433
-989253 1606214
-402321 1456256
833315 -302644
-888464 809167
-5854 -300787
462310 284736
1156050 -272468
-40717 461821
951401 906225
631914 517679
263322 -130462
1340634 170362
199754 -382004
-44312 76223
-584767 -754352
-291072 63657
611573 392889
-583466 -264396
-97256 212857
-35225 1069382
-615238 550177
126343 301772
347056 -349821
92154 -98251
-440475 -163600
-214562 -84262
145674 696363
277593 641739
246607 -533091
212308 -58733
-147270 214915
-389698 388212
-384798 -217467
256423 867508
-203105 894465
462023 -39075
-146114 -290157
753477 -402704
607114 410615
356438 60437
163848 -426230
626496 222589
83280 -254366
538564 1205648
374991 -46018
-151198 -276839
-818188 -68471
-85139 442913
298570 321131
-243801 191082
-735206 269063
-424299 -1568152
986162 -407722
391834 -608105
-512591 -683881
-245207 872668
191249 91366
-279429 -136294
156138 -670549
-259542 3825
161261 -314607
-240123 -550282
-228310 728927
108558 685735
-309556 904012
341978 -1598560
-759183 -753620
-468370 75032
83268 -185653
670966 317531
156722 -844580
351579 113492
-676939 214846
-1002254 793395
508233 579795
232955 687701
-115055 -162575
281541 -90816
-155652 90616
19667 -750622
-1061992 306450
-904234 592902
-169571 70874
627768 -544177
-345539 -836923
-732623 -193944
-219103 -615167
-478411 -755138
-569706 360729
974061 348639
221242 -201631
465072 -508008
-292922 94290
681638 776727
262477 -240424
107849 161914
450071 -347929
805832 -333478
248328 104329
557910 710281
163944 -448395
105768 -302271
-231998 293579
-458292 405519
153594 -314516
-231304 -781928
-455713 -167356
-346836 4966
299864 -1328120
-346259 -106269
-856347 14542
97924 609971
77146 166576
-141029 154920
-512414 -186057
25606 100248
966806 -600985
-357139 -256213
-301579 -496876
236841 146306
-711243 -60001
-24191 798440
-36991 593134
-419131 976992
-298580 741229
-924868 -407276
7022 1052436
-707925 241169
-107479 579729
14928 92735
-26606 352757
-735824 -788217
-335722 -595355
-771235 412687
-463651 -386460
-1288728 -1045580
-71315 -266392
-93888 1473
1363923 554872
22711 688901
1104325 -846264
133891 619702
277298 -588018
-452636 -253180
1573032 286867
287158 376010
-355876 192182
-585222 266022
-449158 561521
1085680 -248911
-262529 466640
-355229 70457
493162 -352097
-201830 30966
428534 -327448
-55195 1023076
229423 133162
261175 213720
761915 876625
620012 584051
-578271 -862513
-4284 -205832
185635 288610
-403253 -261645
-141000 -1154912
-282853 438941
408133 681490
62423 -666303
-385986 716874
378429 652393
59815 286481
-178580 -704852
132663 -216248
-209521 -358766
-108763 46813
504785 -1026664
753123 -160250
76238 119492
-1245742 -321614
-779867 600134
-13586 -80072
-65682 -555649
158812 88008
83245 -80072
1047050 841830
-411596 235860
-234168 303140
-699589 -566602
-445603 -400274
281717 896225
205371 978384
-9288 -844767
425445 401147
-228012 -1568180
-492552 352465
645093 -153511
204144 21238
97956 -1422798
440539 -764211
166955 -692807
33759 222061
264568 -97116
460456 -771629
292843 778698
-599161 -291287
392808 731677
-747928 365882
275969 -389546
-778273 -494868
69517 -180382
399595 560481
40499 -1326532
11741 185492
-264273 521093
-128287 -19166
388158 213324
767985 -965997
-351934 383612
437757 -24398
95229 -89402
239747 -395875
359863 80056
48953 829845
794279 439926
452313 530488
43382 -83902
-112717 171591
479576 -949745
133575 346758
172984 416435
14521 75273
805947 474117
355949 -195820
-867489 425585
349584 -1048206
-346269 717671
-412378 262899
-138644 -8287
-479035 -412574
-675438 490328
517228 -450144
510771 -98959
-55385 1340155
550395 421125
-327736 318309
300857 -102277
-836207 -878981
884081 770529
-920116 -247193
-583406 1012641
-128444 381108
-20761 -363213
868214 365802
-134282 -189013
235541 -414938
-85002 -693449
-457233 616205
923313 147476
123151 346586
-264658 805346
-512512 -40957
428509 694314
102659 -340570
-167525 192202
-44420 77612
415663 -520750
636023 -13722
-173330 -372334
-624190 20095
409062 77124
-279823 -987645
406796 224413
213059 -271322
170601 -365067
-120397 -359668
-943524 921129
-142693 -902115
732585 386370
-1215490 431169
-56205 75054
104511 -37201
291591 826484
-607177 206505
185568 286663
-384154 -899428
1080599 -75378
137840 314038
625697 -415866
-669623 -54399
-212699 -1077437
63151 1266500
615571 -555589
944170 -490428
39919 101795
755379 915403
-243350 131834
-447051 318121
131946 -1081818
-346640 587070
921762 192231
-5321 974390
-399100 -338199
595815 520406
-416323 -311199
-451972 245548
552994 -207328
-209273 478810
481175 -1042460
-130019 462009
145144 -106776
-833117 -13729
-9169 -855591
9774 -225561
-3721 14231
-480039 31387
-610633 298936
-964351 -558773
-606457 812242
223584 -518563
-281693 -60108
71324 -623709
303247 853543
556813 -195435
-922950 -875530
404926 97280
383377 -426095
-324866 -73377
-124543 589320
622446 419485
-64719 -214975
-262241 -773896
-164594 452125
474532 347694
-203508 -248850
-204859 152748
218332 -1491075
32202 282828
-248668 328813
251621 -892336
-547715 159783
244214 515376
-127335 153791
-276943 -196202
1148542 757181
513021 73802
522256 -488944
341772 846750
-196819 -1047440
1048141 -553916
756013 -742820
158284 95057
-223736 1041781
-907261 1004217
176350 1295577
-522483 1438674
-819327 648280
370774 -442040
261447 -411968
-351872 -535870
1109526 -782087
-1162377 -548806
697825 352839
-711620 24302
561867 -131897
-125950 -622792
-137822 464157
55322 -337934
-266204 -958567
284149 -310953
-613342 -474330
1244675 350627
490562 -250681
-689043 328944
457494 594544
-309984 194661
700238 -189678
394495 -1028888
-214009 -8384
659500 -293687
-781444 -134290
180200 -147871
-215192 936157
-667579 543091
142003 -861167
-1268581 291689
-251871 -508906
782730 337935
121749 243001
130051 -575830
53507 -542894
534678 271124
610952 -120292
408646 -184678
488837 -132785
164368 180275
-196916 411430
-1013913 -121708
-215375 488226
305511 -1010330
133980 -209690
352332 200546
363358 776307
400934 604020
-478896 291263
560530 -442890
329958 648515
-64200 -131497
476336 114391
-4761 202247
30281 366000
568605 -118453
-135721 -305959
-296841 -364366
-1088617 -1065721
33234 -58613
-216632 -308576
290617 735489
-611401 -1195729
581346 265873
-509072 555431
763744 213380
414513 -176057
-53917 -714775
-3844 -450408
211762 -345880
-336354 268234
141015 9663
1398728 39781
-367059 381440
-239933 24363
-83926 -25067
-231158 -158591
54618 630616
388768 -227857
-738615 -165998
43135 698506
-869111 1070834
-288344 215530
-292397 540430
-338896 88635
-323352 128718
236882 70857
-31343 382307
493872 -819623
-177149 -351671
-104220 946815
44576 195807
-237112 -602542
607098 549045
-318148 150028
238126 -395515
430971 -435743
355948 -294263
-98876 -311624
-657013 96790
309841 1009533
953780 -876292
-47537 -389630
-269653 152805
1221078 324555
-213701 -166201
-664165 -147454
-197215 841286
-683120 120374
-1033401 173787
1125092 580237
435138 -234053
-683842 -143725
-433791 234412
-571394 -26825
361519 334643
289301 -60456
-31417 -1102093
-419841 665156
-310525 -605212
309494 832792
293540 791988
318829 218434
-487348 857467
875824 -486343
155903 431687
903121 -2418
-630274 -550551
349987 -292517
-287962 -462393
-921419 667275
1373533 -371620
39856 157519
-188867 483287
312392 801335
-1581908 261499
528492 541667
-190765 424646
21664 159654
-612071 104568
661432 -3558
-998469 82637
-220193 -230663
-492351 1032366
-541309 488111
414264 381949
431704 -173981
734119 -179256
632189 -110619
-949770 -66095
936035 291447
-650220 53246
261027 -208389
584855 -213378
281285 80211
58356 -441641
652345 -883518
-157523 444071
-867095 987913
-730457 -82452
-665038 608973
209703 -852300
-1055620 -30100
36406 674473
986884 525513
-899866 -303869
335193 -544303
628995 195873
-320251 -1316922
-525681 276572
-706643 -546162
-277549 69410
-170992 320805
94705 135759
375720 -186223
323092 -99586
-445046 -312184
518814 -240590
-713848 170543
-196960 722276
157704 617284
-770932 94278
48847 -723523
-77439 697044
-249476 107497
42188 609771
1513373 841247
-257022 154496
-59807 428541
551175 -264621
1019334 -484823
-53747 45602
85076 381490
-74498 -279640
-315280 134092
331716 -368638
689265 333808
1036599 471689
338923 -329408
242011 878439
255479 529992
806400 -58026
-148476 -955983
2170 -437430
-146541 383107
645225 -226698
-95833 463716
189223 -354822
522751 -242890
-742975 1032990
-709288 -1145638
483789 -183786
244097 525892
165228 716020
-185324 473913
403060 197686
-247132 281888
365093 364841
-16282 -122261
722333 370073
303557 -212575
-382385 288755
471811 -444328
473265 228676
-119578 946938
-892992 268332
399957 -7404
215104 -436391
25951 -324404
-1378278 -181906
302595 137660
-1044268 683180
135596 -387682
135842 92215
226585 153327
-741921 536735
-503996 277110
353945 142400
202084 193296
321662 -562703
72558 -627060
472628 -776586
685974 2139
-379505 205052
-375288 1489863
-149360 -437297
-171826 -806834
343982 139615
373432 -332913
-703741 200688
70015 115019
132379 -160529
-395868 -830551
95029 286262
-43389 -27331
-431065 -744256
-434073 34673
376513 -1328004
-312531 -825296
1297218 506597
1074692 229100
-877120 -833346
-613356 415604
-402776 912377
-400267 -713353
-290888 -40372
847508 -117051
234669 -433549
646587 -362739
-655568 215469
325957 -8655
-314568 -105914
-818652 107564
302762 -120933
-582394 839838
1198978 -483100
-37646 226826
-90919 -623958
