795752 -327606
264952 -278839
216560 174534
676852 321240
-621673 -86202
-698417 -288651
1163625 752491
-377972 424585
-150142 -803871
-681625 -923774
-112641 158502
497127 -101251
482693 -497659
-25472 345513
-179492 449296
-685767 -1102871
246857 -844087
-119804 302812
272534 -677076
117315 54253
257295 305296
-30695 280879
-560738 763630
240892 53893
913029 -868965
1146694 331051
-467767 -309859
-865992 474859
-854317 -501024
-255933 260721
26310 -411596
615430 1445737
186683 498040
1385369 240338
-316781 726906
917528 -80428
227139 1045984
-841827 450100
730075 -126488
303467 -62319
59928 162941
566908 703032
-161512 137783
276721 572106
136303 -634346
-70010 138420
152503 710535
-297357 103703
305499 1013536
672806 99618
-927640 176478
31963 726574
-484695 539626
-454212 816523
44341 -411446
254261 -378521
137580 446130
620961 943408
580201 727518
-940200 -164763
-341908 -700363
479504 -831849
-478824 -131715
-718984 -434136
-238275 749285
-430057 -350799
-336352 -418963
-262994 -7843
-179863 -995034
604976 7749
-279724 -839389
382348 -573586
1179805 1171623
-1089540 -396177
684408 163891
854231 609184
221818 39486
313093 -244579
1144331 -701600
-590746 78559
612038 98958
-386132 -367158
192105 144843
97408 -328610
-517738 -536852
-185193 -160535
690297 672506
-175177 241276
-844413 210725
220377 178911
795134 -555251
877407 288209
955554 -145796
-284050 355684
276561 930369
326282 -905100
976977 -138281
-510590 273734
-779106 401621
375463 -457426
97708 -1343999
747356 80491
-591988 -571218
-271670 110180
-608821 306449
-411175 392466
-52830 -201180
-596126 -117892
690471 538014
30148 -519013
-72947 772269
184475 -104092
574640 -69166
403698 -438753
-156337 -501069
-512901 1080311
-618117 -764829
338313 26735
-165602 -161487
-341050 -547891
474750 476501
-478348 -59651
-104216 -538179
-287350 157371
67232 200315
454804 492348
-394458 538978
-166753 446611
91005 160443
337910 293175
539098 249208
-778307 160430
681055 -46867
-262570 -251775
-929934 1155183
466059 216795
702082 299115
-501021 -408132
-618457 468342
211947 394566
754711 486619
-732864 1455977
-353427 -917613
636069 370451
-237849 -35308
-931701 1017864
-466026 78158
-324204 -116363
-603285 575258
1597588 280549
-84685 250665
63001 -150536
-268996 -662786
258556 -211206
834340 213313
185736 -65168
322682 522229
250340 -794358
-49209 50665
-419307 -287589
-509573 -422945
-32922 122884
211153 -477930
454379 -45532
-554924 -388969
-56628 -643127
-288041 -267273
-489791 227866
448188 542982
-66073 -1393454
500768 -110049
-201135 126168
462187 602407
-49635 -716190
289044 500023
54535 -178447
-52389 268919
673840 10917
811474 97476
557624 153740
53084 -224976
-153365 228571
921477 41007
-438333 11838
-330926 -158558
-921556 -87675
-263392 -598806
527983 167263
22272 -219416
-476786 -575827
-531626 128771
-271721 407860
643526 544367
-280816 926494
-252823 1052722
-587481 179079
216621 -815384
194125 -863883
-430536 448579
-152393 -977331
800705 868256
-1014996 287965
-353751 -639019
-575247 1091198
-974800 -309532
424101 384705
-649766 -706101
-84240 -159818
35436 367881
196525 613154
-999224 -633903
-138271 -61137
413753 -990892
-10118 328883
-566723 -979517
719520 100702
-189655 328427
1257993 -903582
-239844 69200
-229678 -317396
-19853 -422198
346283 307243
377550 -98136
-393418 -178994
223764 -1274152
283230 -52104
492298 317831
-280434 -895665
-444981 4237
-12132 -412272
90688 -396267
358186 -420202
-1217866 344700
-417742 -1217726
111819 -287577
-669754 535432
74455 -71947
135960 78447
-679725 -904636
1360303 -1135949
-395718 -425850
-136276 -107286
98351 43515
-491407 235662
-366409 -990309
-334067 365762
245218 -289133
871461 342704
-261767 218183
-30779 -25493
-214019 226176
-709502 -283760
-433987 -82190
821701 521186
-228604 -80289
311154 576671
70526 -74558
416371 -445618
-9126 422992
224369 81594
-284982 -597686
-699227 87302
637721 341555
428798 365046
333645 -11016
-197389 663868
-191156 109541
-252373 558474
99817 932093
-534045 160559
169419 -801913
635490 71227
250942 402250
121381 24217
478669 -116400
122071 164459
-958468 11886
-36209 570010
690819 -510715
-41568 1074467
720870 -20034
-282290 -88366
-382948 969626
-1193310 -772656
-175636 -1378796
383647 -76367
392640 121896
-825588 -855417
-212330 -364371
392241 -376714
300215 -144128
260182 -1382294
550260 -102852
-40576 -1032834
-401644 -394979
78534 -12824
-1609344 -167018
514842 79747
495236 485042
-1234465 16361
-429816 300997
-142022 220029
-1013805 324601
-26434 -153296
-103940 -560307
-357052 302200
653830 -20690
-95803 -378696
-545203 874715
305622 -62049
340022 138262
521710 535934
-770060 879996
-289330 -652579
-122010 -96278
340875 -77292
194671 279509
67036 661191
-176413 -861211
732465 1203888
-338747 -464998
692258 -754442
-91566 -1023729
-974902 376809
-502097 228178
10568 458426
-181546 -538801
-185517 -1032363
-62327 -246774
149027 -360881
101333 -194528
-145938 -632475
-456443 622796
467347 211528
331101 1254915
10913 1330245
-641913 130805
-239221 -770824
996594 -308601
-143345 -413254
-89263 145939
-1016276 635599
-433043 -61390
-818571 -249281
769348 -314031
175078 -749693
-165196 751044
-1576220 -1326785
911255 230444
-658189 -297030
611819 -1211910
527453 291996
644022 424728
-1179802 801778
955852 -8407
631942 -78625
468856 1071607
-329755 -1424902
137232 -243806
-357397 181702
-253836 663074
797402 -349701
-299632 112909
-421307 -316884
-364035 215317
160791 325623
210286 -732258
-15028 -444179
583049 -696206
568722 227846
-30770 425330
156075 662303
-4206 701967
633920 229680
-210597 791240
799805 -209886
52682 -1139749
-49610 509010
-43892 312759
-523591 -302141
-682527 -838416
198780 649006
427722 828379
449734 10705
-250552 -902308
519600 -75966
305421 1010804
-1683256 -125107
-477846 -404175
-361958 -84097
219193 350558
200260 1191827
-1238200 -962095
-542338 596579
157926 -181933
-68045 -646623
484364 -866576
350027 -468626
-311004 -792893
-1117609 -407867
339111 337438
682569 -431879
-776521 -594967
-434757 467768
-671645 -22961
49779 500818
62727 280974
-158017 58162
-108762 -132660
-306650 -991960
511020 310120
-690946 1009986
-969144 -757367
396922 -510115
-86725 -88188
3021 -1017957
281698 -10023
-664696 252002
247966 -239923
1006904 455843
-243806 -232031
-582128 -292028
253448 -620320
945144 1203390
219366 -593227
-280851 -122233
-171592 1445894
144702 -211037
77420 377880
-171789 -1282846
-744985 -106841
-286700 -641750
200068 -900366
-935839 82532
-594507 -1069039
255100 -187361
714929 263547
-88412 -1144814
-640888 -549294
-205049 -650952
-343282 158930
34958 -352172
-838446 605870
683014 162743
432697 721878
-9778 -113348
667837 -299598
-552147 62172
493479 -691379
243108 171455
-478194 282411
384456 -224288
810554 -39097
-537953 -621209
755774 36587
425211 -310566
664707 -965288
248218 -181263
589133 -1403751
439914 20203
-383756 -41569
465250 124184
-528040 -72427
501061 -794291
402487 -301197
-49172 1458526
-1011977 -134938
-189691 777681
-727698 -366924
4997 536801
-278651 -58002
256310 -1008857
482511 -396246
-82518 -230390
972 -91694
-267700 -323107
-1135236 -899667
28539 -1046308
-70771 412494
487634 -146379
-63086 863519
-872466 -453080
82434 445180
-89881 -646698
64594 547548
134094 322262
437968 -420139
-985195 27829
-143241 118826
-86858 -306023
-146488 -661553
-1063143 -111107
500844 -336821
811718 115199
-676720 290925
388565 -69645
35475 -309180
-1134564 128050
690801 -389975
633991 810410
-97567 -109753
132803 -265231
868014 691867
39212 339540
-447016 227280
550746 -186555
-326562 -364494
-52328 700496
14612 176820
625503 252809
-125021 645160
331984 -225252
-711786 -698027
409524 276536
-404267 -635415
-545440 -600095
117361 -390350
-80896 -580512
-793056 -213701
-161038 -494455
1144000 32682
-274971 -631951
-306019 922482
-189992 662138
-109740 -1336124
242119 -249949
84825 349602
-227999 355400
599499 467748
-771736 233406
-387817 -946307
-259957 396370
291451 -622925
598708 353478
-4208 -334707
-227059 154826
-730365 -454983
208300 425260
-145066 948131
-328614 -371388
-50354 380121
-367440 -257125
-876802 313024
438692 -28364
120978 -291390
-27961 465083
-16268 442288
-363014 1006086
-203871 12102
311845 -429612
407811 -132555
-699195 563533
-265908 652768
-918339 -284419
595747 517369
-204660 -550607
-391463 -375087
268062 -190834
-264694 176374
-1077190 -440995
-481727 -292425
592495 -212683
-271842 -293196
903032 690725
-193320 -371912
-606503 668195
-38475 126195
-115003 139267
-359427 165201
431192 101650
1439397 18643
-536027 -360440
-850486 325515
-386112 34819
552419 -72377
-288093 -225544
63040 716287
116715 -464875
363237 529585
-643526 -1314737
528811 -284306
-615690 1181594
921372 57706
232043 696485
152709 -59628
-649243 24172
-182347 26626
148229 -119050
1075630 97390
-212308 -155476
-642900 29392
-559055 757381
82678 1086205
162526 -972444
-160769 -164864
460972 981622
254576 286748
-269877 -911877
176485 -274342
352079 -401475
152529 730791
-948170 154164
550292 572694
726539 -581980
138480 -139254
-504896 268942
1052889 848981
44603 -585385
51525 -659240
382171 383082
393963 -857557
-272931 268485
-94867 96824
-705701 287988
123573 1584628
-411992 1836
61821 -1036841
-366165 -361607
532520 -853597
-1154308 321198
686774 -66483
593478 -928595
714475 -232525
737391 561525
255938 46768
623104 751412
1229351 209512
-85262 -471507
-232308 17633
-836843 -484266
10719 -569107
-1135048 -45419
-1107094 91389
-33125 145744
950812 -230308
-773217 71062
-501674 601927
-60232 477360
-487137 -701029
212400 -338155
-268280 -243961
402612 -86205
391352 -200814
-1109346 -594832
-277325 117094
-954316 -509318
-49472 -68268
-353236 816033
176252 -370608
458416 33642
-504308 1128788
-312576 -330588
-661360 -772398
682270 140683
473973 583281
316986 -175321
-10063 -198128
222959 162741
355640 -636449
-955161 1023350
586459 10779
-41686 275730
-289113 -805325
709040 89322
-1389730 101785
-44612 -453273
-7786 172000
-123699 925353
-437822 -778291
468345 60539
-273635 31494
195531 1009973
173704 -305166
-1445548 -454439
-473384 224035
-222549 613843
56694 185056
-577462 61137
-1404632 771409
-27161 -60783
112903 769871
-204808 -825844
-273091 -186708
555698 -24495
256016 158277
33525 472590
-28098 639423
606083 187103
-806021 -34947
789978 27742
-19964 -151061
127881 99073
40685 323837
-16121 -453113
-304883 652025
335780 -909580
889790 309001
-208438 877850
-614686 -1404938
441244 618368
186078 -31977
-656981 -519123
533416 -74728
474278 -444461
-328145 -285705
335914 -873000
666267 680952
-59849 -693562
-124733 -525597
100844 188263
165395 -489774
175522 -73952
209262 -863856
361183 -49855
-1000634 -361574
628662 492780
299631 -836193
-1275444 377635
641929 565645
300402 -388069
-110016 34043
426511 -471828
980855 -291625
166868 193273
142480 -24709
-36760 -585806
1043286 -162894
-101991 -593920
736354 794373
236057 -639998
106121 -482000
-163375 -279056
275243 210423
-113470 -311892
205940 -510548
-85609 -21769
-423411 -1014986
129060 546245
-796612 634994
-379310 425003
631113 -527
820132 -447356
425322 -758015
-444855 813500
64142 108175
-1283790 -90226
-196528 215206
-1144093 185239
265030 57890
273460 -200424
888708 -519652
-1094883 -328490
-106623 -480064
765413 476036
166898 -329984
332464 -1283945
387027 -48229
926837 -914220
360452 89753
573029 -652901
65561 -590678
297533 330096
538290 -443946
-175310 -201983
-718560 -545875
-427964 -391145
1269570 -346970
50432 -432612
-1189532 877605
243769 672171
224680 168064
-502560 -1103531
-402041 123322
514830 106777
501308 896588
-471760 -369014
-363213 89163
-117074 174233
-675731 59756
276280 293777
191153 -57796
1419043 -307722
761219 541691
-385025 -937310
-548813 410594
-41774 560629
324541 -239955
357407 -364878
642963 285039
-636671 -67292
-75609 -972548
-181692 318045
57834 -157540
-411543 -545537
536223 -537110
51056 -750927
563025 475748
350807 467518
-220630 550493
-11875 -916260
317581 345814
-733794 -918800
-517600 488233
-36504 -1345649
293475 165696
315017 56501
865091 249814
445193 -389429
10395 -353240
126275 -234254
330305 838347
-59709 -32575
274489 -403192
370157 -21439
335657 545816
83523 171964
329338 -1065690
-710304 -252346
-1123389 276081
-554415 -462465
185520 686831
-1567033 -962037
42430 -472797
545213 -980763
-1046485 -724760
532233 -441156
306006 50599
-593988 -371005
-1052527 1104285
-95376 -756779
24963 -794576
163344 712635
507783 -386626
-570072 -275851
575504 186022
-564505 207514
622175 -278216
258160 -433127
-664154 870953
-2179 491619
-518898 65934
404715 -118113
488132 -302680
136692 354265
-255026 436977
167086 622086
496345 -122565
389803 1324960
-449854 978877
-84762 594841
447304 -371252
-129238 576120
420888 102663
-482829 -46641
-593469 612924
406912 -174137
208447 -523730
39245 332025
-167372 -369593
-391621 606842
-791869 -38438
107235 139245
759644 96921
-404106 1305110
407573 321206
909272 -159281
-866818 -1456320
700006 -612154
510319 -259518
-734010 265644
494972 -72543
-399777 444570
281038 453534
329735 312031
242487 573902
143824 624906
-526105 157994
266579 84598
570779 186015
-41299 -688938
-883575 -666957
199433 16134
-895852 -501309
-310689 56581
647603 428911
-575828 363643
194940 309955
-445906 271035
-471756 -126671
-322901 -146708
276519 -502986
-333609 -682683
755097 -409627
-21956 -393485
920443 633153
-191178 -201688
-548591 -62014
-322230 337654
-274593 -443566
-95235 -40791
393244 -353539
-1013430 -391959
-446400 555391
516947 -391202
-746983 -272276
-203726 -22873
-726467 462401
731670 1167083
-1035424 -122334
-66444 85552
-220608 124994
52831 751167
283874 53115
-918353 -185726
708530 808357
302044 523610
164530 -594514
897753 6580
-321558 39802
776931 187626
-221242 -191169
86890 246136
-123240 435325
-265352 -208680
-110769 -797876
253271 -475639
-351389 -238819
-418267 557730
-600970 126252
-96356 544560
-259449 579239
-858649 -588550
-809103 832402
592247 206621
-180405 -273318
-573140 1241601
696068 137044
966462 64952
-434447 75522
14213 402323
718337 -379379
-729233 427342
-90191 -135172
167639 348306
58915 -689057
-704918 443717
551889 71590
228798 -364633
161126 1151704
-685074 -197061
-318689 -807179
-387787 -90755
-607098 595217
-101577 124604
760004 -624295
63515 -390879
40598 267076
673349 -97855
-364467 201321
241745 -788912
-28427 846430
-12994 -76784
66934 -72910
69922 154296
499728 488219
-34266 -682474
-450286 20740
92025 1685
-215878 325749
-119584 67683
-146426 -1302398
27774 562953
-334189 393222
-783311 -320978
1109247 -562440
-703902 -521996
416778 -107049
-1719444 147442
-415191 -377705
-234185 105096
927877 777852
-331124 -462250
452931 -155086
754853 113996
-448768 -683362
-831048 296959
374942 259351
408457 -691370
-681159 93098
175054 368469
-466821 -597578
-29963 -1068126
7519 13959
677186 -156918
-1608745 -607098
-425662 -449205
-424172 -74040
765938 -1482955
732198 -1313141
-589304 -90838
157219 -148730
256737 426341
-206599 653184
-126215 63820
374632 -727043
1066171 395703
-112421 495645
-419320 159384
277987 -116766
105504 410239
-10137 63363
-1094804 -106800
-136547 -324149
359555 782519
449855 -91818
202597 522957
-320969 134106
178924 761384
-694373 304593
476717 -618034
-674208 -238586
270765 106597
-260745 -1301372
-270881 978581
-265144 393204
-596270 333622
-179688 197224
-1007834 398361
-222342 -619552
-219636 -536583
-310227 -22933
-103602 -1087403
14436 -78952
115284 614918
539796 191596
664800 -299502
-25729 -1145835
104896 1150811
-246696 473152
27391 1012100
-152397 -766930
-100702 -333900
542061 636276
1234170 -110228
479357 -504891
-825033 26280
834721 -162254
-266734 -212913
189298 -272399
-286354 684184
403697 235672
192778 147442
-331150 -631252
-576392 -289087
491455 -381108
-66718 264968
-25182 512174
133559 714407
106289 706757
156659 -166143
-41335 -40326
989458 649075
-441680 -40986
196115 573708
237609 -492150
-97329 512297
-287211 626854
-209726 -1169162
538112 -17623
104450 -382691
-785673 -715979
314863 -276677
-256797 -635229
-17376 -262697
670313 -138441
-727918 -119031
1004790 -310186
-147120 1151305
-664411 -163079
-396345 325021
-744216 -69203
-667498 -105246
426272 600483
-339108 374787
-876270 352581
-143601 326972
-248587 -167209
1042644 930837
-558627 481142
-123134 -119265
-163152 -174559
109735 308559
443400 -66064
145834 521339
454166 -727791
1058152 262583
464754 -473817
1033129 435474
-80090 -303014
662546 -112679
420149 -987301
227787 -29966
-900963 171849
-831478 746444
331520 -363586
-830024 -90855
-290638 258847
261902 31744
-330565 -355464
468648 266003
-256736 285203
1259750 -190129
-683398 448748
232120 574763
-231844 -109563
529687 542083
1031594 -1209948
-1190411 189419
-417295 20688
180774 47704
84913 -193251
902915 -489654
276546 -82566
743282 -19630
1127940 226300
-1120779 -102100
513418 -61053
-23980 214995
544041 -1032580
-532714 -652115
313321 -588279
-369833 436540
-876698 608281
622181 698462
354476 -54741
49746 -739155
1876068 259110
724687 882453
448941 388587
-387286 -387750
-530162 -159810
220924 556735
69620 334641
-106939 -973201
825259 -452004
-156653 247017
-396287 406031
168490 260785
495446 446576
-161800 190947
148986 -149263
-203354 918625
456754 -320630
-516528 -759849
100564 -493037
-538480 -259551
571869 -456053
1117205 163018
-124336 -398973
107003 -237410
488189 895255
-555976 -864834
-759304 -392154
-17001 -50110
968964 134711
248088 -568900
-75855 -284351
1651911 -115096
598266 299105
-673388 238492
15052 -685506
-954127 -80254
-914479 -466742
-192291 -885117
-484806 -510403
213704 65116
419971 652105
141475 -680543
890757 208437
580524 -66876
-410858 672676
177765 210378
351914 -1592098
-1079675 -403498
-313034 727989
-487442 107366
502344 460374
496837 -109176
102676 137836
-432610 -109746
-164266 -1169174
-493500 -848929
143462 373338
-192796 -6182
-266048 -215096
293750 313926
1062321 720011
-642550 250445
-1071753 1046581
-218703 228961
386676 -383993
99409 100641
520731 661846
-548324 921645
-470615 -44497
-332763 -353042
-556554 42041
-92260 -242476
1379 -298895
-149817 286880
-467163 -683954
97375 458835
365865 -359671
-643217 -903966
-52050 621393
74047 -487366
-498413 468941
-621802 -924381
-740898 -66597
-873433 -468601
298502 -1565807
632985 -222981
-716578 377837
24089 -3501
263159 -395900
-1351066 341653
213646 507490
-411290 -431712
-86298 14366
1002077 487959
-113658 737791
-101490 -116160
460240 356013
-186826 337090
-848286 -108441
38770 -159232
1283422 -29014
385961 -243616
563285 1251977
362435 85420
-199814 -222974
1059417 -521974
516506 -950639
-455512 247166
-219637 -710826
-1026294 -12267
86870 -773996
3985 593402
530084 259621
693537 -171304
639602 -1274242
727199 970650
-607456 -601104
-424485 449974
-638558 120331
-443326 -977455
73566 -201488
-369824 833119
335732 -316717
444054 1211115
-723974 -20861
160241 170552
66221 304734
-582624 -224098
11202 452269
-162636 -462747
-170922 -389794
-133100 572677
-607452 251110
439910 225438
357472 386835
-52680 -41646
-77777 -263589
1535054 785984
-570351 411365
24740 95490
-615578 724064
6907 776505
241502 -140989
485252 -288837
-113533 -588462
159099 -394292
-302179 -110663
337630 -112051
-57625 15696
-596838 -567295
714170 424150
-204943 -223003
-433778 -332497
-940640 68555
519111 172091
984516 -358977
-233096 -389155
-409585 -1010767
704529 -736185
-280661 -608767
388817 -1108027
594413 57374
-456817 110786
469160 -250650
289410 -353469
-1344388 -777792
111376 -459367
257491 885314
263154 267961
-410457 -99873
-227278 -1006713
182766 -146788
-124949 -148168
362294 120301
571261 234077
-1209051 236833
829641 -492711
911419 559061
843949 -196578
-225386 -819739
-214716 -118652
-18729 -239705
-120004 -520790
-697580 -400525
-817395 116338
388611 1122212
201949 -129869
-14738 -815041
183052 29216
-925703 -232331
158202 492606
-292612 436424
1078470 373271
302064 -649366
-308750 327046
-185788 1301120
181231 572283
-30005 171800
367900 -515106
-39066 -170631
206527 -693133
-776891 -1116774
199678 -599136
-323369 -505605
472723 40950
323004 637210
-124328 -447926
-637299 230193
972840 670251
-517620 537283
-66849 182153
420040 -204621
-84464 -58168
-74191 -650185
-624719 -549984
268104 47349
-124923 138183
693670 -365293
-261226 -665193
769775 553613
-60743 22714
-116657 807661
-182226 766155
691382 -498231
179584 770909
235805 -545922
-579577 467229
193978 454632
-502140 -256859
-898195 -106223
-940279 -1006757
342882 -471368
-375190 -27409
-619717 488414
351650 -406142
246299 500545
86817 -236633
229713 -300012
55081 1237757
-62706 753273
-813817 -687509
-773403 934151
1398233 -247633
258155 380570
352157 -618844
557252 810301
-551384 -465624
-173642 188582
-974787 -174994
-747580 87242
-191126 -318110
-285332 -543113
127302 120604
-303797 1067053
369076 11780
472218 44376
13812 -115551
-517411 -20397
-520847 -363609
-148536 688329
-800336 548397
-54843 790561
254793 -261530
738939 -576730
3024 389065
-161250 613278
707752 -244981
285764 -665970
574494 90966
-399375 -1273560
751245 41846
1176445 835633
17279 587054
-535344 687723
105469 485446
-1049834 -915577
441220 -234810
-881543 -336162
61720 411874
483148 328256
-723168 690404
121989 -181677
-444872 41673
326471 924585
-330680 -570584
474116 744813
-631614 -1043178
930846 -132902
-134442 -615050
510695 -79499
458964 -309130
-593416 1202511
577108 62061
-496916 -305629
-663373 152004
-161710 125813
1883783 544335
-290581 -64058
429399 -348456
-172500 635235
1256877 -206429
530460 -1087376
-407867 -503969
-122900 -280657
-935545 1170725
-674688 -976226
268288 224769
616440 -206016
-958526 759676
-940814 -113554
712030 -57405
-1104461 -326774
-152758 190318
276823 -387266
235590 -568131
-378355 65362
57244 90230
538505 202862
-461317 423118
-186755 165006
19504 282944
-425309 -635965
145101 1156096
-442151 -650783
250583 -144860
393637 -309910
-804788 -1315800
-313411 -430149
554984 -824515
1030839 77282
-446706 -418994
-559139 191580
209447 -426943
-616435 -1062434
289536 -165232
-317263 -325014
-457231 -570786
-194602 133387
844052 -207986
660325 259592
-16366 903826
-339083 601428
117209 -641241
-707087 -929721
451514 270709
-180539 364143
365126 250651
-914210 210859
-771344 1112777
628012 -227627
-9529 61779
-769022 -139527
347095 597768
-971563 -505820
-111096 -1529516
304358 381519
827446 52644
736300 -232238
197414 256335
-161218 283125
650919 300583
-678708 -124220
663104 151864
356240 96870
-424515 235520
641563 -70400
-518058 -334177
183447 -266044
104661 620513
757557 -750874
283418 214453
220322 363002
509713 440864
983527 463888
359845 -590985
-59333 -27225
473710 651160
-1055053 -729811
743774 -333873
-47987 -486830
296293 -418793
320005 -338957
527508 311812
549307 -180990
-810651 -638664
510260 4128
652001 1078605
47429 204535
338022 228408
524250 368341
-24123 -620482
596185 -58214
-110240 -292874
448608 -614476
-63124 -547009
-270501 399111
-370616 26907
-54701 -10139
-357082 255848
264082 108876
-807463 1066719
1093727 79486
314055 325206
-192567 744937
-143103 -61752
844450 706098
571039 242181
50234 888285
458782 -35650
-306317 381303
701089 232193
673172 177924
-185323 66072
-54362 -271928
-335313 -351589
-480998 1069485
-427428 88524
298243 -384761
-1027940 357184
116769 -317315
823180 -182329
401494 -423456
271332 212351
-1313549 1052578
-8244 280980
-132209 613341
-411757 -191025
-425041 -386998
339256 245102
-489234 -1099928
790239 -629528
399000 -353683
-34356 377317
-199231 309994
258460 714501
89098 -72929
-39653 392405
310459 264642
-470833 -110537
-1403882 815067
44259 356410
-294067 -133877
-209278 427916
313024 1214006
-592771 157104
-314223 -488962
216112 -314944
83230 688033
-524246 -1113367
-485192 -45903
287833 484094
-284012 233593
-170144 -15439
-756400 -422973
521163 571579
8509 -224205
189649 143829
505057 -508278
379696 -342308
-1063297 -551422
-592084 796837
-224312 -543310
-117686 -536059
-496931 -816045
123636 110265
370624 24846
-59777 -16678
55674 348637
-127508 -663475
168864 -227234
-81459 -20336
-23428 130739
-297270 131886
-73776 380160
922689 -1297189
-7101 -370367
326259 -55133
157973 644821
-37795 369854
173442 412669
-394338 -410225
-524822 641022
25621 -659210
-470429 523423
48098 -219631
881173 649940
489359 21809
-318134 -106594
354091 -101660
-168140 735586
424029 492113
717256 655649
89660 -191978
849496 -253580
-62587 350452
354606 -237417
-438730 -195177
-55758 100993
2944 110034
-526030 73815
-197549 777236
160787 277285
225633 14158
966581 -204496
-1168016 351893
893120 1029851
403422 -391383
-352314 -507780
289847 -1112646
263570 -244537
-358655 622930
764068 91922
-1685480 -130029
-137576 770936
-35768 -42710
-131645 -178461
-673177 -36095
31077 77735
-356529 450258
208615 146162
-573208 -153498
861974 -193509
-524546 -131448
883777 545523
242106 -284920
-676078 -50459
132914 -153265
-161026 -550767
-512816 -668076
751145 48895
161635 258637
418030 -477385
-1266809 296222
315508 -196499
-102553 -283765
457710 125699
-321493 475736
264143 918600
-220194 -331149
24521 1047672
63053 -148340
266546 -237432
231570 -661507
1470708 -555236
-277401 -447649
935960 291068
44054 -34806
-189224 395197
-379758 618814
73707 179085
62006 -490696
-405573 -28676
801974 -101262
552245 -716651
79203 -270801
-225237 813381
-565964 1050516
59401 547258
160099 -486074
-64848 -104440
-203308 307515
-501208 -954249
-47580 473491
-121653 125739
-109945 -873646
-941736 -373483
-41910 -556846
466326 -300191
-217206 -843980
-591144 891554
246811 -18373
-237264 807487
-18329 697205
41242 216100
-348423 587778
234232 -837125
-97263 -265190
227400 1544621
94723 16824
-106455 523728
246475 -180731
490744 -103990
200390 437039
-357288 -492453
-384844 100003
669500 158291
1029275 113996
225753 905144
1165393 -486299
-460924 533106
100328 -476879
-578585 -51822
212320 -895893
-873815 496583
194527 -836053
-737434 -148165
356806 -160259
210115 -438040
-280358 -449107
323969 40477
-268494 78555
125629 1008645
-242323 -251078
8874 -373967
51868 -617236
-440433 687855
257910 -743384
-22078 -664658
-746255 551746
-303475 96419
-154412 944808
-173233 1293523
-451962 -91054
571392 -279000
-82206 -730329
263127 341676
-278685 258756
-279454 723325
119863 -346038
512700 5458
793508 394303
-1244779 -121809
136284 -429053
-146930 -111391
-79531 239736
-885259 87832
224467 -433048
547323 -250457
-327218 -269745
-314045 213591
-74625 220186
608373 60507
-1050594 51177
-261742 1047987
325877 -739909
323691 32464
145931 -458153
-877196 -103719
-543242 -51338
126668 -41456
-1008281 226700
-183295 -48391
-897999 -291317
228707 -279437
-20605 -11427
-523568 -88704
-357601 -583669
115228 244135
145792 -31551
-569343 1461165
-123565 386472
-475046 11457
486112 -498934
56447 153849
152789 290479
175626 90172
-1070687 44223
-49790 -84093
-602308 494573
189827 165733
162234 -812977
-160387 30229
78560 1052868
-727607 382240
716297 -429727
-241429 -105533
959789 244631
-765570 84538
97591 -617169
1249789 420469
-164991 142175
-240454 -619326
42028 -807130
934387 -19449
234705 127543
623043 -632699
-686340 347964
-36079 382928
199318 -682127
38402 -296961
-702762 105888
-145198 -408734
-705548 492447
529578 382015
-2973 531820
-901390 646272
-866745 164633
153706 -580413
39522 339261
580418 359829
-731096 473971
320359 -343929
-531992 294966
-256791 439747
22449 -905803
-929960 953542
-330416 289116
-10757 306657
615674 -487649
-1139824 -1165733
-153918 -182129
-546030 -176690
562141 -245134
-24723 -430329
-634526 -320751
-34881 -606484
-167631 630300
379906 -134264
-326744 295280
-1077437 485036
230905 658318
455185 747634
-428559 1021280
-332894 -60703
928985 733451
-163464 -368850
564075 -324367
-553855 -1073329
-520861 -112226
483944 -138459
746514 -178754
329858 196364
-292075 513053
-148820 70605
-277561 36347
-248761 -654236
545502 -518711
-878794 369933
-675442 -902079
-724153 -230389
599579 276337
-370491 -3637
-310139 -332585
425959 41281
179389 842505
-210322 -975743
-49347 -702144
-1217730 839410
-404172 -223842
-968605 -908732
-1481511 380040
-319099 -292758
-71369 699734
261330 -673376
-886 768993
-496936 -15963
-272006 -748961
102404 12556
-17257 573572
-587288 554094
569459 -85079
-121143 -177687
-180058 668695
537212 -425763
-352270 231234
1251007 -314455
166001 -225588
453468 -69963
33328 -779171
-10912 259367
557143 -1160106
250901 1100172
-377119 -385296
-457568 -327901
24775 647775
521088 467350
171108 536468
-320656 452962
-164061 1364390
302317 444853
9443 111321
431112 48498
182974 205638
7420 814469
-287663 -175764
429479 -605804
619014 528886
226179 532860
-470348 138907
-438755 -306660
-74309 -811171
214631 641008
-783832 172976
-648004 -40886
-61182 -133564
4864 -229689
185204 418671
-305078 318582
168446 228503
321264 165814
-824261 1352974
85791 -159
-421150 -294272
370314 74913
457664 223033
591402 -249483
-1136983 431283
1226678 140011
50346 -51136
616466 -37054
3050 -50375
-222674 -282882
-283119 -346811
124744 15985
170267 -109532
-328496 -442038
305967 -403475
849131 490739
-205464 454585
828259 74627
281605 -496641
-1067923 679376
-136737 247345
48218 -413536
372684 -95002
-577175 26210
515638 -710767
-27241 31684
-833019 442955
437879 309608
674829 436851
329597 -354369
-387766 -502029
776788 -508059
-477889 1036114
-45285 612673
228833 -95402
-39402 264062
880071 -548340
280102 521766
439328 -710155
1068307 -166326
-694624 336806
-930396 -291718
439854 -391548
-149868 481839
108571 791227
153460 274254
280268 563799
-428899 327039
730562 -233941
-30992 -65032
442268 134919
391255 -26519
-315153 190181
145468 -160884
642453 -803878
-510651 753020
-417146 411175
409065 -376929
-269719 280856
541291 14289
-681506 37246
-510867 156691
-91022 -194616
267309 -4827
-109958 625034
-148783 1238648
-591950 -180128
354150 221006
-669391 235233
348379 -449530
-441741 -2557
27513 -930796
-770198 -108339
-27339 418151
228615 -12025
238883 -510814
389502 -422229
366637 -131812
-62319 680934
873477 -295312
-938459 1278207
-211533 239500
34451 -246249
-291268 188112
474250 -813958
-718816 731971
824966 -129844
283123 -10273
-343679 294309
455865 547116
26472 22046
-333096 -375361
355799 -671918
1170251 -164965
1201376 545782
-172678 -17408
-485666 -172108
589577 75317
-569437 -151208
54824 -60599
-118470 114248
191425 1438514
-157092 -715698
-775802 -312802
391634 159138
-28913 646520
-822381 -1160496
466757 -7117
-27461 -131066
727481 14147
-38418 291787
466686 -263514
-654231 548218
419657 -231547
671094 -204183
51711 149645
-647065 -53768
-655392 12651
-671714 1579378
-390295 92384
-259896 -724202
-94717 475185
-578853 621947
-238111 -945970
263139 -573769
-274948 74996
-527918 663801
258601 -364965
-419091 -1124243
531647 194383
78746 -161897
-414737 234611
297188 220095
363871 397679
-161179 -28101
684174 582080
625026 -595522
-950438 415262
276069 41060
930403 -91733
431464 -207864
994699 -623715
-133582 -83673
489542 -19481
-515603 -737155
-125620 1046985
780593 -239336
-504062 -639077
335472 605867
-855188 -581621
-442197 -101337
1123673 384976
-1091795 436189
523799 883447
416863 748401
-1034878 295189
216373 -453020
-905184 1106774
307951 149966
-321282 774074
679438 -526040
402749 221014
-296349 425495
76633 -567800
-554924 56565
628090 36426
408436 -752469
925361 57826
-817956 778749
27764 420383
393681 -386924
174581 -55027
-128941 67551
-110458 40244
-138633 -784657
-593540 423351
213583 485718
627555 424394
393768 792446
-211955 -361441
881296 -91596
468493 666594
1219119 500515
-585319 -505551
92126 -1006499
180272 -110068
78292 193842
-543397 1017828
113179 456690
-331539 -630172
-742169 -138834
-268359 281274
-1393853 -269232
484890 -754843
134918 691836
-917689 795197
499326 414366
72685 -342299
-372056 -333941
-566917 1052739
-302452 -1363302
172262 25560
-176760 -85072
-111627 754587
136444 341398
-568739 608371
-648265 -262120
128477 155032
667540 74311
199222 -965425
-743971 -942003
-562936 -79790
-167734 176452
154855 647955
628056 -727667
1027219 31821
368741 -380105
-491488 -407992
-127545 527712
785375 641800
405247 -356880
-400459 -160137
-96481 -28749
-803013 -267197
-260951 -757927
-1045762 297335
597659 -381850
-478559 -33387
590514 -150897
-671995 -845843
-383830 -123724
-772037 334731
200548 1078003
1164260 -829028
380867 235819
127146 -134620
-641366 275674
-60936 -1057794
-739850 -585693
503596 -629197
48774 777111
559910 368817
-595877 591587
-571416 911089
-314139 523767
-279801 143456
-117117 -349250
-813035 -102863
1443284 243257
-537456 -238649
282302 379520
1215575 557084
-102360 506129
-61127 -145915
658209 -1162811
143039 -562588
228372 -52796
-262193 37561
-362893 546970
490372 -49268
-233828 -607508
-240966 -290183
-584065 227884
-990471 -1032739
-151215 213048
-1275067 123477
558947 -1157048
-620302 630935
506506 -371962
-243023 -2333
-16159 172858
625317 759627
-120777 -76616
-1415695 -141512
66252 -295659
161241 477197
-111147 -81879
34283 -649095
-93938 177253
-18893 830363
-176094 676960
-192593 1019064
-572093 270470
429585 1053210
173011 -693670
1075769 -136680
-798016 583839
-382570 -350952
-96359 376807
18352 288798
-135713 -406075
-167395 706267
881356 -386094
900486 -345184
-5145 583633
-539864 -447622
-726116 417482
-226784 -239835
-362817 -679397
590663 594247
319079 239074
1405570 -121977
196802 652642
188305 -850604
183005 541698
416834 115438
-501773 -214315
482444 -935505
-710742 -7552
-379095 230285
484529 240015
1277510 -144505
190273 -295632
32341 225658
464464 -386493
403674 -918063
-303108 622552
99197 488218
-398744 24146
43655 -131522
1238784 -655401
-270140 -200349
-645037 -368760
17528 1148943
691045 -624033
-14090 180936
43197 -214300
-612879 447095
869758 1255682
355099 -664916
489990 -624104
-943577 -134236
339657 75388
256245 265344
-487452 -556661
-363008 24248
-505904 187759
-331980 -102936
679273 701794
417305 388937
83568 -65840
173013 39992
219976 -227494
-793807 -410396
-870096 1278597
-34802 668040
644884 -86914
112367 406420
432753 253626
365124 666506
-599985 -285543
-962802 338154
1109221 -92917
-305622 566653
-370856 197608
-121258 245123
566411 502195
271068 823009
-12164 97668
1008632 118560
803932 811680
443817 167027
889196 -307245
624042 -161303
63828 1167340
358524 -328012
578576 -30676
-955759 572867
-872945 -48790
-362664 529079
378234 -150378
598696 618525
513479 1202732
-252892 35399
434290 254018
240418 676798
-517232 196218
257656 439475
225227 -64078
-847347 990219
218276 169618
376390 520516
-304083 -309855
680877 -226581
37158 -148851
-777685 -83907
-360547 1040666
-114735 471535
-359287 542459
303416 297465
443783 447586
11304 35322
-120836 125627
-90113 -302288
-1057551 -329378
496459 -1841415
109992 -438888
179263 -543738
251204 455681
336143 -266223
365755 -645141
226947 419899
-57368 1029189
606086 -513753
60882 -535453
215975 284044
132052 -268910
-369921 1442686
1375448 -417297
27513 929869
-694411 -474174
-1254737 237154
-123637 943929
-469458 312247
108143 -662663
-1094969 -567369
-93042 1251097
-227324 359781
300060 611947
917885 250890
-202148 177745
-396763 -966940
305334 -895410
87364 -120555
95486 -480262
238530 -397640
191161 229309
-38706 33220
325754 -495732
-72125 279905
40674 1061
-222067 368774
540751 -400805
886014 -624685
433708 -994963
414066 -1415728
443242 570111
606336 -159578
433717 -208656
-162909 -619259
1274923 -73528
308656 -3400
458782 732955
-32412 604013
116159 577564
-5172 118827
227798 788845
118126 570389
-774378 -65149
-451964 -197839
-162107 -217591
464062 858575
-322697 -77700
866680 158995
-122194 486785
-347451 572626
-224989 270843
234455 -378011
144080 701578
-183541 601837
-167761 -25076
-308142 -416454
-226624 -37578
284386 -255973
746284 202106
-25521 407660
250084 221392
473733 -39464
695480 54636
409750 -67192
260025 270790
339191 -1454544
76208 753940
333205 149074
-179458 31766
-1189931 -555190
-175179 -451072
-9274 350951
835286 68628
21864 -135815
254812 1065157
699865 269517
-215980 310215
-266696 -1309373
-794479 -135064
-1199940 -1075556
-561965 718217
545870 635484
-565600 -819249
-302399 543664
165483 -638718
-565409 -644914
302276 205280
128298 1305761
167341 -722298
215410 341413
-231653 -120406
316624 610186
27514 59987
-177972 52779
292214 763971
-1115748 13875
516202 -102997
-685170 428518
-144060 437171
500977 735658
-128665 705343
-349993 600152
-50201 187425
386875 -433246
491860 -150203
-401816 -169645
-564155 786543
841540 -164203
-329879 449287
360672 -195964
-240133 530670
-226066 105572
-117374 563653
-840484 -252586
-396039 -261704
473845 -687801
535929 432663
369417 295221
996625 -262501
1089637 676644
454804 -541249
-854297 -982693
316356 -258023
-278692 -998799
642142 356598
699717 61125
617189 -224823
1234182 54155
331115 -629090
320372 -600297
1292773 9820
92855 730570
40778 32354
181012 -479800
159937 674959
-7191 671900
-135574 -364975
693995 -652968
268274 -477030
326442 108453
111775 -630266
-648357 -58822
254286 -180672
-270569 -72759
-472025 556212
-132671 -200881
195781 669949
166743 -54900
-293898 592116
512732 1044435
991466 135094
1256192 -65054
650851 1147354
372440 -242805
-46474 31336
-401196 -531451
-473292 485850
-462931 -541727
153997 -688870
-458204 361796
181799 -376638
698981 368480
587774 605696
-236204 -166788
443171 -257597
1368910 -32593
-247190 246033
-219485 920470
-93524 399433
625276 -745082
207906 387351
660698 1008540
395924 -313051
-989215 -698829
319920 -839101
-250316 401112
355599 1064828
-986449 -588901
-555522 -84663
-640827 -491105
-36923 -189361
870937 -222434
527666 -503829
-225582 338312
-159649 739383
208585 226167
665079 482884
-123121 214183
-76816 124930
-59333 -223616
138797 688020
-88208 -481107
438960 670339
198615 323093
-395733 567821
362159 -140281
-54747 -184760
-1336241 211828
-737273 -85977
-94409 -348615
815207 -492087
-462524 -134077
-198821 94321
-1501444 192849
900740 -1065259
511010 133528
-217459 -569186
290074 394695
172265 -97540
-847407 15902
-308613 -483602
922655 -12960
747336 1199232
-944856 -564777
-26256 -836992
239394 -121541
-587762 452024
534078 -158677
418105 -740764
127200 202383
7470 -916406
-361699 -127707
488741 -625806
-201131 578004
124966 -676145
162357 107692
-618925 -208058
600942 -74750
-370014 -351083
-912404 -246338
-835700 -268106
249818 -78444
219354 202161
-341150 -143916
-386305 510978
-500725 145955
-51977 552449
969794 493726
26516 -543657
-134530 -363741
-469870 -147007
-547523 1172024
255815 356066
837005 849626
509244 -306926
-29310 -1341382
764551 288697
546896 -563560
-942917 474518
-931630 251790
-135091 610217
-539562 743266
-400406 -538894
204157 -245451
437193 736785
643545 -609796
-693977 115773
920147 174278
86222 -299477
954963 607959
1618371 58070
402757 195268
747399 -290770
719691 -249270
-454952 -284099
629970 333284
-468323 45947
-161316 -777292
1629408 -80125
179116 336481
-663242 -469561
-460944 467070
-23311 -76199
-191129 529485
-221108 -632186
142093 -47496
447732 1072544
222831 -411679
-115400 374960
909638 -584127
421666 28046
467085 -338797
-20512 -904441
-22583 290421
-310583 323859
-61531 -88937
853747 107409
287160 -601529
-621580 560201
-1230924 143908
-454230 -228648
-81290 -347548
-50438 843776
215868 582141
-277738 -447143
-737103 445442
-172460 294405
-862774 167412
1087327 -1215617
-157270 191946
107646 -475231
140630 -118320
429961 185875
671724 582620
23098 21130
-818978 52046
39174 91918
2530 125822
-1017601 15930
118465 514302
1751287 -223695
57571 574303
715288 -442713
-370757 -791293
4621 548434
-147558 -590339
132634 48752
-511897 146112
492449 213805
549822 -453108
221902 -702196
140016 -75741
985137 -371528
-1001366 403487
-694234 806895
520393 40342
458142 -288433
-1056464 583481
-206231 -244451
461674 -188368
257686 187530
582198 89737
-453843 -408382
-273260 131107
229650 171011
-184128 -106060
856101 176827
47040 -655516
46013 -149435
1125628 90225
325931 -912760
-238271 -263659
-865144 -183979
-538706 -110463
-521556 91984
348629 -253733
1034563 -191986
-399839 611392
-647849 -213537
-106968 437824
-352818 -205637
811727 562033
718798 189799
-296734 760760
-141500 -454002
699243 -968802
-399400 -440833
-721605 -339333
-247244 518113
-304376 -381826
-222935 -355666
-80521 -197428
654511 -180768
95517 -356825
253996 -7878
-410136 -234396
-251171 13378
503477 431141
3738 423657
1087324 -654193
929676 382875
729265 982734
-572418 63512
440613 69529
-446239 26244
-351812 -712970
9247 -305280
-373205 39095
141021 821297
-54257 -718135
-702135 482951
426539 -476289
-1274824 325802
-211125 -559883
454104 839757
735242 279938
-302853 -490997
-1421682 103438
-1217193 -468469
793497 28201
-538563 189413
186552 -579590
830021 -161039
58712 155767
45468 181505
-500237 159979
416667 575464
-1130742 453945
-1030906 -456020
-424114 -434324
1203241 -242444
887719 -518028
338179 -545234
-130367 -524691
375978 -342076
553431 51745
474226 -68546
130925 929933
658680 379304
-646125 -176396
24176 -222652
-598440 465578
-347900 185719
780252 202579
-745524 161172
191173 -471777
-29982 75448
13891 121465
713943 41404
-294862 -10804
594438 860977
572993 -38298
-40254 -796994
277213 199220
461780 387651
-522658 410386
215836 1048049
-1241968 151715
-588543 496614
-264453 669083
365579 -271638
939376 515978
91729 -153334
-421087 -1020843
-270390 -227021
-517437 70548
-167527 133476
-295319 -63233
104141 137785
-508353 -709739
-95938 148318
-64975 -399519
225989 -89064
357524 975267
-519469 -557159
352166 -315842
249801 145948
733677 219180
-520175 620402
683192 371419
1000752 -125779
285571 246573
-183038 622236
-106826 -840978
-414874 237121
396470 -1172778
-1241017 208399
122679 -409227
205020 398483
-1149823 533283
526603 277150
-735033 435324
-21826 -135017
768400 -865312
930079 42443
701038 -995217
-207309 330076
313810 104209
-679993 373500
66828 -251740
168737 -281153
789353 -263888
321429 -52232
1449639 -584673
13336 -183955
-293952 320871
-741079 -198357
361940 -628220
-184980 1031550
863690 -529758
-699781 56564
293595 -589783
-366069 492913
-701483 256760
487819 304304
303125 -363420
235316 37352
-304314 -783890
18701 623252
-1068181 -166052
-301389 -528308
-267190 197039
-67079 765088
513371 -1210919
-1351982 -742988
-527134 -68427
319245 -515764
-352170 -22083
515495 -1112775
-1215439 10721
-277700 590037
195556 156329
730258 -402500
58561 -446904
67935 933167
458366 -470143
888023 -585222
87230 -182060
-339632 -87010
789754 -1150650
121399 90752
353224 -1057383
-1552728 500920
-563141 569065
-459485 15160
-263183 -350050
223622 622838
-929875 -225009
-126514 -1262
-48243 -43605
-243855 199568
-252631 -700071
1057151 371463
188454 229417
725776 427225
243273 710242
-471393 -165910
-212674 518712
-961225 -432804
931667 149364
589233 985827
131003 -201369
-1115049 247820
-5256 -372158
-428794 177609
-882558 -901132
730481 247070
-20451 -71593
-242897 -492440
-1010247 1064814
40034 -579967
375000 1088800
167024 259355
676742 548974
-589620 248317
-151812 -243474
-63070 359007
-1019098 -432363
172730 -687591
685828 -181881
129412 -470656
650932 307613
-894358 -661476
-310026 216792
215721 324857
1275648 -225675
-678222 137436
266328 -537698
-203674 -589855
-138799 -1143300
336654 -236864
741549 231924
175960 936358
358131 482486
602201 207765
46691 108042
429371 150781
164806 112621
629132 -45755
330099 514943
224790 304270
823524 67554
378845 19014
205102 110202
-379787 -234525
-177823 370502
-933361 -115268
-346868 -593994
516757 781899
-176177 -216482
537598 263293
-669575 -67994
1239491 -148436
-1010831 313367
-479348 109883
335662 -262415
-294059 -906898
-479239 284900
-199981 -172269
-142409 149224
173824 -18389
616878 101114
-534176 -360571
-465704 511396
540345 -182322
228811 1138502
-643612 -635788
391043 -113149
596294 -17237
390982 -35771
-696530 -429114
827799 1132565
-609373 -431890
-241550 543221
-368226 555663
495910 16696
1709774 -852190
579766 -615949
1018316 -184624
1028224 907792
155515 -267576
-533168 -531120
-863734 118373
206235 562878
99274 -347317
100010 -829809
469942 661735
-222626 -289121
-337717 -122935
518592 -608986
-297515 44155
-684953 575869
-211033 -98427
-274567 329801
-571371 -1038462
-518920 -676583
-153290 -796637
-184432 385892
-140926 338683
-63782 -638057
-308415 -436137
569546 38999
543824 -406163
461353 -95249
698409 284730
323021 -495932
653271 -24611
-51078 -43831
344074 -283266
228075 196198
408667 155933
346616 642105
716783 213279
730713 1038932
56592 -341360
229442 -788911
-467897 -457020
-324181 486607
-44345 -52597
-415663 548097
-447298 -15371
-285494 -110518
554121 92823
-704191 266432
-807747 811998
-905721 -1242440
828760 644288
-1030605 -59067
350396 -157015
-188689 -192788
-460181 722795
326432 -169090
232709 73051
-457705 -467284
56590 -573691
3239 -163223
-243996 -998192
889986 881516
-383739 221291
437970 -367139
1170290 60599
-470401 -306711
225903 -166333
233541 -601492
-414737 -503318
101891 -588948
-777279 366049
-283515 474529
-268941 240575
-726483 181802
503915 221831
468302 -591089
149749 -532725
905949 778875
915431 -392058
17763 689484
667800 296868
-58488 462504
-466084 -59925
-238872 -430050
-372561 -437167
94620 27592
-189718 269678
-680900 917656
470820 -711830
-445645 253525
1039451 184185
-98239 -231253
-197376 -310918
45317 -553728
1085256 -207344
739781 -991862
-134184 341013
-231371 276643
-634436 162382
776521 -289827
-972449 244276
1346976 463347
419801 -406665
-263434 -1602805
-496234 126778
335367 287060
-133577 -570905
239911 679329
201360 -585827
-289056 378871
482417 -356339
74722 770538
-173827 -901079
-157393 -172660
670115 857436
-586281 -162549
872574 -155242
-755580 439350
-114414 243885
1154245 909
631972 -980136
-254381 -237694
-537159 229369
1273869 79310
-364877 -28843
-211899 67454
396941 382519
-1195685 -740903
198541 -1070606
-325883 -305248
334000 207418
775977 -467178
-112957 829223
168699 -691819
-142489 -64728
836695 -826172
194435 848837
90344 1269751
783185 -213477
-265674 -496742
-24903 564523
175281 590545
97685 139696
-407275 247316
230800 131542
-555406 8801
761066 -149017
-252561 -557210
-142051 -879837
-6454 166188
-175886 329190
229807 -176655
468957 339269
80645 -537114
704406 -124705
618239 355472
1570 318094
-90315 -500657
126137 -608670
609406 -429439
494104 -955288
-269127 -248970
423303 -259830
1002932 280153
242145 909315
38208 -598629
-1049685 262013
-554662 -918982
-201304 480007
210147 72668
-1300063 -1122332
-39073 -216049
-26347 -395495
-372127 -296219
-155028 -397453
423689 818451
-222966 -157566
-551175 -792202
171029 -331329
-322855 -370729
-638695 -221226
373148 -346892
-755520 426267
-174577 -330873
486476 -396529
-506715 -493965
74484 603028
435549 738431
-70940 -217008
392524 310551
-400191 120503
89717 139090
670809 338982
1012675 -698342
-318384 -651332
317412 5371
97275 -217892
-592328 -90481
-299277 564396
-94231 518433
1188643 -513901
261170 11694
-148420 -234157
-272860 -83980
185554 343311
609532 -425848
-37476 -290336
1276789 -107752
-378107 1041362
-577235 -389662
-1003498 -43047
-540308 -162146
400236 -308967
644611 -330108
865013 -419599
632253 786998
-79554 413912
-402673 854763
563218 64979
225769 340829
274976 -680147
-660045 803321
-74806 1155353
-332943 1176740
-1048591 -393360
39416 -433881
-865875 200047
-147124 -47485
-578322 -443753
533239 755728
298861 -1078441
452134 441142
-330052 574484
85028 744021
-189731 -132290
-613620 161929
1307863 400591
-148473 157448
584168 602584
-376343 159305
43125 -170587
342442 807953
320655 710560
795673 -598185
4520 -1303610
128778 1029844
-12886 -647569
233246 -503195
33222 -278017
169018 196441
-101950 447788
-101255 -468006
257950 219711
521844 253306
20088 -176369
-154573 635833
-541483 67665
-845809 279658
7426 463937
703252 -398107
186426 724074
18687 540592
-535048 -271958
-253125 603030
286440 153954
-1025317 -261163
-210764 656003
141229 703419
-123929 -121791
-29744 -98307
262397 311057
247690 46588
-165629 -323523
-234841 277461
653925 -563697
-216772 120117
345467 -261352
-631870 -269993
-287747 254235
15102 -230029
283134 362046
700728 401711
51663 -133293
12380 646864
217745 19131
-95981 -409590
-66722 1048900
-331426 16092
-297627 -271754
-260851 -558050
245229 -172112
792612 98760
-533630 443569
36122 -446429
312774 563275
882055 -595321
-378679 -282566
285426 -945564
123121 524497
-30770 -388349
633845 -495328
-43757 42447
-524362 -214982
-75250 130444
101377 -108532
-373124 189514
-370694 -180831
1032305 364273
-79565 388021
-788656 514632
-504077 -318473
75338 600907
250704 378351
-502767 1165999
197275 -502682
-1118523 -241683
-263142 -248284
-269793 174961
-133396 241488
384573 647137
-203814 993369
-724006 -868277
-70994 -121227
-715899 -51290
18057 862169
547095 -559952
-354314 -643482
593568 347698
245667 -64334
-593462 1151031
-2546 143208
104240 -523841
973391 -550402
-264561 -1115505
-45631 328812
-1372577 122000
45172 200386
-464437 -552608
693783 459540
83863 -40332
871582 -663234
-285458 -475131
-166009 749
-368568 -585314
-308673 -634632
-20126 -158497
-498633 186598
-835495 -987108
-797011 -4604
-33518 -440045
-7608 62257
339159 -677970
343112 345603
-267547 543305
652566 -526469
-726190 -244591
-97743 -427458
696200 33830
-552142 382155
-520998 -377374
42126 495464
695418 -1056951
720089 -84603
-424117 -357218
-609223 49691
406524 108576
-760203 -331840
-364149 673775
900405 -212640
879466 1267974
-319256 -763135
751300 701908
-278732 -199545
30804 -271393
94593 38566
85243 478929
-595127 43770
-440048 -513388
-993320 -42921
-410606 -630858
-99466 -11934
805291 413657
-1011346 -637872
421849 499803
499754 -679744
-112195 523943
292047 171175
635311 -559075
970786 383284
28287 -161211
802554 -969978
-741372 30637
-434388 -218077
260400 31317
232544 -423780
-663342 -850674
-1399240 -1085802
-116590 599919
-108713 711878
-152342 -261206
-436812 -1077486
623547 123577
522858 -223568
-163995 -605025
-567180 757220
-190349 -125878
1024018 -692678
-807360 -191943
-543920 737043
131858 208547
-431383 845395
-357081 158872
221865 -454512
692306 35130
-591758 613659
-146954 -801275
-3023 -557866
668429 83045
1583122 -618193
533047 87731
-519897 -618361
698240 37960
-104005 36597
-771024 -305626
508234 -236937
325400 -139389
620733 370457
470708 -391722
-476344 467436
-826727 -1075230
-19298 -225021
-68781 -727919
-608796 889228
-1169932 816977
483383 440135
-714143 -417555
-432999 154736
-1140821 278722
-603177 58142
-1059991 957587
173986 -319138
-568272 455040
758158 125927
-879648 342791
-85855 -16644
-805448 -208125
-647787 705320
-466764 73286
75090 -112097
29052 208741
247633 15622
670385 191752
298951 -130962
-186163 -287625
156553 53997
-262355 -265488
426094 -55018
-18343 -453136
-1113653 61045
50219 325050
968299 -588310
685865 -87935
-836198 -113190
-658544 -1076963
-543296 360428
595479 126019
282130 316033
-585313 241711
309718 -551247
-460742 285953
-125428 818334
-286246 -50174
360262 39291
420457 -463118
473492 -70823
-1018120 798744
855678 -43978
121361 562086
-88089 169367
833847 139578
240407 792455
-1281288 -136219
-569350 -199009
-970496 -1051044
-68694 -182810
-562104 608232
780675 707706
-439201 307957
-231023 764278
111669 -390508
-1029232 -286587
1526219 -349632
-29510 648276
-650615 -262619
-578227 -118827
131513 -567930
313795 -442657
987290 211349
-356762 -149119
-142952 -735484
-62313 303855
-377970 -980618
-650876 -178309
-402659 -1245159
270689 96739
211775 -453002
-5924 24698
201109 28973
113441 -539740
-4302 879933
-1003899 -68288
-262265 -75392
314647 -595599
903669 434467
400882 11201
-83682 -291359
511088 -174779
397172 186234
482937 -256225
-240903 584015
439808 23245
273823 876490
316534 42741
31835 -454721
-574965 800880
669460 -568947
736024 351925
-3691 -642685
-308684 -2359
580560 397206
428257 -31417
98452 596618
1034936 -274254
112084 230813
354565 60932
-709283 -708105
795027 607391
8368 -525663
277549 -1582193
573690 -438190
929122 -92493
-467011 -213862
-35759 533722
-791309 -160387
-333806 -629723
-376739 23687
888724 -1584798
36113 -147697
301405 -968638
-65112 47024
249431 1472791
-500788 -895567
738471 -31424
-790828 -22021
609142 -488757
-298510 -475717
-60333 -793825
534474 -132777
506458 -619818
45221 -445064
518072 292378
4519 -26163
-373760 -477432
-443952 -270414
-131425 -256504
-363913 655422
-142292 -1025298
440475 -441072
452645 117209
1301349 -226740
92608 336446
158414 311002
-499122 -1094195
556531 738802
-201123 351698
766563 -861014
-318921 -501493
572870 -1253888
1118267 -301620
529546 38953
-412283 -630788
-115826 387565
-283631 -176665
749428 -57959
349216 -674778
391486 -837650
425515 439058
140940 557119
577234 -170778
-161151 343910
-700106 145510
751865 -285171
-467585 196980
-323608 -58053
-185042 -753659
-521415 -526890
104586 107608
-947475 1035926
-532570 -572313
896082 585637
51099 277936
-255680 -17530
-454361 402370
-795274 652579
713606 -181045
-87296 -447517
-714829 -483533
689773 527967
-179356 109495
-494621 -406275
837181 98042
1973782 449706
-463773 527338
750091 206410
485014 130474
-273010 1074982
-87187 570653
996294 -173392
-917269 -143546
-3847 -619284
-215864 626513
95037 -325731
434490 759146
631813 -240902
275561 361148
338156 -176413
307243 -172117
939210 80446
142379 -1360882
83495 -25727
-142844 732391
-1561231 600029
-278332 -519718
459591 -339490
138169 442034
-44304 1034984
122410 360742
185594 237417
1181042 -36668
595989 -145499
-193029 -606562
560269 -326692
-662815 247083
836533 256954
351285 -266360
276536 548591
-382880 -391421
-1342521 -650391
1161313 -246911
96462 311396
-656219 -867720
81244 378090
-392868 746139
214153 -155390
410046 93640
257675 -201909
-983449 -468417
-67973 254837
-289613 297641
846546 -1308285
107336 -281588
747057 469848
-148588 424360
-1017819 -312936
-811502 -1041183
19334 731798
64826 -765151
-370589 -290315
-516945 -24301
-390734 478751
-558982 -608627
-495473 759404
-68506 33287
-565936 162288
105870 687539
-316539 403509
-682443 229532
-97205 -394931
-173883 -773566
-525151 51321
-921950 557927
61751 -1102
-231794 -214654
31871 1688675
-288186 485668
777311 -946909
28360 -39555
-283219 814989
-609917 -330660
-749734 -102184
1301963 -27688
769644 720212
93229 87459
-1044632 -339889
1107089 935861
-32803 116205
-660571 -546848
1302769 -603828
91145 558047
334161 72467
480108 -279805
-454150 -1019302
-26664 -434389
-638894 -1099991
-527113 118986
132829 -175248
349622 -65499
170549 318524
-436573 -580210
551100 -892780
-82909 -568186
-388155 -721436
-147915 -909734
303983 -365017
-126049 56872
299059 288460
104594 503373
-177235 89159
417185 45052
-1373177 -58003
399511 -593022
234866 -987589
-677716 -340963
38611 -293168
-978578 -356280
-430836 54915
-254381 103700
-112619 -88997
319388 354742
-297402 868779
-692050 -612972
1056410 -16269
251023 253024
216060 256659
60073 -314943
-242718 30108
657037 36490
-291971 -353248
-106483 190586
-231450 -73768
-785019 401630
-1275873 1024881
427817 -568250
-30354 15929
-1159752 64023
-396818 -131981
-375913 454189
-14949 392110
492098 187520
508102 68529
154055 -446182
773280 13248
317666 -572809
-1354163 -402079
-535001 116806
199246 -563289
413588 -915794
507813 1173726
698698 -592590
230704 653473
-190499 -28948
-744885 1147444
1088013 263717
708465 61410
-341580 94441
-45091 109038
-181858 671263
850814 -1257977
900622 -333962
-785124 600201
-550152 -693057
-1356073 -652463
-792808 204218
911972 365109
245545 667173
-1134953 -177714
-148117 -439288
-112372 818188
570201 -789473
169852 -141820
-66732 -359560
629641 -182474
784354 61790
-419979 -1074248
-93037 -566833
478233 -410151
608342 -15987
-301909 190487
-47545 -174662
-415782 -466384
-575795 -800322
-155547 -743395
185529 -838432
-56888 105758
-347749 -55738
332217 204939
78033 -33476
547748 459378
1035426 -733579
397288 -301297
292570 477147
-324150 -508138
-241268 -36917
-750331 72129
1082635 85623
-193380 -202807
909855 281362
456213 -1036763
530776 1351546
243779 -1150524
114181 -2090
757640 203763
-138387 -104840
-88712 570491
194580 -148576
516046 817577
83491 321723
-241461 -198411
253038 -146794
-168582 382179
-938429 -386659
88784 4021
247328 577966
-264931 -502614
-123169 1057432
153266 522071
901963 4366
341791 459678
802555 -395808
-161275 351123
-301915 332740
1275981 -722498
-248904 574271
49591 -464508
110812 -23614
575702 -542585
85219 307394
-262836 71677
3034 -69207
249702 -620061
-427041 -420437
-114588 733519
469685 555785
-420187 -363398
-358929 741344
-238117 81756
251056 -4675
-254168 -42164
1173635 867078
-953372 -603146
-474368 -74498
-228924 135591
-435148 -114553
89274 225989
510010 60597
-453534 572988
-190485 462134
-140321 -364608
129602 127847
-327256 787526
-331086 -850436
172722 -1018582
-51874 -468661
148800 -653225
409665 -608493
-197255 -4761
-798758 459602
404043 -949766
-551680 285853
428817 483375
-554605 -189535
199966 563080
-187449 429453
-209702 505112
-1248800 -545319
-519003 281971
-498343 205774
-343268 194549
81985 477116
1051404 314364
284939 152751
-654269 -168683
-673377 419136
522553 329038
87749 77648
99999 888581
-1001966 229175
-907456 252098
390021 327142
-717150 -414987
-84965 471332
-141479 226364
930409 -975122
637560 -552707
-508860 85043
578653 321318
316656 -348682
1138345 29698
-638851 -27458
-110628 346133
-589934 -101693
-708138 -91645
828087 161530
150119 700419
-158761 -821915
-504988 -974282
-505458 -201017
521371 -78122
-433296 -735193
97398 -354272
273183 450447
-13219 801276
-830171 95611
-636299 -350720
-1638457 285227
258510 -83803
3422 -160846
-132885 -251388
960618 -568373
-882275 -470357
120809 744444
177272 -311236
365047 -200801
427660 220722
230657 290267
-658913 -285217
917285 -569829
-204786 -323324
-1142777 -391931
249174 -1002666
-74687 -426396
4373 376058
75597 -156720
59314 -110056
441282 528178
656224 337998
31858 290993
103349 -450818
24178 -147248
-240447 27242
-58150 -228620
-127641 416925
394690 515864
-183557 -464513
35655 229529
-466265 -371185
-467753 191331
545241 -178774
107347 -704050
-140880 86495
-162587 484039
-683397 -445318
-279037 -647478
-695110 -690224
-57729 -510240
-850672 -141099
711673 -560250
-139230 -95044
-705131 75754
-784699 128086
725050 216898
323428 401543
243747 908338
-523436 568638
286899 562989
406180 -1337962
317204 194977
162789 590541
1142814 -707029
291452 -384273
-738863 5523
-613399 41574
-372827 -447375
23272 -422945
176368 87761
-672516 -1251765
-146052 -307560
425831 561318
116781 119295
1017937 -59282
365820 -309288
692627 -194783
-33840 -211936
254977 -1622946
109940 53447
-727322 436068
941082 -754690
-68573 696886
214924 -203629
-288340 318506
97982 719023
693746 -693601
-1096783 243286
-445482 -784801
107435 -378533
-589284 -463498
-997955 -712164
-387628 -749301
214902 151480
-1073887 280830
94009 161368
-459260 412668
-260433 120638
-822178 -36419
131703 310417
-188154 -89368
-21728 -389909
-168795 -176263
275359 307120
197537 -714454
-130779 -109997
530624 902843
101188 212181
-109458 -38258
-457328 466400
1032340 666919
868009 679568
-517203 -712770
-759376 197445
-164624 29315
487472 -186042
688285 847169
-907657 -344315
1319807 -272521
825846 -1064764
866255 135348
-9384 63882
-90526 373650
-1130462 57598
479217 636461
-219076 46396
632330 -272232
-545482 -563619
624888 -149365
411848 -67045
957883 382296
-319385 266153
-220089 165993
369090 -707165
450524 -35570
760858 -641801
-27263 -716844
722192 -373156
-870529 -603115
361043 -698415
-134407 -1018012
-265147 521619
-479736 -1130435
-388774 677161
71360 40443
13916 37989
414758 272926
-208750 -11871
-198423 91951
207981 -312842
351974 -178279
-437038 -306221
474059 -233121
-25270 37647
-296735 -586341
776937 61046
43457 269177
633173 -196424
402470 55693
-163910 282676
367357 -354444
610641 47872
-11436 495589
389202 186460
888739 -100930
147783 -702184
-455935 90437
-205418 -728235
593272 -445215
606995 683288
290922 -727604
-530481 -479869
-88902 206049
342414 532547
475745 -376421
268036 1300155
107545 385234
59319 20226
-108338 87706
-233801 -21396
-299570 -566473
251463 272680
-727256 638037
96041 170740
977476 -475929
362129 791512
-369451 -79750
36051 915566
-105116 -323808
461501 471283
380817 -220755
-884734 -91872
-834102 712051
119432 298720
492411 -666384
-1946 -455055
-140966 -599141
378693 440328
-556705 -119617
-443836 421649
78775 -873767
-329956 596651
-981720 -674620
238360 -296990
227582 -982946
167163 267922
225860 -421918
249581 799442
-511350 218299
243641 535064
-542077 440992
-140731 -47799
754315 302227
-397341 -79075
831691 -248812
-751976 286223
529676 -723103
148334 -328792
-1287233 -352137
-328541 -652027
-398800 656138
-50037 -154967
662511 -476820
-410581 -469046
433815 -401020
-497140 -606056
540568 9507
332195 -709765
-447739 -78075
430681 117804
663107 -391200
-269245 614026
220955 477582
-343049 472158
-258436 476355
680634 1668679
326855 -91214
128387 -576875
-813139 150518
236349 -9553
-183974 -336986
-285845 -492246
1002294 -252381
155501 479916
-44039 348585
-177323 -634658
-546344 469338
276146 -351187
260517 -759084
-96045 537703
1636860 370688
