-377716 -871013
66110 844774
-1149076 85389
137585 -106301
-563999 -269392
966752 -649403
-24735 396145
-150664 -856014
-25887 228220
191021 -843927
-688555 -35648
-241125 173204
764679 -125549
978709 -627682
276464 -20124
228017 -156694
-341346 942185
-177769 -408461
-922937 415598
-355859 426312
427421 103880
235273 -193158
690163 -19875
-279812 310445
1334942 -367875
75825 -111488
-540781 525127
-644701 -344207
36925 -1033566
-39078 256566
-1268076 -488403
382797 -741766
-81676 -173187
-232091 689516
647308 -251419
-780645 265949
559901 527284
1118151 186532
345836 334933
673122 457363
62220 -116782
-148305 -37584
-776881 552262
-428026 -19257
-386061 -192335
-241352 -371263
-493349 14552
-393921 -344792
87079 -321611
315118 -338889
985078 -465402
-790658 -385280
369968 358589
-709497 -452904
-500512 -303068
217817 -558503
125669 892210
-587733 493826
-212756 4266
70212 -42373
871977 653345
-184996 163711
-1647973 -110777
-161766 -302383
-111737 -864639
-735247 -209741
43862 219718
649423 -802203
-104324 945506
-532266 403897
-148531 1271127
186728 934399
-637293 897307
729987 -429741
11569 -665545
-358127 -445393
510670 -623535
991247 345369
349865 235241
-782613 28751
620470 -665785
665975 698599
248112 -57077
-1159130 -876577
375266 549438
167453 -79633
-593805 424176
-12563 342146
405757 -104272
-44588 -13272
421737 -727029
298352 14863
-39633 -591500
5821 -342000
414752 95886
280128 -111184
737807 854947
-49798 491082
-471649 19095
-956416 799203
233727 -435347
313409 1005807
-544969 14128
567106 -192573
-1009710 -411624
70526 201953
-55268 73212
-475417 608235
-241865 998563
600301 209579
562076 976516
-162747 -663420
418510 -271070
-381148 -472133
469253 -788557
419028 767840
-227919 381340
109202 491650
338534 792643
-9228 -883
211492 -625497
198650 -901166
-584844 644335
79170 430653
-438628 279778
-12413 -386097
333870 64014
-453610 426410
171707 25407
-76734 225145
402803 147295
-95629 189139
-1383450 -781704
-399252 -696748
208155 1115737
-781171 -1045269
1003341 -276855
76539 160337
648747 -190143
828940 170144
-538840 -245416
888226 -129500
926057 115335
-433017 909308
-415071 -64135
-124919 -168854
360780 -373754
218344 -66905
694487 186368
172854 558299
-517470 -288992
-139904 -1204428
1048426 57169
384530 -385226
-17556 187331
261213 -87692
206134 745845
641491 -805745
384259 708144
978680 -956163
1365804 706425
1141236 -226149
132836 -603468
-168858 169846
-222939 17291
-555196 874182
102434 530409
-725141 -87587
52648 -134822
15520 487849
285705 961584
30672 724071
612638 490776
-494049 11581
475941 970743
573875 178785
-43223 210535
-400401 528549
337820 -333492
-109901 505768
-349797 -1048784
-512956 186634
-222700 -693803
-284639 -213035
649602 -542747
37885 -21035
-23430 209265
-47470 -184737
293592 848473
-468432 -425421
380158 -511686
-52031 -760189
-180228 -49203
615183 -420588
-351852 691695
-19048 -194589
166261 60136
547042 -142735
158464 622148
1038365 -256353
-58009 -297743
767273 177203
640668 801138
-86477 -274594
-684147 1119336
-9225 256814
31496 -287697
651087 101169
286375 -529913
-1012779 -371096
-557885 -227135
-55638 618492
538204 -481602
372426 -628
550738 691710
-110856 -455939
-829101 -92789
-1005276 -696582
-576949 -31693
51899 313167
-719766 -327559
-396140 -902988
358503 86351
-667205 -837799
606670 468056
-104488 -406407
233954 -849681
-826748 -556069
403028 508123
640808 -643908
22705 -637359
-65710 39731
282566 -314668
-1319846 -1131404
953039 33227
885242 387074
-465109 -822750
-505554 207363
-201383 -136379
-260211 283815
-189958 534126
-261117 260069
95753 96188
-207261 1585833
-160281 600333
-580572 -128694
-125577 -153207
30430 -684173
616084 -216925
-106009 218966
58445 -277029
581213 -242992
152380 1244429
-346947 511103
635421 262527
60020 -719838
430899 -874725
1293913 -641772
-396630 244434
51992 80626
555532 -145360
-519969 -220824
903612 321232
244607 -129405
-227981 525082
9157 243908
-74804 703666
-294788 -1455923
1305556 -999869
-1222697 -579734
-37688 -37301
-537198 -440995
256592 -587377
-508761 -468108
-404898 366241
-356006 -636279
-360648 -379956
572406 397385
269742 179722
-116490 848209
221891 442253
-1035410 -776140
-331246 116094
-460441 183766
458959 66105
261697 327606
3043 123985
489030 200217
-53868 -618123
-794312 308550
-499330 416947
255996 -1040202
-60703 -594388
-317904 293524
1084182 43158
508953 301145
-110287 -124452
-763052 181807
-23648 922158
-382528 -284739
-350323 -325048
969778 -942532
-854745 981324
-91056 -484298
78574 -89146
1038361 1359673
-13412 -343382
-181206 -1005997
610463 64236
-611112 -802335
402832 -529627
112386 -435135
145834 -885246
445675 68167
270023 -261413
-538136 13780
164094 -11785
-230886 698534
236302 -701605
55203 38503
-432473 -808306
564415 -191012
-1043825 -124627
-235962 -244389
-60610 625746
309337 167437
-555026 -1217746
-58051 531262
203937 -897287
-647373 158950
413527 -529383
251340 146551
173901 138687
569281 -8309
-68501 284671
-45174 334412
-428153 -996441
646692 878667
191759 241786
-349354 -706768
119388 87739
285838 -58485
298037 -466522
-181127 28325
-862342 438435
-332912 576436
-479400 -980710
-613462 628631
701386 -215711
-765520 -465727
-448528 554805
589849 755617
1027397 -8282
-646853 398851
175672 212442
325724 -21157
245426 -468137
-387920 116924
2477 -1071559
-2907 -352130
-735297 117968
648526 167015
170675 -704187
233897 -757970
-1094182 668406
349105 565713
128690 -639575
101362 -4896
182316 1092378
-156842 -49813
276677 -433197
-392420 -197619
608163 -25231
-416958 291483
-889820 -395653
210785 -66039
531749 594632
-20858 -548794
448983 -93898
-499770 -423160
1117791 -223801
65102 -456942
-909658 75288
-133915 594751
195642 598958
-204218 336374
-80243 -815474
586711 -717354
-204298 392454
-243530 -348434
-192220 1084802
-85358 602865
191480 1250769
-269412 -125972
-89849 827286
352310 1522523
-575883 138961
50629 -56045
-983195 522848
252415 368697
240624 271683
-48611 -265700
918611 -10755
251762 222171
710712 -232278
535479 -711259
-239621 -196032
330064 -218290
-308253 821916
236999 -628350
773701 -113949
868695 324839
-535457 -716140
-164817 45196
-230162 586459
-167792 -42623
396588 -145736
295413 -1261255
761416 -10614
64135 262582
380257 296546
-881356 942636
45130 320467
-9021 222312
92882 135116
260674 -307035
1014532 -391747
-310743 -412896
-986407 -376175
108902 -234527
1102425 -813823
-269022 707433
443990 437547
-32229 -19282
-370745 551316
117037 -148811
290423 -112994
-645742 341161
225634 191488
-759778 141721
47128 329569
-515346 992405
296881 -808706
-232897 -813862
59556 -304594
337303 329178
-288217 387114
-106634 1153283
-83720 -339877
612844 161740
-443220 249758
-643509 -825900
-326288 -181189
482927 -125762
437591 13001
1014531 -253712
18602 703200
329510 253383
669585 -329692
371406 196318
-885323 -69119
-479737 -169224
-258292 399402
-755543 -780599
387218 80707
-90669 -338518
346484 -1023300
-155984 208775
-256523 -431149
-377530 -1046895
-688557 801473
552904 584661
1033365 -881880
-226090 -304802
375428 33610
322626 -353370
550522 284291
-115890 -1101773
-486275 -406781
15849 -327031
-578615 -138490
-391952 487374
275648 43398
110631 -317535
-248 130752
1584878 -256065
-989590 -7928
674179 1120030
-380144 -37366
59769 -417970
-86716 -332396
-469872 -1063707
32622 683657
-150060 -157907
-5220 130315
-452443 654723
436504 -191782
-666381 1470110
-342805 -66092
81321 -70994
-1290181 -368132
-355452 138612
68218 -342515
-669436 366087
-414964 516872
-482289 635550
323468 683923
208391 1028604
94281 72510
-543621 1231912
-446016 -511728
380916 -2552
-841254 -976034
-370101 452210
126127 979328
-550055 379440
-509537 234672
318393 -19041
163074 -722996
32407 -645062
312306 123348
530757 -307070
-319674 -1102649
-188270 -528851
638702 336931
115748 699190
228169 -454284
-249043 -282184
-283867 -445319
-660898 -605504
340643 -76092
726217 -729575
-1918492 555332
-593337 188494
46445 68091
-380166 -158759
272992 651810
-390744 763953
1064163 419528
219679 -36938
597233 1092914
312020 34647
-256757 -303343
-29581 -462510
236770 220494
-336179 12245
-583343 338916
108057 -449523
127058 81865
-677853 1129580
150709 -220172
-816424 424565
874787 -232351
-47648 -263271
804643 261223
-690565 377097
312090 -312009
275889 441488
-961287 347707
-599540 774595
-850229 249409
10509 110066
-254485 40047
-890371 304811
322185 -131737
534874 -156463
436906 778849
320422 -99078
266622 -481518
-152444 -599116
-272107 296857
276567 121675
-20385 -301781
-426182 -226781
-396990 148375
197818 1054137
-287582 85257
-695830 522786
973654 -946423
-593221 202855
-594597 -774495
27581 715613
-584235 51013
-170720 -66639
334104 968088
-208961 541868
581075 333291
328250 -777081
-423173 -9814
-243324 347042
1242225 1078122
1025460 200623
125655 -387907
502062 -967102
61795 -202652
-492656 136196
-13901 -179956
269922 84960
1012742 -39358
-117297 -980036
-930525 -1421127
-202045 582308
-628566 -189963
695432 108604
1243042 -371123
-251007 732062
-310164 31785
-264510 780310
11511 -469455
143234 -102336
-661571 771006
31092 169018
90176 667985
649361 -625951
-334946 375791
366837 -163369
-677607 588943
675035 -266185
274188 -408540
-771479 -793622
-266199 170843
757248 7378
-223817 -495628
-1199465 284016
590728 1568498
308518 -300113
451903 62699
680082 250215
814881 475753
-756660 -341123
265834 -55193
690913 -219265
382706 -1239786
-268387 292169
871715 -83499
-471571 815866
-599237 -624978
-852428 500625
1020546 -96518
1158741 1468410
-1058592 464178
476913 287735
304000 1297179
751278 -11332
29042 -968348
978083 323858
305723 -1347933
189958 180975
352917 509357
96906 571474
-1077250 -525475
-972849 -103213
251522 -771948
-794306 214274
127251 -68572
1052238 287545
389590 534796
385945 -418374
368015 41253
-54081 314396
-276019 -264845
400112 609893
1184713 482401
250555 -551590
-692274 -1276648
-63459 470544
-793700 559675
-225472 -462707
470595 -317128
-35601 -418166
544058 -752624
-741831 -527052
-617510 -649131
-215489 731802
-335139 -944091
-499342 -341797
-300753 796286
828418 525513
196049 -226062
-410309 -41665
-435271 75784
435832 225063
-748266 -278983
-136646 -198454
-278079 -773365
150499 367513
-458686 270967
823127 -619474
-992533 593051
-584264 -20863
-249099 -131494
-1145049 -555789
-33801 -18774
-469504 -48663
-241175 -251001
-432573 -215304
-358595 27228
334352 44117
-95918 129859
679006 -515753
553368 68816
225410 -398385
-650638 483056
494076 659206
31907 286010
269327 753975
1022768 102647
321917 -373729
-525788 510434
-925890 172382
719981 669782
548143 192352
-734293 -293633
-203236 107845
-524787 -670277
-7959 263468
-877379 209916
-224476 -124144
483127 441090
-485949 -981862
-442545 454498
184161 -451503
308407 -185506
-480471 73504
77542 1371770
333339 305884
-95553 121847
-224084 -461949
-75314 474356
-265597 -755530
-237807 952785
-627718 -960657
600296 -828768
-326917 525373
280121 998258
-562758 311526
104509 -241378
-107731 880237
411968 -385097
-399837 410668
841246 97740
714854 208049
218137 264173
86332 -8638
519769 -297988
261331 -467088
-404426 -624941
19008 -638223
396428 971861
1101043 1277566
-520912 -100894
-342004 1329553
122756 -311072
220505 511432
-105443 841019
-643691 707128
399222 -628459
-705750 -813529
678021 332812
594566 -203675
397431 -665777
711111 -144188
-170211 1022917
-125724 201302
-221574 -369034
-1147772 -90604
-274399 493274
640837 -265400
-1207771 -636909
-85821 -150715
306437 -306769
435095 163794
1447755 625074
-1085775 -182116
358571 -204555
-468087 1152201
-636403 -92755
-295648 650761
-210822 -870305
-366366 -554223
-31526 114633
61887 365045
435956 -1184804
403149 -330497
70625 -249238
147808 833636
73502 -392647
-227354 -581278
260983 -117910
98955 780423
-553855 -712653
478063 633870
654406 -384731
310048 -438703
-42238 1471027
-486390 20657
-426260 32353
-137905 -259771
322578 -84769
137637 1009901
58884 221549
343443 75633
305801 474371
-164772 165955
-138532 -277795
-679018 1011609
-234297 -242125
446463 379778
-337111 233906
307245 642897
357545 102164
-132994 60122
-9404 201173
-174061 952252
-184145 -61778
-93092 -230899
-235024 -1485053
-767666 354758
306293 -47394
-351729 -560673
-50386 -263448
-277583 167931
320187 810504
178966 648276
-1467559 1608451
460153 -1063722
-865556 100442
-396721 1092264
101690 -783556
174774 -264780
-467073 -254363
979911 -76385
-217376 -426142
494833 510439
369966 -779681
-715561 823992
-1216735 -16937
-128936 -1496110
218345 -711861
-886509 631320
180796 -40631
-60158 930842
927012 3285
-310357 -571735
-359487 -434523
-862460 354690
1283074 710397
1201942 713655
-155927 100995
135589 347214
-330456 -131332
789208 284262
515732 -110927
323946 507947
407586 325027
768868 -777022
257527 55946
108909 697245
-909124 -716076
-46539 -114563
529449 529314
-792317 -136019
-353991 -772899
211929 279098
-32554 295085
-677702 639126
369047 903923
-441939 625089
251690 219824
-893568 -462955
-418497 -866779
-328072 437678
407668 -303145
596852 -102657
202184 369377
-1096624 -283294
312229 104191
-275939 868825
-621008 -771442
48955 -463775
213137 5871
180575 -461016
-254035 -390612
486164 -307674
-821745 -925776
175269 649470
-521869 171973
435269 841159
187014 492389
-45899 235239
86336 -884007
1001145 -117125
92681 -65843
-492549 106340
458396 -83993
1577 1259224
-290295 290935
-899173 -769129
76208 402150
-375984 361694
149431 -53230
-199154 -215971
500587 249073
589848 99440
-368298 203724
281744 18775
-619709 1026304
-72993 -360068
-390969 -463577
839584 -264743
-218976 -432050
110615 510352
1491924 -439424
232226 328707
508761 -205811
-8305 607343
797123 235148
733533 -152382
-322707 -228401
-503632 257664
575500 -314388
364060 46833
-222522 648670
-291323 472033
-886498 -542242
-660575 200344
221926 89504
-585096 1146276
-291330 -468909
676417 265722
-862882 -89854
289859 -434782
-771012 -52617
-271679 190037
-267519 -1693971
258824 -254898
195324 1127739
52705 -83514
-225481 391223
170133 299853
665742 -167748
-28977 659263
-939284 922068
-130439 152123
303384 344065
-412682 380117
297762 355423
511276 138153
39061 749962
135520 231759
-541172 -508977
342978 -612909
426757 945742
-102250 127930
256452 -37386
225022 484181
8383 -906643
-308208 -189619
114702 -31754
-630361 -100902
-777979 290571
587795 -614168
-893786 -171209
-204790 -419684
-149333 356978
83409 -107659
289842 -719801
-58486 1007640
1074106 -129313
-1215882 -57546
183125 484311
-975120 -872394
-734573 -1376686
-817531 22559
542279 48159
-550034 -433309
103657 267341
162222 -175732
853482 -381458
-211359 -603833
-371528 -70919
635442 -740139
63582 -601928
-121967 -98068
667067 547790
-468606 -859471
367132 485135
157814 520625
378169 514032
39153 -209624
1161674 -835146
-177159 299830
-99067 -92199
-315333 -333797
-47604 -102905
-423330 -64414
280700 -466026
498049 -128871
-56166 123109
-850404 425834
-663721 145372
418494 -1095860
384129 -593291
-195463 389171
-421169 -221108
363471 71401
2920 -673128
691926 -22077
-174606 -584466
289458 -775030
714617 184507
-737389 -297752
-379828 502982
-23129 60867
-59057 209244
904952 209418
569215 500067
-1105876 723163
1655250 888817
-1862159 1071461
-136297 383130
-1195771 224969
-491367 123064
1029089 -416750
659756 758057
66302 -207354
40982 135168
-1374130 807434
1441618 749536
278687 -794480
-764936 659810
-172939 -300900
573482 29323
461411 193503
586556 -27067
-284575 -53441
504282 -281328
1835152 -487544
-528536 -782118
-783641 631691
479715 -457298
-637417 498393
-505056 -297998
2739 1285041
-114937 -128643
-261959 305684
-399098 -265387
-1024431 -253618
135988 -515046
3206 -161799
609378 167435
542243 530947
-87020 47600
89225 537624
101347 -249441
-687963 637145
-81612 -739601
904888 -104843
273173 736776
336736 -79753
-702093 1007232
500495 412346
-262984 -806448
-616751 1225180
-321722 810399
-157346 -36493
161989 581303
-462491 -36907
-49762 -522873
-709559 232644
-1511593 333708
496433 242156
688934 554196
-678980 -431014
347792 -29846
1233368 -487129
62313 215066
86447 360441
-1427435 127596
934293 59752
-181587 -490563
-115658 -514570
-71331 897335
-225385 272831
30310 -243030
-597106 235486
213890 620961
-267053 -704172
-613407 -16502
1207949 674552
-127599 92751
-1125832 159172
112115 -728556
-127935 -458215
-394481 -531379
526752 -98310
-98058 -419959
122459 -973230
-206775 519572
-24244 -251634
451172 823410
-933286 -353874
-696304 337845
212394 -656352
-34719 133124
1420980 65221
-936904 -26102
74089 338866
-854396 639952
-151730 -17093
-687689 273661
-274930 -351950
-124307 -389618
242967 258957
-470598 807201
710812 456062
188750 226147
357694 321842
956125 -88945
-700246 85847
-216886 -700565
539679 -781449
13643 -818835
-68977 -1009860
301611 -417509
-701304 62414
-604842 -63839
265157 670118
-16838 94600
-493194 524665
-444948 221201
160402 441941
1070469 -979859
-100567 -55668
-182969 114890
20093 410237
617803 78636
62487 -28784
-57037 -556364
-88771 -227866
235300 -486745
-621161 421926
-143216 548913
75763 -217764
308722 -281180
-807309 -86239
2435 914841
-405042 146698
-263943 281064
-76557 198277
372819 282828
2277 -423931
-84349 71870
-177403 1184796
-3159 325343
-565922 -366779
298781 -225061
355883 -488925
-481491 278115
-75789 -299708
-88322 -1234285
-1314333 -1059525
-668531 -112032
-1882 -749792
-736803 -307533
-1146186 289737
225192 446923
-203792 307603
-717465 178951
-807969 288894
223457 239839
1116536 800006
-301055 -578586
-203288 341779
-252860 34355
-288064 1028264
-101384 -369307
418132 -132013
-624558 579955
243064 -164762
-321434 109094
-465553 678706
307621 -446356
637420 1046481
118956 -499712
1130489 -260063
106170 6308
222160 362262
-451076 506716
-902044 -630842
-176068 351263
332388 -690855
-234389 -960443
-790634 105295
270483 27460
295052 -327664
-748334 -630093
123052 -860790
-86021 473860
729470 1315528
-966856 169245
364035 330319
-426057 329122
-574174 359060
132402 331879
-177906 -336713
-351328 506818
40518 819589
-1081162 -54137
58030 108241
125765 -63953
-497478 -699048
100536 -197237
469657 152394
384977 -316851
166966 260431
270478 -154262
-236879 -88324
97322 -420396
250596 -181497
-418975 -99597
-1325995 -693070
720560 44365
456949 139374
119907 -26255
-657662 28611
-477965 863420
-1126248 -571004
-127314 -1010771
817839 -216528
904374 -555553
320026 -707519
-1055246 342528
363435 -98117
428218 279577
582622 128085
141269 -767969
90785 -1324654
795164 -589945
369657 -1217600
255133 9834
39232 -835390
-241548 446287
-123058 -1297052
-1005968 -157032
82588 -114515
-276769 716880
-500769 -436587
-141039 -714163
-272208 -739902
-205476 -467534
368595 -218315
503429 953430
1103915 -196647
629848 -288469
-81474 -5859
-69237 262914
-372701 -87
697846 -63349
-432738 -220249
-149415 -397935
216204 -565981
-685142 -305515
123311 1805
-438817 554742
249988 526706
336941 -268005
503909 412260
154530 743877
-375624 -490685
323336 -39035
-118306 369406
-930017 -772136
4232 35194
318205 593384
-5270 -426606
14567 185738
1564671 78853
-167046 145761
329158 -908631
495345 -547311
-1122590 486641
467455 -504213
176757 -270726
-833447 199167
-20864 721
365422 -317598
-434836 -654948
-39193 202759
95533 509254
25598 1032460
350327 576630
-469229 718811
-173178 704354
-1169168 -334004
1073760 -43267
-25145 -20185
-592706 973386
302036 -440651
-240624 -191091
-564620 -448419
-746291 805967
-658853 -543132
-787254 -557545
356130 270845
252276 -512827
92063 -658376
600107 -202818
-1089928 38581
186421 -1136508
418896 -364986
181683 -171871
1086719 -580366
536327 900074
-516680 472371
-672776 127498
310100 78054
62508 -162457
-201896 506857
405684 739090
-145419 519389
-602840 444546
-198938 281408
78797 -474672
-704279 -81211
-1573 35756
302512 -76909
-786047 25676
1306253 588470
266491 289267
-610267 -248496
-161153 472785
-340463 7787
460360 -280531
191890 -115552
-131160 -956359
-804492 833341
403485 -97453
199618 -173948
-1127845 1029392
1065605 -416095
-286167 -452712
-468320 498934
373915 -233730
334635 -155972
42257 189719
790608 -153666
416601 131080
-336791 968251
-412888 579181
512799 -258815
110708 -47632
-31724 -362430
-288047 423025
63299 -678188
-424449 -168371
-18064 -221420
-11467 347852
-431473 -633304
-124925 1075100
-18952 -126004
-342475 -297453
-329502 551632
855816 -185698
-219629 -504796
-94183 813472
253563 254210
-25686 519271
-396531 163370
103305 258013
395814 512966
564080 223148
-258311 -431088
13197 5126
-610925 -254590
204091 -241665
1690931 466367
424560 -865243
-577881 -867490
-340063 -1345588
886896 -142873
-151271 208165
-105778 382328
434100 -422485
311944 208197
310028 -358544
976 -371649
304077 180998
128146 -238641
500117 62985
755205 685685
42515 322454
-517860 -250616
918366 -605076
-1453206 1569238
809212 -498566
-347372 -552850
-137065 633315
-105963 -362338
-837182 625166
103089 1046515
113730 -120714
-50143 302703
23007 72806
408603 631745
388513 -785304
-212307 -1101191
411187 -1226686
290615 289719
216377 508400
-683929 758433
330389 -477031
736088 -680230
341024 240151
60364 -659137
342770 50303
-1046059 621915
-67168 310830
54908 1112453
-215094 -529888
229198 559101
566792 1382975
-666192 -31381
349445 -1491872
236664 -157333
16171 852549
-443814 288455
486791 872619
719521 133291
-36814 -547497
179869 335122
-697119 -167350
227035 -571658
213615 -338465
-21870 416977
-398416 137592
260602 -63908
-490243 -1023270
517602 -64594
-106170 637611
-19992 295074
561728 -98100
132975 -282875
339587 -486311
-361059 -881502
301102 -496135
-475646 -731277
-101687 428325
-238884 543654
1233829 108039
532205 -320379
307745 489073
858178 773087
292091 271900
784108 -292605
-806980 -228259
-594090 -177583
1058411 24229
26235 518716
288682 682408
588045 799958
129712 -11104
-123897 254018
-581675 323670
259766 701741
383613 -402626
6325 -183824
-667981 80410
-352881 264492
-414358 -37920
-108439 -636708
-329568 -1231900
811610 179758
-187783 82788
199997 128690
714572 837868
187507 779725
-128480 -583563
103061 -225962
578039 124709
590161 451212
402119 146396
-15480 -221044
-506667 317890
-774799 -321919
-303267 374197
87248 -322987
651483 -60272
598691 1007829
185551 885796
-226645 395876
-128728 167805
909036 879427
231408 450654
-862428 -789625
49721 61097
-199336 845858
-42965 -670443
471016 -271533
-836769 505363
-632299 257583
-440852 -900053
-196886 -579003
-206158 545481
169923 615334
-252301 794537
-407915 -171214
32341 -473360
-339557 -248854
-783927 -642287
-622154 -354708
-709562 259608
493627 374145
-213362 -412912
1024399 799657
98871 -613626
506717 92283
-427233 -109897
-37594 554613
-238477 540164
-287804 -372844
468003 356234
-452515 -208543
777445 -422674
-644953 -1074144
315366 -258682
92438 -44847
-893987 -205902
-538524 627399
327529 621505
1507444 -224058
-184280 -195213
276534 -172914
-544826 -1357462
305330 747274
-1110316 -316625
408500 226233
-274424 331574
845671 149573
-354355 -549606
335510 198996
-73601 54016
127600 -792590
-148512 -127154
-616373 -70243
728054 261950
531775 -139544
95539 -493860
-575238 -977566
-36423 -767385
179149 38909
-594989 237189
28752 -72809
-765615 124030
643900 1116880
-652241 -595329
1116854 -450504
-341124 372854
362115 -912304
-115860 28271
1150312 -962028
1075600 -715249
301933 596218
137700 483887
-353976 850715
118368 -562052
238434 719423
443356 261086
11110 -45686
-450945 114153
-255451 89585
-256785 -1184762
-308301 409334
-115332 -440871
975169 -163048
-317001 -1246256
-340153 -567046
265585 -687097
-356538 339427
366126 -256717
1058845 136201
-187803 -416508
129815 426770
-220737 -117610
-840635 -435399
271999 312165
-765906 167657
380717 220998
-358343 -787212
619937 -921725
402406 8455
402650 -284760
-159 -334674
-294923 -594325
-565472 714482
27944 -447780
-284279 -74506
-215009 -623108
-925901 522412
319517 -509419
-109113 -136175
742150 -597238
-840942 -208903
-1052167 -723344
-416454 934868
-321211 -441784
-96204 73981
-838763 634215
105005 -829702
191113 -905414
801682 -874753
-25734 -725537
357283 -622910
-433952 780750
765802 -152933
367839 -603030
-262470 37886
465137 375333
-1100528 457123
-171930 166174
-228782 188439
-528923 -481500
193352 377438
199646 -973196
734655 -165601
173389 172704
-458386 -688262
879439 77219
108942 268800
-623195 989280
1322466 -509525
-775603 91391
-701271 -324880
80853 -522764
-730046 -832650
138157 -728682
-235451 -240095
69364 -30511
335916 -132772
-789281 136159
77978 12642
-125825 646117
-441383 -70237
408235 668820
-410266 -1089660
-250464 423295
545319 -213003
-396888 -304457
276440 -958490
364320 -469360
-116750 348667
-44598 163388
-278833 40790
-32814 464748
1017946 428905
133571 -502427
-632880 -264425
-994649 319177
360274 961894
-16704 53704
-484195 487637
461969 127512
33101 -432147
-1431362 -658566
169019 330678
536816 238713
-150726 1231112
-155639 -608281
-383914 -346963
-544528 -335086
-138480 68828
-770018 -35411
106491 -694060
-187308 -538954
-350386 74702
1995 862361
-408470 90405
1045355 606093
-1249894 1006788
-29971 19704
1223415 -824995
-26215 -676456
337196 766986
-258767 477503
-437382 374330
-154658 -850988
371339 -120536
462404 121701
-448931 -549093
1159866 -1215454
206797 -435853
215784 512440
399627 -948979
-233531 364923
437494 890306
1202669 -1048065
-647359 -28753
-398097 -195748
419005 -91533
-61697 308834
193335 150183
302335 -164456
641289 -664966
578731 -276634
255936 1106769
70318 -210085
938261 -680358
11881 -33915
-329858 -557918
-373025 -718041
393101 1433731
399548 436392
-592773 -604492
-171526 761120
-163526 -359037
-879205 293709
1143436 38474
-96681 389029
-704858 -727089
160581 -303664
329748 -597098
-194284 -64852
135006 -93052
-669710 -137863
-482048 1207717
-241254 145428
578740 150983
-390272 -636412
51989 399274
213420 33408
15129 446752
-496541 -1118955
-214830 -908775
-352374 1060490
744583 582014
-459056 750862
682380 213509
1098005 157479
1767191 409415
168482 -1150856
367216 332431
622680 -680135
387457 306994
-282156 -76029
-19084 1683609
35810 349580
114045 100302
214330 -605460
-506640 563151
-502667 -275122
-143919 212957
468968 -202573
-308638 -934562
724216 -558694
707190 -1249094
-174638 -1063454
-3765 -358823
654627 -164965
-66362 -49889
22836 1805183
-683275 440644
645717 816900
751723 -982410
-334921 15124
216063 -265264
-230352 703692
760636 -189441
176803 -558117
691383 -826000
101407 -542999
-869546 -817194
-663228 -326955
-588960 874880
-229795 607682
235381 293074
125469 -987990
14919 610596
48560 -385701
1218118 -551000
-271874 143767
-154133 -24447
-255360 -477581
-21032 -134748
-40015 460834
543759 747312
-73268 -208509
-334947 -328773
-399767 583820
-240128 246896
233022 -777641
472242 923375
-1442780 -321470
-110077 32575
-366325 -245049
-157018 524601
-610012 220961
938673 -705044
778212 146830
-265607 1031177
-294200 77161
-577306 -481043
-913204 -733051
585101 -587763
-438984 316854
-479069 1138387
143994 -424362
-272607 -342079
424020 699892
-194748 865762
606699 128611
278758 -764374
918830 112673
397081 -304751
150485 285697
952286 -199461
386280 1759466
504643 891096
872601 -910842
-326911 161950
86154 -652440
240440 -275842
222769 303701
-949982 -136393
117165 -245913
25456 -286191
161946 -122190
-279975 -105602
399468 -768661
437521 647856
1117704 -690822
-321916 -566080
-270821 131981
1087672 -694848
815650 1074189
-61487 613177
566657 -17136
-61807 210978
-16927 143628
598542 -374463
-332637 162426
656628 102450
-865324 -207089
341953 -406473
543294 -22379
-85296 147566
320685 787836
-174149 725976
248485 -704734
-497366 -1035018
-66198 470834
494566 324855
-149635 19707
494751 221795
483139 181189
159599 275881
-204182 384980
-413922 -272355
-182270 -212022
-73174 -72290
186112 -876416
-121559 -382651
225203 15302
-305112 341419
-539722 -388871
96115 -56600
-156931 81893
-144138 -934504
186887 -449628
432214 248296
1651541 764723
30912 -96585
-261227 339571
-286612 -474604
-23225 336783
-680578 -242246
169935 -362187
-1152546 -62513
-7093 -188763
92750 568142
450961 -1470950
290090 391376
227334 -399365
56801 215121
-287758 -75169
160540 -530159
778610 378028
-525647 596693
44458 139124
-41443 316471
-66926 8558
-519403 -899204
-474871 264463
-344464 -706710
-415031 23399
-616434 367242
-129189 -45898
139244 -489051
-1401288 -34386
-498207 551601
192203 225879
298897 -231053
537807 -521133
-1145034 1088032
15500 231022
-220247 -783123
146525 -446717
1018670 -103237
290961 -81399
-1074019 -340940
-1634764 -439720
12663 692028
213054 -125046
-439890 -579959
396793 191719
44147 39651
189100 -45352
-659870 511051
-116552 508030
-152837 267139
-418735 799840
474098 -169595
-55934 665516
322064 339187
-888964 -38281
-362279 350673
-801142 -182691
358347 804332
560777 198895
-550409 -448645
96858 243476
88512 -572190
178564 354462
866202 107023
422471 123912
-130777 -93529
-525728 -447618
-36905 -323736
315202 -185762
188127 943046
-25988 625786
-455512 -393454
-42308 -564236
-443097 -849365
-760868 -401181
-37906 -325104
890758 -187807
-53452 380095
-411060 -337468
-213307 -119137
348583 -1229439
-204751 -291390
196663 -224331
243644 -112045
-279111 -933333
36177 863785
409015 430770
-958492 -387103
675907 210776
-162643 -286281
159735 -1197797
-302667 50060
114910 -530039
501391 383322
990069 54201
-466381 -51697
-230014 257599
-18452 -241271
780462 -203879
610028 51545
302047 -450220
234581 -664701
-520249 -25396
-646361 -460474
-2613 124891
-16367 370921
824280 -350621
-407402 341446
255556 -1081140
-386937 -297768
225724 262160
282462 65435
-562417 196263
-132221 -890737
266270 -863760
-173884 58665
-694684 993572
-180008 499057
723903 243399
-430976 191866
795546 1110560
32400 -243874
6529 -343458
69203 42047
200063 -357513
303276 -113009
131500 85657
-425958 -340134
-146657 528529
795349 -166617
1024307 -107259
393425 393053
-255540 -1312049
44041 -868250
207696 89018
804388 -3443
37996 -275668
257026 -275324
1343122 -989874
-91409 -110309
1159391 -814209
886494 -537792
-271137 103910
497078 350494
-499519 -146925
269895 84403
584591 1009159
55215 308353
-246668 545577
-683407 248364
80558 -907818
-64786 418165
16596 118799
293618 394283
292489 49324
729044 669340
239343 570653
890940 284463
-483987 -156737
1324432 -783955
-774666 -814749
105412 -536924
-226507 -303608
-1083889 241253
-407214 -978984
-277954 -933319
-615694 -727066
-478560 -187975
-348111 695938
623637 212005
-222645 -629221
130798 3358
-374388 -579178
-264367 226491
-240289 -42675
465821 -24902
-284151 -514846
-142636 125275
-86279 -624417
15616 -410739
-650284 -4672
-50666 361139
-556723 -816091
287611 -425785
116037 -1471149
649563 -1095622
150120 -388845
257548 206514
593571 43610
457289 -122652
-418162 -882636
19228 -200586
263179 651896
-545501 -342990
-476421 711042
-41381 469410
436496 67797
-342180 808897
314156 664972
-641890 -180427
125994 294146
-326527 -248011
-189609 51172
302537 -62244
-525143 695739
982537 -470558
-287616 965276
74544 -1170401
-291638 639903
345035 -799109
-460634 976035
-73008 225725
464379 -491118
1189786 286518
430126 37752
845140 -840458
-385313 163246
-738862 407612
80216 -68548
427332 834060
-385066 -875042
-346305 -110177
261629 -747654
1822721 536529
143460 680093
-370956 -644458
88431 1211665
263349 -338759
692333 -266648
-103650 -256848
-745980 328336
-250520 -560896
15320 -145547
-129781 -384542
221373 827549
-361751 -778463
-720395 -211860
537171 409902
-114793 140219
-724642 236569
-282995 562197
-115851 -1006772
-18422 505732
471156 -103999
-227467 449945
607605 -64743
179093 357487
-255567 -325152
-204513 -224378
-334162 52813
96354 -251286
-816626 -272085
811814 1089394
-27882 -710140
-560761 346289
320203 859595
-790075 -77847
435471 363504
301111 684774
-1420137 667882
-252576 1048211
72962 -164636
-70582 -169621
-511723 324696
670680 574704
-218269 30931
295272 378711
78609 303806
314661 5896
49941 -76859
261701 689716
-335183 229257
-108245 121389
332142 638027
260477 -548384
488993 -209047
-740115 -420695
1112203 377105
-884071 1358564
7543 1005650
-648599 -240008
505173 -853685
-356080 -260570
515146 46678
8746 175958
-523488 40889
416593 -560433
671525 498711
-25608 -586317
1448655 364008
212253 -252956
-252335 -308483
-1371396 -185015
-1507245 637542
-322462 -54453
21786 -123269
-146511 -293873
175815 22814
-888813 317511
211488 485780
-25042 -936765
-428472 -255045
-544095 -559171
-900282 50357
355758 869326
-243127 -507335
-352507 -223156
1149725 114237
84861 487409
-489183 -272790
-893745 821028
165669 -649255
584568 -276679
64637 -109819
-602358 176565
-74913 399900
427296 -263748
-72716 -1192930
-283842 39471
-188651 -63716
10270 126200
785080 -194387
408616 -724346
386187 -93841
-266105 397923
-185648 874190
-390171 -669493
424694 794210
-235693 -442005
-441208 391562
101806 -782906
758755 162850
983302 678675
947305 691249
18269 -735758
-18657 775486
810503 30906
-1058468 -285057
-34352 260648
-79435 -312029
-1387811 -631431
222649 183492
967633 551743
-498231 -258476
-271290 -288926
-305554 58226
-52984 146198
-723611 803339
11857 47360
331197 -997926
-424521 -574628
271746 110638
-267408 150983
-466668 -167320
28553 -43720
-645941 -884427
678019 118428
557891 -72321
72802 -551078
-253727 9608
549732 -143583
476489 -46243
267177 31686
268164 252788
323300 -226906
-131506 -132544
-16793 77712
-970489 -252450
986047 -97530
116069 -783018
-419336 828007
-336866 484070
421129 -770661
-454834 270221
1240652 827907
463388 -1112147
-909567 -196085
-647800 737117
741692 103359
-398965 5569
-641085 -339692
286375 208148
345180 108916
-317076 -165518
701805 171970
-305408 -113327
-21924 230137
-236636 252830
-879971 -385306
703669 -1018247
415204 202715
391691 -267159
299201 -59625
295110 220006
-488951 -689470
-166948 277675
-435386 10078
-774064 -1243308
-77159 -1417968
-420511 -886921
-938229 -471149
-38123 149820
-658026 534027
-163853 -767082
80152 12511
462744 502627
-254494 486233
-486105 -129640
291079 -83059
128762 1222849
-806561 -701809
757752 631379
1231799 101287
589639 959528
-78693 115360
-379185 -349920
214883 114966
299068 -360311
-223903 -727589
1117477 59259
250090 160450
540035 44086
-157163 57130
-6298 190043
-473508 503891
616015 -817461
-318511 324682
-210949 -404104
637436 900312
-609287 -308335
-438382 90408
-300574 -231580
-624216 893074
585255 36163
-723136 225600
391028 -297591
222521 -336630
-597879 -275915
23113 -492480
-764096 -56529
-86923 802109
-331334 -796630
27010 -64180
77506 -667594
-463655 -211439
-661775 724990
55094 -149060
236092 -41503
-695828 -699569
276020 -541102
201814 633594
275293 163959
-341025 20481
311271 320701
-24683 558484
-143620 889471
-342487 -230774
-295158 239396
-433535 -674576
567067 -134803
-928300 -200313
-170637 -756646
613096 164052
-399917 -17389
-156040 -47703
11204 1003834
375502 -626896
-173200 -960627
-68245 -661550
-173023 815808
-745023 -576230
-103776 479937
996585 146415
665481 -24587
127195 -641444
274581 -895837
-327980 354461
269797 -337297
264673 -217861
-758529 -278712
-614885 -264829
68573 -74654
-17149 -283734
-343739 1304404
-499150 -207425
54124 10492
-278841 -1521
141515 449975
131186 -359288
17902 -153213
485288 -32331
75545 -706827
-272510 -176743
297792 943067
-189990 -174494
-625733 -918145
-79362 -203782
303440 -231227
415676 97593
873917 -253746
115788 447950
507110 472676
826086 -754500
-234154 894540
-178286 -80607
102293 247819
-204805 -47466
-257019 -575441
403397 310835
-3769 162204
-119913 341541
526303 -736293
115893 366737
847927 -62876
-208406 -65780
-939858 339077
1103782 639395
137825 349771
-24460 -239860
426287 1183885
349035 724611
-593793 -434516
170197 -633578
-53128 -1414
818015 130815
507261 330805
365244 489143
-307732 -721784
239691 829840
-293213 577335
-539146 -254342
-81976 292626
341994 -74866
-934505 -505381
75966 228077
833042 -470660
-367897 -216324
132848 -132937
114276 -532124
-99977 525048
301560 1052889
240119 300245
-173214 -32158
-95899 132159
-307063 354770
494954 510186
-203582 196211
153944 -239227
-541410 -6636
-236353 -47825
359943 -559003
160882 358977
-117472 -475012
344736 -157617
-740117 106221
20811 131205
118798 74225
480578 456792
-33310 -652403
-139358 278815
407734 -858223
402110 -20216
-196728 -447307
-350453 815911
-118332 68670
-475797 -146595
-654995 -544143
855438 -237900
837284 281586
-87450 -475385
1186255 263750
229069 895660
253806 -371606
-416608 -359052
-502716 681358
-44062 328282
-177985 602339
-273284 52493
413658 -202200
120231 1066861
665814 -200522
-27501 -557643
628884 71531
697637 556409
-126808 -443889
-983709 -380896
547915 133624
-230567 120868
182975 -51770
-403000 -592901
-315991 443782
-324427 -393284
254408 464744
35615 -506233
-98785 756503
-1104795 -73833
124059 419545
-804155 378510
-585707 108306
-658945 -427475
-309545 823141
602164 -262285
-875810 162885
782334 -133580
686048 -419206
-620348 364146
242719 -711259
1319142 1444668
-344737 -170048
124625 -262975
156364 -588838
-218393 281113
1265378 -453691
-1004862 693501
161056 793047
282916 -802553
-813386 106259
-221743 468000
-699710 82795
-1163779 -46595
1070655 373315
742923 70932
-18045 718442
-928507 630946
-31626 -91928
1399992 -161535
135893 263058
283346 61106
-569302 809275
-50862 116620
-997258 -67973
854496 858928
1891005 -482832
-433496 -287045
-218030 641910
-407982 -622666
-21588 -162695
-353181 624817
889221 516739
-563255 817588
57645 829442
303864 1029420
414818 -221447
380023 -211417
-577950 -886170
-704958 273910
-117850 428067
-314808 -463850
911660 -201275
338676 -480181
654374 -690992
-345381 619488
893881 -337799
-404800 -252033
737348 317870
20273 -333955
-1016640 1223353
-408981 367761
408254 -1504706
-23350 513521
-802266 467526
-50941 -190683
-828178 -561856
-471563 127222
-460442 -432772
-65801 -206215
-156781 -188306
-76200 151989
185734 139474
350750 -227444
368349 406552
-656721 -165873
-352693 -29862
308986 391308
321212 519213
962513 -72615
-1642206 58435
-131949 -326254
234850 -295766
175331 -310993
-248219 33510
728295 -278252
241860 33359
-906199 -251159
-498142 502850
219353 47871
-473240 1045432
-110222 -710945
-471145 316009
485774 -463958
-336648 -30971
-941923 404980
229753 249400
403829 -646321
-277499 397236
-1046781 -85229
7173 228281
-518989 852788
21454 -82044
90787 -572698
634356 -105785
-143226 -52880
622091 93093
516253 -11646
-354624 -1180486
632717 -1279403
-1028492 -141619
-587932 -914923
-626788 -610741
639665 417079
530394 -699889
582275 614616
-761299 -59217
41646 954798
-964532 633427
-1030864 -878571
-7236 997941
390891 -469343
319881 144385
-871341 -26336
132905 575750
356977 -211733
-1095360 31651
-768075 -60518
-296809 964520
-1010722 358238
266475 -128113
-948486 -133923
492408 418020
-114524 -446540
-278955 -588503
-177623 -546989
-1051359 -89276
501349 -78227
396217 -235001
270340 -195998
-20016 683128
370415 22239
621472 -45412
38967 112063
-136267 1016814
98374 300399
89039 541089
-648980 -366072
-129641 -1482187
118455 -388088
-74859 -110490
86960 -1103418
-79492 1128329
-851959 -14704
-769388 409107
-808607 750528
591914 -1084726
260458 -110527
-488427 -79109
-465747 -205590
-389619 -109907
-355672 327594
-283348 846385
976129 1054202
350839 -921593
-312878 481177
109206 804303
653269 658465
-485036 726135
-287323 1057893
-465669 -458981
271952 -210211
539567 -216748
-364254 545751
697405 427636
-517989 -182845
-117868 -802311
910867 176127
461855 -303832
95989 -331252
401663 590388
-944908 217370
869965 -66408
-96666 215162
-628109 1374966
605375 -580585
690622 -10653
-116191 339979
-521919 1148711
656655 117789
545060 -407075
-636589 96161
-64387 -1028233
474076 -295738
-72416 -20308
677793 263111
1278845 224075
-334417 -280853
349821 -148177
-484310 248474
-626257 82278
347587 106646
455896 61058
-161515 -349829
-668335 820178
-4720 329548
147659 -611056
308443 -1006154
738345 -1173630
117483 344269
1048900 -774838
-93620 -562295
233494 117316
-832741 97447
-1190316 -241198
592669 767406
192649 -590428
814720 -205237
254187 725445
242446 459845
1079175 683630
-88408 -617033
-305351 133377
42111 -40959
-866534 -228025
288528 772141
-681765 -31619
316142 -16794
-241769 -542792
-772575 947307
33481 80652
31784 124815
-116013 452270
-37696 -502539
981288 -259302
-455603 -111856
-123172 456754
-189353 447615
314871 351015
-223662 544660
195379 -134714
-527693 430459
-548288 -577013
275618 -552909
-330422 169984
1163446 -752101
-530990 526474
682031 825354
-190972 -315969
-412222 -111260
-385888 409764
-768946 -328055
-317359 278826
110526 482505
498979 338919
681089 734390
-360115 130792
186901 332487
1110568 -116446
-696879 -230996
660351 -349021
674178 40623
525663 -444301
24393 109234
-751215 571767
-760793 -469816
-387938 -632598
-244312 -360301
-459398 -692753
-766947 219599
-235829 1188566
-480479 122595
-197462 363158
-547926 -311911
-1350062 220410
-783918 267256
-714496 1110021
-94676 -106624
355767 -768470
317170 -779532
93011 65582
-888829 369859
-761938 327339
-365296 35920
-627156 -51464
-69750 663980
524473 -317242
548992 473383
908785 14943
-982356 -636788
-493996 -289670
-259163 537819
-308614 546956
-263063 -979951
358802 -296349
-361931 1134250
65188 344237
-334303 712888
213834 21872
496705 -452758
-967531 -115734
-581826 607963
-216782 478567
297382 -481641
718975 137363
360775 209508
-655149 -332621
75529 -1094294
-65267 -9829
649136 -256380
-303006 -505387
-338064 -474493
-81887 -116587
-1132064 -188986
-102222 379743
358461 548319
201571 783266
438705 248084
42710 -464658
443399 702767
-443085 -8882
691880 -95136
259851 310516
225080 -154395
35663 -408620
260185 -1167256
250947 476324
791152 -870646
1055658 362288
-71813 -113966
-325833 96996
691443 -709049
716724 -105925
153292 105321
91307 -40815
-34788 465344
1087905 303721
-735282 46740
-54744 -531400
-509737 -343195
68056 156186
72838 298627
1002992 37059
-358856 277841
301632 -351430
-888112 -161039
22192 339348
-489500 -996938
392258 696020
194004 -27282
-857679 -247757
-199098 217145
118076 -124028
288764 -40600
233843 403170
157447 -93042
-91277 653509
-271041 -193254
278483 822878
878790 -418469
-31393 -272467
-137639 -755783
964620 -102780
861256 547419
399351 -469152
1031231 -1369017
53888 22894
-82926 -1850314
756233 -289021
-565090 -392241
-30910 -522252
-350865 -115217
-57800 -318159
-252754 520762
523823 209036
-546770 620981
155307 -1228038
-633008 311703
-922866 714668
634175 522255
-657989 -626506
430461 301570
-605455 -431367
373449 -667712
-53173 560097
295091 -579687
882741 -40645
-133959 -231775
230353 -782755
-1091908 -1136058
126803 -575395
-202420 -205840
-538909 200840
-615226 122369
490054 -502208
252833 282572
398545 -231604
-39384 144239
-1194402 222969
212516 -688434
-969984 -304373
-213737 -98207
960972 -324586
-814276 556115
-632076 611422
-52277 -23019
-378325 167005
5901 1278030
781216 -770064
617712 664357
1048754 -522899
607998 -1185928
-366910 -505709
958559 -926276
499242 -139758
-405389 -838788
-537010 8203
710054 153895
120888 545704
-538937 14517
-1035562 -259359
86457 758268
12892 626491
274900 100219
-278353 -667748
772242 -345679
-289429 -745321
809187 322943
-617699 125413
-25728 -834840
392180 -160354
319849 418134
263303 503573
-654011 323303
174040 -98253
594521 -261002
108132 -508642
819228 137517
-901981 -751582
88318 -38615
-465786 977419
573452 -77305
-369533 -33998
696548 571811
-227059 17921
303315 1034717
-78287 1253997
-170379 -848397
-1352566 341358
271999 -481809
331457 37628
161967 291993
-236912 344092
-313539 422714
-1298874 254063
-51836 40585
-609972 -478020
860008 -133840
-600685 687079
-884655 -264880
-79878 608636
649265 631298
-688837 -103786
144197 -483344
-244440 -257591
500565 -388801
-117286 1165517
1302211 1348104
88905 88001
939244 -186778
-347241 138202
-391030 -248534
521947 -547866
1055454 340659
-32006 48300
551639 752162
22185 -13462
1231120 -1085100
30913 163916
-433011 183290
602798 -393972
-55334 -561660
433044 -395127
-955672 344567
-1360529 1158655
-84565 -1016582
705072 -220288
-598107 518242
410204 -400191
834057 384711
-136435 343630
-119310 1311400
-177118 634656
175023 -137862
-770367 224086
-747231 -121612
286711 210277
-448620 7181
-288523 -1467940
388232 326018
-144428 904602
-260646 273774
-166528 507338
345489 -598870
270839 -66267
705746 438234
-876967 575897
765647 186438
-577654 -991142
329676 -801742
-461524 306357
-33097 -76987
73166 213564
-34394 -474162
642080 391517
-448088 302099
-727835 -145285
-418967 -900548
-168672 -2136
-442597 502589
-535708 716142
348826 249241
83340 -282827
328520 -836447
335236 -731655
-831820 -362903
36896 274447
416042 603659
-53509 -218300
454541 690152
-306760 -313143
280990 298313
-668344 760922
610803 440604
318050 -341233
-188273 -242140
181033 540270
280137 -540127
1052265 159905
-422675 -185333
-154727 -567741
736079 171630
416291 -254958
811322 -968224
-155137 -434389
626749 -196079
290017 411375
259514 678012
-342983 -139635
-608196 -138035
556132 304052
464602 331860
369192 -821516
21072 662166
631160 -642104
533961 -260237
207040 -247675
-169394 6705
-398023 -234541
-171051 772081
-962971 26070
244809 119935
-844261 -225681
254174 -502121
-289765 72024
845760 835398
-12920 570447
132615 104285
-2018037 -829531
-521961 -390209
62226 -96874
198348 898328
-445771 1160475
-1069140 -44334
276158 210193
-283290 -654807
132884 -968365
-353456 -1066881
-653418 328344
-499444 -754218
468985 204059
-1294450 340920
232813 442613
-441203 -560195
133807 -900204
-628025 839896
-856631 -184551
284561 701903
-746345 -138557
21971 -873164
563226 -205452
207184 266309
396158 -349346
-127777 15390
-511738 26678
-891951 984746
-390481 -33439
60492 617116
-309593 -440826
-671478 -203629
-322956 795254
-227994 -34100
-588905 -28479
-159539 -277376
-271025 -1351070
680320 1389280
200671 436154
420979 792488
98429 212858
-96764 -650227
397176 171615
176033 542396
-713539 -50982
-782405 738968
153737 -871729
588652 1277
-238135 606529
-898248 510372
-351059 -973259
768450 -617335
-823775 -1140615
-26913 -125831
-654374 -453663
-295622 358166
116933 -613336
916496 74643
-79915 282338
350686 -838340
682051 -194006
-362529 967939
269689 347673
131743 -37072
-334275 -718338
137893 263280
89069 242184
-721090 -938006
458792 758465
-208457 321646
-303362 -518983
468897 472985
145351 -378761
236249 -865260
457051 -326503
-107759 310004
170247 -592732
992424 -406911
-591987 -414357
-652991 -225029
-170406 -246332
-180714 -412383
-225350 704822
-494420 60363
-781693 322102
915755 245207
468703 392756
560893 -284166
-181958 -327873
311465 341096
20888 188825
-166303 1784737
-299257 296452
-81028 -275293
-1348733 -921058
-224682 373912
-738036 1145278
-119158 -399735
-3776 -263050
810778 -241960
-1079759 995933
-422101 -329174
-107999 249225
1026936 -420387
-326276 583929
-131390 462298
-687728 219129
143767 1147351
-852806 48320
964935 915122
893910 -442056
189787 431247
-621376 -403620
347684 808449
34373 -876131
260602 -48475
-508134 -134568
378050 300186
307307 805424
271401 -76595
140857 -16217
621279 1308461
21203 -304481
378580 -165176
138888 -393656
1153242 76949
618762 -380037
174306 127247
752643 847613
555928 -84417
418429 -774509
944849 -400631
-183838 -124887
-96828 -257404
-766526 182775
444003 79033
-102002 -221429
-49368 -818275
594686 -90607
-332152 -918891
102971 111496
-157923 36225
660554 503025
434083 -1052427
-643684 779947
-649333 -534591
571104 356993
-1928488 -240784
-168262 -398923
79761 86758
516793 -767768
-811314 -914277
-35762 651016
-268800 -59981
-552824 420866
135831 534458
944845 -613597
-721040 430677
-783234 509960
257396 -547548
202203 72259
-560985 -17083
-510197 624684
393805 -271198
-462965 256652
-36454 -365041
832956 -362999
375669 21631
140220 -762665
-34648 451800
-761373 -504804
-856627 829470
141770 44385
1141222 -79106
100087 386670
90882 600186
-569587 -68276
-224340 128702
-446866 473573
-119495 42466
-607519 76578
-1044652 134883
-324881 -87809
276140 14714
-580324 850494
-207031 415526
245578 -626392
-181899 -29810
-918939 19891
-176804 248465
-399971 518472
257624 -175230
1226658 -1130300
2373 229220
-235247 652917
-141221 -19999
-710320 641587
488866 -568633
628218 202861
450059 427644
928799 923270
596183 -857813
573644 -404652
-298497 154239
-507020 -224062
-878151 -543398
761995 150702
1060931 528145
42367 1254814
365406 -607019
296001 -186834
-606424 65644
-254914 -899824
25012 -66800
848889 532579
-298117 -767387
1113324 513670
-106417 247438
147208 77156
567213 14827
131586 -253861
-190960 1057095
122539 -248269
-530657 358765
-187431 708717
-350390 -232716
818565 283685
716508 -76254
207242 12265
30174 -247143
-173438 48193
199119 46782
-798335 263753
771781 -327578
529208 214098
149439 401354
240617 -703719
580497 412420
-384444 -22197
-437861 -1115499
-648815 -48672
85387 -202673
-732155 -123844
-540888 6800
28206 131403
-584632 -48319
629036 -557391
-233201 184732
-538286 -448333
-23389 -666488
-158618 -797000
284055 -9473
300336 -317724
117943 408215
461998 232625
223908 313048
-209383 288460
-701908 37375
202998 761286
623692 667841
95598 147235
-830352 103835
-1532606 277361
282313 199257
108691 -370174
242617 1025548
-163187 255417
-94891 -277539
-1165398 77047
440641 584426
273400 110215
871300 -139113
-216585 281872
589964 138595
144888 327756
-355392 -237244
311426 40082
-670857 958410
586624 -168682
-154208 -394488
575529 195141
877699 248934
388375 -387963
-38705 -410751
-99716 109662
-166661 -333601
122781 -68292
-289609 109555
-382529 -100414
116949 -510214
181725 70166
-211754 1273276
-978622 1953831
-797765 -294975
-159215 296923
-205818 -147260
167163 256248
-280733 54225
-725096 342268
-407833 -65529
320719 511173
840545 -119512
525372 175783
28898 53823
-587022 154708
-912450 49947
336580 639228
160117 769691
-38063 652190
-549918 -604500
-373262 -373910
497763 -478831
-836841 -153346
33279 913552
379878 -433837
618965 -1112687
-86619 274144
-327125 -219552
46821 -262491
-237172 453686
-760405 -744582
-833915 80265
-215790 288825
-225582 -843788
-245173 -650785
727350 -328611
-938600 -60286
-1113488 -42517
-361517 707207
-514524 -887393
-918125 52891
-621053 -84124
478310 -965308
-60349 326314
418468 804414
125352 102238
181018 667320
-493473 269929
416801 366702
27423 -158116
1141286 418719
105637 -611858
-268698 618199
-135533 824399
-742407 96223
99515 1069901
674128 110137
89731 -429906
130523 213545
278158 695432
223181 314419
530000 62567
-2035691 364805
64361 647447
-197667 -419455
-136812 -712250
-136478 193508
-98974 -157800
-973332 -208396
-159159 70573
-9444 302223
52264 238164
40832 45165
-66895 -617254
363002 181967
-966957 -371062
211788 531143
-532732 -111453
-1079127 -400516
-256822 -637103
-1343818 -212458
-890426 -125475
60324 449675
62688 -800933
91515 -131644
-433070 -95883
555988 -608111
475296 -384912
-44234 287401
-325684 260437
-607100 -807269
-37676 -207469
-311330 456934
-285127 49922
-284606 -94278
803262 -890568
-566274 461197
-265679 -209781
704070 522201
113366 -499606
-1483400 448336
137264 -186670
-365361 403887
-1175056 133058
624815 433034
305743 203611
767873 -258574
-1051081 71623
37553 -75353
-630690 -736149
-134434 -374199
-74843 151355
189403 768792
119710 332655
-218799 -41740
-5997 253691
-561514 22020
416606 -412588
-414510 -1449760
-724312 -409195
544352 300956
-680040 1067371
359131 -556015
452917 -230446
-201199 537603
218799 -17063
5286 597283
-925153 -1143224
-594774 384309
1535177 537263
-44845 391414
-123698 -582765
465276 652898
-701227 -862182
-253752 -88253
390641 -929031
-42593 -597296
-580787 377982
1330574 101624
-146522 -461182
-502939 -875622
-134321 469571
-22796 96235
207914 -510465
303462 380896
439151 520145
305920 702069
-212153 473113
-668373 -251650
-508245 -391848
-234641 130689
-191001 -1016715
172003 235137
-288355 -663304
442111 -143236
-217809 -487329
558527 -307616
-40867 -719655
-758937 710875
243484 -125487
17205 -349766
-553802 659195
238432 -123367
-637081 509752
-27481 161886
-524626 144579
798748 74952
15150 729073
632279 558349
277784 -290326
689389 -118748
-635193 -258921
729680 248386
-1231019 -521665
461376 -126459
482064 -212111
92514 -325834
-566385 -401771
690937 727902
633872 322162
-238625 80259
431393 694190
72190 684827
-529788 633371
1105662 -113774
-202572 72075
195589 -462981
175927 731252
-517862 554962
213080 -268508
189290 54205
-708641 260261
173356 155216
-386679 -1028734
-710319 -956148
229138 -507706
-1228235 599612
208853 -218993
-601634 -667868
-935266 197549
402271 -74526
572806 -1028722
251602 214900
-1958 865638
399188 -514708
-385496 -476114
164459 454293
-431312 -305125
-209523 -863048
-218739 -376979
575207 -33512
620085 -148819
62119 -866387
-786089 953801
679732 -691630
-448664 362589
562863 662332
-500080 46974
834600 706593
641762 -674329
460206 -1112237
-530273 -335799
-110808 -228441
-942164 1059291
133876 383196
214425 24736
64994 -94739
-490310 -528218
216815 1399887
789113 779393
1153720 -704459
-379412 317510
-995 -68008
-274258 101229
892095 278708
614112 -226484
175299 799814
-1128472 -83238
660630 460298
-372116 -323454
-568821 330696
-50363 -426874
-826654 48010
76062 -341791
-667360 -208552
428909 714190
411886 -747964
513584 -61897
323082 -87585
810029 403229
-278799 250926
281150 -532753
196973 -63732
181636 388814
525653 684831
314927 321029
-251445 346589
-255438 436583
638396 -650964
58433 -419350
235888 330311
17599 884645
-111805 -921700
-550738 320629
-139884 250669
-130268 -336632
-79739 -31156
581744 -282344
203721 469954
82450 -900400
736995 -30560
-556862 -523240
-313575 282214
1035313 -248666
-134044 606133
66161 -1052260
-199846 -205461
348730 665582
-289488 75126
-876521 -6789
11554 119946
1369117 -712011
-291854 -451773
69133 305444
648597 -749922
-315969 -852531
185339 386843
477330 513901
-52494 -356013
628563 -722972
-257402 763127
-793997 46129
-179050 616970
380914 -181978
796502 -495874
-689849 -60040
491224 413178
437695 501931
-22771 -106277
1485473 746920
530187 734177
-30681 755710
141932 -291231
496457 -733802
-508048 131873
278211 327521
399908 12937
-833434 -643706
-527623 -312297
23756 38692
-795143 21750
565172 643138
-768534 515461
-350766 -213072
-138513 -142118
302363 7326
-1078841 739228
1075210 108568
520303 -180191
272104 465774
301810 -316989
833581 1032393
548044 -924159
-169409 -159874
313882 76606
464119 -159944
-261307 112377
-500813 323711
-913347 -491789
-240285 917793
636281 503722
99200 372486
1393637 -38654
-275833 -25490
-198266 154998
-314887 97398
-648592 -225293
900020 -619837
-271898 337314
-620903 -930389
29384 -470225
-799515 689
779194 247686
131242 630698
-184562 121497
16962 -52940
753963 1202889
502847 290891
-865011 -164138
-497226 -717915
-1235321 420353
-832054 155560
-802080 159957
-366448 407733
-358858 -840620
640275 248172
-514483 217642
111445 193324
512003 400815
-278730 -700510
-603640 -191584
521454 -46457
-251006 -141722
284909 549610
-305356 -229175
500028 626061
19885 -441613
-665855 -920399
115397 -47064
604113 -867503
189525 -225061
320556 159732
-371761 -329486
259996 -395813
-635052 -1187475
321886 1148976
-331747 43355
348584 -891471
-50472 107272
-1231400 11952
-178159 389038
20924 54301
161028 425420
141172 -997890
-387883 171841
355260 -705511
-468503 566780
-164616 -403427
-690650 -72633
-143356 542831
311670 304119
343845 -473803
-196690 -491573
507304 36302
-300782 135761
39721 358527
835755 -789541
1062638 607536
-728961 388160
-862649 1298822
-419122 849005
-241737 268290
-318854 788260
652961 -275880
-699337 145418
-785291 -681806
-127458 -1522079
-241563 -343608
-975341 -395545
48282 -473958
60635 -794470
-731838 76384
-320893 -754641
98076 595823
-22150 -1289403
-255351 -307672
-523098 314697
-394827 101630
506171 109113
154048 -247543
-584045 -877241
-215393 -391610
74539 963928
-233403 -315052
-10562 -325933
272614 -114800
997113 715864
165090 -67823
1457411 380502
114347 -95035
65001 29175
-278992 -36458
-48717 -699964
22360 363749
333174 148439
-160991 1101882
376220 220938
-335409 -412078
706181 451170
253979 410908
32686 -513928
1383467 -397372
-627811 -215484
-838959 -117791
205587 -243608
-840538 -902098
641866 -393828
101385 -21574
50868 147503
680612 -542161
586561 1128901
345776 -258190
278090 -205007
63367 37429
146538 451087
-570490 107418
920735 121472
-792938 330857
124051 424070
-1108469 185240
-594770 -335256
364769 904178
-127233 -169145
-693866 202508
191834 -358015
553262 -1020055
-1031158 528418
-602460 292781
-289105 -780650
103217 2128
-299373 28176
-658141 -633260
-637451 -1206357
-1419679 158471
336254 -274552
-569446 252035
270949 -52836
412145 559094
-393857 -392700
131382 -43869
485162 204531
-31640 447785
-701203 149992
49136 642265
941530 -386693
386973 378602
843422 -273854
-193889 -162388
-106661 249596
485160 -678880
-46140 719372
-276253 -812570
581179 11192
816493 -520527
490147 -723060
828586 -557686
-171484 -663213
-256152 -37510
-682273 -262443
441340 852658
-26391 428372
11489 -408553
-390629 318541
-726596 -168269
-230733 -295702
-140859 -1024283
225284 534575
-463864 -88803
904759 250592
-706847 -252836
-316839 935455
247232 -813705
-383029 -180337
-199811 -449315
790771 680954
-48556 254232
-153345 113453
32831 -361781
-344373 -697451
-473194 -201769
-915362 316658
441549 434432
131324 49595
-362672 -647573
-386427 -467584
505259 474202
-779788 515356
-568274 191778
-693445 230922
628746 101307
171 -290287
213232 -385721
4442 -103344
562263 -1545198
-604196 -779711
196169 -365375
260564 -320789
922504 374248
-38996 8501
503599 816904
-1128003 563332
-1288356 -274058
153214 -277086
-106667 748458
-1179176 -808853
-36017 -843907
-212620 179093
-89760 466486
708949 -199534
-344307 231368
-185034 975369
-180783 -361748
623382 -598747
-366977 -282499
611027 734966
135039 -21268
79367 130857
-945997 460012
721763 468695
-188589 760378
-196142 -217509
388465 -100584
252548 735416
1177306 344700
247997 531332
508085 -785802
-240298 -783672
726950 -116173
-156452 336595
273882 -300494
-268392 134326
409593 -528942
-78532 190486
-256988 -116416
185012 71576
611706 -289225
-658632 -37367
503582 -138265
-762942 -540844
-22540 -695968
588045 -548254
514095 -214320
-439688 179767
-989035 -621743
-720836 687347
895614 498101
-81597 762851
359344 -197557
254783 -555333
-109160 -193475
458058 427024
-131969 697286
-574843 -929130
1067994 123448
-573946 1106612
-483090 -1031273
-419907 706004
-222814 633268
541622 592507
-324848 226402
482842 -417944
599906 383588
858290 792350
449783 1140745
-644296 -220164
-537777 166667
-436845 -57586
-131230 956785
259086 -137149
603383 -24228
530427 300319
-56847 -333854
379357 -778439
510374 -54785
802391 882283
144623 -270883
-222948 -135559
1116361 -153549
-890296 609348
-435273 -575815
-240302 -594589
-16818 -527227
-229566 40737
380797 385533
-399339 -214931
-30836 571740
-441586 321368
128240 -537716
703274 805085
-348027 -182343
-80672 622715
185578 -293378
-313297 -87521
119006 545043
-437051 -302353
-261157 -336869
-471499 -457178
-129548 -105137
-361940 397398
4357 -759046
-570082 542374
211624 858794
621842 -465231
-176858 -344065
234833 34820
-1133533 -17535
698155 -725226
1098678 148077
430073 693375
-1006323 1241742
636454 -1085033
-167909 -514972
495694 642244
-543278 308837
-1183243 -680231
334073 -800945
24821 -111217
125800 588930
462348 1057212
-133279 428904
-170149 445311
-22664 -364472
426570 152350
227321 1206309
-65449 573081
177564 669530
569774 -861957
68799 325387
-153432 283409
76774 -217146
628210 169896
-13645 -281080
175722 426260
-1333459 -37339
-765395 -231500
-497597 -333384
-586753 581499
344180 -721432
522039 1031465
8042 -255568
-1535798 285653
464114 444502
36420 -388331
593430 -581515
-449603 -520721
612576 329889
153022 -144208
-10732 225177
182528 -567535
-104597 -398309
757025 225877
-285004 23263
-23557 -399203
-156711 -818357
442250 100455
-170000 531741
-151352 -559893
-347759 109009
-1213608 31533
203190 344135
-587363 540117
-241784 71063
-71333 514649
179227 764857
-418744 -279536
-624025 -125134
747874 177376
66337 281936
332495 -96470
242328 185144
-367641 399904
271930 -325907
-659479 404751
758837 196442
980655 268708
860424 199854
337564 -165341
-368379 633934
-748799 34188
179780 422479
136720 -468665
-404211 -483351
-384686 26897
542228 307078
728279 -588648
-251169 -990422
-219796 414949
-644105 -25011
-71026 -453704
-274634 -296426
-109892 -855160
-163936 516230
133951 241687
-208958 3754
-24262 -997297
188242 -1073666
562950 135931
-15923 815959
724907 70962
-1006602 -103209
-693276 -832279
-38706 356319
-286407 -942885
330828 -28847
-154432 -460631
892326 570508
815049 -198414
164834 -229103
-387101 -49667
114708 557353
-1105306 399858
173445 -86162
354088 -1299548
413314 540151
514481 593740
1155314 -381350
52052 818146
828008 279303
-812772 869925
-514716 246007
-14201 24377
1227801 -712020
-667555 -704772
95995 -243640
-77342 739665
-383174 106033
-158228 81377
21614 -290078
540371 -141818
544591 366654
-1098427 976401
547785 -721335
214676 -439759
