-37753 -47019
57743 -20249
39797 -25334
-19286 -30996
118482 -124293
-22786 56840
17068 21250
-122462 18503
-117770 -12990
95750 53219
-107893 63912
-136561 61334
-72325 17856
52402 -45597
-25821 84606
86338 65659
46088 30806
14881 18931
29541 -59596
107407 1311
50420 162583
-17595 -58565
30781 -95586
107439 65057
49581 -12786
31117 -9393
-95158 -121844
54001 62039
15918 50630
-40779 53711
44554 -89570
25035 -91130
-5145 28919
-3245 17128
75371 15597
-9896 69867
33347 -41669
-21381 -61431
-59595 2007
-3120 12077
6408 124759
76130 3630
107886 25330
21151 -144215
7627 60774
104043 -59532
-34945 -44271
-40666 -9287
121041 -78922
-80638 -77484
52650 -56409
-9102 115560
-5360 50278
29605 159451
-78820 -44624
-21785 66356
-29014 -18215
132216 -92063
12056 29980
5173 39565
99689 -47372
38696 104058
18690 46020
22299 -9912
86924 -37349
-1065 -110657
59250 7097
1129 -96953
43461 49340
28870 63991
-44074 92159
51262 -7568
-32237 -52784
100284 -82484
-1914 2299
38496 71847
34017 -39757
-60111 28026
-48658 133901
-109642 79225
42443 -33082
-168191 136177
49940 35877
25524 -27014
-47709 -36233
-12734 -25800
-10927 44260
-40511 -72805
-105651 27122
14816 -90141
138356 95821
64682 16330
167539 -88600
97350 -118400
-31195 -57635
53056 645
-33888 58354
12335 36801
-71223 -54850
26765 -44950
-34181 -10996
1596 6838
-72140 886
111531 -55216
29420 63906
68601 -89552
-51096 44616
5196 -11139
87733 98932
-182232 -58146
89321 -15853
-69250 -53880
-114313 -117682
-2 -50456
-70721 -109659
-71005 49282
89595 5321
57897 -19428
52537 -98474
-73826 54643
127296 165694
30884 54581
-16565 1914
20253 -137333
47594 86914
-85820 11515
172661 69347
106383 20239
15011 12657
-76272 52758
-1178 -54263
-91312 9145
63264 75708
5147 -17169
8296 -38220
35860 25100
6501 -96252
-41616 -35847
40185 -47211
45017 15283
-28305 2071
-38137 10424
-8120 29221
101635 61049
125265 -85866
18389 22946
25953 -31538
-34282 4349
-45647 76520
96633 -21223
-92579 -23295
29532 41809
-269 105617
82381 28833
161792 -97118
-55489 3538
-28913 133799
75072 47991
66308 133387
-58444 47376
9029 55943
-112194 83332
8649 46263
111752 -74098
-201122 24469
-115179 -48210
146148 -4298
-1929 -69681
118585 55105
4684 -50470
104599 -24644
97666 -2551
-32451 -64819
51147 40253
-133916 -188
66120 76353
-67978 148622
39968 60659
-66577 67948
-827 39141
-93737 159286
-56468 11501
14386 87813
-49377 -44750
-87537 31665
27223 -39503
24414 -14550
59169 19208
29251 -9588
778 147609
-117039 49685
21483 30515
-34446 160004
27056 -15426
-97969 -63332
83309 4379
-112703 -56834
20138 40764
-44002 -61539
31209 13534
8389 47782
-159496 100073
98103 20549
97307 -6309
15067 36025
-97360 -28135
51527 -48551
104433 18514
-74982 -83272
-14262 -59146
-66346 -25172
-27632 -95796
31579 64016
-20867 46185
-17849 24916
-89911 54400
53870 63893
74324 -5754
108351 61512
114833 -111659
-89587 65895
10194 44780
73966 -48143
53482 -89201
3423 57520
12405 -63715
-54933 -111083
35160 35388
-4942 12090
-9686 -31752
54339 -128337
94108 21586
-14098 56846
-58395 -126871
-3633 68142
-55524 -33489
98604 40620
43352 -9457
-39621 -36737
28261 -21440
-131676 91975
2753 25155
-65110 52236
-12943 -64459
-57189 125314
76319 -11746
-55889 -14335
-32449 -11491
13386 -62571
-78972 -28405
-83134 -8352
-101154 85631
-21398 -98065
-29509 -6340
-65237 -2009
-6573 -49935
-17819 26478
-68077 -65334
106133 70454
-76313 -12332
8507 20784
-409 79950
6031 37908
43852 58657
55098 -28558
-133288 8402
192224 160821
-25354 -79774
9018 33677
-345 49022
7435 -49076
20056 -12897
7669 18974
38793 -58449
-38179 -82974
-69845 -78070
-64070 -39788
38636 -12566
47816 56887
13737 146246
-40830 -4981
51728 -41007
-45094 67427
-34108 -20087
11925 -11352
108011 -135452
7183 90673
-66452 114030
27074 56583
-128019 -52698
-77721 100291
-28097 62739
-180853 49337
1750 45398
-38408 22342
-123808 47873
-87646 56802
58984 13528
-24931 -22168
-25610 27912
-29304 -66887
42659 50878
8816 -92991
-94732 -38570
-40755 -5119
-1809 90466
-79280 -15445
61769 -26894
-34703 15276
96843 17553
60346 -13061
-34023 76131
56891 90385
-18868 35199
78111 40074
-24647 45870
-5110 10304
-63338 -15759
-62956 -62454
27745 -89283
26760 -73310
-123654 13241
22018 -62597
-122047 147303
-40768 52256
144673 -110675
-84005 48201
96133 -47785
-20258 -101236
28394 -24515
-66441 27748
-567 27608
-93231 15329
-107102 27288
-42608 34861
-69150 67884
-33619 28155
-85914 -68812
50414 22358
24318 32489
37777 -99696
-38087 21206
36102 142410
-105929 99754
106874 -6802
-89678 53042
2303 180165
-56037 -94429
20675 96659
36512 -38273
-58036 -106828
-31276 -31610
36448 91452
-109481 -149604
-94611 -55432
-19836 -95774
-5233 1403
-183789 -57121
-17688 6079
-124322 -24498
-109738 4075
7858 43305
37632 -2468
-57741 29977
-43564 102775
13821 -35749
36236 -34759
78721 679
-33918 21596
60950 -144909
114149 -65346
69133 -1160
100984 144464
59632 -35776
35903 -50356
11501 2448
57319 55532
-42120 -99446
-25122 -2
-78563 40091
-117240 -117804
-74496 -165169
-181675 14925
56301 90285
-44875 112622
77638 11119
-30871 21508
63963 27732
1392 -43648
71669 38733
49080 -2334
-34365 -60864
-43255 -15438
-94882 93453
78138 -107894
-6839 146319
51524 -23775
19873 -33022
66265 5201
102433 125528
-105786 16263
103055 -42337
15810 32307
-41663 23567
-21170 80120
-88797 -3863
176538 231
-69655 30889
19300 -70997
36778 -23180
-151350 -57570
-96213 -23524
-24871 18151
-68537 -37797
-22119 -86193
48205 18264
-44174 -3989
-41350 93178
-79239 -28046
-28389 29682
-64033 23343
47502 -7801
38902 19854
-51506 50707
39686 62620
9199 37369
-21878 -74169
88253 -119431
38271 24103
-54921 -155744
-62289 15594
-117220 -53473
-43857 -40194
-37786 21464
-132242 -66657
-95895 -73109
-79734 115480
-73534 31640
-93624 -22898
13013 5854
-58135 -42057
-6875 4829
-18296 -21519
21018 -12170
70383 59297
60356 38145
-19892 -16327
-46531 110785
184 10714
-149681 46895
59783 25588
-51605 -38850
16416 -43013
-67634 -20459
-127146 -4432
82781 -83274
27143 13271
-69568 -99841
-15782 -14745
22811 19679
-83221 40845
24591 49567
23215 -135339
-49117 -127385
54562 33710
21092 83392
-71729 8456
-37729 -55504
21188 -96614
27436 68650
15682 -58416
-31433 -3944
78631 -53846
43700 109516
17949 -930
-17593 -45262
22537 75069
6111 64298
86828 -32224
39148 13756
-101228 65370
15748 126260
-17443 28132
53151 94170
27739 51807
-47166 -52507
-64301 39220
42760 -50661
-142779 -50470
-58864 89693
-85409 -61282
40927 -96208
-98516 -120003
102739 -88066
22505 1252
-4121 -10584
-43086 26407
43441 -18997
109490 56894
-69668 51229
-69505 -74780
75328 -83646
-107341 77126
6712 -18320
-34625 9353
-7406 -31474
22573 14514
-58529 8990
31065 48905
-68957 -30462
19282 32569
2977 -9580
-76999 -54269
-28856 49274
-53850 -55269
-58771 -43027
61256 -4325
41996 51451
36296 61031
80292 -68447
-19858 8186
-47172 29473
-30307 -131589
-22979 106593
-59101 -71563
-31619 12054
43206 3615
-29263 -72174
-52043 -23097
30777 -67536
-5225 22778
-29796 59173
-83595 7154
43955 -32881
-37062 -90918
11572 23550
-71907 21265
32529 -75830
10758 11214
64066 121353
-34758 10099
13088 -30470
32900 37986
49976 -180
38824 -18812
-9590 -86873
-48731 -105845
-17145 -9412
11874 -54126
-4654 -52060
-5949 -33520
9406 6393
-25782 39262
36397 -43602
102210 -26999
26116 -29548
11984 85903
-62161 9767
-30380 40262
-14918 27573
142958 110890
-29248 11647
-5375 -41160
-38537 -41148
-30023 -33503
39434 -55772
68206 -53742
-49581 15478
-12194 -60449
-54507 -149126
-8251 23544
36779 2514
-97967 -53130
33303 71550
38197 46802
35906 -105259
7938 -59817
-16168 52596
62648 -5430
69418 -39751
91680 52478
34189 43373
33782 66058
-73823 -7948
4910 -61584
-47619 -12583
-33495 -69503
-181655 -51872
31876 -152832
19443 -51036
-64740 -35834
-42386 -112845
-15082 -83829
-4266 -133950
1990 -43660
56719 -58242
-73999 3893
54001 147751
100768 -143393
-90077 40022
29471 65649
79813 -43261
22861 -156463
45123 68611
-27449 52929
82401 -26586
-26180 -37596
13640 94063
23278 -91665
35045 -90994
-65272 -47814
19762 2738
-67841 -13213
10663 66203
12511 -19187
-43024 48058
-143519 -2887
195980 -33762
-166791 57899
-136087 50923
-149572 -6253
4647 -16378
117884 22330
-105506 39040
21219 126417
95161 -51962
82327 -12716
32490 -144401
122642 -6317
65033 -19399
195 -39613
-17008 -59842
-74841 14595
28810 86949
-47024 -46890
-156183 -58456
9937 -18565
-2857 -63242
-16008 75656
24421 -73377
115610 37616
42372 38940
7907 33755
-11230 17753
7423 -74595
-21939 47990
61856 38220
62813 -13023
2382 605
-36102 -59253
133572 -118706
108227 -82318
11111 37634
-8327 -60592
-103716 -73866
-27984 6259
-187794 13773
-39198 -3189
15295 128894
102041 39794
-84194 -44393
42827 -45868
-134317 -32298
-61007 80552
-34942 -63510
-47680 87471
47257 41662
33568 -71903
11132 56391
62783 -2072
22176 38920
-43861 25284
75262 88387
-64361 11926
-30608 -82909
3560 -60254
-35738 77017
-39560 39162
3780 -30043
-58785 5308
-35057 44909
114873 -27545
49303 438
-199360 -5189
-33939 114870
-21805 102239
-21235 -20358
-56446 100577
16713 108664
79478 37037
54330 27363
-23296 -39262
-57216 116596
-115149 52407
-67038 90318
12492 43027
-43670 -5201
-34237 50881
24841 48126
80885 -86765
-11312 26824
-75280 -28706
-107855 23286
49619 -7534
-13596 29216
28668 -10564
-8551 -29716
37470 -75579
-38442 98333
-30306 -77580
7597 -125144
-54119 -14381
14787 110352
-77513 -44977
111631 8252
177418 130681
42414 -8441
83511 26179
6316 11073
11324 76662
-95493 -34012
44122 -49220
26398 -6450
-23958 -96716
-15025 -18713
-31774 -56802
52753 86982
-3443 115681
3074 -26145
3691 -28561
-22909 39203
72345 81666
-90424 -36835
-16821 66869
40763 37271
-59937 18844
-110946 -29758
42726 37574
18618 -5502
36024 50636
-34797 66132
-99709 -15680
-85069 -27949
-34245 -45218
-100224 22943
47121 14427
-98868 -26800
25651 -30596
-8763 -16846
-113680 -95746
-43479 -3452
4961 -51100
-44630 -75663
211631 19304
36172 -107287
-61172 31366
-102987 13681
93267 63470
-95738 3036
62776 -175962
11057 -63352
27924 46223
-67646 -1976
-119886 -14074
40041 35794
-104666 -39600
11060 -112516
-3934 24947
-68740 24094
-62854 77896
-5479 -17549
-47262 -23580
49514 -17432
-4966 -33610
-50299 -46103
-53137 4920
83899 -62014
22451 39391
28580 -48430
-53922 -74430
-6866 22780
-136984 -3822
32872 18280
-74118 8900
-25507 49463
-33119 119310
54404 -20917
6878 28382
-43202 -15483
-89480 -20067
4921 60639
-29408 -70231
134073 77762
10043 13422
-2679 -110757
-15052 -86232
-14293 104250
-37123 -21499
-78801 -6429
66270 66511
59705 31417
-4230 56174
53138 -53860
53713 -55349
-1751 -9879
-98084 -79505
-89618 -106646
-78489 -85583
2535 99235
42989 -188390
-128679 89621
122373 -46844
110711 -23910
13052 -91093
52379 44857
-52521 5897
28955 -44755
-4508 80969
935 16914
97747 -81912
46152 78990
-85263 105558
-74812 56439
21030 25285
-62186 -39104
-8052 41177
67322 -84657
13545 15036
56766 -84636
53010 66442
-55712 107633
-83418 -55463
-29886 -69730
98259 118047
98809 35637
-77689 172339
-84767 65695
84829 8171
-61268 -39637
-55503 79897
-179666 34006
-114887 10869
-16968 122870
-51909 84811
-87713 23055
10159 -91869
1453 32142
92486 37245
-66762 31751
144758 105045
-5049 -31733
-9044 93489
36422 21070
-54420 38244
73831 -42473
-58930 -88695
-16356 -72351
-131848 -37734
-8360 24769
2494 -30185
-62906 114450
-53955 -73609
28056 -25947
106601 -10693
45673 -7597
53719 -95042
32028 -100857
4224 -147361
10106 10761
5363 -16072
5267 -3984
-76600 -78253
14279 -8041
-46707 80882
-36256 -89204
-88626 23747
449 -67008
635 18419
-13761 -117869
95214 -13839
-17933 98115
-110303 -81460
26555 129707
39598 -39027
394 -36702
4990 -62070
-12279 16332
47444 46468
70699 53699
-50064 -112024
43427 -16821
-12290 4061
127159 56438
57658 -64266
5913 91666
-25067 29276
41113 57415
40162 -70670
-12460 -19501
4237 -57527
33104 28755
1807 4702
-31060 30031
120351 17914
32989 -6828
100450 8007
-103759 59253
-91611 -29829
33848 93574
-20963 9972
28901 -2294
-16225 -1304
132212 2850
-16872 -58112
188620 -35448
-71924 60742
-27780 8926
-3938 116695
29164 61656
-69612 -15231
4473 -58491
32952 35579
-67896 5492
6644 25417
-15259 -13832
26969 144341
61344 32555
9464 -1648
-56488 81351
46228 -35274
-196810 -22048
-20399 69472
18601 56992
78375 80131
-67182 -18426
67233 5644
-17949 86310
-2021 64747
-138338 27832
-113594 27235
48101 -22853
-40751 -98889
7262 10339
-78319 3674
-20868 -37235
-30414 49327
-12143 55592
24798 53588
48702 34804
-4108 -66499
34333 560
34657 15065
40125 149814
33613 90387
1539 -97873
106217 -13618
16016 -24096
37903 71631
-13260 56180
-5624 35287
44374 -32930
69823 50822
-34465 80491
37404 -64101
4777 41358
-36789 8131
-67267 72675
84570 94659
-6217 -16864
-92375 -132967
34038 -4256
-78877 -333
63091 8887
11630 -62740
28937 -63492
-19268 57686
95514 -28025
101479 -13421
29320 -86267
54386 -98866
-35076 -135199
-80779 41538
-92492 111773
-111462 -53154
-50739 40816
53323 66009
-85433 58060
-209262 -7147
-81003 -23698
18865 -6929
-19095 23106
85410 -62241
28208 -42259
-94659 31202
-98341 7876
5239 -28694
-86860 56588
-16426 -49799
-55006 -14822
-118713 -2307
45589 54335
2694 147387
24319 90465
23179 -57708
-32690 39355
28025 -28839
93331 33353
26346 -128403
-18610 -60428
-5280 -70868
-68772 18699
-26611 -53359
96166 -126174
59667 86191
76956 104121
-8647 29398
-83951 -42239
10819 -61763
-63567 76488
-42028 159634
67018 -6259
9316 -94581
124233 -33645
-98063 -28183
-17800 -76462
22414 -84462
68528 -148973
24681 -17294
-120330 -25942
-103195 68080
117722 77804
581 38180
10409 49015
-72508 -1596
21900 13107
13552 12799
-29203 76662
46720 97301
-75646 -77050
-55451 15646
31299 42802
132114 23486
-132660 113616
-39647 -256
46750 -6821
-66269 33715
-32514 59627
-8902 35027
-43610 161116
-259404 65746
-11060 -118004
5380 117471
-7499 -126325
-14325 -36461
-23093 -42477
-90132 -139301
63975 -134867
-27860 -8947
-67241 543
76954 -25595
-15947 17832
-126423 108510
-22134 97496
-36816 154792
-79593 -99392
-44486 47939
-3309 19453
13925 39230
13875 -35025
61063 48379
-55758 42461
82190 -49566
-84904 23517
18890 2400
61856 8433
70591 -28340
-44713 -150025
-23407 -80064
88304 -96266
-32523 77879
-57628 26868
-62713 51528
61023 -3476
117353 -57529
86611 71360
51613 10878
77977 -84615
103497 7875
-11595 -33266
-24427 -31218
-62290 57943
100914 -58469
101285 -41482
-27064 13755
71616 20855
-7180 55942
39330 80552
-45954 72060
59752 178554
45229 32059
76150 -20818
-92227 -92481
7687 -113057
17667 -15192
-24316 13807
-113915 -123347
-609 92602
-56609 128277
-94533 2845
44519 -15805
-15385 -183222
81656 70683
-82074 -77268
38483 75164
102163 108669
-23437 -68571
25396 -108549
-21941 -5205
-43580 -33769
-34035 157994
-5810 -140627
37384 -29328
-34527 70933
-59178 4702
91139 -27803
-84887 12905
-98166 48158
107168 130994
-409 -12536
-4435 -126275
-44931 -41545
-118990 -80176
166771 20454
-58135 -38265
-59834 10311
-46884 46682
-19614 5130
-22800 19682
53231 93204
29358 73210
-92205 20550
-24417 27864
-34357 28354
586 61322
46824 40855
85162 -182972
-34858 52656
-31510 -53428
911 8614
-8994 -116824
-59696 -113685
-25466 55747
16159 -34759
-8083 -3897
-67186 108433
-14455 -73649
145830 -57357
62593 7581
-338 36290
-146224 -4520
-40516 8834
-49687 30681
-49207 -8172
44999 72496
-8186 16164
-55995 28724
-30310 1982
-105424 -109139
45473 16082
53105 -42031
1144 -79632
-50064 -29708
60678 48897
90363 23596
-18272 20822
2726 -68153
111183 65535
42725 49530
9002 -89176
95866 -94042
-1580 77975
-24280 -61829
-88972 -112657
2470 -34024
-9406 -2417
11304 -102523
2108 31909
-54231 -42597
23431 64681
23028 157291
-10947 50548
21986 -4740
-71649 73357
74020 -104387
19648 736
-171729 80946
82703 -43042
96315 1286
11644 -54039
69637 6597
-78980 123028
-70 53207
-12644 -31316
-37671 93245
84943 15339
33103 -12897
90774 70805
64955 -91932
32017 -13317
9188 6999
59326 -21372
-28692 -119946
66018 34219
47112 48848
-23750 -102834
-68257 -105545
-116186 -38450
-35036 64319
30540 13552
-17618 -76954
-7719 20624
109650 -6992
85563 -23211
71847 -91338
184258 -1940
-9095 -45088
-34532 30113
37135 -42140
-15893 -87520
28941 -48350
43071 -31508
37863 -115152
87693 6280
-166 -32139
76103 -8871
-97313 33082
76044 -26704
-11805 28804
-8476 -2227
-1102 93002
-35483 -22080
4949 -53351
-11244 40260
11734 98850
-34383 30512
-477 10463
38061 -37075
-21857 -42139
46299 -49124
-30534 120067
14434 22258
50552 -777
-76733 -32224
2575 -180964
40866 49505
-68699 -54972
-61435 -25986
98341 83388
58910 36827
135773 174039
81374 -50202
-46433 -53738
78669 41870
-34857 -30092
-48674 -7149
19776 -51217
-35078 -109034
159 38527
56475 78162
11390 -32436
101324 -41342
73575 -42018
69614 17754
-73318 -16363
-76029 -168207
70888 -58292
-12858 44005
20728 -80030
-5321 20433
41741 36261
3510 10613
-59340 -70409
46082 4167
34343 47152
-30236 33516
-56560 28646
2227 59944
50509 9639
88108 -14638
92659 1810
128596 -3950
-76334 20092
-116473 26693
-38310 36406
21466 52532
145049 86505
71077 31544
-36625 44736
-203183 12636
-6466 15793
41438 -35814
-133972 125045
-61952 -13090
101833 119264
3182 -54999
51058 -12082
-596 9764
-123703 -182639
119473 -15044
60001 14200
105264 -56567
-46952 20159
-33032 33218
-74020 71084
41736 -244167
-78620 -16067
-37695 16206
41464 8478
67273 -28987
-71357 -36611
-71788 22343
-13815 6573
-9462 -64497
137731 -65228
50546 26148
-66169 65849
-7927 -10311
110972 44169
-79828 16601
45902 52831
-39579 -55141
8924 106928
6718 79753
121162 -70213
-493 -48866
48770 172787
44315 -31941
-38731 -49573
21122 22446
-45257 -53877
71319 -31926
-40688 34462
39059 -92660
10820 -80402
21137 8137
9482 -64534
-181159 20439
-10196 30009
723 -16755
-851 35411
646 -29967
-98771 -13123
-22052 -34567
-64180 53626
-51176 -18950
127891 -1017
47724 673
-82924 58125
81203 -109379
-108449 -98160
42086 31874
-4663 219085
45240 149693
-80600 10045
25161 -22956
-44374 -74791
-56418 -8472
7627 -117259
-19784 37208
10938 58573
20768 -22816
98001 97368
23111 -61887
67473 7742
-15160 -72696
40029 -92059
134957 -57636
-54950 99344
-106623 16582
-32765 -64230
28493 107514
-34922 -59397
15494 84293
62544 43045
-2196 -73819
33749 -37263
79951 -7567
39964 11404
69654 -106714
117638 -11467
61351 -63151
-48061 -59455
125087 117598
-14807 52789
-44225 128431
-34909 7514
52227 22448
-22893 -87438
152361 -13694
-28161 7231
-54337 66621
-98202 -102367
110175 12735
31078 -75872
92578 49902
-50576 14983
7359 71364
-110882 -52004
111839 -37598
-86911 42539
-37154 -69239
41291 40867
-21483 -62698
-150042 -7619
25570 11135
47759 25406
93386 11757
17283 24069
85147 13156
-37121 -13319
74467 -9187
-8864 13106
53066 -42753
-119897 59295
75496 -6129
-37294 62872
26734 -41534
63400 108990
-50991 48807
-58585 41335
-53806 -21583
107412 -89505
-43683 -112970
22259 57281
91628 42151
-66405 -82280
84975 -57802
63547 -21462
-14015 -120726
-16449 -49727
19115 -38283
203634 -19142
31562 -86433
23592 -171576
24453 -16436
2218 29424
-4907 168994
165078 -45779
-94445 4812
-167129 -130367
-68981 -73232
11690 90614
-58515 -22529
-222105 75951
106977 77663
70891 37966
-77319 17454
125157 -49377
21461 47741
94995 -34792
89926 -170848
73813 -40254
14858 -22882
71007 -1664
96151 132522
634 49366
-17961 49067
23087 40787
-13325 -81387
-20182 -9201
4577 -77617
59915 5054
85315 67846
-52492 35704
-67871 -114401
-14240 6993
-22453 15590
-26927 -9733
-88094 15308
25566 92880
2012 148761
6338 98649
43300 9191
44113 30537
-27296 -30359
-46811 111690
47865 106034
-72201 72763
-130927 31860
-150188 -13891
36504 -68968
-47869 -13001
33134 -135669
6217 44112
-3646 -8243
-41402 12942
9029 126562
72714 -58153
110551 -60443
56322 26687
13901 -29397
-145810 128458
-12874 -18935
30126 83942
55744 120883
17239 17518
19956 1723
-46514 7613
23029 -66496
-154605 -38653
24104 -98707
56052 118147
-63055 -36845
22174 -53526
-66705 -88764
19685 -41150
-24786 64528
28635 -17104
-2973 190088
55219 -34585
63160 -160411
43749 -11988
848 -27473
24158 51729
93255 27409
-72202 -28727
52321 140788
-114663 -21308
-94806 -66282
38774 -22222
-1676 59037
-83023 13096
-71782 11246
-23374 -31116
-45525 -131059
32291 12145
10892 -113286
-67281 53829
30595 21142
-22575 4953
-93625 133991
-18102 114981
7074 49233
-51896 128165
88971 60711
-37278 -2287
-62042 -7882
11149 10282
-46282 -31049
-11235 93343
44605 50415
6567 -33348
111601 68679
111477 136650
126628 -61242
110242 -67771
-18831 11977
57952 -107589
-24688 -18981
-19197 92408
-51799 -19036
-36876 14912
-31639 158718
-6229 48352
57397 12436
6290 -142980
-58105 -2068
76451 -29906
13220 24064
-32014 -31702
-19358 -5509
108018 -78034
-9163 -45011
-74787 -11897
734 71885
47522 17323
52639 -49584
-11212 -8770
-28245 -31122
-29357 -19102
-3113 12917
-77661 -36398
5028 -6673
15648 28519
-8879 156604
-13627 115851
-37272 1740
-41548 79784
65048 4346
46063 51664
28737 -128749
39046 115537
-55735 -16234
-31434 -43320
-17230 22854
-14171 40831
-88406 -55361
66641 -4732
-56006 -1705
52651 39817
-121531 -35219
-3219 63299
77669 40049
-65391 26556
35470 15078
-25780 -9558
-34614 -31650
127774 -125379
-21308 -71681
25239 -22653
48162 -70098
-33221 -20816
17546 2527
-104447 83420
95092 45872
-43410 32145
4756 -110400
23472 123564
-48007 19336
22923 17114
49476 -17026
-95079 127644
111764 103980
-145920 -18407
8611 -19457
-29854 68524
4493 -1312
-109472 -39814
111819 -2409
52942 69490
31784 -11575
41681 -22209
-91914 75912
42032 11407
-56856 -104923
-130430 72879
-113617 36312
8 5813
-69696 -17081
136902 112185
-1786 26678
-74503 -14348
68944 -75290
-14669 61599
50771 -18184
-94126 9607
-164606 23093
84433 90311
92405 -62845
61625 -60976
-17288 -76991
-4945 21775
10314 -100973
58348 13692
-49511 -3731
87006 -38358
-5770 18459
61554 -70696
-25402 1886
36235 -29321
-79580 -100381
-38660 8656
-66846 33228
-81503 29339
12615 -40491
-75492 118093
-4328 -15938
63592 56509
46899 1708
86207 -104713
-55377 -87341
8515 22017
119211 95739
-27803 54011
-26636 149033
21433 -80582
19921 -24703
-48225 -117145
-64712 57824
15790 39635
4635 -3562
-3140 103360
29469 100678
11326 10984
-38794 -77251
106526 12280
-50884 10636
176555 93927
96570 -48558
-121054 -22942
50292 13864
-21877 11909
-11452 3883
-9597 -40005
-21962 25193
66000 101440
-52176 40425
86496 -72993
137737 -81436
-34409 -77206
88251 105014
64815 39989
105656 -72888
69083 -43471
-34067 6146
26435 -101259
-10823 86637
-51315 3772
50620 -33858
-20144 41220
79608 31362
-59873 105405
5358 69780
63894 133756
2637 -38309
203566 8341
-31607 46179
-21967 101294
115427 -46452
-74468 72024
151523 57466
105689 -85795
28072 86959
90690 63145
89293 135996
203333 -8155
-69258 -10317
-77871 -4925
76354 -29403
-24518 -89144
90243 20752
-3404 -40396
-50107 -28094
-7886 -38569
75552 -84988
-21214 -35310
-95893 8334
-5635 33317
-110358 -10630
-94417 99671
-53980 -27138
-50861 27531
20208 7421
-53954 -138350
40072 -61031
-41275 -124351
29724 80364
-35896 -45384
18410 -25346
-89231 27569
60529 -89810
49322 81468
-60964 -39484
138958 -8606
-37098 38157
-13288 22843
28271 67339
-46913 -52827
-5969 -98396
47455 4556
-25217 28432
91612 -40425
49120 7321
48638 160573
-52243 -30600
34675 -6996
65674 -10469
-71362 -47416
-7486 -74080
338 -72321
79628 -119216
-36509 19449
54099 -22971
7032 -106675
47262 -55679
27792 90001
53000 -72439
68411 -85425
-48592 -1929
42599 24097
-28314 99545
-31418 -57463
35665 24582
-15318 -30290
51336 32729
32523 8723
-47436 42807
-40375 48486
-80041 105214
-114410 -106965
29314 126860
80715 40089
64235 28356
127561 -27586
-18468 -85443
-31529 -121154
76771 65757
-107963 15413
-78654 155996
-39497 53111
-51842 19865
18896 76796
-110431 27921
-12894 38948
70940 -80986
164772 -33869
-2343 -71940
152375 10581
25188 -99223
-37078 476
25466 -187213
126309 44090
-91190 68218
99709 40923
-24263 37891
-47819 -36450
-72647 32469
-47209 15031
54406 -26374
79410 83982
-47864 28052
-67986 135355
-68360 57900
22827 -24732
-51212 -53198
-108330 75211
-12700 -43508
-54240 10897
39180 -59682
-35167 33250
-45912 11751
-149483 70003
-64477 37687
107414 -30258
-113429 -10926
72729 -45734
6970 62355
-18773 45897
-30227 -35349
-19820 -43457
-47759 29313
11379 -36607
-112104 13453
-32407 28421
99892 -139635
128404 15763
1441 -62243
52719 -31035
34590 38486
3050 -37964
9481 28213
106954 -105134
116745 -20692
126634 14708
-27948 -29494
-71019 43911
81072 13257
-73990 71887
45976 -67189
-114234 -7669
25225 15635
-25126 -82808
-109171 55802
22328 74629
47428 103732
43070 239048
84024 -2882
-34852 139218
123584 137847
-70740 5148
123523 -50537
-12243 159387
30656 -7614
-21035 85994
-52445 9812
-65223 29651
27753 24057
51597 -39207
80351 -29210
-29764 125989
-22112 -104368
114038 -34428
48309 55259
11821 -42193
7830 53932
14280 72189
18328 -34214
-93581 78910
-22113 26117
-32181 18619
-33058 -32596
46793 13952
1346 -7494
47499 -80131
-5883 64706
17361 26218
-55383 -18424
39484 30779
-42501 -16481
-56035 44639
-138012 -64005
-38193 87406
79232 74420
17404 -19612
-11876 98046
-84346 2378
-132955 -98705
-8566 20104
42582 -8373
-56119 -42732
-71569 -33006
41098 -21672
-42825 44794
-69654 44694
1575 -18292
37054 -18229
-143518 -9575
7156 -9260
-16968 -88386
47889 -89004
57696 5745
18388 -27769
25684 -25131
29482 -68844
40649 16941
90831 -67928
12439 40182
79336 177690
30632 47081
-58061 8223
-29751 -44853
-53219 -74185
-42971 42350
45085 -76245
2744 20048
28003 -76008
30842 -43294
8400 -15956
-18324 -67097
-101364 -73543
-65525 75545
-15932 58945
-69324 5289
-16836 72002
14397 6823
43949 81011
-20879 16579
-77536 30336
34603 -34096
2519 142515
-101969 -53550
55907 -15698
20073 -7252
65369 -26726
-77567 -20355
-113007 -26075
-35848 -937
99394 126780
83154 -53820
96657 -44551
39372 -49794
-66466 -17647
179155 54114
27579 18163
-8418 -116230
-92006 -77768
69042 101577
30537 -45046
-36835 -119962
-100231 117965
-2121 24484
-53568 -64027
38425 10739
-57017 -22891
-72036 112544
-60551 18521
-7448 -59317
64352 62721
-67943 12582
20562 -12324
-54953 -73544
129787 29971
4087 -2789
118568 -33372
-50071 14308
92523 -3852
-18038 -32944
-119373 97343
52961 106696
2992 -17100
73488 6040
-16529 -45695
-32455 -24703
-52471 -116947
-30391 -85237
-27661 -91248
-74206 -175681
-7119 23818
-74758 21212
-88411 -34290
-78681 41100
100094 -75843
118400 -58918
9127 32054
-59096 37981
51823 -4074
168007 -74084
-81786 -129670
-66275 72864
8921 14939
84616 -115544
12487 28080
2004 -23859
7095 -42167
-27968 100356
-41220 -27203
-112975 -98680
17833 -68838
-36040 19500
-54268 -508
-113958 -3085
-86483 -120756
1819 -5137
97580 76516
56067 34519
-75966 144833
-7294 3600
101958 4737
44831 -51804
45519 -16058
54805 -77008
24523 -90536
-15793 67940
-24893 15821
-1589 22888
-93061 36172
54223 -2902
77297 142111
-5959 -56521
24803 -58983
-33913 -58563
59479 -10224
25164 24914
-4140 24176
35768 -66804
-97639 -133275
198767 143260
94515 -52312
30469 -75076
71084 -83842
-10331 14372
-148643 -69482
-61047 -56929
32685 3098
21155 6957
87636 123132
-36120 41835
84521 45451
-61294 27963
-55339 -29939
139200 -59498
8235 1357
3243 -16389
1542 111527
101817 -43724
-20364 -37499
-35471 -103648
-145495 -12116
-53749 -10120
-101140 -17619
9911 -76608
-72083 -34347
31481 86209
-11767 52622
1675 -26243
-42395 -77943
14452 61175
-27648 -60905
-42534 -4195
93756 -115989
11314 -93464
-45111 1167
-18136 68985
65080 -135160
44616 26917
-71593 -49730
81873 72408
40161 9071
86959 220
-100308 41962
45955 -34958
44629 -67709
15978 -42635
-29950 50061
53335 112530
36882 11976
53187 -19943
-69254 -125279
-44004 -5822
124472 195787
-69582 88633
44810 -180168
-99853 30819
-78929 -12486
-87528 57478
42448 8937
-154275 -60926
15408 -42143
-104636 1698
-6951 56254
-86333 27085
44129 -33988
-24537 -21568
-47685 -99261
19907 -21002
-52620 110971
24806 25223
-31179 67652
-22315 -13124
52637 -323
-116146 102273
151701 30128
-59469 -5315
-42687 48155
112950 -4034
70000 -106108
110875 53103
-11070 23014
-72984 -3477
15296 -22425
120069 161222
-10597 98685
25768 -58921
-56025 7095
-37358 46622
17868 -99863
45163 -61692
96324 31298
-90585 4663
15723 -29857
-67256 4249
62126 48528
51305 39058
26393 46290
-52550 95292
25748 47816
-82554 36244
-29513 105634
-94269 736
-20727 -86592
-18685 149379
-45392 127452
-3182 -21313
65348 -36450
112386 -30669
-69582 98933
-58887 65504
34094 105544
16053 62386
-52257 -36872
-123289 -75614
-46593 105387
16821 -54234
-19837 125737
-45061 -44753
12944 -113151
23992 -56362
80009 -59779
-74174 -72826
80617 72263
-4513 147389
-96615 -6665
34189 51264
-3631 34228
-1058 75416
7122 71953
77462 16395
-4779 34586
134304 -114707
141663 -19284
88470 -63016
-63087 55852
-75904 -16427
106351 123664
125475 8845
59184 -78641
22665 -53133
26134 827
-8695 65550
-48575 19888
-91501 -13233
-35408 -159979
-2387 91357
-64445 26962
33178 -53041
25641 29554
39962 -27657
36999 21332
28477 32040
37801 42089
-16755 -7747
-14745 -47577
12400 2380
-64645 -45505
28501 109990
-33400 89163
29379 -26385
-54831 60053
-79285 -17853
10634 -55888
116502 128285
119825 -84317
109375 46842
73238 -37735
9996 22338
1648 -84240
-68799 28206
71631 22752
-52602 -13715
-42778 -17079
50336 -121974
117236 -2147
41446 21776
-33743 57651
41363 -159322
-4073 3844
5587 -689
-98478 -151575
3675 8171
-43099 28043
-6370 -90837
-127274 -5438
28713 30318
-44349 -15290
14926 215304
-5008 152477
50065 101670
-44304 -115065
85715 -50647
-70258 1820
-25267 22821
8692 -34424
64666 -30112
-51043 -21077
-52223 39942
3577 -12608
-79318 -168273
-13121 25630
-76002 15563
-15728 -71014
-70902 -63243
-65078 -12786
42106 50376
17219 -67621
59255 -43680
22182 -322
-28577 252
19538 -90579
-55224 -1331
535 -3011
-128747 17521
-43569 -47623
26997 28709
-90638 -16605
18093 -80378
-46151 -67912
103881 549
-7027 167095
11587 54419
-104483 61592
-19492 -108421
-24514 25291
-55533 146611
-41565 -10669
-71885 14499
65987 38141
63263 -64444
34347 -24084
1778 106191
11402 -34076
146772 220428
94313 -28951
-85599 44880
60105 -124207
55674 151774
-32101 -54956
-82176 -102872
-91763 -34697
-48304 -41893
-79988 -113911
-103361 96968
30353 32567
8266 -90228
4403 99425
-12687 109340
-24565 -131746
147972 18990
-82666 -96649
30256 22124
47972 61121
-125662 -82983
-110395 -40676
15461 63764
28638 -75800
-26180 -57895
-105407 -45564
-25131 69802
20093 -67913
-90926 17155
42931 17472
27982 -28147
-50397 11185
-78299 -17731
138037 58244
59566 -140751
-98567 26337
18918 -91946
46898 -87078
8830 42232
-32157 -83769
-46656 -57657
8971 -125533
25385 -85780
11528 36156
31432 146338
2063 -84319
114239 120161
-24610 100972
115262 -59228
46713 48160
-69947 -80724
-7400 22073
-23303 -58910
59112 -3508
-60407 12289
10667 -35773
83538 -24212
-14923 -147520
42296 -50908
-10329 -5395
-58144 -24826
53350 12105
-14039 -122067
-96220 42271
86701 -27450
-56226 54625
149861 -18147
-40762 -17130
-64413 49479
-79774 146980
50500 115832
-76460 69698
148237 -48804
-6430 -55899
-33784 45933
50390 -73741
35381 -6088
78982 29014
-43353 -13531
28980 6902
-61582 -12950
14755 53367
3295 -22463
33935 -2183
3836 -107422
42195 -11410
26791 -42274
-50991 -62773
-34079 150421
137282 50246
128671 53936
-82058 9043
-70721 37403
91958 -24559
-8601 22812
-13473 -50113
39001 61347
11536 12781
139631 53999
147922 -72960
-5477 42513
82785 38961
41834 32416
-89647 19422
142294 -10735
-22153 23989
1349 20696
61444 24595
-10029 -12042
-20 51170
-56855 18447
-27308 68965
-46357 -9618
-56125 -36370
48000 -13334
-14963 -89030
43926 -42234
108732 -61360
6326 -50428
30233 56565
34087 15820
-113042 72127
-72081 -19654
-143369 5173
150866 24983
5986 -70754
-44752 48496
-78853 13577
-38922 -27475
-51744 -10287
43865 -26546
12743 46766
4792 8495
28959 -116868
-73613 81102
-45615 -38381
51506 -45056
-1404 91283
-46672 -81443
-66043 58129
119788 62412
-40545 -91700
-20418 151666
-82896 -30408
-68511 -5754
-115201 -37705
6779 -39452
15871 119226
111425 -130376
-15777 -8762
81635 -57698
93024 125143
84642 -46303
122948 -67560
1184 45432
16781 95824
88119 -62006
9421 -60915
-43979 10591
14745 -20336
70607 32730
4494 -39514
-52471 -126192
-62332 37630
466 -36929
6981 -105710
126596 3877
-49780 40596
-8662 -79911
-9556 19815
10443 14353
69903 99326
-81827 34069
-65460 -61405
67437 -62778
20297 90643
7653 -60755
-29270 26596
-62168 -26333
-180811 -41409
-67311 -28163
-28630 89970
-23208 40278
120186 -42668
-72536 46237
-24166 90558
-54306 83508
30038 30578
-47447 -101195
65280 -55013
77191 -76541
10937 -112931
-15173 21065
-17716 65209
36506 -64350
28701 64411
-86210 101770
8706 11612
228621 23622
38800 -33571
-26359 -9654
90772 150873
16900 -40619
11338 58260
-20188 -12776
19492 -17389
-25669 -98753
62468 -4530
-15674 -19620
133704 -24089
51311 -2900
-45506 -52157
42165 -51942
39808 135717
-72112 -16572
-42002 28306
63159 77662
72419 -40213
-94139 -147986
4514 42287
-28066 26935
-8170 39286
-20162 100510
-53542 12014
-43458 -49468
33288 -55529
35424 -52794
-44727 14877
75015 -10527
98036 34298
-45808 59033
71487 7903
-123941 -76507
-51587 106195
40722 1644
-21370 62535
80625 -23226
18046 -27065
-71970 34342
-30251 67174
-18254 -22219
82555 76418
75516 712
-120443 126388
140068 10411
-42885 45858
-45325 35389
-29148 -33355
-446 -25379
80330 90664
-63700 -43691
-85621 38583
-49587 76114
3119 88931
36742 -36275
-123129 -32460
-99340 -12167
-32482 64749
-24537 66395
-64045 12448
-6967 12794
19425 -57434
-69823 -144449
44829 120759
129783 -82017
-84834 56460
22568 38117
-60687 95351
113576 -7720
-34914 -24901
-43859 21920
-41106 -84777
44282 9536
-38319 15647
13384 -41947
-84888 89773
76107 -124797
15659 9655
44392 95439
-8900 -104851
39129 -61547
-43891 37359
4342 -7319
-39122 -140710
-41522 22086
128768 -6630
7653 -165346
-61619 -49779
75026 19760
-25033 101340
-91679 -81735
107934 114195
97758 -112141
16807 -60849
251063 -127208
91127 15192
81318 63858
31514 74217
-69652 26895
-6356 47674
-25703 152148
48965 -47041
112608 -85825
-89354 35595
-61102 15991
-21383 -49452
-77691 -121859
28607 -135609
-96710 -65964
51298 44126
58377 124531
73364 118457
65491 22821
9587 43277
82550 -3197
4508 18886
-51725 43694
76309 93276
-19035 -9809
44365 -22376
-56830 142785
196779 17958
-153661 16964
543 -43714
69208 35921
-162569 46545
37843 -66198
66746 -10922
-68543 -39626
-21160 54756
7436 -47127
-47806 -79565
-42456 28911
-16976 -57790
122226 80902
-29367 109913
105885 25913
-31405 17515
-11448 66366
52374 -101354
-96727 67666
-32244 -69152
33285 42194
61876 75885
119114 60881
-1883 -80383
17312 25917
-56189 45234
48108 -10732
21583 -44883
-24383 32151
-106691 -27169
40402 44475
-112195 37200
31882 -88269
38641 74576
64871 1055
-31804 -14965
-1469 118397
35709 -9703
-61107 -19944
89339 -9157
-48070 -79926
53206 39212
-25903 -25947
78193 -93787
-57142 31096
-179622 80489
40300 -96729
25957 25424
-12677 -12006
-27233 14068
13999 46301
-31226 -102728
-25159 -751
-32335 2253
-97403 58886
-35214 -100250
80784 -41072
-51750 -69709
94270 -45256
-51108 100736
-4605 12035
82574 22648
1162 -61006
-48561 -72575
-33592 54581
-58077 14775
50207 20180
79319 58984
104972 -48058
-22413 -15912
-87365 -49933
-34258 42323
108489 -82390
99254 -31496
-9170 100721
2234 -24003
58220 69496
-26124 -13770
21013 -31832
98887 4658
35624 -139405
63492 -33888
-32124 4323
-24511 -58865
-43283 -131728
-57007 25654
41220 -50937
11072 -35306
128885 -89475
59452 -24057
81541 -82858
-105704 -90911
70491 -42822
10502 89178
35529 7647
59284 78739
-7115 -10125
97440 45285
-111444 -26258
3342 17612
1046 48263
18627 -24881
100111 -25282
-12406 5469
-35 -147445
-69355 48980
71451 7928
-96675 -35415
-6600 -22111
99149 -1529
-9651 82908
-24916 48471
-3846 -35493
-70810 -127083
-1801 41431
44062 -27928
-35019 128464
-32421 43670
34297 -57917
-18845 -32841
43547 12188
30235 52400
-17171 68299
-122345 -36272
-86079 16502
-71645 -39812
-4823 -111872
112858 -47945
-39409 -61347
-62596 -24309
18585 47011
20961 28813
-10259 -55330
-94505 -44164
34589 31736
-113684 3710
156747 -23732
-46368 -59656
-133047 23225
77083 29665
36106 71667
-133678 66023
95331 44785
44702 -1176
32234 -2769
-84828 39221
-98628 104693
48795 79643
-34885 158944
1680 75972
89838 -58023
-35303 4143
-21732 38824
-3585 25535
-13785 16822
-104920 -2644
103418 10236
-85186 -50150
-139600 117893
43919 -15698
103792 -72430
8840 47367
-26402 4925
62012 -77002
81755 20205
68416 2102
103223 26778
-55901 -37742
-21938 59555
-6519 68348
-12684 17494
10554 23885
-49252 126170
-49197 54887
36201 -47048
58191 -90386
27600 41023
65314 -19638
-76650 122828
80912 -8870
-13788 -112870
2533 -77427
-6397 -5699
39416 -117299
21747 70814
-35981 -51866
163377 19842
-79483 -19693
-44066 -122829
51083 82100
79248 16244
78681 -33054
-98585 5843
91528 51544
-52948 3198
24440 26453
57935 -14716
8513 10003
-6211 98277
-142082 76198
5790 -7712
214393 -214967
-89133 -4721
-609 -176219
-18737 -28083
399 12118
54460 -11495
14097 52185
-61326 -82151
64116 -66892
-37610 -7096
39760 -70897
-4973 174500
-73350 50314
23392 14537
-118873 40101
89291 76112
-33624 37970
22738 -56885
89170 54647
-12919 92247
25438 -81333
-135 -12698
-19866 37504
-117636 13136
2165 59628
36990 -36506
106311 30660
-3883 8259
56229 42279
2764 -2686
7748 77185
-80968 78994
-42111 -137264
30349 -37732
-84050 19302
-138545 46767
-130766 -4419
3427 77628
-158768 -45861
52015 -38113
50185 -10586
-23240 56602
77517 118390
-22495 -126751
-40673 74739
-142218 -22697
60691 -50051
-33341 -6351
116573 43711
-70954 -72391
-75104 -71252
11331 4461
22682 9076
-53275 11173
29623 2423
5776 75540
143624 -101011
-55167 79181
46607 -82508
20786 26240
-27455 -12581
119352 122528
75826 -139798
85356 89103
-380 158770
90188 1656
-31091 9062
60705 75921
15769 4012
-140960 -59281
52883 -54520
31786 -54557
37569 55178
72360 826
-55369 -90618
-22843 148407
-92587 92968
-62652 -29057
-45666 -78484
-5567 60100
33590 135403
70832 -30230
-18636 60797
67870 -11563
16087 -55014
66817 46024
74031 106045
-81627 -4819
106845 140918
-37041 21831
-81754 55054
54534 39808
-8197 -44703
40301 49480
32940 101529
28190 29844
-32530 100233
79762 -127878
-19155 -28643
43669 -964
64376 40007
97670 -35851
-51275 100907
60164 117858
7546 52781
-42037 -50981
34532 -60830
-55652 -64062
56900 123245
61188 -42493
24197 -85129
-114954 67839
4598 -117901
-21582 46728
-1529 93935
97987 -8072
22996 -30877
27535 -11332
-39908 -64803
85459 -155809
67463 31900
62730 12907
-16728 -10292
11612 36261
53818 64039
49711 94656
-22422 -5205
158334 22231
-10378 75729
30201 -6909
-597 72519
-10032 -66761
-73139 50601
59311 -12531
-37672 14069
118892 123863
-69490 -5418
-38306 -18719
58320 103714
-27212 -40011
44259 68101
-10512 92066
-17336 38267
11320 10256
41174 -53446
26207 -19899
-152471 42929
48507 77152
-65292 21418
-106468 65187
70842 -72013
-21518 -19864
-34546 82066
-116686 -33477
-112126 7924
-26055 -103732
-55672 -12723
-107838 -15242
-69701 12378
-77780 111816
81929 -44464
23596 -56089
53592 -117986
-138709 -12584
25362 -53640
46735 -35532
31479 -46170
128708 91977
-45889 9708
68303 87128
-37383 -36364
-34166 67253
-23907 -83127
86104 -34935
-12921 -57882
19163 27499
34782 16966
65458 47757
47083 101721
103371 -20492
6505 112161
-45571 -10189
38061 69407
-24955 -125863
28922 -7637
80916 -20320
-12681 -41155
74427 -70123
-26933 6261
16079 -133526
-34348 54493
64736 -19146
62752 -75883
-48199 7468
-16894 59575
-6046 4342
-8839 -45551
21777 74151
-54509 -61022
-34894 -95178
105773 45863
-53023 117575
-26276 21790
-54493 -29915
23651 5018
-20181 -52558
-12750 31402
-56788 30302
-22287 -14923
-10703 -86755
-124830 33000
-75029 -89235
-43997 -19829
-98890 30590
2154 -61395
-109991 -10863
48491 23447
-47054 -119855
162378 -91302
-97316 53762
45130 -39710
38858 -85911
18325 -11736
29924 -35229
-22219 58333
-76212 50207
41373 -71806
62728 17076
-35145 -75253
90948 12007
-2933 -32878
9193 -29185
-8019 -4283
66069 -77795
-33878 32587
96611 48813
70618 -35444
10240 6688
-21764 48168
62862 16123
-63183 39563
82940 -38262
132083 -12121
-120050 -8363
47992 21744
1538 14722
-24263 64397
9746 16987
-4139 38280
91396 42648
-79865 -83604
49078 -23341
-48137 -108514
42915 -53740
52092 -114356
-64798 -23036
19860 -58874
-8166 96236
62998 -34812
-19886 -21321
-49187 55183
18904 -70807
-168191 75566
64786 61308
46909 19227
18395 78022
-33615 6750
62047 -17977
-429 -38683
-2494 7066
38283 -58319
79375 25067
180563 77944
-4351 -40319
-75241 -111148
-18183 17916
11584 -3926
-9242 81250
-35627 -19282
-27751 29871
-57601 25182
-3933 16631
15504 -37172
-48908 -32594
-28103 137172
59182 18088
-172248 88970
-21870 -77254
-2534 21462
-38262 16669
127854 -21783
51330 3656
77712 4723
51700 -51380
29718 72126
17411 6584
40071 36738
-14625 -55611
-26247 -42606
25948 98640
16349 -7164
49190 -61262
33882 5827
-14407 14266
89286 57617
-107340 110867
24812 -101727
57057 28348
204885 -68215
-35121 -18373
-46376 -51697
-24437 -63555
-34366 -99936
-6741 -40589
-58333 15496
94968 -18213
78549 53281
120469 -43723
33723 19234
-20868 -116625
37545 -45310
-154115 -72928
122706 4312
2273 21617
67090 46556
-96119 -88453
-98004 -209176
-25735 86891
-3789 50533
-56837 -67093
-30896 -3184
-120957 -84754
49372 21385
-40982 -43813
-66908 72344
-98840 -38450
-63941 56680
-3719 19083
-44766 19769
-25978 -68723
-106395 71054
10280 42072
-10126 -70511
-42532 -89229
34373 64885
32637 -69471
-66571 36095
-149305 80272
-112843 78796
-27390 43647
-15339 94553
-11183 -50192
144998 48914
51316 4641
-22720 66888
10223 14921
45692 -12380
-18108 -36394
-21781 40390
-41086 32897
137584 -38243
63356 -39759
69788 -4545
-69506 32829
40385 48806
108591 -1098
-35200 -9813
-119318 43210
11466 -90139
-59532 47091
58901 105488
-6809 -87522
119504 59761
74508 38855
-81543 -67589
-46595 -55517
72607 -47056
-66051 18297
31184 38890
-13478 -29413
-43537 -13185
36938 -17722
-49233 -22656
2656 53304
28432 -27382
83105 -57189
-10742 23312
-40598 -14139
-71776 -27371
19724 41567
53525 17648
139135 33912
12139 29883
-83 125263
-74551 68050
20618 57099
39430 32087
25794 -69096
-72677 105272
-46928 -74312
42182 36186
9756 28282
11819 -35832
35338 5535
43904 114927
-18087 11599
-88290 43918
19168 25774
-56047 7993
-37293 49394
-92821 58328
-136896 213758
-48446 43211
17531 -93173
-101308 -51642
-13743 15428
-115076 -47067
55183 -3997
-27396 -58610
14542 -1366
-5316 -38863
-57328 -7356
78447 -12200
61447 5856
106121 27099
-13442 72039
-70717 -13152
43176 -59646
57638 -71140
26144 -48986
25661 -9625
104528 -92850
-53751 -64422
-30584 -94187
-40712 116011
88955 41827
-7539 -4300
-52578 -52099
-11104 -22818
206917 57315
156811 -60558
9740 -127394
31924 74752
94860 -118027
-59200 95586
-75729 17120
-111778 6423
-88564 86332
-33204 -70042
-6353 -64991
66178 -30737
-1254 -86970
40104 87904
111964 -59068
-33381 29118
-69762 52559
25784 -22909
73198 -35441
-25487 -30462
-102222 -21369
-7935 70262
158 -5215
91737 -38082
-92185 -23336
64654 -10011
94555 64964
-71144 -41761
-4452 70226
-182987 -6615
40429 -71454
-41560 -42565
-45531 -18642
115145 -188553
208036 31734
10128 -3822
33348 33289
-13945 30496
-13888 -1484
14106 54806
25796 -42494
-103837 99507
-59678 46448
-84355 2872
96197 78321
-90958 22681
-69585 83572
118248 58242
-126985 -101495
5755 25703
40494 -12611
19507 -3214
-80901 28373
27332 7326
11775 61930
46035 -66709
-60876 4785
-36275 -54637
10753 10767
-59604 43307
176429 -67329
82085 57335
-180348 -68440
72784 -14821
109702 38431
-64407 -66307
-40919 -10372
-32216 114816
-46665 79687
-98157 6882
33755 50448
-42728 18114
-19217 -88329
-69219 -8149
-37840 81482
97775 -40172
-43827 34439
-106974 30342
114294 76727
-14967 162199
-21203 56466
18679 59547
53806 -102534
84909 -73127
-106361 -33097
116617 19962
-32207 -91270
3231 13167
45074 5679
99966 30234
44630 17028
-12574 -72466
-23140 23502
51158 49406
-75860 53556
-63999 -74440
-8621 -21642
29419 23242
-77895 86875
-86904 58869
27409 -60679
-322 -85772
-45610 -33217
-46785 112161
-22826 31070
87002 30465
16064 -31764
-73551 -72292
44204 54124
-63927 -15367
125714 -33671
-5185 60603
9647 -41660
-31764 -68107
-42251 -70182
53594 -22573
-25876 -74341
128680 -70481
-18888 -12079
-73627 -8190
82433 71672
-171685 40364
-31354 -95898
-60660 -67765
12982 -107070
9507 -40902
144901 35207
-24570 45363
-95759 46516
87817 52928
67496 79289
-12521 -81937
19525 -13654
22808 -119260
5732 -64097
100027 60558
-103342 -110176
48001 82448
-56509 -174039
47847 -59109
-31114 44460
109540 -26286
-106519 -48490
6148 -17368
11788 47172
-20232 60128
-69627 -85970
-112467 54470
59171 -24851
115273 -75280
55577 71298
-141337 -65479
23650 62068
48120 -20623
11285 -583
135449 97921
-49185 58009
16773 -21305
-45794 -108302
-52282 16101
-44600 34578
57064 105085
-49734 57135
93829 -97207
98134 10791
72119 15394
-10747 36667
-35227 -225328
-106208 31503
-17095 -80737
-7064 6384
8492 27024
60552 7834
13317 -95756
-113638 -18487
12704 -58922
-64814 -7416
59112 5569
-83862 43519
-40134 3341
-23268 28717
-22466 2054
4510 9118
57443 3111
-24224 -8121
28367 7106
-15371 34525
32938 -34973
75829 10301
34902 -23294
25535 10034
34171 26918
-40016 -176320
-9043 65670
-77587 28859
-98243 -100258
37347 -50637
18368 72175
-56200 9429
-101049 -2604
-30189 110539
-19664 -14291
19552 -87282
102453 6826
30643 -52216
22645 -78833
27232 -30937
83656 -111934
6739 75386
7982 -4085
-42767 79621
128781 29253
120335 -121340
-94051 -14258
-68356 19451
91351 57352
-28142 -70458
-8069 23482
13701 100500
53811 15101
-29756 40699
3104 13183
-3096 81559
-41982 -52800
-15740 -84007
-47938 34945
-43468 85
102051 48300
106643 -34221
-83538 -1053
-38212 2692
-5412 -82479
-49190 42915
-38786 -59301
18663 90083
-34506 6291
34565 -65950
-50598 -49810
38477 34210
134166 -1339
-11315 -52458
38700 129321
49747 2107
-89003 10326
86856 22540
97326 -57121
5696 11053
-66510 47568
-44446 -49650
7336 59470
101110 143999
57663 -96934
34320 103235
-31235 -52970
-22730 -32141
-64042 -45440
54907 -30129
57278 24706
62888 54299
101536 -18781
105062 -65598
105232 23401
17144 -27606
-110085 38799
874 27330
59311 40409
968 90421
72950 -116087
29765 74001
95232 -188326
28347 77890
-18022 -24356
34890 66391
70132 -47211
-146663 85606
23916 -15828
64550 52825
66634 127034
-77319 20822
-84885 -72418
64387 -39936
-34493 20806
-148907 137801
-47911 -122120
33434 27446
-39034 36248
-45574 46195
130764 112232
4041 4827
41587 3085
15370 33830
-115662 -56438
107374 -68299
-45948 -1308
-14264 -50188
46383 127349
102594 18030
120394 -136088
-19407 -49639
-5606 -73666
-14973 -56267
-15029 -72288
2280 58053
-121993 5588
-8045 87104
-61065 -130
-33396 -45457
47276 129550
21415 -42917
-24222 46459
72000 -4569
63112 109547
-32918 -57718
-151538 -70083
14134 -37216
73605 -74168
141479 21154
-6927 -52771
50558 -28923
-94866 1596
-6847 82067
21881 -14084
23725 89830
-45712 -54424
-55718 45245
88067 23740
-91611 -2684
-33811 116788
6321 -23167
-25775 28056
-103502 35814
-22187 12475
-107524 61092
-6141 59566
-134666 78814
66258 -143371
-153007 -18893
59148 94378
25466 -37896
-78730 51851
17339 -13486
19417 -84994
-9443 98784
-13928 106461
43170 72466
14171 -166511
-77964 45610
-98666 33786
35044 -56793
66026 149762
27245 57098
-90623 85073
33448 -36022
27160 -6968
106236 -2324
-13264 -109094
-5328 16671
2953 36266
-80144 -25182
24408 -8337
-31471 -32011
24598 -22473
65884 52614
28099 -113662
46112 -99219
20529 -10186
35600 -28975
-129125 110809
-169584 49560
-59301 73399
36510 -11497
-29475 104921
11930 -65748
50526 70050
61155 -73198
-9354 -6428
50888 111890
-60056 42779
-47349 68368
-20983 -53109
36342 31447
-4481 50377
6520 -120574
-68966 -2780
24771 23662
18870 22554
26827 -566
767 21266
-68785 35127
-27471 85353
44493 117616
-7379 -145979
135919 -56340
6635 -12323
-7882 -106986
79197 -36006
-109716 127880
-4971 8942
-33252 56924
-50798 10309
-28562 -20538
36652 -18492
-26963 73827
42058 99600
56503 34342
-75033 -2555
101472 -78084
46938 -59871
-130383 -26128
40759 68259
79094 61943
-695 80526
-63294 -15738
109290 -98692
-26877 -125555
-7906 25848
32863 43654
113269 87814
-11349 15658
27553 -30105
-15561 -21469
74956 -108455
-19166 82853
-23213 46424
-127769 -68664
104740 -2597
-27462 -67839
-12817 30639
106396 106063
-6763 41087
94075 27040
-33249 -1865
45276 -18957
29265 46036
63681 -16044
-3723 -9140
-34171 29581
-113519 46801
-9435 28376
27375 -36300
-35018 -91008
123322 53226
60535 -44701
-48771 3945
-105734 115617
83453 79577
41097 -103798
12648 64988
11826 -62332
-31873 11188
81350 169619
29203 157807
68058 4257
-32817 94073
-34659 62757
8011 -15483
70840 -66757
41316 16145
54073 43844
53597 109561
69264 36616
146176 -40446
21720 -106937
34971 42136
-21960 88998
79672 23167
-97000 102990
78157 119917
-90853 65468
49317 118374
-73801 39697
13432 -3930
-37314 103331
135215 45574
-39938 60386
-22669 20389
-51754 -4384
-155871 -142864
-95467 42540
37752 -15570
-65178 -66355
98980 32639
-18520 22242
50737 36185
-20868 -913
-33627 -25083
-78644 11081
9749 -10443
-92066 -9288
131262 25275
25899 -8892
9599 3244
-16473 -28572
-61334 22408
-99923 -49840
-42526 78411
18250 57418
-62864 75582
91960 44246
-86916 -49694
54511 -34973
116038 446
51102 -106503
69089 -11609
137034 -141421
102515 35778
40265 31707
57529 49589
4854 -94541
-63149 -13674
12280 50957
-27296 -35088
26625 63123
53383 17523
13007 -15126
16786 42143
3086 -33271
12014 18651
-137990 -17704
10904 78079
-9 55612
56097 -35907
19017 34117
-52608 -45987
-79047 -76180
-87953 -119530
-13339 -42983
47241 72541
45743 13728
-45998 -5577
-44764 6234
-27941 -4559
-25210 -44482
-23488 74571
-11211 27178
115991 -135844
77382 967
-5507 -21757
42758 67232
-31512 -30915
-39107 75471
28467 31157
25203 29705
-63766 55683
14362 -10389
-29458 112543
23788 29845
-9590 -71246
26382 -25033
-136715 26643
106758 28439
-30238 -73003
-56748 48728
-20486 15147
13878 35368
5769 -11349
-103912 13403
130810 -126362
-201150 60598
33176 -22575
42268 -66495
-30237 5282
96893 -160223
-56070 33969
4514 54201
14716 -7855
-53099 -105650
62069 21558
9791 35724
-60720 84170
69822 -4655
25781 -59450
-56246 -118211
43073 92482
-41659 -74658
-24543 26159
77760 84043
43049 40108
-62856 37828
-9004 151327
35167 -82757
48760 116051
11044 127199
-49825 99563
-70510 18640
30823 -50555
-44509 57587
-28908 438
-20091 -73989
-43285 -1246
57495 -104752
-27899 68502
9288 -81615
20606 -38524
15619 103454
56840 -33029
49579 -19737
-3346 64914
-100289 51137
24741 -16285
51698 -30471
-191378 103472
2181 7678
-119503 -50876
-69455 6875
-18001 60462
24176 99678
22568 -74043
-58773 3152
-67924 -39449
40791 2043
-92168 67831
2834 62408
-70212 20178
16138 58408
73809 31660
-32490 87111
-19043 -86050
-7470 -24808
-56178 -82197
-31933 48000
-65958 9689
126464 37347
-46136 13111
4078 20008
-12770 12028
53795 -127941
-118111 33807
-65092 -58271
3601 85136
-40642 6101
22706 10745
-37424 -105500
-62712 -19428
-1865 79425
100428 -26720
152667 83974
-22867 26546
31020 45887
-57663 -25141
-89169 -78714
18605 -94447
8131 -48849
63955 -2941
83686 -36438
-531 -31559
60602 -33507
14553 -54548
28322 -64598
35910 35157
-39326 57318
71665 -47509
70809 6620
-37786 -6238
25576 14034
42311 -74115
-26589 -85251
40470 -19291
-112202 74509
-149217 -25893
-78314 18231
27794 2823
78812 77698
112714 33372
-8578 -20311
-114685 36679
-12575 -56707
-160513 -37893
12006 -22117
-30837 17778
-46818 -56370
77845 68024
-13826 -36453
27874 57020
32136 21639
52512 9710
20745 -64837
-882 -52440
10873 -162959
22933 19936
125320 53383
-41079 -16416
39472 47345
-79771 62887
-109009 32991
34474 163060
72469 -110444
-23727 -41569
-24475 40389
75655 13674
-33261 -44872
19376 -9769
-58881 -20151
40087 49836
-6837 -31858
94883 -4293
-95861 39706
90281 -15404
44994 75246
26030 39745
38769 -58320
-9840 20570
45459 78453
-10120 3260
-79228 37784
82441 -8762
68875 -48918
1235 -65672
-67938 -13085
-73032 100428
77949 -12796
43965 -106380
-79155 -79654
37471 -11348
138037 43119
-84119 -15621
175328 44847
-39902 -21411
31036 64468
20906 15431
175940 80405
11043 -31944
130177 -73837
-76156 -54747
-14870 -56808
28898 39514
45277 -10905
-11364 23979
77626 116208
-7284 -51269
129323 -12689
-15592 -6512
43827 -145328
28189 126181
-86785 41617
88526 -94
52295 -91225
33897 47713
-27561 -142972
-47467 9366
-16958 9795
62740 -25583
25749 21909
-4215 33022
-11418 -96168
12354 -31726
-168604 -54923
-3542 -34126
60068 -15111
83645 51970
-108348 37842
-106330 -30793
-22608 40535
-25138 46547
-92154 -35307
-47814 -112368
19206 4879
-10715 33572
-35988 -40477
69107 -70689
-22997 -22111
30136 55707
50996 45228
59715 95493
56487 42043
20138 13854
61401 -75996
15847 172506
-73584 -13701
-64598 -134262
-32321 36767
-1597 -85935
68297 22448
-94678 -68899
8112 22811
74163 -96355
-19063 121020
-17865 -144224
74010 -64825
4473 -136248
-50197 -78453
-23377 -137422
152993 -90488
-11616 -47582
14697 76061
38569 -76491
-1789 24778
-15073 -75346
25723 -36881
-102727 -38261
50118 33090
-48087 -17820
-28229 -29019
-58830 81050
107729 43830
127189 -4196
104515 50118
-125365 -42960
40036 -102496
20459 67461
-75062 22453
59189 -31547
7719 -20581
77966 33739
4804 13963
172570 13610
130008 96835
81347 -44930
-34089 17462
37740 129164
-72146 -6406
-119066 64221
-31396 75773
-26955 59582
-7887 83305
-61085 -22879
-7800 80930
-63221 15687
-175067 -1174
5539 -47724
-102088 -32336
123828 17700
-20607 -129007
-97372 19564
28224 80730
-11231 135011
-31679 -16264
21817 -32588
-63684 23317
42127 -16854
63144 69489
155458 10643
-72580 140792
-43981 78883
-79247 -8268
39457 83275
-5236 69197
87977 -19152
6894 -169485
66420 -108963
15455 -129282
22427 60704
18470 -145352
44536 43649
20819 62743
-78579 -45429
-46662 4006
-56195 49232
-37379 3572
55386 -48635
92544 -53712
-159 -50857
57994 55450
-16852 -5632
