-42787 99898
-12978 -60102
-129572 -44552
-122960 -92376
29752 -43070
39776 -29417
61061 -23643
28075 -80353
4190 23856
-80071 -41617
-41116 45052
28537 21158
1198 11476
43332 149929
43770 10912
20745 -26352
46615 -85092
-52280 -86032
-66767 -46248
36230 -40568
-31133 17426
6953 84584
30623 964
-38666 -227202
31481 79813
6377 -84262
-91555 178150
-118847 -87067
-7518 -59068
-9585 -121808
-24021 13729
13736 -40770
13753 81806
26454 -38209
135576 -11846
6817 25624
-31033 -37513
-70460 -35316
-33146 -26052
-10097 15405
5228 61597
-31362 -156404
39327 -33750
-33651 -105502
-61208 -55440
-99755 81622
-93800 19218
-5691 -48559
42059 151155
23313 41187
10008 -115320
5600 -961
111573 -65870
-27071 -6511
-75657 -63606
87676 -112687
-123391 32871
-50966 6840
93560 -1303
25975 7166
-92955 -7829
-46510 -96956
-83076 78772
-72406 4341
-37869 32020
30800 51710
-9809 17228
1670 91216
-66334 124569
46716 99376
-41927 -40627
40636 95348
29620 -3736
42127 -121075
-38529 73114
-61941 -32774
84835 -1579
40382 -13648
-38078 -36354
1734 -56333
18008 -587
-60703 41765
-23157 77983
13901 27478
-126314 8186
5618 108667
73979 54765
80834 166718
33111 -60487
1708 7559
42872 -14483
-75746 96591
-18592 18849
-40059 -38897
-10883 -106567
46935 138528
76461 62375
13682 -4829
83523 86344
-33337 -127596
-16564 -52271
36835 11474
-13528 -43379
-14851 28161
-31273 80647
-17219 -62030
-110582 36278
15563 -115152
-12734 -124271
18165 42693
3997 -42800
37867 -21797
-11723 11389
-37660 58281
-12895 -101383
-43290 -38855
-37034 41860
-4079 73526
-36572 -154411
37119 -1629
52742 34122
-68348 -61959
-170663 121097
-129500 127916
-15644 76315
-85338 40007
56961 51237
120366 -77835
91336 83608
-103478 -36372
-90131 73331
25604 7384
-85666 103758
22222 -33644
-92753 -116867
-60170 140904
69575 -751
2182 -37227
22057 2890
-12834 7192
30029 6475
18441 61361
24567 -10460
72011 19725
-53438 -101498
117037 82864
43894 -51681
-50326 -23035
-141865 -15583
11474 6154
-56452 -99232
-21964 -26206
-845 -78510
-20948 142155
-42930 50219
-77258 -66529
73303 -3230
43763 1356
42634 -98700
108175 -1792
-61719 9449
114544 -68780
-132782 -31041
34704 -10032
-13701 -138009
-94504 -125787
89765 32827
-51437 74358
-21448 17831
88843 -42710
3443 99119
-198023 70836
132009 -13897
-46374 49649
100545 -57705
-41307 -8072
-64285 -210426
115771 -76740
-36919 -14853
-31255 17075
-33020 -64348
-39224 -36181
120042 -64889
-152982 19619
47629 34840
-42850 -36069
-62059 52660
-7837 19194
14952 10611
22260 4971
1610 88043
-71178 6467
13372 81409
37033 15113
-49660 -32997
19209 33157
177153 -109880
32188 -70503
-60541 51472
43597 33945
-71192 31510
-43621 -33965
25057 -25529
-42925 -60440
31681 -117076
-49187 -102012
17981 -63566
-2050 20747
13802 44340
-127737 -78697
86449 30407
-38461 -71286
-63502 -28354
84887 -58571
91699 47748
30533 -35267
-9287 -33333
-7407 -44042
64595 2116
-139125 -71333
55030 78677
60408 -114098
46830 28692
22998 21589
-149051 -534
57622 -115343
62620 5250
-82603 -89320
-1208 -25887
-63969 -17512
76539 36780
-76773 22149
123022 29296
-102247 -137610
-17547 1289
153378 -30224
60524 -28674
-7773 -27510
-57345 -37494
-5468 6810
18077 21962
-33962 104424
135919 -50235
31050 17342
-124125 -47480
148825 -112079
-155981 -33333
96598 -45501
52276 11172
51608 71773
-87342 43283
-81987 -95302
-66014 64032
-13559 -23896
-27767 70791
146677 38905
-52033 -18285
142643 89379
-48255 -107645
146274 63345
55566 17696
-13367 17857
-11179 -55923
-40734 -78848
-23485 -71070
22693 11384
-81358 23159
62311 -68772
-65426 -63935
14796 -77620
61588 -4003
-9407 -35473
-34496 -86061
-22968 -31596
-89319 -42532
-10416 19473
69881 -52232
-40286 139091
4947 49551
73215 5039
92793 198681
50210 27386
17688 36980
25017 120576
33854 -23334
47921 -71226
63094 -55939
-108939 -95831
14769 -65177
-72362 95305
32658 -11499
14276 -31367
-97387 34770
-5990 -45304
131295 1866
-18670 30677
-35974 -55909
-89347 55173
-31956 -96810
-15575 95987
150210 -128885
-79719 68729
21425 -71061
-66983 18625
22455 -112485
-37306 1294
-75356 -44427
-46355 80864
55545 174562
29560 -67923
-105491 85021
-102769 -56864
-42389 -44855
10923 18395
-76402 19228
-36201 129660
48574 -30115
328 96606
88929 10286
77089 38905
74890 19218
-51183 -5198
-18431 117437
-2454 26749
42127 45392
35725 -43635
2756 10094
-66386 78806
40124 44087
47527 40225
-10584 68325
55537 -126138
24714 43744
-64192 -41401
66661 88249
70647 46900
104842 -102747
53979 63736
2235 -9574
-69498 38315
111583 -76299
-72392 22701
-70867 -49692
146047 29940
-40125 16265
-81286 -122742
-39031 73704
38545 4301
12474 -99390
102626 14190
168843 -60956
-21350 68856
10226 128855
-74980 -63894
-67764 10322
48516 -58459
-67645 -7967
-22295 85057
72924 -33975
95329 57367
18455 -103276
45949 -32498
-31819 24860
55919 2891
-12133 -39915
91988 -74819
106869 -509
42462 21293
-61471 8147
54032 -42565
-47765 14521
-83021 55149
5726 -35
26041 -3046
-18169 198975
59334 26225
126035 84546
74273 -63358
-139507 96250
16353 75918
22414 108940
13386 94403
16615 -13625
122510 -7828
44661 -4447
2983 56818
85629 72373
43825 -27774
-57970 76592
-23866 -5946
-58112 -7630
-24419 -76486
-25565 -51513
-51213 -158155
56558 -44226
22672 -72861
6490 -59620
12669 94654
81760 -58492
76603 -152992
-23200 8913
29606 -164640
-25830 16121
-38356 -108613
134721 156291
51635 -91340
34774 -101096
82683 212657
-21979 -48774
32825 5532
183901 -126165
-27552 -36929
-18347 -72969
85579 -38312
37996 -47584
114522 -25687
58891 -39341
-14826 59556
-29296 159726
-24149 51983
-97027 -19893
-55608 15027
-39066 112145
46019 521
31500 18401
-4572 -24842
-2623 -24249
26641 -36574
61942 3197
-71778 -80724
63097 71149
-51430 -4194
-36227 -111280
-31335 53948
-153991 -82271
28816 16380
59775 87189
-39569 107825
-10326 43962
102638 28657
-101646 -80564
-848 47907
-38915 72872
28101 -49821
85892 38586
65196 41634
-100164 -83100
-26094 8426
-47712 982
73281 120940
-105936 -44999
-35247 -153225
62782 -17183
-85854 -52847
-9550 -25687
-57177 20376
-37774 -12569
74831 46226
4277 28575
-96889 21796
-29845 79292
86091 -32019
16917 -2219
-39396 -44961
90230 -65331
-34639 -35333
-28840 38112
-85677 -114354
59703 15540
-38801 -57436
-16321 60483
-14294 -7321
67772 56127
-98840 3582
10490 -5519
82847 -15942
77857 109527
-68557 78341
-115860 62393
51782 -90128
53554 14651
-5885 -150
14472 -141850
-69314 22189
-77264 33384
-72942 10722
4490 -34416
-69184 81640
12364 -2920
-41869 -22298
8522 -6884
-94615 39539
25950 -116766
-159246 -20667
28705 88286
-168481 11511
-55432 -11232
-1007 -72034
102957 110010
-24906 -34962
108076 -10691
11109 49581
49882 -7686
-30288 -61904
35572 73451
28455 -39747
50651 5388
9657 -130018
-35260 -74293
6983 -18688
7386 38409
-13741 -45029
112936 -22838
20639 -188637
-16547 81512
98413 52432
7557 -23240
-46145 -33676
97774 -73839
-327 -108647
-61597 -6038
26122 179910
54306 -28584
92143 -4606
-43196 -18657
-104134 -19917
-103869 -10903
68927 -57007
-12556 -33308
-19564 83211
-58370 -58499
103777 -98244
18572 -65110
-47165 -68894
62685 122891
-1726 5617
56911 42408
16980 -39197
-67673 -21154
-8272 -74746
-84429 45713
20553 92397
-93234 110886
-205909 8531
-36298 -119410
-77781 88303
-90235 -38212
29968 121425
70970 2230
-78781 -41512
-21117 -70181
-41125 23058
-159093 -6004
48363 -49224
15745 -75638
2854 -60114
5532 -47125
-76528 -70326
-11030 -1995
-29190 19569
80846 2066
-7854 -15493
63949 92896
-58648 -38210
-55763 -28683
-3195 67989
56844 -82890
111242 -45359
13735 -47327
120999 66440
-1272 66701
115345 49799
185943 1154
-29107 113840
5986 -26028
132237 45286
50647 57363
67260 -22967
-62447 51431
-43598 -15419
-26816 18320
64295 90545
-13978 26199
-16417 52436
943 11895
53362 -123638
105817 -56198
42024 -138403
-35216 4440
-571 80698
-20996 74916
38153 -102191
113829 -11698
-50922 -59682
31952 -105180
10400 16348
45783 21812
23883 45478
26161 -16096
33135 -45188
75036 6517
59562 29502
35588 54770
-7154 -34959
58102 10189
59819 65327
-49964 36567
135033 6070
49403 -64107
-4920 -23519
-21019 37839
31041 19253
-82989 -25595
-24109 -24733
12020 -18846
-9766 -44810
-58227 -77911
68868 -5052
-59819 133124
37896 16392
-22718 74753
116112 52649
-16913 76707
74805 -46120
90786 -45206
4683 -87796
36041 49668
-72085 -10346
578 5944
-21284 51533
-79671 -77107
-22293 -114456
-1006 -48236
97891 14244
21922 -82442
40102 -23875
67793 86471
-8657 -7616
24124 70850
-65605 95407
88546 -134398
-74617 77736
20094 7158
-40917 15597
35450 -105700
-28700 18851
-93713 46149
10056 -179017
-25406 118795
-85405 19133
13232 -37086
56564 4397
8038 -55290
36541 -64154
29671 -29747
19295 -25779
-54168 -61120
80554 200598
11409 -53533
-60572 -8014
-17705 -34599
51706 -67026
65943 -90221
-29263 -34079
-5391 -60310
16360 3555
63303 7276
-91219 -148768
69963 89938
-9016 -34272
-33809 35005
76521 33089
-5405 -101967
-17824 73700
27351 -38988
-7749 44726
-79991 -55858
-9312 28693
-57461 51588
-72813 -21269
-92580 169973
-125541 -28088
7297 18526
2920 -11807
36014 -21266
-65132 -2569
109708 66808
130687 26788
143204 8281
-144854 -15157
47186 56965
-16661 -92277
103394 -39443
99717 -19794
82776 28681
139694 16493
37447 -545
53561 -3503
-61865 14766
116944 2530
60846 118771
70524 8052
26619 -26292
3699 -63571
-91579 -46685
26610 -57872
-14995 27486
-69835 1874
12480 -12273
51232 -94881
51992 -113302
-35 -61349
114030 -73172
25110 84200
122027 -68988
-10239 69041
101094 22282
-39976 22339
54261 -65218
-58381 13169
-2088 -77101
49340 23457
-33276 -10548
34919 -70256
13366 19714
-63368 10154
64058 26624
-105535 79288
164893 26750
101399 11990
-135382 12970
85468 43788
13301 -21658
85668 -709
58010 -39756
6410 66708
-100878 -49570
45040 -35369
13827 20759
47269 -19794
12516 -61932
127178 -32988
-49231 8478
27724 11186
72241 -25459
5081 39133
82324 112428
53442 -119962
-24163 59966
-44250 17857
-28410 81328
-169517 -47509
-40550 143800
44248 104919
99676 48788
46094 28375
47324 36708
16737 -74364
36224 23819
97886 26848
-14643 -57366
-84863 51701
-82349 -9796
-18311 -51656
-109133 -12219
3389 -46784
27024 18947
66919 94587
-177128 76659
78012 39423
-50853 -10371
-137203 -85035
9226 23160
130238 23841
-40333 79986
-34951 9842
35441 80781
9591 11294
-19199 61569
13440 155017
174671 21694
27769 33595
-25178 -84021
-118212 -9589
145922 31705
-151927 -30152
-92926 -11846
-56630 33349
42526 71809
-99214 67912
-3547 -5433
-54538 121727
-30210 -16954
-935 -68162
-88352 -9698
36114 -38404
-122297 -99711
4323 -86770
-46284 58578
46151 54991
-35324 88363
-58780 -24797
78437 -906
-34312 -101866
61209 -81523
-103203 4905
-22332 14957
909 74245
43263 -23306
-29952 -56208
-3776 -3608
29886 64951
-19542 -70768
-78598 916
5794 106939
-78151 -118094
49611 -47084
-90273 -80532
87338 -23228
55997 -10274
62384 12758
-62096 -17790
-14938 -25879
-52881 21443
80942 68658
9544 -4336
69324 72518
-37525 27603
-39456 -20847
77951 -16641
-82096 -32966
62170 -21249
54131 82270
55018 53403
-224223 -94393
20402 -46349
-94324 -10664
-43024 2220
-14963 52683
-7993 -12351
158812 -184938
-56510 -28287
-51786 -56728
19767 29535
-59005 -185798
12226 -33410
-45739 -48617
-8055 6159
20718 9147
-57335 17525
50723 32502
-33421 38092
-31040 -7993
57072 -34761
-63069 -10693
53964 -61823
-141612 61085
-115229 60327
-47800 -43255
55997 -84390
33401 18989
23925 14274
-129552 -68211
11960 16779
14672 25227
-5573 -64466
-11278 126790
33121 2400
13989 22685
55965 -5997
23 68891
-81375 -87191
-36989 -84186
57289 -100
46436 -61907
-61071 -24978
-57034 22732
67515 -46972
50343 -22518
-75597 -68372
13353 -135871
50301 -139455
-63638 64942
85996 -93194
-29982 -38444
12947 -18617
-91985 3400
36583 45878
39002 32845
25711 -30820
-4803 44710
53173 73096
-68166 -15748
-14180 72958
-23646 25894
19146 6214
-15340 46382
7363 166976
-1873 -3101
97342 -78199
91238 39888
-30013 15297
69262 -106059
-51797 19513
94659 -33984
11237 -40617
-59666 -22585
-9079 -1040
-12631 -9123
51379 -62892
124785 -124041
-16952 -156442
-44872 -40626
-61020 -10263
-4759 -3587
-27414 56426
-29869 129524
-11662 -11520
33249 -4596
-60580 5880
34968 192913
-34717 145863
-57069 115772
-122554 200717
-63212 -53887
8002 -19909
10601 -29264
-26104 49741
-72616 15083
-24305 -38432
-96812 -154340
-48692 19930
-17306 -6678
-45441 -144994
33451 6101
38943 12091
-71683 2418
40788 -11600
-70894 -137190
-37219 100830
-104221 19060
71579 40707
4070 16951
41450 -54773
-68013 -2695
-141530 -7325
153278 -26110
-74199 49167
-56404 72499
26857 -40775
32872 -449
-46835 -81154
5404 -63190
-9239 -44578
14696 31044
-623 -49121
15515 45008
57928 23496
-7749 78329
-124668 35714
51158 -41631
-16541 39907
-28200 -74034
-30566 -93555
-167061 -63903
-104265 115703
76604 -30432
-49277 -48279
-7719 -41632
-79734 114923
131930 -3795
109945 -109692
-9925 23057
4645 -48487
-137530 -3489
116174 44784
46868 -33741
35235 -13810
-102338 -84151
-19955 -22841
-36350 35758
27435 3953
-73781 -17761
-46567 -45118
-115847 1255
28455 -14898
8265 -83552
-42743 -25021
45176 90509
-75117 -5710
10515 -41543
87521 18383
22325 -76344
161265 31685
-69401 -80582
-40697 -121605
-51665 -36554
50425 35479
93934 58062
48926 57977
-51324 -69315
152617 -17319
-14991 49757
-29153 -2414
-46853 -97924
111998 133011
149153 68848
-1542 57342
40048 59594
73069 63280
19530 -5755
42067 111577
29689 -75286
129201 1961
16792 117916
-24496 -103027
6740 -14532
48485 -30866
7571 25721
-6251 -110870
40371 -17367
-69904 -158550
25200 -8536
-2186 148050
-2190 -71545
-44843 -37542
-52398 47332
-75369 -49120
-35695 9380
55025 57239
96351 11440
13711 23470
-27162 -71706
-29840 6408
-18988 -41672
-82787 88200
-2828 -79732
139147 -2211
-42295 -32578
-16093 -57921
21645 41180
-43303 50803
12845 -119956
-98696 29756
50759 38853
-56530 -57730
-41855 13528
-38871 19382
55301 147304
-58138 68898
-18721 -77240
-79462 -95102
-70933 -460
49254 9191
-10583 12871
-92600 51663
41292 29750
-75881 81505
82445 -4010
-1029 105888
2094 -33203
10176 -59002
33345 -62110
-21912 -21658
-58398 -18184
-33921 -53220
-6719 -122690
127924 58126
63141 -42006
8868 44275
-30281 -58920
34565 40552
74096 -46350
28770 48946
-161701 12932
2085 40265
54570 -71534
-1045 76742
78735 18444
1891 49956
-36687 37506
-8780 -67673
-150067 59106
-6092 -157753
-15971 -25391
-159514 -65677
-86079 -53264
-41696 48243
136337 5739
-46662 -46360
48455 -70503
-38811 66000
-62380 -36629
-66256 111228
-106792 -61917
140117 -215997
-36881 -48164
-42791 -120277
57603 -25587
11384 -93275
7686 35606
10373 -3603
1826 -106188
70154 30245
-39792 60598
-63591 69401
-11290 -54890
40294 -15900
-79886 -134246
-61225 -10554
-91754 -6580
24279 95151
-72807 -54478
24790 -22395
-37636 -4087
49882 75439
-70012 -5593
9222 -35755
46641 -97905
37947 -32620
-61130 -76350
130343 34879
20212 -54731
-84630 -84482
71382 83324
14167 53665
-63048 -5905
16154 172172
-13806 38303
-6310 -97600
-8181 3164
35522 -30725
-21875 1390
-1134 52640
78737 -49472
-57563 4029
104309 -16753
-16514 110238
-46761 69448
20064 -4764
11433 -57723
-60039 9609
-35749 142434
-11991 28354
-95694 -22711
-280 -40658
68155 16194
116983 -19272
155182 -6209
30672 123579
-44355 59352
-50478 -37982
23651 -76517
-44294 -13309
8672 90757
-49924 11558
200320 26144
40010 97056
-20685 140769
56445 -9634
-23047 54630
87076 -64975
76201 -19800
39385 -49808
65340 81687
94526 -30723
-114697 20636
-77755 -11634
54830 96569
1768 91157
-46179 -31012
-5337 -14349
53298 87892
-22750 -43562
22549 -8465
80140 -37054
-99769 24394
46215 15072
-64508 75011
34099 -74130
37164 21737
-6887 35684
131579 34785
-97880 -98122
1819 11820
-55458 2954
64921 -115935
-17183 3522
74498 -107345
68575 -51831
-122123 -23660
-69039 73168
3181 88967
53214 94671
-61651 -6897
-74293 -99257
-16593 29386
116212 -17154
-56134 104456
49760 -49709
-43978 16170
30080 50779
55678 64720
26735 -5743
23179 935
-43736 94874
5889 -115446
-44252 -48955
70450 -16531
26959 -48055
29210 17570
91724 10796
2547 -66051
21211 -116759
-50973 -12507
105385 55612
48882 -26038
-12478 32751
-166174 -161600
-230059 -177854
-32767 4336
-139819 41894
-43017 -38417
-145905 3916
56079 -20575
-60054 89504
22235 19630
26217 -69755
-15437 1834
76581 26989
-93150 -53584
25269 23244
-72502 20845
21816 9681
-8318 113184
-8525 84475
58127 17526
67828 123636
67571 42539
-39224 92254
-144410 -106143
-1538 -56909
-23965 47062
89683 177574
-101183 31740
61445 -2900
-54245 38496
-10850 16505
-86590 7599
106873 -5303
-799 9487
-125945 112323
23226 14645
87508 97878
31098 84491
-37700 30030
-81397 -85101
23181 -29735
8156 10858
86927 -54543
-19939 12320
47326 -21372
35273 -12442
-14254 56852
-91078 71147
-24002 -114240
14926 166832
-37496 -46829
30865 63546
-34425 40649
1000 -6436
4640 -46477
-40399 22593
69702 -31670
-45400 -46834
1631 -32469
-46476 -53663
8470 -73319
17977 -2651
128346 26040
102069 28251
11240 -33086
-45657 -65746
-54733 108135
-74027 -13021
-92518 98076
-43976 54959
-4048 56215
4017 -50370
-52987 118630
-67550 -125667
1756 -146746
9843 51364
-67903 136146
-35068 -96012
-32230 -48205
-93277 34666
-72577 69893
-51893 -10670
-53906 103196
52700 -106659
-11183 -67182
-41787 -69780
13182 -24033
-155978 7071
-14191 65268
147309 172745
19688 -73871
-91826 -33882
24746 -13480
-11579 75617
17664 -30378
3955 -162938
65190 16527
-59879 -34498
89817 17997
-49600 -4126
19138 41101
-63835 108552
109418 23590
3676 2858
-21014 -3183
26182 -7833
-27242 -12579
-29962 138609
9461 36904
-120229 -104223
95179 16591
11380 60426
59694 -31736
2379 -214824
16175 35102
7402 -13186
11536 1591
133775 17615
606 -14121
-26455 90133
8582 71820
17008 -18125
-18475 15188
139255 -5769
-17972 40405
-4674 107281
-31130 -53085
-24969 54676
-19388 1783
33000 -20991
-23718 58515
21745 -93500
52103 -38107
2603 47411
-48467 9689
39046 110353
-99759 -3821
-32164 103203
16481 13013
98042 42746
-79616 57079
27519 730
22059 96741
-70119 -100410
86519 97073
-49182 -19151
105868 -338
-96296 74236
38083 -73454
118420 -69533
56932 36137
-105480 -6797
-4791 -45968
1788 -97085
-80596 15049
87883 -103449
-119912 6651
89097 103730
62772 16513
7113 28097
-12968 56665
-11449 -89441
5729 71241
-21537 28076
-25330 -53992
6998 -146150
-163 -76938
-58960 69272
58013 11658
1052 -9148
-78246 -25609
45031 -9153
-1597 10420
35777 55273
70095 -176935
88954 -8282
78096 -23545
62786 -8215
-16623 54932
7613 15441
70074 3265
-112443 -163045
6403 -35740
19874 -46583
-17972 -214
-62592 -70963
-3528 -26691
21344 64115
-66945 -94250
-1600 35020
-14914 -29975
115518 -64360
6743 -81485
119959 -26525
-1981 34967
71940 9702
75146 -91096
44732 -50242
-42900 43019
11969 -69515
129278 64106
-56991 62026
1723 77602
-136531 -26756
-86792 -45249
-27796 -31418
-1640 17598
-55897 13782
46367 29238
-70155 86083
77402 62760
-128352 58256
109946 -60281
-37704 -42242
113168 15572
-43064 101438
-67480 -92883
118917 -63870
-12168 18809
-183574 -92168
109631 5374
64192 4964
-92162 -46733
137148 -59323
37840 -10420
-72948 42381
42710 130999
69338 -78728
21664 38060
-54738 1664
-107282 58113
49092 80244
64306 21332
105840 58518
69978 80960
-137589 -77407
-45378 -62735
-137730 65091
12524 -16281
-95520 75939
3846 42353
-23613 -140752
30008 -15060
-118031 -56102
-105119 -104346
120261 -10264
-51975 64761
203188 -39734
16068 -9496
37193 -28971
-102552 -106260
46864 639
28815 -62488
-13863 -36006
-35679 12291
41950 -17945
-47308 47232
-44763 68094
-77868 -23366
23234 -123016
-108890 8577
43882 -56533
4136 23122
58082 -47407
-1753 -89033
-43017 -72279
-72758 -200276
-3701 69107
48526 -68079
-67194 18018
73191 -80840
-108412 -73901
-92316 80030
-75329 15544
69602 135995
56070 -71897
-62987 -11194
-69357 -44167
-54845 71519
17230 61144
78329 130240
73549 79039
-24150 37976
185290 43487
100841 -20389
-126639 61270
41722 -16149
60641 -103584
102028 -52072
-64670 3840
-28215 -50032
-32118 -136379
75985 -94315
130747 -6540
40547 43684
-85729 46571
-18476 -24184
-21939 34231
-68307 10621
-59650 25075
-40622 120350
-68906 -28619
54662 65504
43662 35970
9068 41674
35264 -42509
-13298 1474
45348 40398
-11231 -87262
-27960 -36201
-160534 -20796
-55126 -14579
17935 -101716
74792 66090
57679 -35608
-169174 -67463
-35502 -20732
-38166 -37256
-26471 -17141
66438 89732
75270 23802
3555 -48724
-58 62945
85210 -72848
-11826 74518
25555 -73844
-85458 -15847
-3464 -20371
87428 26464
-66426 -29112
44622 40072
-22546 61549
97100 -3999
79000 28554
50712 32134
15863 -40536
-43145 27768
-90836 -1144
-64436 29988
83620 -31759
17505 -47252
-94196 -55168
-73770 932
-80523 143726
-73359 -225
57510 37429
52615 -30269
-79572 38723
-61701 -2854
-95304 -102641
123826 -64795
71217 -10019
-65418 5196
-29141 -15167
81517 -46053
31784 -40337
-6348 42086
-6265 27640
27452 -69570
-67506 24391
7940 -41478
-94006 -51705
1569 -45813
-42204 -9440
87800 -55442
51095 80410
-28138 87966
56061 134422
55583 -50178
-63345 131798
58786 -19391
45365 19677
36680 -7512
-26688 31372
-48930 -116310
10794 -34362
14727 90851
-43107 57655
-111706 18742
4755 -84963
64631 18823
-28714 -2166
77748 -6096
86960 -13123
-73115 40932
29942 -38442
62751 -33163
-68721 -4901
-74915 81751
4133 -71774
68973 -4581
100047 -123427
109512 -32752
-21383 -65982
-4515 -186971
70445 36061
15675 -86330
-116025 -11676
-101517 -52283
18240 38258
168179 -39617
-20405 -35975
-18101 -104114
-61646 162864
-50236 -65757
-25745 -1063
-114743 -65443
-51653 25934
22959 -93730
2214 -81038
54378 -46197
-76083 81040
-35312 15900
4287 6997
-6064 47461
-47758 -5223
22366 94224
103441 28561
18562 -16604
24133 32211
-24554 -11705
-101252 -79477
-58572 22635
112296 30259
-118677 52512
-49365 -39846
-109106 81370
-84700 37
-43664 12434
-18571 18802
7839 -43916
-77960 46766
-41836 -13085
-51430 16089
-3836 61273
-5083 22401
74744 -23394
1635 8250
-14483 27779
-29159 222677
-30674 -33041
30877 53800
-15183 -49663
70563 45874
97247 -32093
49375 77921
-26037 -8664
8128 96790
22678 -53317
-23093 -97729
155391 -53822
-65041 125964
-1018 70639
-49673 20205
-28497 96963
-27489 -38674
-38511 -125709
72693 40265
-10559 1644
-75240 -82283
79207 68125
-32454 -27069
24218 -58339
-112034 -45322
-38805 34151
-69109 30838
46325 -19527
-63512 -47764
-19607 -29164
36899 77802
-72719 -55322
73985 -16301
-64842 -94242
9710 72563
112169 -88478
-1021 -45354
113867 64313
-108948 5258
-32197 -87135
15481 73884
96274 -128356
24558 3249
-9191 -114397
32679 63493
-93920 -126526
11589 156197
-11670 73475
4799 113000
-2094 105542
-12599 14935
42183 53441
43404 -41992
35441 -82846
98379 48480
-14756 -89872
-139204 53921
-26368 -12348
-217650 83164
38139 -24007
8089 -45087
74246 44171
28660 97421
-65915 -15194
-79980 36562
-15030 22648
11338 64259
34655 26454
-50026 -29050
-31535 29896
-19548 -54636
55610 -137710
-91874 71709
122379 5514
-6618 75896
110078 35168
-35745 -157026
-56156 44416
63351 29087
22906 31669
-4410 31123
61629 7659
49635 -32333
-17073 12740
41031 68640
-51361 -14202
-38303 -8762
-99419 131846
90934 -8856
-12904 -39735
-58467 -129689
-41269 -4191
-24478 -110253
-106100 -44122
69911 -85067
-100451 104795
-64950 71062
81981 -44712
-75397 25695
-47592 58370
-1874 -15803
-47308 -18540
121192 -18947
181527 58552
6251 -28902
-130709 19759
-80415 -111441
-38861 62364
-21040 15344
-13055 -1731
-58688 20417
30525 -71085
35839 -13879
150803 34488
3482 151323
140637 -71474
27499 -40018
96220 21086
63410 653
-98319 -72756
-14942 62611
-133374 -88675
-30415 -15030
10182 76584
2288 -78305
70185 117699
36142 22397
-78460 49860
-55262 -65964
66825 115050
131763 -95019
-39958 53549
-92401 14588
126479 -34921
-170842 -68215
132935 23827
11364 -48018
10237 13218
30270 -58308
1922 -7473
32947 112432
-82555 103632
-19828 -2384
68594 11033
-59232 21207
191491 -11784
-68459 -53146
-73933 20475
24409 -31232
162852 35335
95706 -36415
107280 -91420
7997 -17925
13423 -51755
101963 4775
-48968 127600
20498 16233
68585 -126276
1330 -21516
32339 35687
71854 -27258
18800 -37073
13823 13931
-99558 18901
-90169 -6529
-23431 61418
25938 -63274
-97445 -12208
17951 -67611
24440 -50666
29735 45175
-36342 105902
-7191 -51411
-103673 -84271
-106737 170542
-8242 -29754
43292 26303
52400 6967
-113916 -97112
-72303 11305
8092 62453
-81473 94429
117200 95966
10411 -75088
-40597 -20663
62345 100043
78998 -31930
57494 55062
34392 24428
-38962 -119456
-40713 1896
31599 -86599
-64325 12726
-15434 -63011
62162 31508
-65711 89851
21238 2873
-50732 -24535
-19497 -41950
-55985 74470
-17153 -63226
19433 -99501
7978 -63507
110719 -59234
-11789 -78243
-84406 21672
6184 -67310
-152740 10679
-149973 -85591
5125 -40595
52913 -9171
16172 22523
-19858 61961
106780 -10697
90127 -33384
-50528 91118
128 -80772
-22915 91504
4078 48450
-52404 -28140
31169 -23154
39219 53405
-104547 -27964
-107197 87002
33766 -102354
118562 44445
-85102 -108471
19744 44379
44855 90797
-86 44677
-1291 115172
85902 -89035
-11618 -158486
59315 -40956
17879 -89015
7366 45144
-43078 64071
-10272 29462
-8809 -31313
-54473 50782
71005 93785
17204 -79910
34374 43176
-143300 -59780
150950 -189662
49084 6415
123362 37375
21432 -12442
141719 133304
-8489 -70296
-207539 -26863
32766 58902
-45084 -40376
87053 -67703
23909 -2752
87423 5157
-31629 99298
-11735 -75906
42343 -129489
-186342 3507
28272 -54584
-120952 -40946
-63813 -9280
-127814 107846
-26927 -61968
-31178 -70074
5157 -46966
1029 -36599
83397 -78556
6167 36318
47923 37975
25863 42450
-52410 19492
-14550 -43758
61889 -13747
97849 -1403
84113 204511
57781 6524
-87168 -59379
18005 54635
-50533 -13557
73006 6302
76185 10009
61805 -165387
-2698 -23748
44840 41148
-39374 -10729
-3285 -7452
2841 16218
-19059 60401
15756 -2590
68027 -67018
12675 103346
-119269 19469
15825 -48201
32625 52621
98310 37524
41332 105227
-55710 -40793
51002 -46813
-136782 -16758
-4280 -154352
71248 -32468
60536 -14765
102021 75052
9725 -65133
-29753 22525
-80350 79547
5197 25699
28335 81352
-47368 -36614
34204 -134021
20015 -26992
-64354 44472
-57968 -89550
37770 7594
40928 56653
-82956 -34487
-44189 -10424
-60189 -96098
-2033 21591
54360 -89446
-29485 9080
-24131 36244
-35652 -80770
-91486 3516
48226 -9580
-36792 -45049
5787 -88509
-4957 20334
-7303 -53555
44501 20962
-1796 -59290
-25170 35626
-111237 -3661
-5279 146255
-95636 -13187
-75247 -20738
383 -145223
64652 -36707
-91636 82569
-9299 -3610
18767 35164
94354 29376
-3905 78116
33735 42153
-83077 -78118
-52215 -71796
29590 17803
-5819 -785
60386 -55994
-132479 59196
-9974 -57531
-24628 -85418
22434 61348
-96123 80060
-28933 23536
67269 90073
-106033 109275
15927 -71426
58353 -55193
43917 -21506
-60429 98413
6603 75426
-29527 77100
63899 87142
150159 -59836
-48172 -7818
-15823 22423
-8578 -61582
-80158 -78684
136555 19267
-39059 15303
54579 100355
-173692 128773
43493 125234
126946 5079
-12942 -3132
-27546 97268
-49257 -103584
-33053 40010
-29428 18443
8848 143200
47203 -119072
37620 -36560
-12039 101447
51179 -120238
67241 -42618
-77556 23771
44220 -63442
123991 72164
-87603 -964
12184 49029
-54757 101898
-29100 44719
-8995 25002
-106604 4049
-36943 18732
-8649 39897
29416 80060
-7938 -8932
17666 -19025
157194 -121306
81250 10708
93322 34791
-132409 96426
44739 -40965
-175949 79420
46847 -179762
121927 13878
-25401 -19517
96595 4559
146843 -28346
49379 93227
38196 -19268
68734 51567
-31115 58425
-89777 5168
-67763 -82831
116735 2912
-34119 82887
-17542 -77401
68753 168411
-65444 -17611
46235 30942
87900 -6620
-93789 -39090
99202 11428
50744 -16445
-80870 13747
-22252 -1562
-37331 13301
-31237 -58201
-48772 -75412
77280 34727
-30100 46923
729 88736
-640 13611
34120 -20712
78518 -43827
-73247 -60060
3070 17541
45076 3374
111763 -27329
-12920 29599
-31313 165342
-58611 80376
21580 29328
-24997 -70687
118721 12164
-43551 53435
-6680 73648
67072 82231
63700 66149
-30330 29112
62118 5
-105335 -27726
-7693 119209
-25679 -17822
7897 54008
-2564 6680
18519 -67963
-30457 22227
-45193 109180
45491 38566
33960 120941
-27520 38356
46209 -43650
40583 -69010
23887 -43797
-9052 110364
31788 20312
10972 -105220
-32544 81989
-98203 -3833
5554 -17068
186251 69518
59746 -33784
43010 10440
78252 -110784
-45675 112513
28847 -28784
12782 11643
53800 -116663
-8016 -73649
89703 43813
29743 -15337
-94779 82121
88988 38563
105715 26844
-32474 156669
18623 -14661
21926 -14316
46839 15125
20633 18020
-5798 -56666
-59506 45085
44001 6601
-42520 -58269
-104567 -42639
-53719 63177
4895 14227
37453 11881
-83981 -123363
-38010 102062
-13959 59493
61799 33550
69774 -51106
-21757 -18484
63531 -26305
-42388 14465
53915 -13159
-26474 -59554
-18417 -105195
11545 -16958
5814 16394
-154710 -24740
57361 -10952
-13602 65725
-20213 -65646
-65092 38424
54898 -30274
18544 118272
9239 -21482
2093 5675
-46799 -23949
122330 39219
-58879 17304
51566 -27367
68116 -65955
67175 5739
-17743 -70243
-91145 -28881
43201 -12974
-52895 -55629
-63119 -76114
-90224 -21094
62155 91856
81532 -13101
95207 -36427
-52747 -61440
-1409 -70542
43411 -29394
74118 -38125
52985 -61564
-4670 110015
-40953 -16533
27965 27031
-100110 33919
140456 -41130
-18681 43643
-24270 -12677
-5623 69299
7122 25797
31191 -42231
58344 32590
67192 50445
19792 -27419
-20385 36130
39810 -14404
57332 27682
75057 -44091
-136300 16852
-21029 -70462
39842 47959
96 -49775
-18946 -72431
-66332 116365
155016 40360
-27897 -153188
-31563 -187134
-12797 -20572
94835 -1933
7968 174087
1499 -30145
-31296 9469
44752 -15421
-47104 -36231
69337 5789
89737 -86959
-28877 -66306
21882 -81023
82255 -45875
-130552 119100
113884 66630
-29610 -25339
29980 165002
-56802 6021
-63638 110442
76596 7786
35206 30043
-22830 -10778
78157 -63110
30058 -59659
136109 125145
29606 126167
-7364 -68228
28361 27337
41866 -71079
-6343 -9522
3470 -31018
37099 46319
90056 58765
-55999 86167
117108 -2280
-124397 100511
43503 107547
63095 68610
-9387 7564
-39797 14299
9377 41874
34419 21356
105363 -156413
12911 -66798
10039 138575
39231 -91003
58961 -114079
-104093 -14684
-9202 119841
57 35998
-102201 -115401
-8564 -22907
54529 33843
77288 -179314
-158551 -21671
36677 -33384
107532 189841
55588 -32121
4381 -27599
7694 44781
30972 105721
15037 -63582
26758 56255
110857 21976
-90477 -69634
110445 -67508
-9548 18850
-25736 121009
580 -38043
4275 463
-5737 94036
-17562 16070
-13540 -25357
-104564 7869
99399 39455
-45782 -13099
-40780 -87084
-116190 19886
-32145 95550
34540 6506
-31553 20717
34403 -142803
-145345 62024
48230 60354
-14660 25901
32299 -19282
4992 -92170
-64747 13219
-14421 24034
-15181 16578
74564 57966
72045 5320
44885 61419
35164 3431
-36713 24081
-96017 -64606
75354 106106
174512 28431
20248 -20648
-110290 -45828
8177 72738
-105066 152442
-17462 -1003
-11707 -73070
19527 -8424
70147 -84355
32952 -29403
-136078 63309
-52279 33467
91788 -35077
32953 -62330
2169 -19056
20197 145977
36870 24757
-74897 -44266
-3823 41105
50832 -14383
-68721 40365
-166405 -59071
51236 -43441
30259 -69788
51714 -51873
-10006 25150
56200 22077
32705 119442
-33831 69192
211836 -81088
90224 -6097
48379 -5488
34156 22935
25876 -64661
51899 -36763
-63946 -43306
-39303 112191
-163799 -29060
42054 97747
-1240 -48526
-79276 52084
-27009 -41377
-71752 -2030
37852 19955
73831 -17283
-79047 -72333
-119978 142519
-49430 26044
-48498 -28809
-65216 -98525
20024 -49163
-58085 23666
35010 56675
-31317 33500
-42781 21172
-28654 -53953
74534 135138
81213 -35382
76645 -55117
4251 -92477
69545 -24592
46846 -78465
40250 -2344
-24354 139371
39029 -86794
-11691 -14571
-28787 7246
74778 -21320
-42949 -26329
-23986 -66563
27429 -3164
58335 2212
-45614 102494
95835 61358
54555 34600
72419 53652
72708 -59365
3735 -57937
-8034 -40688
26920 -36508
-15371 23560
23809 48280
31330 19436
5456 -59560
47902 -107127
-115104 -53822
-36868 82971
-53753 204
-176896 -30393
40735 64013
19331 -23046
-47730 8282
28558 55227
-48341 42744
2920 -51376
-23980 -72970
-36931 -16859
84649 -11784
145559 89037
-84216 -63608
-54198 14385
98980 113425
42505 33750
-30775 47999
-16519 128383
102355 26557
-107557 -28411
56260 -94440
-66740 -96838
-67614 54275
20400 -73374
43079 -28543
65110 -33917
-12647 -92152
-20938 -85592
-94060 -98925
16659 3442
57785 -36637
-26062 -1244
-112257 29950
45394 35133
-6800 -12926
-21215 -48715
160340 191518
-38961 33929
55822 67097
11591 18950
4336 5800
39235 16774
-21397 2510
-4903 -13690
-44935 -46281
38086 53456
60756 77340
-47427 58846
3870 110057
9836 -27459
104797 57104
37874 36768
67571 6562
-153971 -51776
91706 -36780
-7452 36020
-138364 10709
126748 -1345
-16896 -47478
-65056 18317
-102109 -64849
31012 68464
-76627 -50630
-44994 58744
19295 20091
-107028 -8553
65433 -66806
-29272 -42416
-17783 -91089
118735 -87675
-38055 48471
76747 -78166
82779 27781
-98654 31898
-67226 71030
-11544 -46811
16572 19178
-69027 -48695
-164751 15532
40371 33282
-63216 -21050
34254 40157
80959 31263
9897 6747
-20242 58984
-683 -911
-56013 -41177
-114140 72480
31482 44857
-35412 9006
60583 -51194
-16494 52073
67420 -20341
-76964 30229
183732 -81101
-86195 -5697
-39904 -4513
-130191 -92397
71907 -75137
61363 89893
-29237 -29273
2462 2526
4106 -86458
-21435 13424
-95412 -88072
-20598 -51565
-49624 24635
-168218 85805
-13961 -35992
-30087 90656
61469 101549
64981 115694
58856 -18477
17552 28591
-12952 -33875
24349 -51186
151116 -43561
47440 1750
-76799 89633
-85863 51426
69670 -863
-9470 65941
40262 78573
-77186 23216
-56380 62844
31279 -50884
14005 75392
57167 -84695
-24753 49243
-110596 45829
67038 -36136
30746 17168
-29771 45140
-89388 -130686
-1355 -50677
14623 89046
15261 -33746
-58871 -28981
40339 -123098
40360 24647
49653 -63790
52821 -23856
-40676 16663
15607 22462
12139 6680
13087 -9687
16771 18756
16888 20509
-80357 -51944
-3171 22791
1678 51437
-25186 38036
7671 27273
4732 27186
-133399 66280
-55517 -37445
-55745 24980
-27434 -55779
10922 34812
78263 -1743
-115705 105025
-15026 63999
-3197 -6814
-36761 5983
91557 -36217
-183420 -38179
77864 -83059
-20912 116982
19036 -3792
97103 55762
-123600 49617
82939 6870
84045 25820
-12828 37602
51053 -42539
5944 13323
-21795 -136175
-40986 71021
78767 21728
94933 61120
446 69350
69245 116216
-78477 33551
70399 132225
-146636 -72976
17183 3989
44335 19748
-45684 38329
139495 376
51064 7773
19036 -49991
-71375 -47566
-76351 49597
-50366 20917
80604 21247
48664 -37025
66243 38684
51223 -53006
5078 37849
-23628 -12670
75160 51702
-81151 5172
-35609 -56890
28778 10901
-92346 -37043
-11833 8299
-42580 -56921
9645 -38083
19254 -103891
18749 73172
84671 71596
21621 -39590
41724 98448
-41963 -141370
-138569 -65619
-37920 1016
135446 -25044
-110596 36666
60575 -72233
48145 -82923
-15337 -99224
34865 -134
-54067 -25390
-6512 -41379
-50631 4396
-13959 -28452
65256 31113
60450 -2574
-48706 -15156
-41398 142629
-7812 -7980
33749 44278
4980 54587
13386 133463
133368 -82689
-15504 86093
-5788 133806
-27122 -33798
6601 12098
-95621 -68966
51482 -73337
68287 -5817
-31727 23696
-23796 38471
-65752 -32477
16326 -7844
-75988 -85152
-17396 79334
134905 -16171
-29692 56955
-68713 4500
-15202 69748
49371 -93367
-181783 63454
-19414 -41442
-41215 23230
-47075 118867
-23570 20313
-162932 2750
-16740 -23358
92420 -27176
83499 41294
14915 -46899
126592 -3477
-25490 -169461
136678 -28536
83230 -128626
-63601 145691
-24221 20240
65696 -35271
-152440 51547
31067 -28122
31183 19426
101330 -57730
77818 -53073
4622 -78891
-13328 -22171
78760 -32359
6344 -98139
-22185 39422
-8657 -25041
4477 34284
60992 121402
113029 -36649
66601 -35984
-148315 83349
52360 62159
48035 -5584
-122058 27749
-45477 159542
-133826 -13737
62280 42122
39318 -95321
-41161 15902
-58674 -41112
29325 102195
-51158 -2161
50140 -42644
108083 16885
1599 12915
-24719 -124030
111138 -5582
-4302 -27531
-137211 -5645
-14140 -28005
42197 79280
-28621 89602
-5019 -8127
-66634 21020
57975 77436
19195 46641
48843 -117545
1127 22136
34872 -27110
17197 43868
97519 137533
-41052 19218
115143 113691
35895 10757
-39419 8617
-24460 82439
-33966 28212
-53015 -29829
148409 114573
-59706 -40261
14771 63
-62247 -58413
32726 58847
64384 4915
-14186 -44103
86360 -62827
-93245 -69651
51605 -52591
-94449 82358
105120 123782
-39812 59204
-8949 19221
-25740 -19905
-60137 2492
21727 -28246
-37155 -40239
29057 25391
59086 22919
-81834 -14356
-92468 16072
-19760 -25107
104010 -23300
60370 -104337
75152 93899
-47398 -98828
3389 -32637
-153333 -12394
-27844 108847
-4068 8088
-21112 -28560
-95045 85411
-47400 49099
40742 -44698
75666 36682
26652 37686
-38749 -71705
27118 -97553
-58501 84646
49324 -62113
17729 -176627
-30663 47626
-39419 -66670
9400 78572
-63822 90249
18641 -68127
-24117 75111
-7600 26445
141220 -2203
-486 66996
16908 -4222
-76051 94741
26805 -31230
3946 -74905
64255 11988
-16864 -42708
-84383 15277
659 805
15719 -48761
46224 45245
-34660 -505
-44034 -26107
-84727 -76251
-120780 145118
-43890 537
-86637 75540
-48973 -58839
-44642 -89080
26561 -60802
97472 38341
-21431 35706
-135837 105060
3080 -129329
-24738 -24406
32885 -69044
26043 -46506
-80214 -67187
11638 31554
-43742 11036
4979 2495
85606 -84229
-11155 -137251
-59989 -67982
13166 -12786
34908 36335
-78265 71490
-90693 115150
16448 -95466
-133178 19109
-51165 46495
19990 33337
32445 -46094
-147197 51133
36798 -153672
-31099 -127196
-92175 -11670
-116123 105599
-36076 -22735
-125669 -6535
55163 89728
24885 13219
41079 -33859
-184697 -73492
84014 -26791
130521 67946
32207 23471
-22210 94827
-2109 25914
29811 -64196
-13552 -60570
-59595 38674
-26260 -23439
-14626 15187
-4702 -56835
-113924 -43968
-67409 57785
-88307 -48332
-109778 -5845
-84909 1436
15530 23693
47875 100784
-166732 -88855
-41674 27454
-66728 -46204
-50942 -37577
-25586 -59609
89069 -64307
-18174 35749
-21524 -20968
-50346 -7955
58305 65902
-3757 14440
-16543 10525
63261 -1669
-28013 42152
85873 72001
-66211 31540
-56561 33660
1995 13232
-50545 2801
-33727 -58990
-68679 -83464
43308 -24069
23515 31950
9877 13598
-136355 -18034
-103854 82863
17070 -103331
41771 -26120
102124 -89408
-8856 50775
-12966 -59346
42504 13710
5366 41114
-1285 -160793
84139 28910
-50254 1143
-69962 -24967
-21092 -204953
62628 -4983
9845 -80177
64298 97710
106613 30429
24024 -9457
-3234 -151789
32390 -9311
4208 -60012
39327 -48683
-7904 12111
-36868 -46351
-34578 66244
-124642 -95821
73835 -3813
-37109 31829
-55916 60137
-10735 -26615
151917 88481
-82807 71269
111665 -85917
-60677 65505
-74259 -61380
-8700 20797
-108073 -96649
-92681 122286
-21257 -115918
61126 -43080
-44793 73465
-36390 108569
-5374 -26168
101022 -35877
-62233 23974
-22629 329
53617 91340
58294 -54792
-47970 -8864
1647 -94794
2116 -34369
-86307 -22671
104920 -61767
84958 35968
-14459 66701
-19503 32151
-68678 -42472
-108495 99771
17031 -17715
24921 -37450
-82342 -87758
17890 153276
66650 -123573
-36866 -11556
-158071 81820
-43149 -148641
-28315 -8607
-99864 32568
74360 89397
82254 -30496
80024 -84264
-41699 14924
13203 -53077
-96893 24636
-23059 60119
27210 -18887
-43389 -80128
-9104 -99873
34194 3482
65722 -79865
44894 -9936
50740 -98549
108708 -63875
6397 -7781
41429 -11562
50473 36819
-11874 37114
-177035 117090
-21982 -94122
-27999 -17926
-70262 -13520
11601 -86746
-54068 -57362
-28269 -67220
34857 -24895
-86099 64081
-108989 9163
131905 40041
34897 -109200
36332 53126
-18582 -44307
-53680 47572
-88795 -20782
-1693 -33193
-64780 -63577
65651 31678
-134622 108411
-47069 -54604
61604 56666
45568 31953
-27902 9079
159710 16184
2939 8913
-14755 -79526
65948 48693
-70926 -14555
-18518 -6466
-6444 -247678
-91270 -104543
-15326 87772
-34536 8017
43675 144545
-56095 -11967
35378 -30605
28304 11047
-72767 -47745
-115260 -44787
38050 36849
123895 -21318
-77285 -48008
76446 21314
66888 -74178
132636 -39049
-51673 -90468
54971 -9922
122001 -33139
-4814 50253
50964 -13426
-28166 -61610
-112165 82685
106357 -33023
-5614 -7586
128449 -60874
67687 -85399
76093 79475
23820 47876
-49498 51074
27142 -16809
24353 -8986
-9191 63922
-113242 73557
37864 41913
22487 -4936
-70910 73774
-39876 -86658
-23160 16477
-57667 30043
141805 55092
-22511 49385
-42261 -16598
-80339 -34251
-32618 109907
-31410 798
25712 -26404
-49831 20466
-124360 -68646
-94944 -12235
17643 143860
-10484 67998
72049 -93885
45051 58635
-33116 -67181
-85181 60983
-12908 -23317
-13022 -87451
-23684 -91040
201602 -94904
130627 20316
-2106 21647
51315 36900
-39564 56741
-30889 -49873
-64582 16204
30236 61299
19760 -133203
550 -39618
87653 47221
75788 -66789
19788 47339
78358 93666
-64271 -28792
-88985 -10173
-25959 -19562
38537 -43907
73884 9066
-50949 48346
-99321 18348
33105 -42900
12676 35245
49521 50856
-43707 61762
-3509 49851
41886 -11145
39055 -70868
-139404 65320
-67039 -78174
-65211 117852
72803 54432
76445 15886
-15114 -77086
40217 7217
48762 -28830
-14449 -10858
-102628 -57877
8707 91593
-79550 -83834
27702 -128005
-70557 -47925
27392 87873
-6909 -39807
53361 -19356
-147517 -93865
45146 -18520
68023 102850
-49522 -12505
-9822 53918
-17811 85669
-40439 -23844
-96046 -77519
40097 -86650
-51461 20361
-37005 -30381
124068 54424
89346 59608
27288 -52478
-171991 -1674
8419 61373
-33400 -28288
-44070 123764
-9850 5753
153089 -17373
12551 23704
-12775 -114262
-89732 -88619
-122331 102688
-56968 -76455
77735 -5223
10609 -74394
3221 -39592
7076 -133806
21414 17114
50373 -36908
-5465 422
-163178 19441
-68669 17388
12183 8724
-24426 -17675
96260 55475
15918 -5128
38176 -86265
9224 -41211
-72428 -38679
-23148 -33092
24427 -31993
37311 -17459
-21651 -15404
49902 88998
-19035 22070
86344 -54450
-122079 71546
8234 129977
-20051 74285
-135161 -36533
58100 3872
-15381 -7640
-1106 -117312
-13179 -59334
-3020 -16923
-5787 -31374
31763 -43061
-72270 -58305
6996 170805
-35120 -8737
-16550 -54789
-39685 33214
41350 6561
45456 -108302
65330 51860
176716 92561
5763 -13242
15078 114417
2332 -24500
-24836 -57485
-68914 -62043
-55678 61383
-63801 -31537
-76249 -108818
-58450 50707
-959 -151462
-58338 -42571
12383 -26561
-79162 111329
-132250 46375
19917 74890
-3961 67837
-189309 -7133
-181630 40202
32493 -38325
43046 -96967
105 70144
23399 86298
40351 8261
-284 19144
39375 27516
-26928 36292
34492 -25896
-15207 60159
88127 -3578
-15135 145067
-90853 -38394
112073 -14753
65577 -121836
143732 59672
12901 24192
40688 -16844
-71461 -21731
89564 133745
15842 27326
-82037 -10739
126541 18237
52694 -43014
-23084 121668
95509 -58380
-72495 20828
-26002 75732
-143867 -50697
66219 39889
26704 -73122
-53835 36188
-51933 -9946
110350 45960
88478 -85013
77507 -23622
-13653 29497
-87215 -47678
-71526 84793
-60544 -67029
10462 89574
96200 111009
-14256 33182
3259 49910
80729 18550
21413 -11222
18591 69046
86913 66482
10709 10519
-6999 -32907
-60283 98323
-85509 -49337
-77791 12318
15371 -9882
145127 137483
84407 -38402
-69840 -41137
-52702 -52145
15631 19808
58681 77825
-75130 72401
36635 2791
-26093 9090
61119 -22584
-80681 -26077
-37154 -2299
110907 29418
-100223 144855
156897 62302
-54348 -32799
31812 56852
-5447 13949
159223 -87588
34326 -99705
-2039 2592
10447 85318
52407 -75909
-56588 -20908
170438 -36329
-9569 6066
73457 -10484
52715 16696
-47531 44044
-12116 23882
-43330 32604
110364 -17012
26008 6160
-42198 -98515
-32881 7647
135521 19940
-28970 65505
-73287 -37407
-8470 32230
11495 -41610
-24757 -18513
-14891 -50836
-92397 -53929
40390 -58778
-25625 -39141
12860 -45513
30992 14499
-47973 49153
-46459 42940
-5825 68257
118563 -22092
-44782 36742
-17053 11645
54771 -46578
-20025 19015
-5346 -30048
16678 -25102
5513 -52905
-25137 69662
19525 -79498
-59709 57446
-78673 -30409
-77709 7678
-2829 -112923
-185790 -21908
-42923 -46638
127848 11725
-10991 -25397
132818 87643
-60316 -161316
-88340 41292
77235 -41182
19121 -126308
22542 -92450
-20595 -48541
40176 -1886
8443 -31773
-50502 -9376
-230 61686
-105383 -80518
23136 59327
-7634 10245
26455 -25358
-54281 2409
-18324 22381
29445 -59133
124799 56292
21113 -23049
56936 159082
-27586 37869
105408 -44727
47271 -24381
21142 -14308
76241 23691
-37689 65618
-132189 -20315
-56058 -124768
-30583 9644
11451 76223
-4440 83127
48103 28475
47082 190278
-53091 -9621
-15054 -64698
8680 -166135
91133 124271
-72075 16015
-64325 47102
71537 39686
-16671 67676
12398 18787
-2244 -1268
46572 -54640
-3146 25724
103728 11973
39639 -40106
21335 41762
-44748 -33544
-117650 48730
-31784 -73623
-269 64214
-101426 30087
-111174 -2291
13071 -48407
8975 -85665
-84618 -44685
-9230 -116815
10281 -100229
90218 -19910
107919 -22336
-120597 13369
180100 -9714
7826 40798
188082 -112008
25183 -46283
-21363 81624
-90557 -3422
80939 81268
-33209 31333
40544 25678
25786 71365
-38940 -20219
22589 74251
57530 113471
55843 54617
-42383 41191
-61546 3022
78599 -17043
-49088 39367
35239 -122084
35600 -6128
-91768 117231
-45688 -34810
132324 -3604
155789 15153
1431 -9253
85625 -35306
106571 -59556
-8045 29066
19838 5149
-45531 -104330
-122464 56642
60759 4525
-13008 53044
-64221 -48278
-118229 50993
-29139 -137554
15087 114343
-23917 -87363
70938 49597
-35443 -5891
4531 82712
-64057 -5750
101896 -82439
-48531 51005
69 43747
-39178 62365
-62403 -96105
-131277 35488
-41940 71710
32439 -44344
35909 21896
37885 105597
35918 -31354
-45597 -50382
-41852 -20388
1084 -86261
-21229 -55595
4955 -17861
-32168 22916
30046 44723
-33177 8161
-10359 72497
-28017 53247
-40574 71923
-104965 116867
-69130 22939
-18664 37167
46940 -43066
47581 80539
-8992 77338
109584 117014
-43521 45837
72622 99253
-18956 55553
66723 78791
71265 120226
70467 -32588
-2835 -13524
-60770 20702
-178642 -118738
-28230 6513
-21374 85178
-49428 24007
117295 -11552
80092 -14348
-54583 9580
-8211 115979
35887 10939
14922 15426
179292 41787
83345 113933
-17969 1870
115475 96488
-19367 151292
4802 31518
81581 -150989
-4238 -10173
95374 -31055
-61417 112673
60955 87731
43387 -60162
-6560 66150
-13570 35986
-124173 -93704
-54492 -15999
94481 -65433
-8774 -198183
-21438 15580
76351 -73252
-65324 37341
-61124 -84512
-45944 -49518
27393 -58565
83936 42838
71071 -28725
16139 -55560
122914 -27398
-155415 -64948
-17226 92862
-39105 -75301
-133336 9231
-62114 -23540
-26104 8456
54149 -40624
-141522 -13322
-71763 -4128
-79901 47387
-23025 -71123
53746 56511
-55368 -41411
94292 -68327
57148 -66078
127428 -159399
-81073 -55720
13553 59059
173571 -1242
-7193 -72369
68753 -77708
-79904 48164
23168 -98070
109352 44937
48152 2410
137453 -67659
24857 -94147
50538 -42857
-122713 -18567
49762 -21570
-13489 56304
-46882 -91803
91485 74436
-40867 -95787
-95604 -3905
-73901 -53799
-56960 11395
-153064 -134302
-50668 45008
45921 16924
-67350 38207
-52848 -45304
128100 33222
-50776 -79701
49929 -72562
67018 9932
-12310 4871
-25424 -157
-156217 40207
-33365 61641
49438 -58969
-80542 -13921
-65847 48981
99769 106022
-16078 103245
-831 -94258
50728 -3874
-23506 -27206
-43702 63685
46865 -110962
-4808 15843
143280 30668
11572 42959
76614 -10679
-12522 -19643
-127050 36184
-119229 -33538
-16507 -48560
18666 -33457
133727 -110943
34442 15234
-86731 -49019
17618 -11645
69551 43980
7561 -22324
55278 -43253
-17373 176078
-59600 -27121
78212 60115
24191 -819
-27323 -44782
-28234 12430
68935 37587
7650 31604
-67887 -7284
-42189 -163016
-56521 90080
105137 4716
-4828 -94290
58344 -23120
25578 -29905
-39438 -22603
11033 74554
-30649 -57341
-80769 -26460
70870 -46234
-107318 78046
-55765 -184004
-33427 26000
23797 73444
193538 -58215
63603 82088
-15189 48966
68387 -55680
-5641 -68441
106736 -874
14955 -8660
-105716 -129926
-83466 -75560
84218 -47790
-34466 -45107
32208 74162
-6498 16972
-84917 -32391
-53263 14566
-51465 -3241
4455 46794
-25766 -98753
-25053 93797
-81787 -5270
7437 37645
2216 -70235
-14368 -36467
16270 -24777
17460 -89642
-7047 160579
2150 16465
-10126 123776
23826 -131514
-29888 65894
-67561 138049
29280 -2605
13676 6675
98870 -38881
-100155 121966
-58106 11931
97612 42938
90295 -38179
-79570 -156070
36489 19609
121508 -59078
-1862 -58640
73156 75196
-181903 40707
-18414 33288
-95851 70245
8579 -46712
25230 18766
-15860 -109537
64534 44723
-80655 -75056
-74064 8554
24261 105580
-78576 -14014
-42086 43307
69905 76591
-36587 -63905
-1555 -9204
-118137 92073
46361 -6728
-41236 -179216
68147 -19465
48990 29508
-47469 123779
-51182 61199
14860 -37541
-8509 -6277
-80216 -44170
-42145 -106051
6902 35150
13432 38320
16074 36730
126637 -34115
-66569 133076
-46966 59853
-11307 138355
-18964 -62989
77881 -57900
6243 -8609
-34434 -99248
20742 -66498
-48422 -27829
20654 21587
49231 32827
-14989 123432
-64022 -22418
59278 77314
-47199 29514
-93797 22809
35300 63674
14298 -45133
-31524 -62855
-58876 -84261
-35018 -29969
98694 20964
9906 11639
17227 -8662
209791 -19963
93027 5970
52098 60757
47311 -29557
-16006 -71805
-72500 -38746
54295 69583
-82401 -78373
67982 55176
-48099 93371
4300 -54625
7334 -30207
-42965 -38470
89787 -35114
-2770 -24954
-42878 87022
-14409 89680
20561 119601
28628 -74993
-97846 76235
-78691 76704
50629 33259
59609 -53693
2664 -46610
-4804 63863
65650 93466
82250 1266
35725 111700
-22862 20205
7441 -142422
29300 2298
26228 61218
-113232 -89803
-86744 41397
58043 -16150
-1113 -155469
83966 -59210
-85595 -21675
-10234 72906
-34347 -30290
106559 76368
-151647 68822
8284 -14703
44313 -87049
18848 64631
-49226 95552
12227 -118461
11617 -39975
-51127 -16804
-1168 -169218
-87552 40954
-5831 51184
-9671 -66154
-6556 59032
51831 728
52423 -47385
-7473 91619
-33772 -44152
-29511 -56352
-68396 54165
-41469 -63896
-85629 -6562
-100772 15969
108576 52388
-65364 -59864
-82275 -18713
-112629 20754
112898 68711
-133961 -151498
-16373 89996
-64655 84983
-116756 27469
-190005 -85007
54067 65969
-46672 -18067
-97190 -84990
40773 -73364
65273 -51431
-61888 51344
14102 8389
37911 -45201
-17134 -30284
-16476 -32824
-97666 7111
18138 -66450
73300 54862
-155 68005
-35225 -55672
794 104715
-102525 68887
19229 -68349
22176 81235
1010 -40470
12656 46186
-42463 52963
29631 -39882
62603 -86633
17680 -94888
-103989 -1580
-76841 45940
-7606 63228
-35179 -6862
89352 -104373
-33815 98122
2494 48980
67698 34170
70328 -7219
27455 -6824
-105798 67883
-67068 -10724
2008 52353
-34884 -63861
-14270 53465
-17812 -40593
-40713 -126177
42090 -244437
-58691 54158
48502 -54180
17783 -75619
-36805 -8527
-33736 125294
40547 -24981
-17208 -59460
97068 33515
16363 66413
-46538 -89146
-96703 44822
31621 47833
-26060 17203
-86578 -14705
75267 26222
-175216 -33257
45687 -6679
-7457 33047
-114804 134158
67400 -35088
-11039 -111049
-73435 -19104
-22604 -15062
-79278 -20652
11278 42211
15926 -75276
-20055 -73779
3594 94148
-35512 33590
-69048 -87772
136891 8273
-72859 -45485
-9417 24566
9232 -80215
-53096 -114784
-28167 4738
-52914 10117
94544 -91464
-21925 -40374
-5837 -93412
-48695 -79216
-78741 38502
66865 72558
-11836 24732
42557 -51460
-4803 -3907
-32877 -89012
-75264 6492
-101033 -22622
123370 74805
12677 -35825
-33952 37023
-23718 -31598
37277 -120820
50161 61745
7566 24256
21479 -40463
55057 102301
21452 -135647
-47925 -26504
-15587 -14521
80583 707
-46555 92816
-14500 -39418
27207 1639
-87811 73924
-57206 82217
33180 -45855
73377 -71181
-157363 -60621
71115 -72262
-26611 -18831
21469 -18697
74388 50248
85500 46413
465 -111096
7888 16999
1430 28270
-41226 113268
-5466 31234
-50816 9850
-43468 123976
94133 22074
-45444 104003
-30731 5904
-1795 -44069
8972 -79094
-8072 -70622
70032 50356
-93179 -71316
166 -14887
-43825 -81135
-18099 -19904
-48276 40196
43104 -88828
108292 46594
-105436 6692
9393 -29862
-27918 -81437
-104998 -123886
75317 25777
-45264 -109706
49175 -29957
141814 -24062
-42425 141944
47958 66424
-32604 54614
59331 118910
-115052 2314
-86434 -108109
-20405 -105759
78386 -78912
101508 -56679
-84164 57121
-15642 42640
67581 -44529
-16609 -68589
9869 34566
-50354 9619
37757 -46076
37158 -50311
-64687 152974
13276 -7974
31593 -18519
55097 47761
6210 -252654
152393 -114979
4736 -166898
91775 -99808
6952 55597
-54805 -225471
-67735 51976
-32745 24262
86265 106723
75580 -75150
-34864 -101968
-20613 77954
-92079 32764
-9759 33891
71741 3962
79340 -93712
-85193 62211
7639 5949
5584 -137580
-15467 22884
-13042 7542
60415 40430
-79990 -20049
107184 -44444
80810 -110555
-22332 25645
93107 -15936
8816 -96266
-31592 103420
-33441 18147
-32305 7078
-91974 -103801
27391 3143
-4426 24372
-70065 6830
-62542 -36429
87019 -76403
8439 52418
32527 -34498
36121 -26465
116655 10277
7120 -21432
-55843 -137506
-54351 30652
-11084 -12937
21463 -78254
77395 17019
-55680 -88528
52936 -40547
-89100 -49613
-55632 -17805
-108242 -82532
31062 51358
-51848 -54882
-44235 489
26068 -20740
-34675 116773
8970 61173
31356 -20215
47182 22164
2095 -100943
6776 32530
-7480 55339
-68923 1624
-128339 -117430
-15657 -14018
57049 3125
-48417 -33793
-84637 -82335
-48759 -35886
4224 148927
18295 -46444
139986 182612
-11656 9766
10296 -27857
-94809 -45343
37138 -47065
-47423 41295
-60453 -63197
36815 -9793
37899 82925
43968 -45279
-75111 -18292
-75695 -42861
60285 -75670
-81461 80180
-99915 -80376
70523 36311
26474 -20650
168768 -57106
-50617 -73170
129698 -14031
-6865 2731
-8785 -1927
-62666 52704
-23049 -64935
17726 -50243
-58117 9140
-122855 -48394
-21335 -55852
-81637 -66193
-70368 -40768
-59955 -86078
-21024 76941
62590 71181
-10066 -91771
-65914 19134
-88852 -61522
-43752 107280
51615 -18873
37511 41818
108543 -119087
58327 78
54824 -5580
-67748 51194
-16564 185228
87588 58081
15866 15868
-26256 -85271
-54770 -26015
-151086 76202
-47415 -12413
-178881 6440
81744 149117
3899 66194
-64159 -74800
101093 63201
-53114 -43409
-11842 6050
-587 19606
-63193 -2689
35675 -986
-21093 -4933
-1375 -121156
21785 121387
20500 -58785
41498 -28818
-56925 79380
-92757 -20704
-67466 -110368
-27456 -20663
177726 -68508
69325 87204
15296 35016
33041 68860
-59063 12931
42331 22702
-23721 90600
32479 -32705
-57989 -106828
-14498 116269
-69734 117157
63401 -13645
-10540 -32949
44531 22519
-23920 -3145
-79273 38075
-152683 31486
-44124 -41034
71323 67157
-127595 32067
-38492 39932
-64162 7845
-62063 -40222
90584 57685
-50452 27371
-44127 -25731
-75663 -90939
36695 113806
