77869 3024
38662 54541
-83730 80363
-69295 15758
-21242 -16535
-35287 89045
-97681 26392
-83729 90328
28574 3148
73298 -60782
-39241 -54714
-16159 -37320
98544 -72434
-96475 107041
-46819 7530
52068 61517
-68788 -90436
-135098 -21180
80117 113714
91791 14994
-3961 76145
83767 -117758
-73932 19429
-113322 69584
80573 90580
9503 69938
280 -53056
65163 -73444
7780 6628
95894 -102156
-6152 -4492
21615 13057
-26317 -39707
-8532 17654
112548 -62841
17440 55592
-59504 -36891
-11049 -27360
-73597 -22833
26531 21879
31618 27076
34452 85364
55120 97281
32482 -4055
86333 -90012
-74955 21743
-12552 -17692
-141765 36201
-24193 5725
-6094 -28744
53829 -26595
-93943 -60144
-18682 114361
194980 108148
131452 69592
151940 24709
98748 16640
44656 39611
-54429 419
-34669 -9881
-10726 22297
-21828 -54324
14694 -28102
24767 50642
-15443 107104
13725 -48798
-58527 5987
37088 25644
-147949 -30602
41451 -121508
17380 40399
-15084 -68964
-35341 -82015
74884 -661
66891 -24944
-106106 -12090
-92554 -31319
-25844 41036
132106 23421
-54448 -39670
-156688 -80130
78526 106657
34773 -47682
75978 74932
46887 -88623
-28214 -21324
-16676 -73344
-10033 4078
116788 16462
-33620 93333
-113798 -46442
69705 8702
15985 29462
-124069 13427
35357 61603
-20910 -93872
-2530 30312
-1074 1105
-42387 -46842
75765 113603
38255 -68435
23096 -32828
-11802 -68662
4737 68983
-1302 -41840
8465 -70432
-20728 -39123
-11805 -73691
-11987 4095
95535 53598
-136031 -94555
-1016 76715
97695 -13705
664 -94102
80807 80891
25152 13965
8980 135566
-46497 18376
-40588 14003
-36450 10018
-43381 -47441
18436 68855
-29589 -117892
-26443 -27569
109832 65244
-54582 -47904
42544 -31188
-9971 68084
46179 121464
75582 -56151
36675 -64164
45429 -17677
-64835 34119
24785 53175
-32333 -96741
-35457 -40225
-116244 -126700
-11724 -130750
-79831 -3312
26904 82335
72723 -87090
51245 -70778
43121 -81489
64255 -10436
10348 11044
-84759 50740
27564 -24485
139834 66077
26513 -92737
29328 4731
72953 28485
-65507 178383
-18910 127703
-26777 -113116
35570 58561
36484 66324
-159407 9310
77527 -72451
-34087 14403
14970 93033
87720 284
-82713 97050
-24842 -26155
22473 52571
32202 71136
13671 -163493
18514 -88470
64876 40281
92665 -25825
-11271 37303
-21017 24560
-43326 67241
163931 -6591
110427 104678
18537 12849
93025 87524
-66727 -7677
-51467 16685
-33779 63999
-38045 13060
-44440 -34395
-69066 13581
60159 -80321
-621 57553
-52104 -189831
104880 -45272
-63058 69427
-76959 57364
77002 -135275
71785 -62878
70966 49282
7367 -31662
53887 -57685
-32471 -66771
-26083 -96484
90863 97518
27354 6938
33575 55057
115217 -730
70806 -110153
116467 49196
-20394 94276
-19673 20410
88562 58960
34551 11909
-81753 -4092
146809 -8552
140598 -21459
-2322 -28384
101927 -119496
135252 -93381
72422 15822
127283 -118327
9514 -11927
-85557 -1821
2850 25170
53063 -104794
103707 -62914
-10743 121151
10183 -37577
72310 -38291
-8910 -17651
-52611 -133556
-36897 -69243
11544 -3121
9735 -88028
-62373 52803
-13338 -119081
79947 -80741
45999 -46184
-19135 -54001
-83376 59082
19542 -17013
-150416 41835
16731 -5928
-67856 -145424
-8374 86713
-46972 -54976
47687 -24999
-7720 47569
24556 -20081
-33302 -118752
141484 24540
-15439 76507
78581 98517
-97841 -429
-77977 -101308
205304 -24378
36923 -73214
-15132 -16539
-1060 18342
9530 -6277
-89608 -74158
-4012 29840
29408 -48131
1686 -74505
51278 -55059
16732 -17864
49112 13091
-29884 -43357
30349 76022
-40129 -53759
-85316 -107944
32548 -5801
32016 -94708
-14780 -69924
26045 61003
16043 74885
2468 65244
-43359 -51574
-9067 29399
111206 -6091
-66541 71994
26486 -8121
-8688 -157715
-19826 39219
71786 121156
-125578 -255
55767 -77962
-40334 -48332
-185786 -3227
8910 -37083
55505 -10920
7553 -33912
-94456 -6126
101814 -21534
-85963 -67168
14013 8686
12809 -27755
-2742 93735
-60880 -156402
-28372 -11952
1316 -153817
63590 -8558
-57666 63394
93240 111586
31699 149183
-64153 -32922
-72232 -46985
97821 46360
-32286 -18824
110282 104359
-42136 -8943
-7990 62726
-39926 -22349
-31862 4627
-43163 -25682
-18670 -79501
-170780 61598
-164674 -108403
-84305 101783
-98269 -16959
-78530 85537
-121264 66215
-52032 39848
-39114 -43033
-44403 70038
2463 -67194
84104 91941
-85643 103054
87422 -9517
24712 9998
-113228 47181
139736 -44385
45126 642
98087 55781
3344 7994
92595 -69691
31080 7038
-45912 5198
71228 -1707
17321 106013
-79485 79898
165944 30817
-46484 -101323
71859 -147754
40725 109303
83819 -26552
-12753 100644
-45742 -5742
26923 41587
-144796 26716
32845 -33397
-47287 -123890
79115 -76604
104557 77155
-66017 -24173
18261 115441
18015 -76016
13915 -47965
31650 -76122
39098 82501
-5324 -38744
7664 -38211
-35176 64362
45422 21161
6575 45436
35549 17151
34995 -36826
-18493 52177
20802 -96616
51885 -1347
20058 -63101
133014 -97018
8999 66728
70472 -23601
-72348 -31905
91640 42733
55388 74404
-125332 41069
82176 -13089
108863 351
32511 -46479
2968 6966
331 54718
-28254 -109403
143358 -73736
68055 79513
-9604 -14431
-53662 44927
-7068 -1012
190311 38239
38847 10030
-121558 -28014
126678 48232
-19723 83043
70364 80032
-94156 136459
-34419 73272
-95234 -45246
-121856 87032
110400 -101993
7070 -93387
-67026 -116383
-114536 44188
-121463 -113688
-12099 24761
113000 -88427
86101 -132398
20536 18400
7545 32348
-107065 31384
9961 10129
-28647 52108
-159160 -66514
-2879 118358
-95730 115061
72159 -62173
-5748 -46695
75197 25245
7835 114632
-145582 -137425
-28175 -62369
-12556 93280
-60299 -1804
121262 -101472
-39244 116550
101266 28435
28306 -37170
106067 -33218
-22219 60708
4629 -30272
32183 67843
-60455 -47682
-42546 40986
9179 -165707
60470 -34154
11511 32995
7768 -97643
43828 10938
84789 -78955
37022 -59221
26750 -70479
-19990 -7909
73081 57793
-11487 -16478
6824 -23950
-18014 13372
-62839 104057
11645 -104983
-54981 -105826
43751 17667
-25012 -66667
-100262 70120
40434 45150
-44013 32299
-70273 -28719
-104470 -52455
12163 -55868
345 -16469
-12900 -63348
64480 11413
-26524 -65486
-11440 -136424
-43473 -114317
-9765 -23038
153756 171302
94260 -47292
-73276 -74054
6802 40305
28555 -7875
22943 -25795
-11009 99328
38096 2740
-43995 -168
-28742 34717
18491 148035
43229 -86011
-55791 3642
7710 31722
22395 -20825
-103484 -49646
-49837 -2358
35159 39072
25614 -59824
44211 -42485
97396 10953
23816 -42950
-35198 147464
12587 -27826
-39288 39468
82940 -41084
10514 23814
-151271 -77548
-133891 -54047
-41529 -87859
-8874 -149414
137484 -16039
55164 49586
90429 -13796
45880 42896
-79085 -139036
23689 13516
-36117 153798
95468 31499
-26225 62748
64049 65815
-28727 -79264
36697 -731
13918 133169
87352 100036
-61264 26982
-48462 -31995
-52940 49898
-45830 -76441
-69343 71544
6402 164536
11042 20287
-36517 -24775
11428 -50053
8549 -120279
-13677 -70567
72749 -8670
-132299 65570
-118321 -108352
-78544 38031
5501 35572
-45980 -108189
7772 30614
94542 105414
-47003 17813
15719 -3921
66216 759
-23348 31896
-49076 -16763
102371 91447
-6635 54447
-88246 -3368
9373 -39718
-25860 -24867
-71599 -58446
-52564 -79659
-83960 23662
-15142 9241
4999 -19976
-134339 -68670
-122035 12808
-37414 -63179
66775 -19380
-98301 -123819
23336 108067
117672 10921
-50327 -57557
108801 -26029
-38818 -24010
-40424 22922
29996 18465
-30781 -54068
-89466 7189
-105192 -28103
167211 -1445
-87989 -11439
-74044 -70961
-14721 -3020
-62951 -62363
168777 95520
-19907 -51450
-76449 86892
63906 94028
26649 45824
-18610 -49456
-113115 -143054
57599 -27239
-53691 32390
-17023 -128841
78755 89601
-24210 -34689
-71419 9509
72388 -90410
-12136 50561
8921 20224
-70426 103242
3942 39256
-137987 -31454
87146 9152
-140654 -55814
-78693 -16092
145218 -29804
34912 -80104
-97514 120496
-8806 35297
44956 105961
57731 -115402
-42859 45196
-20288 52385
-17622 73996
-72360 -102586
80475 10751
44677 44709
-71959 -12747
53082 4248
-72507 70051
-30294 61585
-77669 92858
7277 -41807
-58925 -27305
-105679 -107293
-30746 -50821
-32477 46116
3672 18389
-92937 -26314
-33825 57128
-14445 50097
-2771 -15578
-26485 -118021
19680 -58403
-81183 32143
2125 122746
-48697 -90963
-19794 -15030
67117 -36006
-71612 -30740
-62597 -62662
-105640 22258
26330 52398
34549 25871
-11910 -25095
64492 -34320
-5849 -7321
-124872 12978
96248 -14576
28608 25220
-54660 -31388
36280 -5782
-51757 27416
-34148 -86727
15520 51702
25237 -99564
-133475 -40298
92995 -54070
8308 187209
-28224 -29878
-19136 33270
46771 37065
25261 -120766
-393 62564
48001 -81957
-86407 9614
-17172 39877
-116090 31962
-37731 -11842
16448 -4993
24125 47560
73794 -54755
-2242 28692
-21920 28870
-82308 30979
-30740 -26770
18205 -129543
48494 123994
47908 20768
40685 131494
76746 103523
-101891 55685
-81890 -55824
94502 -38948
143485 -29243
-9375 40825
38412 -49428
7437 14448
30549 93003
58946 -128
-14140 -19975
16253 -83923
82987 5813
-73198 -97277
2228 16
5483 -148085
35212 107608
-25084 -62254
7018 94244
13943 -49695
64043 -53623
34077 100280
23182 -134966
45 100071
40304 -77958
70383 89998
-101369 48143
10079 56012
-160485 -158437
139754 -111717
21974 -78911
59428 45568
7042 35562
-83883 47038
-100627 20607
23609 -69270
4293 -42794
-21985 37806
-38571 -78664
30507 82405
-39329 -7470
-23160 66645
102192 38766
32343 -148205
-57314 17207
-54498 109505
48592 19129
-31682 -51867
-129865 -28905
49848 -35932
-56307 20354
40129 65906
20284 63747
14966 -38579
-150178 43430
66061 -55144
137457 -127482
-24450 113712
-65773 38504
-8896 68849
-39421 2990
-3192 110038
110795 27443
28380 13555
-39354 168799
-3827 11296
156879 85439
-37454 -103357
46833 110925
-93443 25013
19298 101922
75911 13909
-5477 13117
-50067 -27124
-57424 17857
-17192 -2319
63665 52942
84344 -91185
-24000 87227
-5232 -17177
27645 73363
7215 116436
-90242 67394
149442 107615
16239 72765
142553 96474
126817 -26666
-63451 -7460
52381 -70497
10260 59708
-250 -14566
-89996 -105648
101317 43476
-73157 11053
68401 61733
7369 88598
-55774 -88709
41536 47726
-5002 -19218
24309 -136443
1375 223256
30175 -45877
-24251 -32320
94351 92253
-61643 91856
-49850 37639
121632 -88701
90075 27312
72197 18385
73965 22887
23459 34133
41585 -113614
-21026 -39923
47122 55000
-71559 34429
-26672 22684
-86353 -29671
29381 -30056
-11651 -3895
-65125 -62664
-4700 19506
-10046 130548
17824 -139292
-47944 15056
-7340 -48784
30924 -91477
-78946 13439
66830 -100511
-22149 63178
106050 -59936
-103225 74705
-210172 69313
-16720 -92187
56307 89894
-71943 99571
140890 35214
2635 24602
10391 -25870
-17805 27615
-108759 42828
-46352 49546
14262 -29980
2820 -2122
57487 1786
-112350 -10258
76835 11496
-9468 486
36346 -20518
-139756 -129028
-29007 113718
-114899 9724
-24418 19342
-72812 63215
-28944 -4299
-65454 27673
27949 -13583
91010 -78984
-99332 40442
-63026 -32004
-38102 78164
97558 -42296
32256 -24950
47428 -109763
22236 56532
-101706 22730
155231 42272
-5267 211741
-112629 -65065
-110512 129234
-33883 36205
-33278 7593
95211 4504
19350 72704
-12276 -5693
121213 -992
33235 34716
67963 86380
-56415 74566
52741 55562
-22157 -157
86765 6850
41165 16977
-110113 37578
-31921 -52230
-74078 41750
33284 46985
-137451 77094
103044 -2952
-41167 -53797
-12573 100019
3948 -92648
58220 60238
-151814 40301
122932 -58461
-77614 -91555
24495 17657
3930 -85094
-20517 78130
-42113 -9594
42534 4750
20365 44340
133696 29807
29798 -64760
-8158 55761
-30731 -65840
-14769 -3307
-15147 91156
-33992 96544
-14586 48591
15360 -67679
-19231 66027
20169 31676
34311 -12345
21713 -120930
-85453 14646
24934 68456
25179 38344
-77026 -72559
62692 -109219
73371 -17871
-34390 154284
-33090 55234
82964 -49533
-1700 52503
17733 -145281
-11426 -18719
-49994 67770
1638 -75456
-45025 32863
39108 -129070
34578 -87249
110804 -75971
104050 102476
-5210 33946
-72197 -88248
11234 67706
-24035 -42893
-68577 -13289
-51382 109931
82273 -111962
25915 16773
504 59802
-6704 -50803
-55509 65458
-6940 86353
26526 -17180
-70555 15419
10356 -71057
-136476 21725
-136689 2804
43324 82906
29098 -60055
51803 27788
-17060 65880
-60705 -45473
27132 57353
16184 80959
42820 54066
-4961 -5347
-41725 110481
-30575 69994
43589 -29584
24481 -84581
39651 35433
-23998 -37429
94672 43670
44944 -76188
84574 75711
-42903 -82727
-12461 145781
62590 -56904
114760 -62564
-75829 73456
-6477 58309
-44142 -43255
55901 54023
-16028 -120883
-18893 -7451
13973 42700
4827 -4333
-58924 -82719
-33971 -4808
-27714 -17991
-56171 89810
47508 -81422
17929 14906
-97025 -67897
100381 -884
-13848 -18389
-2519 -107983
-21736 63294
-52935 -83212
-59648 63660
-53816 -74037
21362 135861
-83528 -89069
19007 13738
164213 -54174
44966 17544
-37623 -27608
21489 -19886
-12720 -91605
56920 -4093
-38194 -84371
-29206 100252
55233 -21021
-42637 4335
-40323 -67428
32938 -47141
18169 -31206
26619 43224
1675 -159522
-9017 29889
-50191 -31678
40170 27341
38676 48418
55421 -61172
141875 278
-28705 -42944
42017 14808
16319 69843
-22621 7150
85538 12125
46062 19123
6343 1534
51945 -40452
69263 -84228
30387 -23184
-37624 -64890
5133 20327
2594 -138146
-24956 -140775
-146633 -54323
141912 40000
-12679 34418
65111 -38213
-113503 24655
-37746 -36739
-82611 -108133
67458 -72723
1433 79227
-17818 -37427
-126020 2640
-32757 79099
-49202 72239
18024 18958
39605 -35975
-49972 100928
-39946 29139
35503 -49133
38 100802
-31095 22880
-85734 -30022
-19256 -72264
-31215 -5684
6476 12790
-43879 -33025
-252 -13228
56219 -28985
-75047 -72809
-50722 72813
151473 127676
-69796 -128797
-67381 89593
-44218 -205136
-1926 3686
-151912 -32929
-23800 115550
-33249 84183
2589 -134654
-13666 -49122
-50412 34878
72389 -94107
85665 102193
10698 -11181
-46672 -70990
-8520 -62348
-46622 -73689
-70076 2180
6190 155595
88351 47878
-24205 26840
59105 -61765
81224 -55074
-170830 -26924
71283 -14884
2316 -73958
1606 66886
-92293 50839
14580 -28621
-31043 22141
-98982 2045
-30881 -37284
-96445 69443
-125390 44306
-3072 -79772
-117724 38404
-10396 26245
49241 52783
20767 -74765
-9337 58065
-45610 9026
75817 127384
-55285 -7634
-85722 25032
-34268 -17972
-62768 -48356
-17130 -63522
-48397 -51006
-78745 50731
51863 44573
-142997 -76922
110728 18341
-82116 28825
21111 -29277
60726 15792
-2793 -30458
21848 16301
218587 56899
-94054 -18440
-103525 4170
-84704 -51143
22700 -2633
3282 -31405
11458 -6706
5222 87446
-38732 -50198
-34750 1526
36775 15843
-25168 135685
-81928 -61607
-19055 43155
-101897 -11592
-64146 13005
-8183 -53198
39010 64411
12914 -15838
-53930 21610
-9818 55262
-55036 103904
158925 -151718
28465 -11541
101715 -8019
-41984 150997
-4341 80082
-41300 -3548
18223 -67673
68216 51933
-96786 -20755
-68181 -31279
-123191 -62251
-79149 -37680
-50234 22614
-46443 293273
-13083 86600
23376 -36108
-16176 -67409
72577 -27694
-18079 -66815
-108317 -14550
-49472 37940
-89945 -634
-92832 -116791
17882 -38969
97229 -7543
-126639 -87845
-42092 19400
111934 14950
-384 89324
16511 -1392
42792 -37266
-134885 -169715
-40667 52859
22118 80493
-63516 42416
-95202 -20461
1700 -99150
41347 99780
-93930 -82872
28807 -63520
-82895 -3344
-67178 -29031
54965 -18182
21600 146356
-79338 -61397
11909 62225
-132530 99912
-117597 113403
-22405 -62515
-61507 -43524
-35031 15796
-52630 119049
65741 49728
-10266 -89733
101286 -9891
-128184 28381
62898 14556
38591 -57143
89185 -14799
37828 -18615
56662 -31907
-28784 -20225
21729 43540
-69837 -51430
40773 14504
-36488 -55565
-42345 36948
37542 7057
41316 -6611
91697 26403
-43269 -82687
-94841 -84383
-34368 39157
58357 -35106
29452 22795
39567 90276
104182 41499
-45741 38441
53131 -2095
175220 110474
-10070 -103160
-93488 6028
-4783 32767
-50711 -45688
-82958 132802
-105864 47507
-18213 71653
-26654 -109728
24474 -34241
-29328 -207267
20296 72092
-35544 11785
-66215 64823
59790 99868
50981 46565
1834 -67931
-11753 26359
59098 -50440
22339 115607
-100104 88270
-34739 -88375
52476 42668
78163 -163162
-86948 -21804
-41414 86194
-8282 17730
-66044 -118313
-22231 77611
85810 -11404
49492 -46359
-57163 74853
-4674 15095
19369 -24736
36933 16684
130773 38069
117915 46321
-18144 -42460
29044 -47843
46906 -101435
-1997 108245
124840 35931
167732 -3810
-34076 -96460
-81326 -53743
14577 21978
-42556 -47721
94050 -78336
3450 66080
3125 705
45590 -97102
26421 15172
26766 156314
51847 25264
49480 -5279
-54295 124057
-30246 41412
-60754 36055
20386 -8435
103308 77418
-77683 -68560
-93549 58148
-120733 59080
5619 -99916
27472 -28657
56105 -45754
4753 -85414
59288 90477
95820 -47036
-20676 -58164
-37652 -16
-109212 -27029
85514 -14679
51597 -49314
-29918 34196
-35524 -118916
-106317 -27334
-40178 115213
-81017 16932
14216 137340
-18101 106174
-6910 -2103
82738 -31194
-53509 84473
19876 37143
112888 -50883
30656 -63271
61732 38094
11303 -87936
-79818 -22594
28711 -92696
-55385 -72424
31799 43197
62430 4445
21349 -145321
3512 -115836
26586 -45493
23242 -164630
-142056 -20160
25967 22383
-6404 -43062
6995 -96194
16582 24127
-4149 194975
-13145 -59437
-25697 -22531
-17781 -123274
-62651 86121
85362 -62157
49957 -140213
-52442 105178
92068 44059
-54851 -57464
59512 -57823
58787 -54297
88295 -107526
-86559 -23301
-50698 17858
48434 15286
127831 110895
21200 -25104
-39956 33267
-22884 -13771
100468 -30500
-54594 101588
-83327 51151
23046 89713
5634 -108589
3305 -76081
6487 -72027
32008 50898
-67728 -40265
20406 4935
63121 -14129
40899 128473
43978 -112639
55036 50000
-8232 43886
118368 168371
-107772 162729
11900 48722
-20430 29322
-82590 -56489
-34593 11605
108493 -29278
30740 138475
116252 -29499
60495 57522
-3005 61158
38549 109424
-26412 -123963
-15 -31303
162043 -29394
10652 67226
-88937 -76223
-18129 -123615
-14506 15708
17495 74416
-4318 -109328
6660 -31335
-4643 6639
34894 -45601
59871 119566
-11492 -97077
14502 1856
-25944 -25787
45265 -59555
1984 -52979
38283 57141
99612 41340
76042 63412
12168 -19786
-5163 47170
19167 30390
60279 -129293
-23355 34276
-41157 -6954
-55139 -57306
80314 76157
32719 92836
39233 98696
-54064 53049
-31853 28398
66633 63225
7842 34022
-101533 -12457
27085 57679
68304 5947
-4000 40239
-55363 -69376
-67986 -24655
-11411 45325
45629 -81737
69851 38792
59749 -26611
-23896 53545
-70516 -13855
-83560 49073
-36640 -85731
61888 -72576
859 98757
12087 -56307
-231251 17778
-13465 16212
73167 62243
-36417 14464
35868 -29489
-28692 75790
-96826 11018
70780 4790
-2093 -24657
1461 -10437
69923 18574
-118208 -24747
71685 4558
-61134 99214
34226 -83753
36622 -33810
-70199 -45587
-81301 -6840
56478 -81913
-54174 -11607
-113835 20360
-67117 28768
-25400 -104928
10005 27495
-124870 92777
-76410 3804
16210 -48015
41313 -119979
-39149 97570
-168901 -75155
-25534 -96795
-9328 -36321
61097 103542
-82478 65959
-99958 -94025
-71685 81465
16095 -43431
63846 -4520
-53006 51288
43731 -82445
156141 74301
4152 41721
116641 -100684
108454 46706
16649 49182
88805 43322
86 -47134
-44020 42172
26445 16139
118191 -70378
53908 105538
69493 26515
9067 -98804
25160 -20236
-145710 73093
-119943 -19926
-100959 48014
22454 127331
-6386 -45640
7471 135087
-86710 -5600
-120292 -108938
-169101 -51643
-20344 10989
-12705 10455
-54022 11128
-1422 66719
-96650 -36474
5531 -64701
247 27138
27119 -25648
105833 -62551
43487 -102434
-24913 112036
45065 -14064
13152 -122142
18140 137297
37106 82639
125291 24198
61738 -66741
5264 86093
77275 131813
9110 48177
51885 -99080
-77664 11731
67980 -26917
-20927 41729
64300 58012
17548 -80917
-27962 -114079
97539 -9227
24680 -13426
76535 -65194
33439 -31916
-31274 5120
-80331 99318
-16675 -17661
-182200 -11098
501 -68658
-26914 90550
25763 2299
77900 -59926
-18137 -1910
20477 -94493
39289 -96512
-34040 -4899
-88323 -58320
-5521 -4554
109356 -45918
-30931 -96836
6943 50538
-69033 -23808
-6023 -86945
23338 39667
-100096 5599
16401 75124
71527 -18874
28146 -5013
-111589 18147
-51689 111544
72653 86343
33905 67841
3527 -79876
-19467 -142375
-185546 5092
30856 74754
65098 -2277
-7247 57542
-11666 24050
-57020 -79828
-28976 -79230
33515 59693
54803 63829
-86511 -52474
-106039 21345
-139861 13750
108660 -19625
-12097 11401
-79185 58651
-54208 -10047
-30220 -89137
139434 -96093
-7267 18373
33193 28825
25699 62377
13664 -75831
-91493 -8369
-10242 -9180
-3546 86323
105768 53249
-2744 -34117
-13110 -12236
14072 -6074
54538 4620
89391 28179
61227 4174
-91809 -44133
33382 24567
24504 -197639
104067 -27760
-103480 -85463
47110 79351
-3745 -56952
-46671 23300
44425 77398
-109392 -34191
185900 88341
29795 30461
-39431 76327
13808 -19772
5368 -27239
-13183 16877
99721 145563
-83371 23956
63032 -25257
14556 8475
-18164 -143803
-88428 78361
-43790 -62210
-45588 -117869
58369 -26870
-58977 -45255
64338 -19079
76644 -60670
38861 -94798
49671 -3410
13740 -38744
71389 -22756
42141 128594
-55174 -14883
52863 -85545
-3273 -47884
-17841 139269
-11198 88133
-29830 -55148
37281 69076
86586 -100204
-11164 -18735
-46525 40854
-49449 137605
3338 35079
47647 -5146
-78186 -14076
60182 -84399
-8567 11165
64383 66948
12194 -45685
-7507 28447
26979 -35448
-921 -59526
25398 95716
-64887 -56727
28789 31841
57042 -3924
50027 32674
-80189 -4826
-11280 19694
-3387 -82021
-84112 -26017
60603 61901
64738 46598
-5988 -61340
57651 -79
-109087 -34626
177006 62389
115907 -48096
-39766 -130738
-25115 3105
80090 -11431
61009 56718
-133966 72150
62870 -23384
41162 -93507
10635 -8992
7943 2096
-29798 9596
-50250 -80685
61915 96901
9678 -134455
26396 66254
-101525 99834
-52243 -36088
36752 40530
-14946 89659
-63209 -33061
-23126 -80393
-14609 -34112
-46948 65968
75699 -134652
78081 -2739
112164 20492
-93055 46708
-23875 93965
-6540 43673
6556 -174007
-94543 93300
117949 5951
-20954 8467
57511 -26049
111927 16743
57238 -57574
-62878 -14634
-170699 33120
-24526 -37992
-53315 14309
-12711 -149008
32927 -8784
91403 43365
-27529 -68173
1916 -129280
-19318 32620
-12406 62350
-38901 15208
105690 -17179
-73415 -88393
-31461 -3433
41371 -191027
19041 85700
-11706 23462
-55260 11427
77922 8906
-22395 15918
-7039 -12216
-50025 172243
39304 -102753
146860 -5755
4457 77470
410 10821
10784 -47844
-132628 -54474
3912 49180
-82669 24771
29542 40217
33094 6554
198221 -49314
4920 -74729
37794 -56046
19593 -176089
48560 -3960
-19796 -44612
-62257 27387
-15418 -2445
7764 -27834
-22753 -25341
-100124 28135
94574 -43686
75987 -45899
18414 -389
21333 46811
-70539 -76220
59420 43684
-73077 21004
-15142 1729
-76426 -49058
-69166 108063
20409 -89938
-32881 -102931
61602 22752
77253 11029
8225 37054
-6032 93097
38502 22936
23855 20268
43763 25593
74142 -10691
50833 178
46574 -29350
2264 22425
50442 8338
-34390 -89627
-70410 19420
-99029 31470
132320 57857
95204 -46290
-86044 -9165
1922 81402
-30917 -117191
-23747 115939
62689 -33653
20252 75890
123767 -11307
-23334 -45457
52082 25712
16890 -14996
78781 -13248
67990 74149
99948 13185
-108469 66396
-3085 22857
-23414 24732
-96220 72333
111098 21608
40082 69704
19211 102347
3398 -24252
22183 -18214
3115 107814
-6301 -68878
9276 11425
-10655 -62143
61864 32554
23958 71668
-107258 51268
-15998 -22471
102258 66924
-25212 -45536
-29436 58539
25461 82369
21664 69532
-39493 -52589
-26071 -50988
115046 -46422
77511 -99601
-39941 72346
-21710 46069
59691 105059
-97793 -50879
71124 -14705
44577 50507
-57824 -24653
-29681 112945
-101323 2810
102881 -148989
23617 143050
-77724 82458
74870 -52882
-16012 -63986
-11233 36242
42372 22692
-31297 -35728
-109205 11423
48939 -77186
10707 73188
123935 -60059
-54717 22677
13080 -47056
4536 -20287
-73291 -61464
-76879 55707
87261 41480
9948 2948
1949 -34466
30882 -56008
-54309 82503
12923 44875
-129356 -45933
66178 -103605
-96953 -8756
-60286 105454
-26909 -30794
165798 29652
-18123 34555
115614 -29095
-28300 -43730
80978 -71166
-49599 -129938
-122956 1208
-94258 -10515
-26817 48205
-136093 911
93227 -64321
-24618 64233
126986 85270
-63674 -1544
33910 -19163
110706 -35596
-58611 -6893
26717 -74663
-93019 43883
-38036 71268
-83896 52048
14993 -122091
84810 -90069
-63956 -39172
-28267 -34046
9255 -54369
4328 -34704
22782 -85764
-5590 -4856
-112048 -30391
-71363 -98790
-6781 -19365
-65907 -16697
-48540 -14200
-104024 -30923
-31185 -29788
-9695 16864
-51911 46320
135678 -137618
82115 -89757
168035 -27627
28241 114837
31856 38762
4254 9103
41581 10702
45852 -55933
-131667 3385
39486 -70263
96849 -64852
-16560 88270
75108 8295
-17468 97507
54714 54346
-175879 37802
-91707 15695
49535 100648
-35345 6374
-41795 56456
101191 34766
-6959 -80373
-475 -38602
-86265 -51368
-11212 21187
101371 103634
-51787 -22479
42468 -34999
49637 -40140
-22193 -61742
41710 31978
45641 48827
-95607 27977
10889 -54468
-42563 2858
-63271 -27923
-19648 -68703
-37506 -10460
-69197 90696
-6619 -96244
48849 52205
-14075 7823
-24451 30969
2840 156641
55660 -44308
-27239 28677
32348 -88055
-28617 79830
29180 27731
-129964 45176
120608 -43959
-63483 23409
-47963 42925
75008 -15671
45717 51371
-100968 -82076
-15605 -58006
90262 106441
-59249 -37014
-36888 4225
51108 -120063
-16389 -39267
-11119 7485
-67393 38220
-21470 5145
8202 9931
50424 -7815
-84648 7550
2833 -15066
20280 -8834
11228 -56324
-67254 53773
41943 -20019
-111810 85854
1790 -12701
46362 -9228
-53259 18310
-2035 37816
-16154 109429
-98280 -7986
60027 -69892
36326 86715
-24390 65947
51055 56141
-43064 -71382
1583 -3823
39499 30826
83317 -45409
-70096 63279
65935 57883
38679 -47594
-14151 -10626
4106 70485
102185 -83581
-29849 -157915
-36937 -7506
27632 40610
-54158 10179
-67455 -19721
-60429 20775
37309 95305
-12917 81179
7860 41373
-88391 11237
14677 -88418
6766 52914
-10693 -9740
-115601 58920
99182 -73746
-57935 -31887
19466 -3629
33720 -73607
-99295 44318
32291 65769
24422 34770
52230 20780
107350 -49084
-9232 50781
10803 70681
13383 30732
86932 -7013
-145740 27127
-101157 -89113
-29845 -12663
-76712 39017
-54665 16638
65004 72313
15261 -144872
-24790 126542
-41405 -45311
92761 134163
57094 16896
-53310 31008
-14442 -26380
42532 -1983
118956 11317
-19044 -47824
24065 -67693
27492 28536
15585 -52022
-16650 -51470
145008 -40619
31334 64865
-81956 -15642
-6924 20907
-88424 25188
17531 -66001
-23344 20371
47198 90964
-41138 -90909
3996 51597
-95256 -6290
38091 44417
52891 44662
3984 35897
-50939 40466
22143 48162
-1506 35557
85194 -51107
-7734 -111730
39055 -10945
-10603 -83068
-47677 21242
-139925 -24645
-87960 20163
-62837 -32851
22128 -13301
-88470 -39917
-42519 -47081
-33423 73005
-120662 52589
-40462 8184
-72209 -53594
-17288 -35123
-125166 -62010
84189 -64989
28079 -145578
-7312 -5362
-98068 -87258
2217 28306
-8822 66866
-83808 -44585
-22116 -21048
-37914 3649
-23333 -40888
-43906 9904
-43535 -12953
34281 47838
-30991 -1077
-31492 58758
13320 -93127
-81603 213578
-7707 16471
-23527 11413
-68849 53076
60672 57592
-89039 -4494
-19269 -195479
-91207 9190
-24504 -16735
-54726 -25153
-158912 62881
8713 -22661
-4748 55092
60035 102910
44160 58280
20524 53261
73530 91555
41638 52223
-67361 -93933
40651 31547
20939 64489
-74137 28866
17064 -75840
74840 20405
1957 -60361
-30816 102314
-45050 11424
44796 2079
-90505 82885
41446 -117929
16414 91917
33837 -62808
-64561 -55990
-31948 -99942
-42702 -5161
92001 96461
-12154 -43413
-8711 117721
106625 -77232
84993 -61452
35395 -85685
-15987 -23888
60261 -60387
1058 -111646
-9393 -22492
11740 -118282
128980 32714
9520 64008
-21637 126652
51240 13576
-5068 77434
-17443 39900
-94071 70813
30068 -64485
1381 12528
81325 -36236
2201 -1512
-66634 -139908
1457 155216
-23198 52421
-175722 -79069
26577 -31958
78158 42330
-17036 66171
-86585 105115
-3740 135447
13704 27344
19039 103035
-13263 33586
8907 85629
-3298 111019
106529 -39094
62086 -193506
122482 68451
109148 4336
-46755 -38498
-51444 -65552
24539 116254
71270 -5335
37681 18833
-39358 -53911
217784 -28370
142856 15818
26815 -51004
48710 20138
-177276 1486
40594 -55447
-58508 20293
38560 -88617
26899 -91534
-84675 78220
-107403 73463
8721 -56691
-154505 -40834
-2660 -48488
3033 -1028
32925 9445
-80001 85863
-29052 50705
59643 -22027
28372 52159
21268 27164
65689 -22580
-25379 -40714
6282 -26008
54693 29088
-48883 -49243
-33363 41781
8073 94663
-88015 -93280
1892 56962
16717 -59857
-67794 189211
-3521 61166
-36041 55291
5283 -82957
-19684 -51186
-162452 28191
-4423 -62733
27310 4073
-76429 -24494
37818 -8216
-127722 27948
49788 -48085
-32596 -130941
-24730 96575
66699 152709
-40034 44640
41685 -58592
5752 106870
78612 76784
-72114 178756
17919 -24675
54256 -5812
113901 30267
65664 40208
51713 -32019
70257 83383
-71587 -109646
55343 101371
16191 53493
10433 -143298
34362 102789
42803 -57115
48486 -48603
65914 -38333
235 18378
135502 51043
106330 -91961
-5517 -102202
121071 48666
48567 -67872
-110494 61757
-62018 38958
65763 66145
57503 27246
12137 -29392
-133494 -1175
-56128 -34538
21202 27122
33992 56864
-54069 -5330
-64682 -3413
31167 -60885
12761 -130130
43761 40386
-39006 104836
-55468 39238
64193 -53626
-70996 -12451
87311 -41563
-36087 -49780
11221 4791
119175 71508
100771 24639
41537 -26163
37806 -161
102239 20689
-42846 71062
-52692 -21448
-100672 64728
77397 -18490
5222 -71836
23661 -28605
-39882 72880
98674 113470
11712 41420
5627 106779
124225 39655
-17467 79791
61191 60272
-38951 -67812
-48943 -20787
12382 54491
61601 55465
6089 35877
-39691 88914
49323 9568
37657 -78874
-53158 -13402
-60028 -131797
-22153 12641
-15577 -14153
-62757 -6252
-81716 25204
-37895 38340
21415 -99833
-46633 -63369
-37256 -21600
-1222 64764
56491 -63303
85408 -115283
-23069 58645
965 -70935
-97345 -76110
2313 45510
-69883 -77825
-8259 -94745
24241 -18471
54223 64902
53284 10264
-97434 11986
62978 -105199
-581 -92996
3866 119236
21152 7709
22799 -10176
57625 -25007
10684 26229
-118279 -47168
-26411 122216
81316 -21695
-15231 46704
1924 -65470
67862 16
62459 205708
141503 13325
-12106 -17063
-51029 -54241
50299 -39994
-2661 90927
140615 -32651
-92183 37576
-75850 -11362
-69043 -101527
35155 2189
-60215 -66564
-2382 -35058
1489 -57204
57708 91831
-20644 -34039
67209 -56302
-1151 12326
-44229 87250
74174 -58224
-103909 -69707
-48286 15083
11595 101203
-79942 -26588
-116489 -3337
111414 -106597
65750 64417
90231 64830
40978 84935
-78972 -3521
19298 -121614
67688 8135
154365 45041
52852 41446
-91528 35061
-10368 -24694
-41251 -16415
15629 25759
34336 16318
5455 -34904
-39256 -2457
82346 7399
110225 -104558
-451 7205
2815 24324
9666 -42554
-106776 24620
-108147 22474
101834 20504
78080 -85923
-149105 100528
32868 -21700
-83185 -23867
40951 -9097
-22159 31830
60383 -43208
30524 119201
20281 -36908
-13524 -58514
176840 8809
-51811 -50167
38879 -40770
-29241 -50690
24542 -40399
121670 -33434
16175 43327
50707 22814
3753 100653
-74394 47661
-31839 -81288
97718 -55078
24240 55155
-25485 -2208
-69448 -86379
59101 -25756
11704 60012
-4802 233061
-65610 65038
81129 42130
18702 151103
-131131 -86748
18982 67
133194 54675
88236 106564
474 -122363
-15648 65665
-43837 23953
-106697 186697
-4729 -1629
-131468 -64197
-8686 88035
-183071 39024
-28945 26733
167774 -95222
93411 -40159
-54249 -93683
32167 15904
-92131 -26245
5603 -40505
-1794 -36686
-86432 -99874
-48120 -52679
-87410 -28895
-29490 -3459
-68228 -125799
130704 -25024
-2618 64097
19567 35706
-4645 63389
-39450 124651
99045 104047
-62038 -68034
78328 -25453
-66329 9439
70322 -88039
72592 -71382
-10870 82412
60911 31457
122167 68096
27658 -62863
45169 -21798
-102141 -17238
-73412 36775
113492 56524
-51942 -15461
515 -2379
8245 -8213
57808 -105316
53993 45357
28818 43579
11424 -17070
64057 54238
22924 75950
-42035 -42359
-48488 46058
-55844 2312
-122255 -11523
12087 -54739
63028 72563
72991 -53288
-159365 -47157
-65706 -4799
8479 5198
28848 -12399
-179618 -19812
-147180 24614
136955 217214
63216 -42088
-39842 -12683
66251 -6101
31516 -149811
19841 30497
21518 7328
-14647 -96307
-1862 24054
24857 -5607
-21279 -72730
-3979 -60614
-38817 -72772
73453 15651
55221 832
69997 6560
-21436 -158668
-35459 94076
-54174 69760
60736 73490
82238 -56650
-53602 -9769
28753 -2527
54570 -28232
24119 -34858
-84684 -84605
-27352 -140075
40423 47683
-65912 45632
-6736 -64358
25416 -25218
23088 10460
20177 97575
-52465 39272
-99620 -106631
12099 -17319
-46560 94854
-81029 59188
-39009 -40680
-159414 -27384
58615 -44442
88028 54894
-77433 153455
-40407 -47486
-20891 22950
-116956 -28160
-19677 111262
66906 55070
22776 -11667
-70124 62893
99374 71855
-11475 46610
-178619 -67677
-22454 23285
123283 13304
-115305 -16635
-38307 113485
-21721 -164826
-52444 -31687
-76463 38976
-125374 -101713
4973 -20757
57125 42827
-21343 -100872
40776 -13153
10617 79055
41285 88964
5147 108188
-59315 39389
67696 -32432
71354 -40541
-55326 -33989
-14965 -46676
-64580 6351
170835 31854
-14987 56569
28949 65440
-81690 14924
-114803 18321
-56924 18409
-11908 -9920
-63227 -47737
-17486 68296
-80203 60058
-185202 80227
-26459 69973
15447 44722
113955 -99116
-95586 33381
-44675 47485
-46442 -63802
27049 97581
-38503 -9966
-40454 -11114
-20839 -75032
-58346 51936
64229 -70415
117 -32225
-171665 64858
34022 -32364
50144 -145902
-58620 -11254
-13498 138515
48798 -43011
61005 -14738
61865 2019
-90716 34548
-16734 -45340
31131 48123
73470 11345
110980 -11259
35088 75191
78722 71460
74093 53276
-29549 -40540
-63754 39414
24890 -77144
17947 -108541
-69174 138459
45288 -139998
113741 -16839
40561 -13470
-18956 -7534
47568 -35711
-34051 23362
58175 16013
-20128 -1903
-52503 11936
-77231 -32522
12830 -19429
115421 41924
-5133 -14445
-48559 7286
47538 -38012
23984 -10938
38307 3608
-101623 -19771
38814 38799
97891 55337
-89578 -29835
-79670 177049
-132650 -85378
2805 12788
-13587 65774
66738 81489
-19213 38931
111026 -28144
22365 -37887
-48584 -16931
-41441 19811
45878 65879
28232 25401
-43297 15401
74820 -66163
-160222 -180762
-56583 31903
6475 -74058
50197 40989
-17739 89086
-56217 28444
-38311 31208
5468 -108168
-38107 -46017
-56774 67009
35957 1496
120716 155488
51131 -33070
65769 -36706
57350 38436
57823 51928
-103498 -57960
-37086 74535
-157072 -101967
-26479 8284
-12595 15180
-19808 27383
10746 -78922
-25134 93995
-94655 -138867
1055 -5597
-81897 -3375
-81429 -612
3175 -83279
-57147 -11987
11507 65917
102013 -11327
9866 -89296
-150654 76290
-120790 82415
-104204 111535
-119202 -80003
73463 -26251
14478 64747
-68730 -91434
-78606 -91106
-61251 -2203
-14399 -86911
-5006 23941
158093 130379
-62356 12099
77050 22534
-59715 7803
65910 -79678
-20888 61117
42610 49780
92026 -37815
68849 57406
-12571 6356
-22710 -41550
-15539 87228
-9223 35960
-9840 64904
-29263 4549
138640 47236
-111094 -146610
-17064 55630
-122262 67037
-67363 -17826
-137550 12198
122555 -52731
-50062 -15061
-2085 14744
44439 -16519
90374 -8871
10084 -1153
25490 6025
19636 108139
-28742 -76245
-98807 -17520
-154501 4694
19650 -61421
4832 5544
19918 40408
-52440 -53969
27760 -38106
-73639 -47581
-29912 105001
80251 -46057
3931 -338
-17743 -94394
-34966 60314
32549 194286
-41110 22092
-26818 -118046
74566 1323
-99774 35188
42621 58233
-96440 105818
-6159 -52192
-9259 42222
114135 -125485
-19646 -57682
-87985 -4689
-24641 -53191
14936 103890
-67077 -77948
-47909 135930
-69469 -32811
11106 -113428
-45838 -66704
9046 -10991
-26545 30249
-44530 93339
29397 19633
98544 80884
-32746 -2536
-105635 93765
-81793 53918
-77170 58900
-30251 34608
37359 23511
-21307 100350
-41906 -9593
-2159 -49601
30417 22197
-9354 -93933
-10748 -145918
-34822 31040
85069 133328
-30270 -16519
-7091 -121052
-17725 -16437
-100763 -73523
80676 6003
-48019 -99824
-91827 85164
-109287 -29815
128661 30945
-48682 -16596
-75817 48057
72312 -124432
69337 4347
-79095 -69597
22476 -27485
65061 92574
-21107 -43455
-51194 -15755
148664 13167
124111 44917
64725 -73220
-34260 -68371
48733 14839
-109249 -22579
-125494 118337
107595 138663
15150 -88773
161320 69334
-52570 3880
16777 -62401
-75240 -24290
69585 -12935
67337 87213
-36564 61895
39863 -41420
-9427 24844
17592 2847
63493 43572
-31430 -58459
-36525 -20650
85019 -14799
-4809 37404
-131275 75260
27617 -41570
90211 -149444
56315 -58900
-17261 -8625
-54153 -33547
7394 -52107
-102156 30872
-111034 -85397
17182 47250
-148795 -9338
-116146 102032
76084 117042
-76781 -29700
48953 117515
-49267 -16983
-80470 42984
-80097 16587
57205 47899
55477 -63772
12021 87021
-26283 -103837
-115515 47019
-13776 -108210
35725 -111956
63410 20640
-75700 73416
69552 61257
-8111 -20078
-6168 -24522
-49715 -7117
-44737 141272
-59807 4783
-53459 -7076
-19398 34052
-1707 -40642
93110 34495
-24569 22388
2245 -32812
-41277 -10269
-47150 -19655
-50881 47034
81749 -39072
-3057 18579
-27853 -69567
-28824 78154
-101693 33560
78428 -37118
37499 -11495
114513 -22966
30961 10731
-73502 -4485
32654 -89398
100314 -158758
-52426 -58400
59301 -58293
-42644 19555
7995 -71604
165578 73377
5768 -50753
-393 74727
83162 20548
2586 -11690
94748 90189
-41255 6237
-24638 -61005
-1012 15864
2979 10401
-15689 -94462
-11917 114247
63776 -114501
-35460 -61419
-26731 -95462
-43470 -50373
32499 -9220
86573 -85436
10916 -104770
-24865 -29200
-59543 -9845
-25890 -73241
18475 13462
25176 4869
29817 71998
-26409 3068
121104 -29766
-84292 -9432
-87867 18550
50086 -2937
42545 79301
82955 16392
47048 79458
13174 10661
21194 -33659
2639 18198
-12383 -5469
67498 20684
2821 -28156
364 -136271
-47896 25382
-37831 -27030
68876 -120230
-50239 19334
71340 -58609
91028 -21389
-52445 -58583
9154 17717
-58934 -170364
-11380 44778
71056 32389
-31314 -105140
-35974 166667
-25491 35406
155825 57695
93241 72964
-197524 -70328
57660 3970
98731 53754
36371 -123102
-11705 -195437
50020 -80836
-2631 -67138
77664 -13646
-85260 4360
19113 120824
-62158 6676
27965 -81886
-129530 22230
-7309 721
-19978 -27918
105986 -75691
19149 96696
99408 28177
-49330 62450
-64804 -26739
-26249 38425
-56624 40381
34191 -26433
-51734 6766
-30746 77897
44946 -62309
17233 -89496
-8332 -25223
75604 14400
-3424 31354
67326 -6134
18923 -7631
69421 35221
1891 23444
-27288 -49724
-84727 -93627
-24732 134634
45442 -41783
21065 109457
-38058 -47180
-20326 -30930
-29004 101437
60666 19839
-110444 71484
-33817 38123
138543 -24093
114524 43115
-64974 -73325
-96218 7715
-49104 -48179
61768 16578
-43200 68358
-83247 -37348
179336 -7045
-6028 -48931
-38049 10566
-12475 -44736
-95652 -56670
-3216 22269
-55026 50757
8585 -669
19841 -46337
-57116 -70571
24977 60867
-55050 -22602
-120301 -30336
15543 83990
-131548 -112677
-11953 82866
31469 -81823
21383 46283
162993 -80886
37182 603
26995 74114
19248 15992
-38417 -63075
50585 -187658
9499 -66730
43704 -16671
4722 73319
-56584 -83457
-71 47080
-43049 61665
113296 -80800
-83533 6816
28457 24019
-3504 -15821
34732 -108342
15753 41957
63237 99367
72961 -37126
-29627 19228
-23251 -91367
-117880 -50334
-41152 12844
64309 -83044
116451 -26491
-165645 42324
-15387 -139049
18573 -52045
47579 -111624
-81772 29482
-46825 105435
46482 18582
14902 1208
8140 53293
-28834 127359
-65596 -37024
-33630 11943
-11394 46091
74451 24448
77043 -128206
-13644 9237
-62399 94527
-31207 -79594
75039 38894
-31301 10260
20118 112098
49471 -122263
88585 145803
172141 -33802
14196 71469
-73268 23392
-11010 -51968
213437 31683
89272 -67503
-63501 -29352
13993 -3489
787 61584
40652 -10247
-28331 -112129
-170422 -23569
87932 -29740
129613 16319
-1957 17338
-4683 -5373
-59359 33436
45072 33731
-65660 -6277
89358 -11587
-50774 102978
-41181 -68101
-100061 -115930
-151167 -93693
-24621 111462
50183 -75514
56985 -75880
133423 36024
40722 -23045
-111259 -48295
79586 -162135
74439 1912
114950 -8927
45147 132140
18774 -23417
3002 69800
-15839 -45166
-22694 39520
-38722 -5024
72051 -4520
34240 156520
84472 -132251
106934 -107891
-62807 -5990
-73517 -27898
-4971 -29784
31388 12797
31158 7415
9534 66479
-122347 46515
-17785 82881
-16976 103795
36616 -78842
31307 3250
4723 7368
44094 122858
-197523 -10326
56016 -57619
-31492 -51368
-35878 15190
-3059 6519
85212 -10324
27578 -57604
-43226 -98730
9514 79119
-37896 51377
187 -37511
71739 87077
102357 -102930
43594 -187792
-18482 -58342
130720 -95860
75188 125010
14526 158861
-108116 58260
-74095 -60093
-38001 -3548
-48457 -80789
61845 -10007
54100 1349
-82239 -22715
141018 -132908
55182 81451
-31974 -116
-63088 23908
124941 21269
2454 -43953
-42292 35099
-32954 33440
39503 -11192
3969 -86013
69873 -104043
12904 9622
-33383 25854
16317 108138
-93261 -15684
-74697 35705
29629 49902
7974 -22944
16240 -39381
-18841 -53326
62949 -46256
18448 -3824
-11324 56874
72313 -22557
-75193 149142
7178 2054
-41651 -22335
-115682 6017
-92595 -1017
-4924 -66110
22483 91322
43619 27749
-26232 -51744
8099 -40869
44839 -55775
-101193 -31051
58240 67826
-30582 -14217
-56603 -20386
-53162 55742
-106291 -34662
97607 4381
6622 -33086
13832 -8725
105323 -24199
-26189 61787
-95280 57962
61422 -34425
4701 136414
-29854 -75665
-132895 67171
30840 42311
-108260 73659
-17044 17587
-3276 -145760
14330 23877
-69654 -1615
9602 -27774
69108 106431
68641 -35
9832 -38209
-54412 -49786
46662 177823
-86883 98660
-190702 31277
12772 24354
-12708 -81438
-78408 33215
44986 48211
-55182 -14864
48118 45733
-34971 -24900
67059 -45884
50685 20837
43516 7538
-37948 40598
21741 65257
-65248 18026
-82168 -66735
-607 -73865
-18951 -12052
-63310 -46542
-24372 43828
77112 -7345
70301 -77379
38627 -5874
-47618 85889
-68277 77816
-21334 -358
41530 -60976
19368 -8711
60835 -27673
11535 34112
-25398 51714
58767 -105267
25718 104664
-37440 -86773
29010 1626
31379 41594
-140104 129255
-20174 -108340
10999 -110926
72299 38504
68787 2206
16193 22194
89563 -66917
-43301 143541
-69667 -66530
41492 -121519
41451 -44644
92819 -9293
-21101 -46351
122503 67037
-28155 -44962
-111854 114811
141654 -103418
28062 12277
93513 -70645
-72150 125031
19907 -76224
-17131 41653
-28555 -108658
47209 -29431
-64445 -62361
-54815 -1119
12237 8098
-54842 41111
-13315 -78889
1187 -410
16781 31486
81219 11785
-56185 58215
-98344 -153903
52071 -16084
54274 105488
34560 71440
-46845 75283
-762 23843
100265 102493
74288 99672
25660 -13205
10899 29580
-30073 77680
-71317 -27752
-18014 41831
13542 -150426
69838 -103698
34900 -28969
12275 -71032
-34527 714
52945 50443
-40249 -23496
-29526 -76265
-154245 21207
-58129 1530
-35441 46064
77831 -58481
-4781 28890
-30618 -118996
71532 -146224
-20140 3445
109608 72408
12261 -7633
-135573 27872
-35980 -63028
25828 68369
-29115 54403
-45960 51512
-41085 -84622
91604 16950
-113370 71645
8328 -23637
82092 -79537
77488 46746
-91194 -84858
-6191 -463
51838 12707
62810 -56336
10208 33776
103477 62030
91777 4954
12912 12415
21595 40567
70209 -102988
46669 -540
-36377 -27637
-100966 -90940
-68915 11156
-27021 -36706
-58901 -16303
8519 -67500
16306 -5263
125172 -7705
-142108 7594
87918 -78599
35571 -29043
134930 -131533
-15961 37833
17155 62821
50216 30084
-77751 104998
-10712 57992
-9373 -19226
-16433 13914
-127827 7172
23942 38542
44519 -127431
23472 89375
-38274 -41462
109490 -45703
-35127 -50264
-29207 12996
21369 -57904
41237 52604
126609 4589
4977 -154069
125554 -111841
46065 3477
61571 -25050
158425 16285
13187 -42156
16088 141170
30519 57623
-31396 -104018
44227 48724
35284 -2627
95762 14223
-87827 41243
-37486 50747
-136214 61054
-7547 -86180
-34871 27537
6670 150229
-55817 53323
-58260 115473
-59350 21462
-22651 95420
-8270 109052
-21427 112386
16958 149842
-7194 -37987
103084 -51776
-64221 -17962
-75468 -78198
2334 33294
3687 40945
128056 -43095
-446 59191
-48489 -37296
-15897 130688
4571 -30322
69961 -63741
-93604 -15626
71190 61813
-2180 6840
156019 50272
-4662 109728
16484 67017
-82790 54235
-14049 90428
-124550 19277
-19779 -50596
-3382 -77827
66161 -59736
1848 -69668
-50796 -168757
-77603 -57086
-45191 111711
-59475 42134
39126 52958
-1377 -141787
64340 -32460
9493 42378
-51042 -22012
-5342 40381
-1889 -10547
-32470 42287
-117419 32426
74121 41004
13055 100166
-99633 129813
-45988 -80063
51795 -58589
-26770 -30086
7436 -34002
74736 -55825
51180 62369
-2220 -46156
-51365 69221
15520 -4214
-27594 18827
-128093 52965
84002 56962
-18261 -22247
-62400 -86104
-115234 14981
456 80394
28030 -6984
28562 -9954
50797 15705
-39377 28528
35302 -57434
-79576 -65842
-206332 -30681
53017 -30144
138 13405
208629 -9533
-34833 -22058
8687 190859
-19926 -19098
77081 463
41300 64671
111911 -62170
117663 -10836
-12779 63211
70784 38642
14171 102006
33880 76436
-41757 22431
-62314 46432
-95992 -14163
2390 141829
-8108 -33927
-88875 98492
-52218 9424
44647 -75990
22652 14290
25371 79251
29851 -44130
-27077 -52263
50014 -52006
143077 33367
27879 -49288
-47291 41339
-7821 5013
-2109 -14758
64675 -46845
-59109 97419
-3695 62255
-6297 63120
26435 -29393
22886 54735
-33621 5370
-9730 82764
34809 -62884
89263 50245
-88068 -51780
-102519 33733
-12308 12383
88679 -43636
96153 -7073
-48259 62015
3932 30519
105727 13613
-8996 -33914
112503 -56372
-1588 34788
2034 -7734
26394 85996
56668 -19392
-17286 -132894
46112 -96070
10873 -102072
25641 -74512
77285 1195
40333 76028
-37982 39515
35611 152359
-2644 -6768
119214 -40523
169582 -18886
-11 -6732
-55630 25873
41867 321
-37411 150123
93986 34315
-44494 -74120
-30903 86366
23835 36503
-39362 -58003
-124504 28833
-11844 49185
26656 -32184
199019 -45853
68920 -40553
-18075 23505
-106269 -14210
84307 41482
170008 -87851
-128782 12588
-121353 98847
2344 -141423
37615 39827
-67665 -40522
69878 -33072
-35989 58451
-46491 -57306
-4151 62999
60969 -60194
94358 10550
-71901 -101274
-29978 124107
23267 29061
85486 -36001
-31374 -21937
35021 -93371
14851 66419
-55904 77117
-76094 -54145
-9272 88461
-30800 64821
-24412 -47274
-18088 22723
104765 -54888
49340 -5069
3420 25156
29495 37045
-24815 -12798
67031 -110550
95276 -130403
36638 -19109
31754 80132
46603 24556
108341 -15976
26711 -90143
-36805 -92549
-18714 45744
-9514 -58199
19666 33389
-92865 -21109
-5898 20270
-67907 20527
-40368 -66239
-153775 124335
52826 -227428
44091 87292
-72129 -78556
-16848 23151
30747 -6938
59935 101607
72372 120286
83226 16794
-36088 90992
-55586 2879
10205 -18186
8300 -54395
-63507 48474
22515 70526
-150800 75895
35548 46109
-30500 37744
-19278 50253
66250 874
88234 57281
28015 -51463
-25227 5728
27897 -77840
-86521 1025
-3676 -27962
-4310 85270
-21107 -18012
-43576 24520
118833 55620
-37605 13855
74961 -12101
-113945 -6999
-113799 -4705
47970 46347
38568 -40096
-20049 -28132
35631 -55337
32354 55100
147150 31464
36564 -91941
-122198 -3254
-35601 33028
-123830 -12242
145908 -19115
-72976 129250
73373 15290
8978 -39999
40422 -91670
30827 -6727
-23429 -85693
105660 -41002
-94310 23345
-146995 35586
48804 4802
7533 -63692
52016 -39392
-48501 106
-72261 -5280
-35707 -70858
-45231 -36402
-34760 -65917
92880 -48762
83477 46385
87580 43497
76999 -23379
-22094 -9752
81320 1107
5486 -14724
-53138 -55347
10212 70069
-23500 59204
60839 -11770
-7558 -59821
94477 21759
34751 37541
-56493 -13390
-20023 22964
67775 -16226
-140167 76465
-34946 -70136
57804 12630
-2208 137984
13420 -18468
-31976 -43665
38734 52100
149341 -10509
42947 84313
-36547 -20908
111078 47163
-58179 34212
48003 -50453
87457 65558
-5804 -53613
12024 -70856
-45858 -235474
-22969 -46796
-89384 185435
-119809 33394
-110586 20977
-19806 4453
-150474 66269
35122 -36306
-65128 42360
6228 35760
98833 -23693
9573 111575
-23984 -29771
51545 67340
-67787 -7130
33476 -40955
111842 15896
53182 221597
100494 -14726
70740 21475
115192 -57678
-36993 73226
33373 -24270
-16980 -31485
-20953 -118176
159577 -62469
117684 41833
-70832 -108981
-66951 44172
103173 34749
1089 -71206
-42341 -39722
-110528 84040
46903 -137724
27936 41917
18803 18970
16076 97327
-139466 -105732
-51949 -31428
-21874 17720
-65565 -3366
-112073 65010
-101710 26409
38858 43112
-18066 -74613
-100488 -13887
4427 77062
-33774 25795
-135204 44377
-47971 -55798
78691 35080
61642 41763
-55494 30862
-33834 62901
-69805 30835
-15708 69813
8332 -71336
-42959 -96030
42206 54679
-34369 33877
-89509 3984
38421 -3769
-40426 -118891
71464 20024
49062 -50647
13261 38111
105680 4078
-3103 32174
-177319 -5718
2287 -66290
-3189 46972
-121453 78173
-76181 -23159
-110817 143508
95731 48851
-47142 -185089
37378 12557
-131198 -4342
120235 29272
23388 -39511
-26961 -35892
-92835 76257
-44323 -4046
-32123 -17416
28651 38995
14455 6467
10406 -107053
-31751 -66897
-55437 39784
4467 61868
32196 -88136
-27678 -11800
-8653 -64477
16168 73829
21712 -103438
-69643 8890
-76751 -117189
26790 -80815
-78518 -66082
24244 -79593
-1751 72767
-22568 75054
133616 185656
-156638 -79180
-22037 -82243
-65704 -19859
-15272 18303
13634 -35017
8743 -17871
-77980 70303
123433 92018
-33868 -13266
-6880 38405
79464 -50555
20706 25160
89213 -46026
-5214 42266
49960 -5701
6361 36288
61630 68981
86171 26671
-88469 74595
-20547 61136
-86753 19409
-118200 48623
26739 -23308
4462 65463
-5195 28067
-41900 59879
-80652 -36374
81207 31910
12126 55015
-117601 -25135
-72446 26826
28969 -15074
23194 -117927
107487 4973
-71371 35574
44560 114544
23211 -8435
-161692 72726
13127 15873
20986 14967
95338 -8152
-58744 4714
-45487 -2396
-130648 61011
-61768 56414
51737 -148542
87911 51629
-73636 -9385
102069 -57994
8349 9504
33104 -4901
-72840 2751
-21053 25211
9339 83168
-104811 -10473
-45379 28638
-22720 -135336
76592 112300
-51216 70806
-61599 99052
60945 -56715
64335 -44723
-68913 -8210
89992 15792
-84635 -63450
51724 -22219
-51713 -45882
-70249 35822
37122 22490
-6058 -35115
149782 60075
19800 51962
-3235 61600
81948 -31264
-47118 -10207
-60337 104819
-7387 -71065
-14684 39432
-1583 -58801
82551 109693
-74883 -54219
83483 -51735
64573 17880
-61630 2726
-91334 11128
-86832 -47857
74744 -40603
-22671 40784
74606 63476
-108067 -39232
70990 -67396
-114164 -27925
-85213 61113
-128202 35667
-157675 -68764
56358 536
4375 -61781
19265 -19508
2842 47928
-10605 -53816
64120 53339
54129 -129147
17495 -21591
-18578 30318
2369 29497
7529 -933
93321 10365
42700 17302
15223 -1629
32240 30867
36432 72623
-70249 -104416
31367 -32575
87884 5594
-20701 -81720
11124 -64929
-72303 -107213
39209 124184
-11801 -12831
84830 -46005
45226 5279
8100 49109
-29514 -31934
86652 94237
51074 -48203
159232 4046
55179 30798
4644 33648
13845 48524
80700 51691
38568 -93830
-86209 -89151
94595 36143
51321 -28195
-41058 -49662
-19572 137141
29733 -21082
-39116 64086
-19387 -37748
-39024 33632
-3196 53628
46422 -18462
11464 37293
-22514 8057
54181 55477
12158 -34155
38743 901
-29833 -57308
21219 90287
174359 -90486
-18246 21708
48054 91676
65958 45019
-163182 -69911
32458 16062
19232 -32094
61211 34590
-31032 -69912
-72845 -28334
-90969 26534
18317 100453
54348 -68585
13001 40753
-30220 -53830
14850 15078
35403 103672
-124230 -22421
81033 73926
-172134 -45543
15891 -88552
-25883 67224
-40254 -2593
70506 -71263
179057 200392
-138058 -114627
30079 -6388
-47000 -2587
26797 -63937
-116662 -48485
40576 -6869
-74118 -494
31292 59382
-58090 -40500
12719 112320
-158647 -19882
-69090 -78308
-51409 100160
-44518 -41597
54038 89714
-67212 162140
32252 -106155
24482 -4969
-41621 65241
-28972 94796
-64394 -56788
-5370 -39122
74754 -131240
136116 -26339
-40640 -51853
18768 31708
-22321 -179187
-146635 -50964
-46034 -15066
47320 13482
35434 84287
18992 1477
-66232 45421
-47246 -144649
-58228 -70335
66387 23557
-50872 -34215
-41508 28598
85994 97103
-46883 -25465
51783 -24000
72525 -26044
-84125 25908
-160388 25357
103806 -10620
-88030 -25076
96336 -117518
-10165 -11408
65541 10599
79174 10092
-127394 4386
-77707 -68482
-31774 47234
72357 82569
114086 -8383
-229 48158
-5054 107510
-35887 -64047
28607 19749
46149 46004
1459 47483
65538 -106359
188557 -1196
79829 -46513
-4514 -103563
73122 50405
71387 17098
47271 -33765
40313 -3178
44114 204335
-12368 -22100
41219 16859
65131 -25897
55698 -54915
-17470 21588
-9193 71028
-32874 -43533
67913 -51470
55300 18357
9489 29704
-9370 -55173
-5984 -18974
-26888 -20251
-5133 -33430
-36504 39177
59797 -24292
-77516 -62268
35700 -114389
10334 33283
60375 -56753
-70403 39262
-15022 19187
-51690 -36845
-55961 -25303
-18417 58483
-4122 105256
9257 49391
110878 15304
-1803 -115848
-60744 47927
-36960 66347
-54033 53843
-72911 4792
85276 85495
-8902 15072
43100 75792
-20227 23457
-12119 131721
128982 -12207
-34685 2674
-165941 46928
-21647 -42395
-71526 -23690
25099 -19135
-106221 -5978
-35059 23577
-50224 61459
-8379 -96327
-116123 -74740
1413 -105544
-117638 18887
8599 -38050
-36505 29889
-84791 -60312
-47726 46181
86864 5916
-1413 33684
145679 -1750
43101 26678
-20254 24941
25996 47245
-36257 61961
38311 48968
-30688 45804
31926 107455
66905 -158930
-63026 11930
140614 -69771
39101 103055
-132666 -76672
-98709 1998
434 5823
-65632 -13375
9359 57206
-30988 52261
67481 -99378
12541 709
25548 -120544
-112828 -31519
93539 -126672
-10978 100694
5283 12424
-17665 -105508
-26337 -57138
22970 -41657
-66682 47292
-52424 -10212
71841 128603
-82025 -27983
24478 21078
-127308 -5464
-48699 -8554
-70068 69717
-40714 -94386
67496 37500
-57909 40520
87405 -65076
93689 -66507
127024 -19263
46090 32541
23512 -158
164957 28501
34978 -38600
29313 -39115
-56793 16811
-60314 71098
-17065 98155
44467 -72732
-18686 15356
8047 75952
56386 16199
143841 -18354
-17950 -8763
148051 -18612
59281 28344
-53138 33156
33166 -82203
-73000 -84679
35690 -48075
31274 37357
-16630 95256
55453 46068
30453 9006
9517 -51366
-41096 66209
126605 37600
-119235 31906
-75823 -65735
-4568 -77375
-65174 132656
-32499 83639
-95432 79814
105736 17552
-8856 22197
-75851 -5521
15518 30054
87427 -68852
-143766 -51051
28593 12920
-73269 68095
73238 133849
-864 81950
-82673 -39577
6965 106481
29805 533
-75136 22284
-86181 6616
-49527 10085
106607 -71523
-30891 -63901
-115113 -50762
11932 15211
27158 -33444
-78882 51663
15037 142657
79047 75399
40139 -36134
21197 42028
69504 19172
106183 125997
-44032 -26210
-99990 38903
-52066 109870
-85086 -26750
41636 -14109
129132 46653
57289 9277
79488 51008
6109 64323
51328 69727
-33943 -60564
26290 54331
-63117 25248
-91852 123022
-34784 43178
101955 -19102
93845 -139705
-14941 -152726
84438 -48021
-51050 -57288
-37646 -64714
-48344 10200
15341 -24043
56379 71736
-7790 -61384
25109 53218
47487 30826
61772 -52327
7696 7209
12288 -107992
-25919 36927
122349 -101617
