702315 464946
-200122 1216
2355 -213878
458545 -15496
379828 268152
-436339 242162
744875 233912
-135513 544660
-1171315 17895
-1130008 -580869
135949 -503716
844646 320854
-92721 -335550
-132578 -13760
78589 -535122
390744 256152
411316 -405713
-948765 1033641
-52717 -840210
3656 -706406
685164 1767473
-68352 -286358
-95063 -77396
233644 197906
-253735 263296
1424399 425576
-875113 -74645
-164708 859501
-839893 -743212
-62040 340784
-787162 -323450
-521925 -366960
645387 -577983
-13554 196897
11254 -291084
-235123 456331
-237543 1118724
-626046 677175
45903 676734
-665611 29709
1101971 -20130
516736 -77840
534700 729017
989445 -291961
234302 94164
-298062 -82685
-131362 -131988
319146 71320
-961724 95992
412048 534848
409833 -195587
325367 -575045
-309855 624936
599720 67364
-149055 -394103
822807 438968
-177008 581713
844861 -63390
-259997 190127
-599793 91196
-508325 647887
807183 -405017
-49275 493369
-267175 -436542
388531 -327493
418378 -462475
-384116 -573040
368061 -474774
-886205 354716
-374432 -204377
143681 184042
-34329 538815
1031871 -118988
-925744 -821557
-122242 -48411
-127800 -693018
-486650 1145801
-903762 189191
700254 -343801
474545 -578797
-462541 747759
579137 735950
-30892 248327
-247343 624660
-654419 656229
557438 -824943
-840620 -556407
-274839 -677572
74538 -605187
-264942 714175
-126578 252310
-80828 -975452
-278425 -330523
700662 -363684
137379 -114775
442110 73505
518427 -788373
-511975 -775879
-126838 -201510
486931 817640
11575 -37907
-1076918 -17453
595745 -963721
228002 -164637
1013547 -799928
331976 322388
-114736 231679
-765059 493760
-23531 439743
286350 -604831
-179312 -155829
290772 -192114
-549280 588275
1047846 401114
-239606 -176154
335557 24876
170644 -768062
488414 464649
-440257 -600011
-351632 -1047878
-621848 -639751
-601634 -792615
-905319 799760
98456 595054
312829 367112
-223800 -594614
1067725 -116167
232327 -216407
-310583 -487473
-295479 1100446
412339 -74316
-248823 -234089
69866 -38126
438511 782044
366103 148741
-133653 -108128
-393340 -437978
-150897 -252102
-150352 -1244733
-45835 -650959
97423 422274
602547 125561
-265931 341487
944236 736431
-511193 278346
559903 -62657
-167279 -194280
706672 414547
146540 655352
308092 665166
271485 103211
-170017 -484361
955758 34155
848516 -247688
-22343 502339
-217562 -100342
-1125969 485471
-357194 -1223118
729845 -947673
-562199 364080
-445902 198935
291919 816363
923968 324583
118045 125355
1238066 -449771
-455956 -174874
-266377 142021
451404 519883
-315044 400195
-435462 608915
-279520 12767
-333833 -41678
27880 290329
867091 -319209
-499277 -88900
-216185 39797
315974 1101124
-423607 1104992
-225491 -1070112
407345 345804
-343820 404380
-37268 -300210
753470 463610
-756716 204197
-132443 320308
55602 -150865
199919 930235
199133 98729
636523 55210
205797 -87135
-481859 338533
-49156 -838636
-463360 237587
230585 172081
-217931 565594
538404 -767081
1057722 -158513
6341 -30567
-214957 -1071908
272075 -439291
145619 -443113
980744 366507
387357 -271039
-296914 526475
-237177 197394
-989625 958772
519359 1126146
-551571 773104
244523 916805
-52242 -453334
379842 -644819
318882 381877
529584 -207065
-976624 638405
720001 52296
827671 803772
-10577 86795
348221 -254993
505891 -296016
599077 -187982
1038421 -386722
1024142 885284
451858 514963
-356147 225163
-112986 -238347
-204518 -647138
210731 600812
210284 278858
726552 -673471
-502333 -176457
-335845 732288
-551997 255402
-496625 428912
336086 147016
-1079337 -454604
16493 -151074
-1124352 122573
-718535 439436
-613891 589669
85064 -801966
309918 887283
608261 -464800
-836102 337315
-144399 -840804
554720 -397889
1039036 -190485
86899 814868
328963 175727
216792 -340720
111908 -619534
501832 -166124
-1276134 -55937
-1191765 104383
532689 749739
31090 -117485
-653719 36549
-1285849 155451
147132 -978914
-588723 458379
-449966 -158578
344617 194758
898666 -783136
-77192 262182
-187132 -2248
-464194 405474
456474 -758748
182431 124889
262250 -373617
797341 334077
-117610 443238
85340 628861
-457722 141760
1562795 790382
-207374 661587
308259 278442
-448470 197872
62063 467447
-468089 -116130
1319536 -124578
54480 -271092
-24195 726478
73084 929118
-226554 345477
342272 75504
198626 599164
645997 -211965
293983 -473329
-56473 -424815
530563 548107
-425645 368960
793384 -114066
-800308 967696
-72073 -464281
-91391 110015
377702 790355
-217353 210836
-394449 178898
444938 481032
-521823 -260744
-452388 -832265
192578 -165005
45399 -423429
-106603 -248012
719432 116634
437557 207811
-227959 52299
254961 -215743
-193422 -116310
-924199 -40111
-534937 -400212
125656 -880810
-94582 423526
398523 -275858
521271 -375746
-104100 -29532
-657060 -420429
-359932 482021
669135 -140198
-242536 508464
105516 -168552
-98568 602514
-100832 113884
127959 4969
-906 132807
-47294 338944
-14413 165664
-162888 382259
-433112 108221
91913 -909136
1608423 585456
311166 -603392
-437719 -350272
-406745 -575467
55705 636341
202820 -631559
289418 -1307593
723392 -864953
907671 -86806
60843 -388441
78040 24965
552154 578424
-381310 -229186
410526 -1315745
39244 -578220
-1073514 -677082
-308231 -587458
1042356 -61188
787360 201729
1130542 1050232
-538224 1236057
-289097 118914
158531 190810
-609998 566144
487389 -551082
-132764 609927
395324 -963860
-687813 448577
-679689 -17409
-663107 -330329
521380 -585244
245595 1197816
392914 -144279
167020 -3463
2372 691637
-161442 673126
434387 389321
-722493 396091
266294 -626527
-153849 378967
541996 365355
285924 553708
-765247 973252
459171 68815
-569406 825475
612109 119446
-463300 234970
-594395 239054
707796 1143648
464046 158278
-462112 650688
407686 -618545
-377713 -50794
-147035 -1049623
287635 -772079
-783592 646188
-990242 -391028
-205303 197903
-183036 -520923
778770 -807867
-547174 21810
-1080744 -587261
-663419 -198065
1301287 72514
1026849 -229004
-264870 -113434
292132 115452
-744954 517519
-269952 -6193
153448 -185703
-1281334 -199421
-61362 84767
-495231 297210
-446292 962396
-119658 589617
-396872 -606320
82475 335748
359191 -93574
-352116 -100801
1235 172896
845237 -560961
-100243 420757
155207 -450492
161377 -427540
12878 -458879
-56402 443602
-336737 -197241
937698 -108667
206184 -376016
-189753 441281
-219310 -93064
-16411 -118558
238806 -307707
111653 -1362507
-1414345 -538347
299822 248073
78448 259680
-393701 -240803
-173965 429476
-811312 368828
-542917 -324824
287685 -977326
-1337966 -639422
1092191 23634
427592 -214684
-1268970 823495
-885884 -540354
-393012 -378248
440478 543808
133723 12410
-1351575 825319
-100099 -462668
-63994 190167
1367985 -550262
20565 -272137
-127258 -264234
-300275 -50647
671133 -438494
367783 -553919
652210 1089714
590187 465732
199747 -64389
-441159 -270835
-796126 102619
-43544 216882
238540 250749
-718292 27603
302787 167600
819391 416020
445358 -196948
163365 348936
-54626 -4879
30800 45209
-668089 -651961
-815399 591776
919187 1028875
-202592 181893
405139 -622789
-435519 -6718
412001 120359
-720008 -775748
-539068 801128
-229094 -603404
660873 -561114
-105868 16884
1077713 -267812
387367 -1212029
-1029731 1113604
-668637 -230596
-232684 -298689
-982961 872533
962896 149776
-315377 728198
-361364 -808185
-3196 -820009
389969 628056
179661 -81385
-22984 1022732
361540 -971060
-304188 668231
-128567 218969
-696658 483033
489739 -355819
476835 117523
-315334 -260459
-602240 -80908
-1079299 603295
-331577 -346075
-703287 76061
409315 262539
101509 -886797
-189764 -14946
124197 -211262
-166118 136117
-372800 478936
145313 3882
271914 662433
-765524 -697
471110 -168196
868693 736712
-1264619 -131312
-557082 -222425
225562 -129677
996962 167995
-238969 -385396
173887 -193288
135912 -697520
-1017044 16806
-487932 -1045090
26718 805730
311799 -125976
201134 287663
-120559 -803636
1112120 1869
-576240 357061
-526131 -342848
-1085143 -148943
-236879 -92886
-902924 -211842
-514386 432763
-679937 485734
280388 -78128
296950 -197065
29059 616090
658972 1282653
-258668 -493244
295752 -1029785
152847 -156005
253718 -736159
51610 256507
-438963 -186426
440399 817609
383092 218415
491704 -809464
842699 -464346
399631 73837
-146559 250794
-843152 -227861
378813 557318
-339523 292001
717664 -175191
-634026 -95770
-399846 -534243
774839 -496632
-620163 -117154
374849 -790662
-1038763 350779
287985 -319758
645737 560226
519303 -598204
-291134 -651837
793335 -2487
341405 383761
-540011 212553
-455592 -1697541
-365039 -122793
281096 -212122
91525 -787722
202707 -1622240
-503473 -258908
-619964 -173566
-313943 530814
195671 -561141
-566272 593219
-687697 -72430
314996 -131169
-521933 406163
638198 834168
125578 -159976
-963365 486128
567122 -43222
377539 793428
31416 -46607
-675065 -9206
-160382 611445
268657 753816
900922 329683
-138802 -1146919
-1327036 -219187
172337 -52067
21864 -235987
-576604 -666061
704928 -1237499
13517 38757
130398 -562046
-335786 -1008158
-853269 -66357
127490 150568
253354 -399358
451786 1086939
-473873 -204012
-980524 -284377
-256051 -787008
-465594 -825695
-385731 -177417
230721 14539
1218093 397973
780307 152347
116533 161238
446102 411627
86338 -362373
-155236 469455
254794 -321189
-137998 -185766
48094 -123143
-249421 -332112
534647 208142
450459 -613617
-401025 861613
-21473 -1210880
336800 17053
-216670 -666438
42562 148240
815258 -253953
-531214 -174566
250512 1082682
-702640 -577080
-42634 -678784
95764 -830437
554983 172424
597244 731541
-22363 376786
420213 -95150
-58618 -74083
-793 -292705
-101506 -655921
116659 -54316
113904 202393
554564 118849
-354976 -322989
-958358 288930
590510 64446
-344054 -371637
237824 -39675
-100585 84871
-1155290 -297473
76842 676353
-208067 -617726
558856 874162
-523589 442554
-631705 -410565
135280 562619
55732 -246913
-242795 1418119
-80792 -726471
-259978 -518115
-14182 -64849
-174517 56159
-200666 -398984
159868 -771360
-105358 -471512
544510 534072
-462235 -470349
-958209 -187166
278271 970703
675545 -352441
-262687 -218699
-164407 311823
-294981 -965736
33346 136280
-92445 203191
-73335 -228720
236139 164130
648016 -23995
-152030 -576071
-804550 -164584
192246 149384
-255119 -230184
1083197 -386249
-542739 148807
-912380 -879509
-16294 -232317
-371883 -621433
-266395 -157223
-306482 -709011
-714815 60258
-250530 -105573
-414753 454625
333477 -304761
-137232 34159
-171410 -594183
-477083 -110076
984310 -913758
267541 -383015
245189 424128
-169796 521079
1030710 -250735
-98967 701921
159458 552818
-115369 -543530
1497659 -680647
-322158 -188583
19503 127704
425736 463115
-739081 -161321
95073 124510
99281 16845
255586 1261467
170983 677759
292744 -31749
50563 10826
50178 630018
-741430 714998
353630 -217820
-761451 -1029623
247127 -321661
-334226 -645209
375552 366974
141341 259778
392759 -208835
677878 -598545
544183 69853
267377 286163
-1271874 -519693
-15405 -102402
355357 468382
267206 568057
-116933 -171592
30802 -341725
-342105 -118416
-253596 -44083
-23230 -114784
-346353 -687363
-483233 75336
-575589 -346814
3835 -224799
-105025 115783
306706 -89251
-166390 26558
204444 -511693
-673640 254259
-78804 223328
1007677 -887941
-488311 -459873
665728 186750
268002 773803
304311 633395
859938 792262
861936 901433
-576808 898275
339979 276374
-143970 187271
-632073 -431010
317300 484029
756357 926557
156066 681175
-210987 720691
238449 808574
-3097 -455100
-284072 -235695
-82961 148195
587161 -814435
-741254 585646
-41909 854051
-229963 962871
199993 237453
34526 -417858
518954 -184078
-168590 552209
113789 -398068
-2560 -301239
390409 -51454
-415938 -681825
-313050 -591353
-300820 -157154
273741 1458532
104202 -806227
346309 194525
182417 557542
-299346 -774624
-335321 -407740
-11708 -49709
-285240 -730852
-487808 -6589
-281092 308610
400315 229592
-433553 -455145
-592852 286025
-416797 -21819
210916 821398
-365477 -149528
-719794 -22169
78810 -646314
-51658 -201632
637967 -646122
-295792 -51954
-737318 289691
214007 238016
-1206568 522686
506971 237238
-369255 354991
324520 113426
102150 -339219
-511323 -153213
-845072 472506
386829 -637044
-211963 -284049
-96780 -645738
-29225 -47317
792381 -303861
-235835 -229712
-597254 24347
-270892 -162744
-522479 654729
-4191 833039
-936209 183534
-734185 -1004101
-246669 141730
-351372 -187268
501303 -1275428
719447 -789019
-15517 25407
622681 -560158
-654787 -368283
252362 779656
67927 250137
-839083 -530201
-771093 10249
199996 -120529
-1533763 123438
-638076 -443505
-89287 266176
-168541 746841
-495665 -272881
162273 -641112
-54421 -231534
-549892 95993
237664 325420
103045 224570
-901772 -612333
21631 -214116
-197332 31887
-1062609 104320
-137831 -596998
1131416 416869
-292926 -148809
-64249 -466099
129084 -76789
275998 700776
-456890 256568
-628681 290869
-152282 35021
85496 353340
-589141 -192944
320764 -664327
-397944 -123806
-325542 -12734
763816 -123705
22020 613561
849286 953451
-1568682 561126
-859630 -413777
169142 519703
776330 -16759
-786128 1178601
766298 -35452
405426 -268381
483943 781720
1083504 -150831
1061512 -551727
119012 1164463
421948 -1248022
392969 -433221
-316732 99
412072 98155
681233 644526
102642 -1437647
174111 -203029
192146 -25646
402603 -1309594
351426 265826
-1006858 444780
942793 -999159
-181246 -718616
674102 -108891
322669 -360739
378063 -351199
-681181 -532245
-141128 -412455
26567 590177
-367252 19377
122823 -68838
955149 -158423
-394603 -1790
866991 -410856
-522148 780114
194358 -84861
-256632 -276280
-931428 257272
-102281 627102
130584 717599
-283484 209880
1253827 301359
181986 -420833
-667412 461987
542225 56793
256237 -863955
446127 530294
50650 -66205
111823 -46153
262618 626378
-322691 -143099
1193 353384
-12742 1239385
999652 392388
-203828 -190012
708665 -401634
-635095 -327885
154120 -900095
126448 95586
-747438 -364934
400472 -726810
-935254 20022
-186727 446972
-1021679 779540
-983567 -364766
200280 138028
-339080 390803
-121543 -26004
-464606 -52392
98475 319269
308792 -58832
-866109 -252193
-1055262 368714
-410212 424469
-591512 489302
889412 56313
-134125 349139
475638 440588
808791 91947
-230605 -34265
-1020975 -615679
609673 533767
331742 -641204
508357 16591
-82344 -679857
597883 -396912
-511410 529793
-786325 426222
357971 -105420
-565253 557845
138029 -252023
186321 -104934
-562512 180310
126587 383224
47258 33300
211968 766865
-430949 118935
751015 -193076
632295 -774055
218500 -311384
830487 253340
243400 -402949
-70653 1246203
1051858 563355
-262279 455234
-555135 237656
95043 -1196913
659053 -524489
314857 243835
148880 -640648
653739 -335308
69583 -412810
191862 951264
-389413 675608
750136 -161044
321502 -842002
-396392 262567
-181218 113412
-54463 -513338
325950 -857800
-144360 -647261
811985 92710
-831558 66051
380618 134028
495350 -610649
-293796 -621544
568269 -1966
-249756 -459979
159737 -58438
70254 517012
-348161 801759
54138 469392
619576 -240251
4194 382011
-559831 516438
-389985 1087455
-54115 -22226
-411405 1794947
289243 798315
-598629 -1139892
29122 581760
-214814 309588
84086 -115978
-134324 696678
-206652 -172245
-121534 -14755
-428177 -333712
682791 -424413
604027 462215
735240 618942
-456876 904831
-40191 662358
117795 -265108
-788277 -359683
86995 -338634
-82552 518766
515422 -66685
-974951 921730
1269577 852677
936495 -325238
-143888 639256
323286 109423
-110079 -95128
1024805 -808651
-411059 -391156
124220 129788
-110331 -84541
-68762 -115678
165477 -1012664
-167580 -147557
-85435 394853
617077 -27651
680706 205609
-315450 361662
841965 -658095
-238885 -552880
624595 -627659
580117 827066
-550464 307272
151648 119738
-126649 138769
-77033 -7520
330003 -213175
-139597 -8801
540103 -311542
-120237 611915
-527408 -383333
-906937 -785565
373879 657051
-559379 -11879
-208760 -420114
-689922 695020
-382869 117918
678244 -183098
656921 707837
716134 517668
146634 -1460905
-812868 -442557
718890 180982
-829238 -457270
1283768 -750291
475356 -696225
-469948 89391
316622 -16935
-104839 607124
65995 -612059
202790 367328
-479246 454839
35855 348545
-462386 -1075790
1581877 390887
-390993 -217728
-385709 -741844
-391312 -1148615
269984 -314124
410049 -179501
-307873 -725652
-89991 24829
-1023979 551782
122866 -250563
139748 -492321
106923 -4256
98514 -592243
362086 978551
-958043 936809
556958 -91741
314175 519209
-262965 934809
452702 156118
988529 1142945
326301 -556620
655280 -397991
-943393 -16340
-510502 -284873
-213230 156137
-625297 199067
-410915 -400115
367328 255586
-287551 304072
421053 546916
869239 451109
295706 278645
825309 368303
-644793 -230336
-460100 723114
624712 -1112858
30992 127803
53450 590985
149703 1057829
-795169 847724
400696 418027
477659 -301658
65985 -125186
262330 -653220
426912 972210
325422 107998
-535327 844741
230222 -656663
1062955 -182685
445412 916260
-549235 1029097
-823604 1493119
81800 315804
-213701 -384355
191580 -319051
-1365 7148
-209407 666813
-331838 437311
533525 -60403
414750 -176010
-682130 -1121200
613477 -102666
-99378 555139
328872 -605146
474428 287829
470856 -784194
-609158 -148979
-349004 -979439
-780346 788890
-131850 426534
838014 -173108
921250 -275562
-120451 -803405
364646 -101678
-1079290 40761
238067 222559
-357633 -67900
936874 -1235933
526935 558533
18378 -65618
23383 154934
936516 -754870
-16959 175867
-1064544 66366
-841501 119632
822876 197668
-547864 9471
-527674 390650
-667311 -121317
-816832 99788
1004218 507835
688593 376694
-25430 -61854
-276391 -573632
839461 1087306
-356919 84659
297960 -307182
362396 185725
-777074 -1149384
-193290 -488880
381840 71856
28824 -141901
-713778 131735
241660 532161
523328 -191593
1037252 523390
-313016 -996084
304205 260143
542999 125831
882861 -422026
-380728 -293189
-18127 19122
3176 -268260
-471656 260067
430366 575662
-161466 -810672
1175979 191547
260724 240633
246348 272179
-59384 -1054879
979569 -39964
42874 -413858
762205 -78384
266720 -103614
241341 180254
-277823 511540
-93049 -391212
-1399825 136001
34343 -457500
193748 188850
-607950 324412
31097 1506133
898847 -304663
477954 628162
-64828 1121429
550904 -236129
-666244 434634
743200 -519593
420197 708639
-226535 884262
-584851 -412560
282680 742496
509368 287982
55884 193109
256183 -712009
-1428831 246871
68223 -46554
-27454 800526
-691069 -232173
-93368 776087
-1034522 -684154
55091 -158675
-248959 391495
-420295 193951
1210946 478748
74816 -378013
-147534 -201881
-246032 -381528
298718 -223527
1279299 3903
642469 671256
-16821 209565
704294 568427
411051 1011631
-294799 77127
893013 361993
552094 1337027
-677691 -65299
-743947 -691194
204999 171108
1067674 79838
-151732 20946
611198 138888
718617 701591
-242098 -894436
-42533 -144927
-204153 -514808
21618 -541180
290909 1265226
-309104 -62073
56647 -287823
261740 79259
-530335 -529746
421096 219609
234805 -384851
68608 -289868
251572 378847
705510 -63903
-155928 347051
-58195 278711
-248460 -258666
659755 -719028
263946 211814
1438056 -1472165
696373 -1179992
-172155 779887
1092549 -294923
345522 -276208
-187710 -416997
-128070 160900
175404 23507
-555956 658048
-203619 -232274
237374 -94651
-1280179 -443
248377 353895
-49127 8677
-95717 216981
534659 800857
58207 195980
247736 -252664
410419 687723
-2006 -507213
-195541 229470
-380734 665969
-508439 -392018
132241 1067959
42194 229806
992853 -505157
983563 768562
-91064 -828335
837727 130944
-670627 -26470
208030 -155530
194730 -513989
71392 412781
252515 324505
712526 359246
-207512 121042
-199932 359558
-314211 189849
-176744 -350523
195369 383427
-289654 -231987
424956 77369
448818 -644097
271396 712962
403613 -290423
394772 -344211
-201398 -80018
-664430 -146785
-83673 893401
-1020018 173061
126868 562233
517218 435553
-263676 -645059
-28397 77879
6102 187599
-377191 -256135
132269 -539282
794159 -629807
-218826 1369200
-335211 -143339
-360550 22788
-515328 -22168
-27728 -543190
-74685 -699372
-190404 -303197
871898 -608842
276430 -375778
891174 -139548
-1016713 424590
339406 696885
432811 110030
64738 445374
-315997 -386503
585019 435467
325008 -326110
642894 -29141
392841 -1054311
-384229 839139
849855 -776812
24418 76314
924034 190044
-384102 394245
270096 -260610
814984 -100860
152613 32864
-202483 54157
202309 -279616
741892 -1127773
-1096573 65517
-381831 -866265
-338392 -12320
-109877 -132922
-54072 314997
-560974 -621526
-411949 189342
-646107 796872
-128981 137439
-202834 347344
-336550 765254
436531 567611
-230975 51476
363383 99619
417376 -1023486
221943 -248696
-640215 26981
-248470 -472300
721407 -622048
751737 -880089
-429408 -749441
679746 -101149
287011 -108883
-241197 -221266
-593967 565114
-579263 559906
-659186 -31316
-598534 -249222
284720 -640186
128603 411368
-474394 482686
-896664 448086
433382 -407209
-605772 899577
-970133 721089
-471154 -538854
32756 -594425
-338181 -270812
-118004 -28737
61047 -1091198
147447 -403599
-330123 -275378
-101067 853275
419006 374024
297659 673427
833887 -18155
202871 -21552
329203 136711
733039 -676383
-27095 -451358
-210557 -418607
205812 241414
512782 405847
66335 -66793
-211603 153135
-56518 370530
215275 -494389
781800 -303543
-192058 -652588
-545866 -550927
32663 -376071
235232 -407161
262296 -514374
946370 17421
-532676 -54202
-379333 491567
45579 -804967
587280 308440
390780 56832
146379 159128
-48452 158186
-1276858 614794
-277765 556578
1185116 -104136
-185527 379286
543103 -555518
-661348 123703
1696135 872340
-309790 -204769
536465 -1134496
-72606 1298184
1003367 -33162
-1298180 -112078
-59003 -782109
864503 273086
-204049 -387342
158560 175480
248318 -376994
259663 -533931
811358 1269180
-568888 -446100
-706708 356363
196614 -564798
572414 737732
686670 -484871
-322637 -616598
-239023 8751
225741 289294
438965 -331830
79607 -621643
-1139261 -387132
1104750 -339666
5160 266037
-368970 157312
-146017 183853
-179932 487572
384138 -281496
-39254 -359407
102271 5637
-286129 -422229
-274209 54140
605284 -23412
269117 375654
319851 -854464
-317745 -628255
-643401 968119
460795 -22774
-290196 -91815
-695206 831069
-1492712 -11223
-178879 -92941
-906802 793340
-554849 958583
-195016 -303365
-209707 152968
437725 67525
807169 -638968
1240206 -1670676
706635 -119114
540429 40689
53008 -116834
-300209 400121
269265 -439131
-120056 -293539
292725 -334678
-316763 -345032
-277635 -388472
253035 529199
-485944 884631
706110 232134
112007 629807
286756 -479702
964637 1474779
-513866 -507978
173993 -620881
161607 1345458
628172 455407
412556 441288
389925 604765
315849 -621343
830631 188334
45827 -92425
1215134 -4593
-37346 405269
-170266 -73993
-722626 -364231
-647757 174864
-491939 522534
-823609 582713
201918 484207
-74502 -635176
369147 880196
-1185378 160536
222389 185196
609149 -8872
647344 -333306
-64865 390842
-1237850 -920448
435742 -639719
258918 563337
201814 -1903
369145 280729
641839 216740
-304383 -358646
-849939 -599804
953210 1582542
600369 470680
-889581 58947
-291312 -302491
-218287 -736183
-500115 129700
367237 918240
-531517 177037
-757946 -865630
-526956 -241081
596142 -427315
529008 104829
-873398 -374342
-610872 970511
-60734 441063
229402 -630608
-310094 306566
-137408 77072
-159849 -721768
-199189 130464
-183807 97377
12126 68445
-322182 677518
-1213368 -659442
-359818 -753886
-243738 -382699
215269 -419664
-682469 -33518
450188 -136151
118013 299347
-418061 -108198
175231 -54992
-509330 197916
31003 387227
-331417 -200376
-691241 -1150407
-1008508 -168808
842303 623689
177259 484198
-1229675 630585
-56220 -644913
1054361 -122541
-247279 427863
-111270 498882
521290 -606894
727684 -749792
560504 -331425
-52513 108807
328975 -367437
-640677 565240
941674 -652143
182557 -173254
362606 -547851
-122831 -11697
292506 707465
623381 502011
-226728 -180174
-61746 -72426
229081 -1333781
429303 398174
-99355 188448
442560 -326092
-29300 313145
333766 64145
500236 -217600
-98697 106193
657465 191942
144714 270426
175648 153527
118656 -439635
-329188 -134117
398091 48987
-170810 107100
341162 -282919
-626860 764152
319241 -329068
-38212 171995
-472032 -268008
-468232 -228327
-16809 -657397
272796 -324294
351086 863046
-113567 -130644
54847 -298968
401712 862564
574712 -367892
-169499 458369
-737193 -502949
232945 618945
-35439 -501692
760108 -623988
562391 419160
-832297 130050
688412 637424
-82301 534908
296541 288198
-393688 53095
-961092 258515
195844 -200710
706046 870647
-321345 -219217
550257 -587374
-514559 62462
453809 -173255
641797 428807
70463 213729
-230038 88655
-134691 155719
-410209 -481099
-341540 -320035
753553 49089
-155600 652314
-610116 432348
217163 343560
-366938 640801
504523 -416101
632153 67410
508438 160984
-549130 13969
-862351 205724
435024 105215
678575 -460809
-172612 -419439
-557947 567122
-424200 598583
-80248 -301049
409372 163826
139605 -158441
231107 8593
439933 -382754
-951352 -371821
331310 265819
-1435454 -396725
984272 1087231
-34550 -408960
277873 -28336
34955 -132104
-631148 -335151
-553455 115388
691307 903908
449357 223228
38674 -204067
115575 -318623
36637 -170601
126503 -575888
-202093 -890623
-179081 -552263
-1005529 32553
-64151 337317
356892 191790
-701366 -187832
30870 -679666
-779978 -718468
107318 -876033
577668 90209
1050946 -1623532
-319350 754641
-147184 -867765
1410470 328562
272704 -316268
6784 243153
-441366 301276
154340 33221
-423140 -654426
-850699 -445176
974580 -187956
508155 1328817
-4057 841439
-685713 557889
-284894 731943
-557096 14097
165579 66810
36834 112805
-281435 635600
-268642 487157
-772353 580750
-1059909 570745
99261 -281974
8683 -131912
-407364 395661
504705 196461
278769 -249223
-623035 -431666
442558 -207569
24306 231129
-59227 219895
-45903 -31321
-542292 -882323
53047 416158
-1114020 -356419
911584 519476
612382 493668
258264 950342
248660 477755
-528753 112978
893809 -386892
367786 -426083
202971 -15222
76649 391833
-494090 -229837
-139486 73550
15521 948159
-736390 -693409
163589 -190134
51649 90069
580991 -28531
-229172 160979
-916439 -639183
536171 -1223430
318097 -730551
899862 -718554
-560249 1994
1277114 674717
734358 423920
-212050 452228
-534725 -643241
-312504 771491
-59654 -133186
-458341 -79882
53592 -206366
-447753 424486
535199 -141357
-117615 -5517
-955881 -283774
172326 124580
563256 -232932
-203 -156784
827410 934553
416916 69433
-266096 306404
3366 297648
3209 -1010586
-713836 -356790
446272 661902
243857 141355
-114382 310230
1146690 124222
-150835 -333524
-477758 424817
583198 -377608
307348 839675
715773 -487087
153858 -357131
131361 286790
391988 -205856
188727 -441978
-244943 368356
-114345 319676
-74762 -425440
288300 -28478
312843 505069
258011 -106951
-7767 235574
-324289 1308719
-185583 731604
-46669 248311
128509 -27947
149632 -663661
383893 522447
108485 85648
-568606 -17175
-167128 -367898
590238 501562
161125 -254608
501920 -1438188
123089 -307451
229817 -1486099
611309 414899
622341 88246
-276923 423252
-691790 -1232542
-418864 -55629
-692324 863591
-659212 -14280
-433854 337822
-161157 -341338
-267184 -294509
103380 -129983
-953316 -329110
205708 -390270
-1570365 823556
276957 -173094
-581710 -914596
1232810 -589161
121420 541367
861676 -289204
40198 603742
-881264 588306
1061481 -329981
561796 22204
-814801 262486
-213856 -82148
51071 -165430
91663 -416228
193817 -41005
723800 90211
-314080 -231342
222370 -168618
542678 1280955
34631 111693
-152886 236613
783482 361669
8078 557669
-1131121 20303
-147987 635942
829572 153405
184308 -424171
-322961 885520
37062 659009
240651 124834
-745751 897199
931729 427784
155955 454220
-482748 -535580
92364 -119828
165158 -637450
77869 -651477
-208232 240580
-465520 210212
-342420 424325
123685 -324156
-107473 92473
-251596 46806
-177594 -1073053
-674115 -202869
-368084 -359657
682497 814827
-334994 124960
143328 598520
777919 -682410
331911 233306
-488836 507067
982690 114553
652355 617740
-382990 -174155
-89866 -604946
-100461 675140
-244272 -371600
26269 -57656
-275966 -80840
-322735 -272363
-240223 12762
-629575 -316454
658360 422470
1064460 -895496
-248087 -294147
-122453 -221390
232390 821560
289602 875852
-297466 -211871
-222652 -463298
-810658 302505
137788 -87148
-421733 708992
517219 144378
104223 -799262
-1334835 729712
177519 213920
475924 -348201
1238891 174943
535420 -2090729
424048 -594355
389701 145922
135933 598617
-212723 -968056
629116 56607
1484319 -414450
544178 125392
4511 -41735
-160111 -43235
-365890 222229
-931511 -385260
428710 811065
-563385 435454
56635 -353895
-307612 -638182
563826 171446
601097 392863
412348 560293
286034 -14030
55413 -203593
351549 578875
310337 -1147750
-121426 -385711
914369 128134
942450 -145969
-408027 1083566
-486835 -972915
-883925 873650
-719357 -566438
-125916 -100001
-94434 739282
751024 -456839
301139 -168003
126460 238393
-600622 -323510
-255555 589717
19779 311576
-612601 -397412
304507 816810
-1492719 181545
312336 449306
-134720 487801
-801266 -119298
116370 957896
-94718 707306
-895594 448256
-393294 -974676
-294685 397382
-652289 -978646
189266 -725423
1087895 -315287
26469 126437
482408 377796
-97139 -158591
37757 473948
-123110 -221199
624506 172318
718988 -137451
405289 82426
-273469 -912312
1010329 -87015
615062 641173
79565 367417
100116 500968
294406 -190462
469107 118297
-172486 15907
48444 363678
458912 -286651
410772 -690867
-474072 30841
785203 144241
560073 128504
-93032 -1134524
-179492 15340
-252533 1070795
-670331 140486
-249128 -216215
-70320 659048
140027 1254469
660014 -292862
-667003 -267099
-434802 417145
-171496 69875
442083 747556
-355301 92998
-79271 268382
-174865 -283321
-540398 275372
109932 -36248
-563334 -141481
796090 -604553
-601447 535223
777429 541146
716756 -716566
-436136 855094
-1182063 -17243
850865 69079
-106898 120627
-124405 768814
-249062 -11712
193213 151992
-528511 -245715
-469458 -619742
-352119 -863448
-206127 180571
-23374 907542
-282217 151481
586975 80718
719089 -163718
-46532 -166450
934448 588277
-143479 363018
-542986 865591
-574990 -893848
-636087 -167815
-220841 -141217
-515550 292251
-629573 -22006
-79462 -443789
-209668 -77459
-423132 344451
-1250324 -41400
585178 -760343
16970 -583844
98246 -506099
-322934 62788
-342036 -64067
-181845 -218221
-55945 753554
418513 -790533
-379185 658145
44248 -1001350
974011 583842
209379 -298871
30759 -616861
441769 -9754
-182681 -155868
440949 610360
1545490 88229
569297 47193
-116916 -632287
385962 288637
-417818 779723
72258 1159612
-477897 806368
684205 884141
493841 334425
-480020 -198903
49721 316371
-478718 -55298
22403 506271
453424 279751
-866838 177323
-67270 -601253
-89352 -260213
689870 -14262
-295746 -202984
-187519 -137463
22170 235479
402564 -855303
171195 -356533
-152635 810151
803747 -117143
99091 -20724
261226 118170
262684 -296068
-521521 411424
-594252 238454
182443 73517
-468292 70230
473108 -869136
465765 -251816
-475953 -288155
-697995 468548
-711694 -543532
740956 67497
-539460 567346
188640 -335835
11411 -135137
844269 -339
882190 -119735
111104 -67014
113010 -129013
338531 -325590
91285 388040
154948 -546228
-616328 -330195
-168554 -75084
596346 -234424
-617838 13341
594296 110883
39354 -79096
659299 -29725
-211007 243029
-93010 947358
-373485 163508
877379 1683639
356091 -327345
50479 355449
-1007267 174226
-197859 543454
79875 -515877
-64001 -231778
292549 -259033
-358921 387453
583493 257166
103395 167088
479420 783676
991251 147567
-182585 36912
815424 -79813
834629 -384540
832162 -149869
-113568 -582727
302679 495149
-321423 520561
-9498 -1230640
-378886 -159437
-416376 -97201
16228 393569
679102 -25831
355691 668470
275636 -249828
418453 -829705
-621781 111341
-665033 -507202
-477448 -810878
-275791 -1111023
887700 311115
-119887 1601023
-745953 -130562
-206854 -635992
-198691 666471
793157 214875
220345 59750
-11999 -33782
182182 294117
1374302 256951
-527709 63199
-49561 -720764
586040 239644
329484 -481654
-319538 78775
-265853 -1043981
158580 -223731
149034 -178152
41649 69979
-624106 743003
341121 294538
-4944 -158703
-76965 -887232
445103 -415507
748605 -76330
135223 -952713
-11432 971912
-716446 71293
-846723 63893
196272 -432293
-605408 428729
275439 246413
600006 -279818
-486865 27395
143016 -18096
-443501 -144938
511512 29550
630944 212076
294895 -375829
226462 -450906
584894 71906
-549980 895352
-307276 41857
413543 903812
686112 718713
374431 165824
-340358 -719757
1002117 -637364
394812 -418559
-716119 -60514
164435 -360259
-39442 -304742
-902284 -165000
951622 769679
457479 168805
347284 510037
-389123 514299
299126 -738011
-153535 831339
741391 538273
392628 -448818
-206650 -689387
-261699 81068
-1014958 126766
-116611 -662421
-186395 212436
-216649 437428
-527999 -248540
679177 -958018
591420 715736
-713070 332075
32892 432329
37459 814914
-563183 -451596
610588 49097
496368 -63458
93364 662272
1048507 548370
-536535 153370
-99464 -283588
-1205284 -217833
-248694 464389
119756 456285
-295460 -28426
419684 -189434
169032 70328
-513586 -57736
448636 236769
283429 86706
20708 -922104
771604 317647
792308 -78270
-122911 -125826
-302289 166359
-23934 -290780
407729 719516
-118172 -72869
713628 -80756
657928 -69133
-547857 433415
252423 -435640
-1104982 -302989
-485075 19986
1090564 -587410
-81252 -47194
445036 -89208
-1049200 1270703
55738 -92810
-477555 -130233
-434063 622315
1126613 -160543
-101250 -267471
-498945 712284
-202500 206197
-144015 69327
-273696 287400
-723935 -482311
896450 -241990
272682 -17962
380279 553707
605660 -586101
286932 -101061
33705 -1685
510054 -22782
347827 27290
25008 -64072
-900129 399597
-121764 435861
628196 334099
-333238 -311046
-79698 -670063
-370408 -32080
-534425 235657
-202905 -588083
-223051 -327875
-658409 -176454
-1185014 -26385
167169 776059
-1091054 443300
1185877 -331459
-498309 939119
-371061 -372697
19373 440767
-177043 201894
712229 -403357
-338236 280536
87165 203340
-258127 -264498
1233569 -246506
-393280 842975
-388633 -141469
-360431 1383451
-268534 -202386
-822189 -613514
564969 -961613
-103860 195239
-52075 -60421
-421859 -230637
-717135 1227451
742762 229991
-230479 -162445
-157931 -110289
-1144059 -657452
-240128 -362919
139932 1222838
392398 702078
1702533 471397
199965 333929
-206018 414110
-175628 -317778
204681 -576375
90969 129673
-288475 -414181
-557783 -324923
-108951 -441283
-738075 756683
661653 -845794
-197546 -1054258
-258818 -103201
1072094 531841
364118 -56728
153383 -316919
245310 30464
-159528 1004322
56595 162655
901260 1004964
-506982 -291420
2700 71456
484593 -43903
210874 5632
296209 59918
-469570 141518
592380 -380139
-27488 105211
-753814 -85413
50486 207367
-739667 -77643
557493 -592846
-308641 515851
-822568 -313804
-609037 238174
268212 62041
-43459 1000177
259326 414467
-69641 -157864
153744 -723198
-950298 -166035
653625 -885253
90056 543934
30467 -51648
343464 45938
24310 -190755
-16903 -589761
358253 -88845
-122017 181649
-661437 -181678
-240202 370866
364109 -551144
-803451 -982106
154877 -503233
166839 753238
218495 -168968
198290 539542
-301785 156282
509871 -843861
260926 -469800
-634981 34246
434916 221854
-148295 79164
975974 -955317
-271141 308637
169119 -493264
-966686 509326
474522 -270407
-150774 -157934
184042 22359
113091 783182
-492716 430162
-152826 136978
-656668 196701
78085 -567800
-103547 -241242
-1056628 -723306
-606713 488206
93634 293009
355605 -570983
83097 598907
594171 -522092
576754 -207693
463183 -181110
-421189 489024
959777 -84373
-92145 -104997
593539 -613965
597906 1055981
-1001942 213641
-319187 -488029
860607 310400
-1247132 724750
647575 418580
-196865 271946
-96400 473770
682186 -109248
106977 -64793
-464901 -106139
371526 -609249
395640 -585536
-296684 354291
-519768 785942
1073978 -785707
354640 -673293
546376 193348
259952 -334769
-926829 -268614
617333 988873
605112 -234975
59257 -433287
-997469 106415
455158 -708070
-261477 1121146
305780 -144715
666842 659068
-868699 -924862
-209460 500986
-868781 -858920
-405345 734531
-1935251 53431
424766 -1319591
460656 647122
172497 -798083
-93207 -391642
-712202 -677547
27777 -217505
151156 -544448
-441256 672417
172331 199091
-37487 -159271
69886 -373195
173567 -269703
-306947 -245359
-1320637 -541408
20598 -223211
-1216636 -232092
36453 1194662
94737 802703
274480 -224539
92552 243472
130636 -349685
284392 -41908
337212 -927191
-54917 -797282
349707 -327168
-111419 -121054
1408675 423249
-673716 -134213
202549 -276929
-1016097 482289
931556 -99069
499124 -99015
-41499 459256
953945 363061
473574 -181842
132075 367346
103944 -1306631
-561593 230082
-50489 -610757
-487380 441223
-400038 -796518
-90857 -371682
817752 29503
983593 -534738
168856 -1081387
-239747 196006
506773 64247
-511801 316220
-988197 396214
75987 -580197
1484713 -607834
1091822 514647
-182021 -1175968
690017 -48894
227797 299377
416499 -558192
-331417 -372537
-98441 166563
-839497 262335
110102 -848488
-49548 -240109
-671765 -488008
915950 -692190
139874 -227439
-560675 -114994
-114696 871948
364701 684401
-894745 -131011
288512 264765
428948 999966
-484283 -1047964
163470 450495
283686 -358749
-336851 584542
207916 489946
-191446 -1103560
-203845 1213534
108556 194783
-499204 111242
313906 -954081
-143274 -159833
-311398 341034
-20915 -527571
-807211 121577
-186071 1241004
1362296 -184322
-132926 815647
-474798 373310
542609 -284565
-305280 243644
731395 -279246
448678 -914102
536127 33976
229110 60703
-627354 172855
969 -308395
-750820 -154615
-358183 -107243
-25491 -148571
287969 -1132270
292605 723335
304815 -992670
864628 799772
-1450986 -62438
-151704 -666156
614899 -404103
-241702 420338
502950 636199
201950 -202703
-287957 -483292
52348 572278
-95139 -599448
-194494 411322
-598566 686359
-96522 151684
-369173 -105206
146967 642212
160541 293785
-508036 -81628
-650249 848658
161755 513513
-214197 133435
92200 182725
-948343 462684
-374041 -152709
294130 213488
-360803 -278971
12092 431092
246131 469786
461569 192578
-23301 658427
295901 7537
-210296 590368
783018 189739
-226665 -559012
374845 -22488
780299 1033561
842891 757074
-356982 464252
155981 -282413
1279683 -136897
-829419 -493716
-470631 1264356
863087 -388867
-19218 -59298
89602 442040
-892803 32085
-466248 456528
-898624 715601
211372 -196789
649805 414607
113332 557556
774529 -156658
225638 -236818
-721535 -264826
137676 -40974
-346486 -260478
-67390 238521
-253304 -960547
101911 -557491
150648 642352
-57557 -48043
357454 637893
-108027 169756
99969 190064
549815 419114
1178718 1147645
439348 -35639
233048 309060
257165 122800
857985 -50283
-102566 -28552
425291 272518
579643 -891923
236246 500173
13326 -114877
-731051 -23348
-545065 -183357
-137955 -200597
471033 -501644
1200895 -172504
58090 182812
382226 -409354
334036 253651
-937040 431369
1863 422878
257087 70061
458353 -222099
-906594 -156853
701640 -308188
206554 125632
-607555 258765
-268731 -483588
-136235 -153464
-488183 616377
1359819 393496
835239 -348861
-382948 -433709
-222403 -94619
-793236 -176774
-36417 -292049
463784 -9060
-693003 -620751
69373 -725796
-940457 703631
-736188 163368
66052 -21942
507886 197644
547575 161174
-861561 -266137
219854 -819663
-84978 -911014
1277473 -144045
93639 881251
-1056213 -1103953
356517 500764
259643 -232409
547040 153604
178175 -527974
687586 1282360
-556173 -749032
12881 -934281
-283242 198241
-31081 227349
-110040 -120129
-293020 -421601
455413 -816528
107825 -197120
76576 94087
310407 1222666
640319 115193
-569917 -427183
-54371 782803
-335679 307153
-431967 -125808
335871 28335
50060 406520
14507 -188050
1241726 -996828
-336667 138488
-234438 -215843
-379674 137949
824903 30581
-363786 38469
-42707 142283
170881 516250
282092 -542737
260150 -436879
7582 -735038
52455 -704608
422084 -262880
-482771 -586951
93068 94719
-201998 186094
438627 74882
925605 819292
-156635 -14819
-30599 223270
403884 1331526
-282542 -321283
-396437 -324739
-440915 203338
29211 -210674
-281809 -657397
55920 570560
-508812 -270687
258274 -347810
1177132 -316546
-739968 98163
135842 -1000043
675848 401108
141341 -714436
-39189 -123166
292909 476964
-9326 -110388
-674982 -963769
-1083801 123386
-47451 758365
-362520 -434555
130595 159484
-331721 110981
-191217 -151253
-1384510 -40928
956964 -178687
-220084 -801005
-894053 679275
410931 19775
548496 467479
1076484 -418066
954282 -563539
141355 -32263
-803858 -464748
-202606 513640
-373241 -438542
631443 334350
-130561 538886
-698057 -600293
-1108050 -469947
74414 -137498
-356528 -1172585
772558 -1000323
825080 632552
-628381 -324779
546004 -686890
461835 190024
-148167 -165942
-469924 104575
266259 -123127
292940 581926
375973 -260465
721419 702760
-1065395 549084
543216 -2225
395440 728209
367987 658176
-801777 -514535
-73334 -333634
-505830 -133804
111344 -305913
-157543 -44046
1292344 655169
853436 -458209
561386 537882
-290760 -48605
-453854 392186
-670314 95285
-336473 229141
-808029 -384161
-717082 377235
175893 177204
419620 114116
307865 582605
-716138 322472
-1210062 -356356
-461054 -1080918
14887 -255073
903837 -350834
-228238 -626333
-648156 98649
-131664 666851
-197337 91757
-724843 61715
-1426572 -165947
-220166 787182
564169 -798964
-488217 -186116
368787 445968
-786153 206138
-227547 -483876
-110524 -60010
1026984 -416914
513262 140394
-1129968 31935
-243446 -303907
46072 -867361
-463627 58096
673573 -459196
-792540 186371
-307495 -623746
986971 -287380
-226344 109934
208245 254853
377618 -1445279
-1329054 -23144
474748 -286879
59914 263288
199000 81170
-296157 -609039
-507625 1091305
-875239 -571334
-344227 130105
117872 31404
558340 -363491
228982 931561
143449 691883
-680074 -284678
-627836 -30332
268335 -1352540
20979 171520
-281583 276157
571024 414845
-253763 -216236
-722242 134635
-129736 448023
-858412 -413750
874975 486085
408675 1503409
-582271 -316878
266581 -277934
-542672 -639802
298349 641553
-251827 -427137
-472880 325161
-112835 786109
-792616 1130538
195298 -80308
240674 -588172
254892 -640971
-140967 -196170
140603 -878775
-642693 -514271
-180997 -63932
-529331 -397680
-333166 -167416
263092 1013693
-912514 98363
-495656 80486
-603240 651930
-337598 -80674
-181828 228561
-71031 -442888
714809 -777389
-245215 543596
-481393 -45439
-884325 -474738
469140 810780
-12464 32931
171708 275803
-40538 212537
-1092063 215330
-43299 -3217
-66775 -998796
285273 -405780
-265537 1113174
886229 -445849
-976866 -221958
436485 -152472
-11656 906130
-217844 -293203
122249 -534525
14463 -448466
305696 881231
93563 18783
57157 918107
-1698 380356
-25863 671674
542111 -311565
-342368 485023
148842 -308283
295345 -495460
489041 707119
-545871 428769
60964 290587
-410007 517955
-254957 77392
85127 1264596
47134 -372314
-133323 701491
-194712 1284881
460359 601515
-2560 45553
884876 -261806
183937 240020
437108 504294
393363 86325
575126 -19483
-360174 -706845
240488 897567
-377414 326292
-913541 724255
-387393 -713505
-693505 -13610
-112174 -196845
-566767 320475
250773 187141
-435644 24856
-119980 -240047
-49608 376543
-1161310 -313331
273328 507563
-947535 -365075
321877 -100994
-284337 138646
276193 -273841
140512 -74948
-247307 12812
32190 -721820
-465372 -468210
449488 379321
149229 -1117238
-607123 -74822
84635 837079
-287789 545320
-781727 -354383
-372294 834088
-882457 -872469
-222152 -829021
-346915 -414618
-30597 178995
-504306 1939
243646 600039
-197386 -57269
-507080 966567
622299 -142296
-806200 -501907
-53319 730152
310117 260690
247655 509508
-284295 650161
693212 -781533
-628132 187441
-319574 -740152
511183 -57765
99164 -122970
-46303 193553
-272737 -265322
112069 633354
-368511 -269656
631251 -523432
33910 713354
-228755 -501196
-897219 -846845
-656898 -174907
636484 -531437
-622915 284309
-355998 -262734
416734 -168616
481811 -568119
-894717 -247442
530473 -204438
900500 -790293
293701 -803836
423752 -247371
-351012 -51509
749049 197951
-229910 -106512
-624990 -353585
-705224 -341301
449771 -404461
-318055 -1412664
-189861 -276345
384906 -736410
311734 561889
76583 657861
485710 -441704
821408 18538
481638 573961
-302494 669934
169568 135500
-243025 -469983
1444510 436511
-553903 -237753
312886 35903
250600 -694809
-317131 -54750
20161 36204
-98745 -153663
-1063128 -83428
-51630 829960
-465599 365375
-368219 350263
-235849 61796
669837 460339
-794101 486783
-396076 -333621
-311355 229861
169228 451008
232872 -558577
586167 -896985
-720647 646210
90745 408094
-1078483 378796
-30434 856815
580872 926039
244250 -199176
333150 508222
534766 185593
-271953 377653
-216352 372207
-126398 42536
-346598 -597328
-61240 -687157
564407 -782805
419537 204872
605843 -282041
-426054 -439288
-28747 10721
-505771 -38157
-575012 915156
-330427 -518384
590068 384555
859964 -861301
416078 -771110
152332 399257
-874972 696896
-410253 -4801
358072 60496
-596617 61748
980997 -13710
595224 810592
-253679 -243251
-93833 804782
728110 138806
308073 -460284
-298183 323439
-164861 -405587
-153442 543179
-697742 450577
152461 -703788
-626442 -107361
-739638 -470246
106015 -132837
768124 -135400
499271 102948
212067 -956010
77470 -127549
504940 -88964
-773288 -408134
-309480 1067844
-398354 -77152
395723 -879405
-452562 810763
-1069089 712602
-246563 -817357
1131639 -1264025
466236 509842
-403087 -197977
-951548 -440016
112630 71433
665808 47389
-68055 31146
358089 -695462
557375 -56347
-528842 68547
-751413 667635
-122419 21817
-603542 58585
24555 7329
457882 303499
737467 -345092
135257 -45643
59749 -60738
-255288 483744
127788 -353047
-341328 853117
10075 -292985
-281123 -224861
1034613 -469160
-374407 886798
-552942 130138
1194136 -779326
-167114 844481
-284775 133368
47879 -904805
-84626 -518144
412418 376518
45853 -362605
-590 568494
586830 411770
714480 202956
608730 43857
-792128 -78749
-324764 900957
-23582 314458
463727 -408144
399822 -75551
482446 655688
-1261487 107538
-226371 -707319
-386519 -1387795
-510281 127891
1246225 -1047017
-37740 -578395
-142142 -285031
49608 106370
63047 1007692
537261 -88234
222659 -623103
-588128 791570
89981 66174
-471538 -653484
-414504 161629
-485161 53588
405143 -171707
-318330 -5545
1002886 -493330
295034 848471
-695755 681227
151375 343530
203119 45357
-321905 33338
401416 141929
623060 518090
-595016 45556
159315 621707
-501797 402182
-515352 167615
-314980 491728
-259206 922856
-1629867 -43120
973302 -585809
-170222 -850934
749701 -597159
-241093 83693
-1236584 -38266
81052 -846366
461745 -25418
-8799 561924
-224913 1306957
10861 281743
8324 926977
-92557 -124495
-294481 387040
141160 154573
826837 -684214
41427 272643
-93212 -337141
-744994 601472
-145924 -1062735
49976 27728
1045443 -448462
-27240 -766
44267 120920
752673 1033946
-1077341 -280497
174497 149376
992263 115538
-72527 -980921
-80198 -1518
-278491 -260191
-471243 337620
-96491 -1279092
282079 817186
1294028 -590026
640091 -250652
-285133 833512
-509265 -529154
205181 -126756
-1050796 611906
262173 14018
157614 -26962
-67916 -214807
597971 -479256
-200738 298184
-154412 -395059
60045 654972
-210017 -110494
224951 540704
1638170 722133
480004 -452282
554182 -116701
-157409 -872973
-222280 -613365
1274898 335267
39805 -979985
-67519 836591
177196 431392
235389 257706
309583 -390237
-201762 -443445
-658052 624860
611970 -1364719
404612 88425
711066 -71049
-637304 587544
153445 152689
-814124 294792
-116862 -129265
-1351601 -888351
-370221 390518
-323326 76135
370178 -393371
196093 274396
-172480 237511
-654061 393231
380745 588435
-11128 1165073
-64585 -493349
248773 -155721
117715 -283734
249283 -538801
355355 142783
787663 298129
-107001 80466
-665451 -201501
210295 -541780
-924058 -515755
-521138 -700028
618627 -322611
-318855 621728
-167790 -510047
-173030 -1024300
-165980 -73920
-32762 -330413
-641341 -1293974
471576 611263
864501 -487342
-378199 553426
741561 -1090371
-1473117 -452621
-374911 -455683
381881 69617
-255812 88140
-593331 464445
-244389 197705
506020 36410
-455483 -580116
-270392 328118
-757289 423347
297758 -71782
-174311 -224380
129518 -943353
130091 1193320
134717 384865
-829228 614466
329156 306609
-191726 743019
259478 -150045
-589486 45773
-164060 95160
814612 -477553
-646322 -56251
937969 1401681
353725 -284273
788128 -161544
-368664 -223461
183401 -394766
-420499 1562291
-224972 736300
-707952 434750
374767 1114353
-837691 432787
164254 189467
-167655 -499089
477964 -404217
-531671 -1219800
-478947 -413822
603878 -176786
-28661 1041901
1145247 -162916
-88570 -493417
-382908 -41392
-725161 308458
-461533 443177
-163020 -121245
-264116 -337869
-36886 276452
54438 269156
-108750 -274634
-256986 492018
12144 23891
-568809 -111169
432472 1130178
-274176 288595
136681 -306342
309979 43234
-324011 -441420
-411863 401989
476271 -450305
-406526 776032
65706 -186499
-535120 244668
34317 -22912
580109 -532690
228906 -85444
777542 202278
-523013 -1098242
-314888 602920
631580 50270
132447 38482
-45435 -328918
97220 293756
-243294 -759452
-466896 123237
570536 -354056
-1014486 -271285
349073 294501
-603326 -45051
64466 -337730
-133665 -88103
-362497 26986
-793068 -289364
-342207 -240571
-206658 713449
167910 -76708
-315549 409684
932235 -333443
-169970 -126538
152272 458771
262091 -126365
702555 -60920
-52642 129888
-1145152 -374545
336200 -325205
96191 -96541
-646038 72970
302732 -440923
-450311 742039
189897 259759
-102003 64159
-189313 144896
72738 -30887
976430 -152809
-1035037 743076
-314814 -357782
-173998 -74748
-69199 -120109
278280 275334
118153 -182932
-584990 46810
-290367 117899
-900435 21589
-316864 52814
976213 -220893
-662006 -56185
-804437 204269
-449760 -365574
-145157 471448
-959801 -14695
-386599 824806
550715 -764778
11701 -369984
749121 -530437
-853710 592934
475134 -48697
135483 -56096
-552863 -463225
938159 -827501
-8722 -716937
-66590 -89016
265845 -758595
-941773 583150
-855076 -436546
445752 -292006
-507735 -282297
-138492 -687147
-153915 687275
461867 249922
-269014 657221
45065 908125
280935 -522346
-679382 251066
-1042078 579598
630491 689445
700149 72844
9717 -219255
236540 -985581
-295755 157537
-255661 -916748
-1096038 233605
-1183477 -945518
141795 -192729
271626 117390
-734286 -15810
589522 -223036
-425994 431828
588027 340987
770879 -315137
-131908 -209500
-450015 291483
-158747 -688319
298248 45820
112529 -420033
289128 -997524
-713554 41249
-162752 -410940
-151225 -745492
216320 -149038
-495186 82414
213156 251638
554309 -727915
-253618 2835
151206 322787
-1012986 -38339
309496 -102008
47841 -282325
84766 72383
358371 400705
989099 601834
-470702 -554506
-78602 -598071
-240915 654651
-154547 755777
-367028 507146
-1127338 251489
80814 176042
511957 494358
-567597 606083
-776932 391267
-357927 56560
351208 561280
182689 -944870
1094779 -216258
-59977 54931
1091953 -535632
100698 -567528
-637550 -462732
361040 -435503
802624 -522042
-396430 144522
-802704 -901272
80158 -424573
-375771 -44811
142248 141186
543087 297568
40033 250162
591709 -277207
215752 -1023117
-314673 -22773
94845 -321808
354907 496316
49653 493322
-337632 491731
162445 192132
539773 440392
136366 -318370
125497 432713
569699 383924
403703 627957
771299 523298
-2702 -463030
-22886 -218772
-491491 823817
52155 -1065285
685305 199234
-83969 316711
-737425 177897
-227798 711868
-914168 -900341
-402460 50826
282157 -640611
457187 382796
-410471 -272511
432100 479921
12295 584780
-1187252 -137825
-257019 -962415
-881888 120565
470546 -659818
843492 100657
-10586 819418
-355889 -740718
-717098 189956
-577866 -896351
138705 -141544
696455 -148614
-477833 -999891
-395137 -105351
-300210 -481827
359941 -676243
-1137474 -154614
288108 379784
-556325 -127062
777965 -349096
438850 -319802
306450 -86557
5360 -1348478
276407 613891
-219593 -163609
27305 68219
189537 425709
-461697 -373177
22503 -110854
-1240730 -453810
-130748 449010
580815 324881
233214 142537
-259840 -33974
73051 331468
315583 176013
57266 330469
-253463 202617
-207825 -316772
615004 -161894
-483489 -172458
-768083 -353371
-216798 -502743
-420078 188644
895422 167011
-658665 106869
-1055327 275511
49282 26249
1349845 511055
821603 -413482
-271564 -320334
330477 -56242
792157 -317275
1288454 -385380
73312 911126
1023430 -554561
-167082 -533707
-630002 162311
238807 25662
274522 -318918
447498 943505
-290459 -689150
53286 -653972
-862904 236840
899537 -1346409
-252293 -663868
-1003742 226442
-297292 -388620
687781 -247507
353346 544829
-248996 -1397
-34234 -253318
2306 545271
278259 393663
616863 -803219
118895 626366
142131 815658
-412241 285958
-236869 230701
-96089 754321
-829146 287060
491699 -325571
-427213 825294
-976684 273957
545134 271204
499907 180571
-543057 314638
29059 -579808
775103 -60701
-153152 551896
-145388 220567
856120 -4359
215611 1051645
449474 258593
-1398763 -509627
-649505 102221
32955 206044
100820 273983
-2659 441686
-6927 -697367
-315076 136920
34928 -937646
-556779 56628
-474286 -366530
-12791 347338
254357 894111
1122903 212863
84572 -533084
-762701 671978
273606 -65551
412677 239651
-184491 -446464
405581 -174131
738173 59686
21864 -30227
397704 286833
962176 409066
149609 2131
857521 819314
272390 -1213069
-152337 -410218
10316 189248
-208809 -252161
-680939 110793
967574 693256
-233097 -456157
-203156 -881935
-571449 -281856
151891 94674
-199251 -786366
-277533 88582
523586 -893339
767489 563603
-45657 -393071
123827 364946
-491292 -805294
125211 134395
-776987 533121
485095 584273
349353 250514
14172 -70683
674668 1244862
318864 -872131
-304624 -79932
-154714 -380721
483429 106069
-128286 143293
-61226 602565
-544237 160049
66966 559311
523116 -399568
-489735 -312197
171657 -933511
-594948 -32381
966555 424212
-130300 206783
-377924 442993
-288631 624429
-502641 -50814
-634054 837210
-770442 -123524
-416101 975726
533460 249569
-541098 -133717
1106034 -610175
-175869 946110
-957645 -181187
-132288 -535990
-214710 -966428
-61830 -129114
-422368 -28467
-33834 -124677
152630 -1126533
450549 1036146
795448 -805547
302074 -480919
258234 -61562
-235817 364889
228493 13745
486545 -202225
-661404 -112281
271435 165842
357089 -921702
115913 -483771
530722 21254
-418373 -1052822
-164952 -425570
-476129 -33596
97069 -592438
742834 895771
152410 -789026
49876 311418
178536 -208080
697526 -13468
638785 -855309
341985 72444
376663 56434
503530 -384530
42408 -86591
442226 172571
-50354 338631
213132 206508
-166928 -444606
60385 173491
613571 -308759
-639054 -8913
-750070 1119316
-359707 -316156
660866 -456238
82885 -269241
630535 361220
-562587 331919
-1003034 -32954
-48023 1475258
1020475 -48305
-647686 87500
-213386 318971
-505168 -186108
-362921 -242213
307788 195595
-162504 1407167
340236 89231
200138 507514
-178001 536903
-1514940 -1016471
-205656 -291825
779908 392308
211839 -537265
571048 296952
-191653 -240283
-70924 202268
-96935 -80930
703110 58886
-403339 736587
593638 1091298
-113773 548466
-697164 183434
-515997 -266336
819934 -746329
94236 546446
-352748 755530
-369943 475452
420549 -633386
-372394 -461691
-291702 -344461
1209025 -433074
-58529 500468
242700 239244
671330 57802
437243 273137
-408480 487566
-941742 5671
458448 -14117
265910 712532
-210089 643155
397277 -112745
330721 -454406
-515602 -1055109
248895 107442
-621539 820460
-284087 -668386
-220722 -67221
247571 823718
-337405 190768
-302189 110421
-602769 -27141
-532871 289345
750594 522382
589300 171124
10674 -374749
525558 -29047
-484738 -146243
642238 1592183
-33739 832773
-315315 839580
-593656 -43892
-201195 237573
-630207 -428549
-566935 15886
823454 -180465
-317490 882387
-839864 171295
47476 61474
323143 22443
-505665 -475733
766313 89661
74558 196922
-260699 66630
-94355 -696141
-621784 30709
-112270 -566184
-564819 -74623
103712 -142796
62943 433924
-273669 247850
554253 -698222
27520 100836
546673 863987
-631193 506109
-1162377 -275731
343921 -186667
-680980 -49473
419507 151396
-8060 766558
-526945 247516
-349332 -44582
36945 -391273
-120016 -206328
-54806 -216472
-159389 593257
546244 596773
-291684 1003452
-658567 -132626
287046 465243
-515516 -348199
747355 -1039974
-90403 -274772
673193 783137
-603509 -22876
-691361 -832646
764107 -48320
184917 -249874
-224210 869249
-470993 -384476
302436 36432
-245819 -769725
455881 345303
225496 31372
69391 -640133
103107 -366441
183959 -48588
313962 399530
-181635 131902
-290294 -181272
-537781 -77378
-75405 -759308
-251611 -111237
436066 -995634
-485147 -948019
36821 60534
-490653 -65121
535053 80596
795200 -63560
-877296 652236
-51212 218502
-1136491 888884
-362322 197631
-338235 -28900
-280907 -674087
50741 -417184
-74503 -226233
-309068 -372995
-358071 803810
-1142369 -857734
-855499 -1211145
437313 -21761
-495608 -69487
-287766 184871
-346979 -513576
-444253 151109
249676 -91150
11019 -340924
-599157 -248081
-292886 147657
60944 1017065
-723340 208423
-529334 -217347
-574220 53504
-179646 241780
-34160 -131297
93720 631495
-117657 72804
-598735 -777385
531532 -1005201
-165749 -22999
-85433 -222342
-842699 611686
83419 -719151
-733940 957125
328186 -259824
518541 331185
-1203696 492766
-87541 -252414
828164 5751
-1015459 -93387
-82237 389629
134038 -137444
447781 -108889
31393 317549
1107334 530762
90289 393691
555594 815362
-276101 913532
-913065 -459615
165285 -277162
217121 14465
-437014 83638
-164820 409949
-583489 -993907
-238880 -432383
-98744 13161
-222490 -12414
-461574 336807
-27730 -371947
711656 -38702
-261539 566786
-788793 332671
-779528 379951
-343200 -861962
726476 556450
407621 -333270
-757128 -80279
504266 -556018
379572 251640
674859 605294
-523413 223580
-169235 647976
-149547 -565694
-386471 96745
-129813 -80777
36544 336212
-191580 -507595
194978 340751
128811 160854
-23409 -315938
-227654 5936
992123 -171501
-486919 -453632
-539139 -78128
-218859 59574
575256 -518316
519411 608792
-380702 47870
157391 489593
-779038 -200872
-665184 -374255
543968 734664
116387 -446576
736730 -399840
-284009 725671
-322278 -159086
-739119 -629056
292201 -704042
-170593 -88779
-13656 657964
627147 256317
-611418 193670
-448571 304953
182930 298966
244527 -565606
839375 862492
82268 -400154
-316338 343596
487283 -73437
-8071 409554
-890210 891182
-733744 191916
-677146 1186532
-280770 -195952
-271726 971265
362691 -384812
-402922 327986
1366403 -506257
294971 533474
224498 -563926
402494 -634836
2237 860177
64292 -219893
-342423 -22633
452752 -712967
-642486 105072
506562 -144994
328093 -402407
516216 435921
-9547 295562
902200 66632
621045 269530
-339691 680854
-612420 -329897
262791 -1037979
-14274 -10335
-124941 -1246538
569382 -916967
611583 -354172
1127374 1189342
729701 442243
592792 191936
-424804 -301320
101878 -340385
1552504 -546006
-412968 -212025
756599 -521095
-213928 -450212
-229007 -1065839
-302193 -488316
773744 441212
-92442 867547
-342882 103696
-573875 -171796
597131 746341
-821258 765320
279496 627495
182732 -597790
277116 -63945
510518 -971536
474981 1143250
-477809 656539
-1534419 -55599
-351216 184328
-1004986 936065
-319342 546067
-428860 -173736
-567971 129969
171101 381516
-504545 137632
-367485 -197542
-27029 16091
-356861 378536
320964 376625
-159221 974282
-158402 -210664
85999 -998712
583762 680886
-80034 612181
-37958 93577
-282822 -581526
543228 97486
-521351 130098
641959 -223698
263240 -222734
1312425 -94401
121254 308573
145430 -34672
-15754 113837
470443 397688
671447 -301580
429209 -494225
111882 880128
-556546 -657
-164418 -195649
-661187 264465
190074 1381334
586286 -85245
-499827 -191899
221751 -113341
-313063 -344731
-888166 255705
-344348 1038850
77127 3548
412243 251062
-218523 215339
-488297 60367
-300184 318156
609407 452742
358806 48091
52140 -49241
-203610 -199778
-206632 -755841
842609 144957
1060800 278005
-153927 -226645
-1175716 -630148
569450 38684
-32419 -343202
94552 928741
-108770 46405
-342773 -35386
-697851 354392
996048 405978
65910 -23218
-208349 -360107
292442 116001
94693 376865
306222 -375252
12461 -312416
-856657 -624047
138694 90698
-405715 422409
-248558 32368
-379246 -190221
1025294 -366509
422791 343325
-1110787 361756
324490 1616217
383947 620600
493373 -81548
333478 265147
265567 -285589
276412 -982681
696510 -667145
116270 165037
-587472 826627
652222 588795
31096 103753
117017 -571243
-16491 -291834
-247519 -270890
-87896 -339169
343743 -442815
-995081 -151430
-412810 401691
612966 -238912
-487932 96743
-143538 27985
221675 188647
347896 531250
334895 -447524
899302 29644
-347485 -299156
-89938 17897
200243 -104146
480830 118530
-1216613 284979
255951 -358812
-296731 1903647
-690341 -409878
-30537 -1061824
-735169 333157
366601 171619
241774 701567
67453 -343179
568947 -1055
-802131 -53314
472462 -62060
90082 263666
804975 -197947
74657 659693
-637540 -98268
1023243 -93448
-378007 -285048
668507 710058
-137458 289607
34986 1008267
-577866 197028
77921 -242422
-998446 -290217
122448 -441781
404779 141443
162147 321961
-314081 28898
-601880 665805
143130 -892511
-64722 -79973
-58627 -1626484
-437925 65792
632992 -518456
-684574 -655322
273531 -25444
-549994 -805359
696568 -538995
271510 -4004
94577 1182370
-826976 -439574
-853678 -297159
-35420 1281618
52109 109990
-360052 904987
-652733 266567
431147 672435
15580 476470
-645519 -280790
-566547 -9797
473286 575636
184037 -1322174
-246885 -24407
-1182526 423285
329115 382618
23092 -613441
166844 -769952
