-73152 20034
52762 -7781
133774 141191
92439 45601
61228 19652
40355 34842
-1876 -81670
39180 -45448
85672 -14455
59249 -84254
-23008 -124070
110808 25563
111167 96211
38269 -18540
-48890 -23377
-21469 10457
-20914 70229
-109389 -76142
-26387 40734
-831 -88433
13266 83744
-26174 -69722
35090 -123420
71707 18698
7554 -13344
72540 8866
173320 -90356
74671 -44448
-23579 56005
113979 -9547
92390 -51936
21881 82263
-8423 -118640
44222 141926
-12374 73249
14586 78548
-48469 -31462
-83301 86071
-69 15587
-129062 -25562
29272 -49377
1091 38720
76166 -54516
61105 -67908
186446 -26030
-75423 -44833
97833 96075
-74867 24533
3717 -7479
-56891 -7620
70135 -77044
-119281 41321
-20236 -71334
19135 48919
106978 -42550
34403 -64631
-56157 88108
-4968 -1957
-56423 -39193
10235 33267
96422 -53515
10896 12901
-67025 74809
75133 3816
108082 -27849
-202075 -78779
41482 -19081
-42730 -15696
59452 -111902
78298 -49787
-21327 98357
-10233 52635
-45258 -24595
-66730 24315
42460 -93260
-18288 -9034
94990 14713
-124918 -30844
5860 -62641
-127960 34008
-65354 72789
-47693 -44774
202267 -29752
33989 -36460
-54414 54980
-49154 -140141
25968 33777
-4378 38752
-342 -32950
-96091 39944
-36007 40039
-109545 -56650
1214 31465
1830 -52928
-28454 95194
28452 24820
-10908 -70778
112092 15859
32417 46426
-43415 111663
-15934 -5496
-71310 80668
-82037 27139
1972 -151567
102364 83054
50388 -59182
27529 47374
80355 -28003
-13821 -117023
-47909 -38156
21511 -54032
-60497 -5540
-3430 -28535
-54109 -14833
44711 -19279
-64483 -67650
127638 -65945
-2951 -81378
7683 -10707
8238 122346
-34104 -67266
36014 -12759
61626 12034
-44718 36372
-90377 -48558
-15094 -10055
-2301 -36731
-23116 -66296
11493 78050
9373 40464
75766 -47263
70555 5567
104482 36308
70798 -57161
21144 -113468
-12452 -14725
-169160 -33130
-47116 -112377
48760 48943
22749 -136664
-75676 16710
-74351 33868
-50375 22235
43572 -77318
-39128 67107
-82957 39362
22102 -22524
149268 110570
147069 65784
-13069 -53255
96848 -54483
44127 -99559
180585 27366
-32768 25732
-37095 30438
-12333 109228
259 35690
51521 196370
-20275 -72831
28225 -83099
18256 -35114
-63617 64310
-9276 25260
-28857 -14123
17014 7924
41090 -8222
92372 35572
60415 10301
-54159 85828
131200 37466
-6234 -47772
-27452 -14431
-69012 45124
-49364 -176765
-43480 -35526
106003 -35850
-163465 67374
-61586 49983
-192372 -15026
-17960 80915
74199 -46683
-82538 -61402
74687 -2618
15172 75498
-62213 29450
-22687 19858
6863 59194
60772 -96366
-46866 -138701
-14149 -37183
39737 94009
-28160 -46151
-102063 -19903
66764 2173
25450 -24462
92988 -16865
-60817 -51528
102308 -124074
9257 84188
92677 -14863
38398 9446
166519 -11996
-39489 141533
48822 -94289
48228 46694
34042 -11267
130133 58477
159870 31133
-66999 -114161
83842 -32402
-75569 133553
11803 31748
53565 -43372
-66361 -61000
-93242 -135475
-43913 84604
108176 47328
-2897 90473
21643 73645
106365 138564
-83304 -8934
26923 35439
62354 -31512
31093 -105116
26159 45292
-22405 53397
67128 -23310
-48951 15678
-9887 166345
100262 -1496
109040 48163
-99352 31855
1890 35177
69152 -88043
79579 -10082
44385 24995
-7933 -93746
-27065 4487
26944 -55781
83795 -14253
59577 8629
-73143 133944
-16660 52417
84454 -15655
84273 -16574
-18743 47120
10472 47213
2121 81098
5711 -33506
67897 7768
56201 1841
-38737 -108113
61766 79674
-84364 15731
-21653 -43817
-57449 139645
-33470 -20315
22924 17462
46641 44447
28048 -47662
45242 29029
-494 152065
-41934 42473
-194057 99954
-102236 -130423
-53456 17262
38365 47871
-2284 -5066
13125 15709
60161 24805
167656 -82836
87074 -93400
91295 16758
-42832 23185
75615 -67857
-85466 -49975
56438 112650
62210 71876
27307 45650
83414 152876
6934 -51415
-12774 82044
-64378 47410
-119007 23661
-182549 -13313
34099 63706
51663 3892
68689 -63212
-40200 -175227
-88094 40489
-9724 142079
-10971 -38713
-88661 44995
-74376 18242
10668 -82882
-78683 -42954
-27408 -107687
-10239 15372
16863 -93390
-66405 -41096
25255 25760
49242 -46102
-30198 36595
-38287 -13529
-78610 -16275
13442 -1881
-16475 48809
-99186 -3047
88234 -61370
28604 -1376
41067 -117653
9937 10962
-33778 -27132
-117541 -21712
205017 -169522
85367 7227
82562 -51002
2376 -71434
29074 3318
26627 -2304
91031 85937
-45964 28127
76858 -158115
23151 -50625
29420 185792
99007 78770
-35452 -84600
-63991 32768
-3504 13267
-4515 -70995
66274 49971
-39148 -145399
134780 -87252
56326 50706
52458 -34282
63215 130760
57715 15150
-98751 -283
-28115 -57115
-38658 -28671
-113555 -128646
93886 75141
-76112 49617
16078 -15704
53225 -52148
14981 -95167
-7015 65421
70945 87992
-25014 10090
79087 -52336
26463 48347
-57243 -41194
252 -46197
-78530 -21680
12804 -113745
-65427 40513
65103 -17063
-68994 -17995
-67876 -67127
8844 57285
11428 139138
-113526 -129193
11422 -95644
10571 -20472
-68415 28430
88031 83127
-56248 14892
37802 60202
47638 85805
-1762 -146543
-47589 -406
158476 3607
-146715 -115541
-29730 -34798
-65965 56382
-148851 89138
55696 -35463
23137 68553
26012 -50153
46083 18309
4699 -48240
78510 -22058
80335 65719
8815 -58066
-126944 12227
4258 105374
-65953 -8347
-45177 107360
-44963 -12169
25902 80695
-156041 -138950
77456 -43796
93508 -4450
-22135 934
-165944 92234
-73151 -58737
-58579 102850
-10309 68017
29600 23043
-24827 -56134
-125903 60450
111978 -56224
67445 -31829
34716 18537
60224 -55402
-33601 -59689
-49526 26893
104308 -146871
-85301 39288
-86476 -27475
137489 14727
91299 -23031
-84632 30180
-3495 23254
35763 -8568
-63887 -34553
57907 409
150162 92554
17705 91794
-36013 64663
54693 44772
71335 31643
120918 45680
-10520 17971
98879 -50165
71593 -24851
-56315 70087
-50700 23940
-41754 -83374
-47442 -48477
91729 -17101
27447 -52684
24578 126175
54481 59998
-3454 41347
-56402 -101354
-72535 -49193
-74167 49999
-2075 44833
84231 15455
-28407 110901
-47125 -93774
-58926 18206
-17282 49461
-15982 -44677
15427 -80084
44193 -34140
113816 -1064
-5514 -47254
-11030 -10714
-30517 49910
-19750 31489
-22185 -3133
2961 -110723
67412 79181
-29303 12659
-42688 26877
-85149 3161
58282 -37617
-1995 3090
-19735 -80661
-17424 -28604
13889 -1421
97489 -7791
61800 -95426
-36477 -41159
-65187 -13057
-12599 -11054
43154 56776
33699 -66532
18595 64711
36834 63429
23410 -14077
-80630 -13842
-10722 -47622
52208 38587
19724 -82017
-9710 77912
10239 23040
-91133 -15382
-34702 -111216
-104033 -11528
103262 54418
119172 924
12349 -47125
-40320 -30381
-77912 8471
39545 40997
24835 67068
-12891 85645
28453 -13379
-15825 36897
-24064 -14823
-3014 -86267
-120688 128846
-4442 97945
9699 -74378
-19360 85508
70809 -15681
-7666 -203615
67365 -56769
-86744 -101292
62609 58815
88344 5969
-90166 100855
-33660 -53661
95155 -16590
-38642 -67365
-78755 -173179
-89966 10118
103649 49579
-50481 53641
19069 -79139
-9109 -83793
-80454 -118526
21366 -174482
17564 -78072
38186 -136499
-49907 -43157
132200 133107
-35739 -43343
15003 14523
-69296 -63382
-109090 118626
117620 85695
-53835 21886
42544 -60971
-40702 -97759
-94577 -58756
-70739 24113
-5702 -28866
-28955 136907
-46392 -38962
7591 121
-21179 -13470
43849 -43855
62805 -51930
-166494 -77910
101167 -70574
-21743 5099
-21552 114192
-26662 38560
-40473 35382
-63276 -78603
339 29087
-73921 -24140
304 -41392
-40911 -41924
11273 -44742
41979 -140734
-35382 4592
150586 -18081
101489 -9441
17877 -50164
-33653 -35259
20407 83562
8209 79857
57509 -63918
-43436 -72175
-5377 -99691
108131 12789
-52944 25058
-61814 -36185
10387 -67870
-35574 15563
-41368 -38426
-797 16238
49663 80971
66805 61285
66665 5913
-187466 -1974
-48512 -56145
56922 -34930
77358 -119125
1538 89378
-14588 -20145
20788 -23762
-18596 143265
30545 67770
-40242 72344
-59648 13137
-34650 22352
32768 -76220
78309 144514
122213 69663
-22319 12548
-55166 -32578
62355 32652
-63359 -22575
-51764 7371
-153877 -69628
-6472 -78947
12640 -14732
73808 5978
248 95735
-78133 -30008
-89277 -2031
-27590 45130
75311 69483
-1281 -26611
-7863 -70634
-32558 27878
-60214 827
80838 -68063
16026 -1321
56145 52237
71529 10217
-3415 -85655
-81018 57907
124447 3333
32234 45474
-71892 -8945
-82483 31900
14115 -152281
-57418 44815
-87517 32725
25121 -68559
-60684 -58629
61358 20117
-1454 -6714
-66076 95387
-33948 -57355
-46991 -33519
8475 -27980
-58475 -32132
47452 85958
-12572 36127
-26905 -8421
-123622 -40027
48729 92808
55526 148112
2991 61976
67288 50289
-44315 43448
107969 -64783
29248 44960
39083 140095
85400 -23396
60402 -130847
-19768 18178
8888 -25419
36340 -27085
81095 -38376
-63219 -6274
-53775 44357
-29192 12557
34589 -1776
-19500 55830
-22632 60251
20314 -15086
43523 -25641
6651 10288
-33973 4032
-35867 66572
-137119 4341
5041 3614
-1419 35059
41404 90519
-24612 10356
-7520 17763
29267 35703
15310 -51787
3118 20529
7259 -65833
-3034 115743
20955 72963
60800 -50134
8772 63458
10248 24545
41883 35452
-12262 1502
-522 1220
43879 9216
-69090 -176587
-38548 -49291
49491 67956
-114513 -94874
77982 3145
-44798 -56086
19472 63493
-77969 -56041
19735 -88282
-19828 -13692
-36627 23909
49921 -7709
12588 99687
6218 73380
-4594 19748
3815 93146
7968 -10513
1428 83884
11013 -71286
140956 -28708
-49570 100126
48283 4743
-19339 22969
-64443 -47242
10786 114397
44613 -23859
44997 -100282
76844 -20475
39152 50418
-35504 -51855
-23543 33454
-30277 20030
122852 -21974
-99613 70516
68797 40211
37732 -87882
-64240 59811
143333 -54564
-88972 29661
72119 -3193
164696 -4201
-4336 70209
-32630 117743
-53596 58923
11237 -64404
24462 -127206
-102512 74135
39766 112445
-32338 -16695
-7616 -30487
79936 2872
-9363 67019
93290 -4915
57608 117868
-15416 -42695
8928 -141299
49311 -56002
50545 23080
93482 63054
-8716 -55028
61901 52695
-11541 -41737
84941 24228
39312 115772
-39782 2645
-35761 -15913
27461 -65069
21036 -77147
-26542 81143
-46861 169933
7487 -42793
148643 30784
67030 -85353
-111272 -9229
-6265 50952
48027 -18433
25006 10960
-74755 9577
43009 -52646
32713 -7409
140266 6020
36219 -70640
-52170 -29564
-4665 48393
56041 -53869
142532 61603
77031 -2514
86567 -32411
113604 -44484
79626 -59117
-15450 -44191
-20496 39372
-2397 -49188
-27217 -34798
-95568 66165
-17763 -118087
-67514 22729
-88163 14579
34983 -23840
75355 -74487
19152 -64271
-15782 121582
19932 15581
-65857 -45617
-57243 94965
-40696 18945
35550 -6986
-34934 -71342
64579 102328
78238 9997
-8222 35307
47365 85926
-22333 97209
-109313 -14642
-2234 -76619
37813 -45196
-27831 -62994
-10646 -150312
111349 -9189
-126736 84786
-7418 51856
-83948 118154
8827 -13890
-123888 2418
33775 27855
-2484 -66149
143060 113107
-12110 -17990
-47179 -12675
-9333 23397
-17883 -50794
29182 -180469
90521 14371
100933 20011
-9553 -31590
-77047 -42226
53846 -37642
81647 73363
-43362 132727
-39051 15994
-14268 71732
58888 -16400
-3114 133797
36396 -38723
31010 -6854
18662 -2476
71227 -104595
53045 -141336
106633 60423
50887 -44554
-82181 -15242
-66145 48355
23248 22232
-114784 97561
-6868 -52940
50021 -114762
-63985 91008
36289 29194
-50429 -57795
-23603 158430
-239316 -35356
136543 32520
91914 79929
55233 62114
-7878 67342
134110 54612
-44653 -92466
4339 65073
37068 -8225
39534 -19089
142108 -6073
110965 -49831
97298 -7645
52741 -117085
-66936 11360
133637 -32396
-56757 30211
-39909 8483
-34976 -51577
-22475 115678
16930 14694
-37843 30152
-46767 48657
61328 74690
-5734 32320
77853 -52151
-44656 -4435
21348 -58761
15119 69995
57323 91092
-102214 -48595
84873 -40642
-25351 84693
79135 -48734
-82455 -105811
110519 115353
157207 41108
15858 -10278
-8017 6681
27238 -65531
-29385 -57651
-18263 -150036
-29028 -69641
-56962 35837
162852 38298
22787 -77028
9173 -34092
-15435 63034
-71957 -113348
28200 96736
77805 80874
34541 -72915
-10321 44264
-50933 -28279
-8876 31254
4854 -19904
139424 -7868
-5406 8513
76237 -49375
20289 62774
41905 32957
59268 136653
50278 79288
-79849 9878
144550 -46571
-73842 110996
60768 78524
30729 22494
-27005 -22650
94010 -41387
-33506 109297
-14898 -123718
-3418 -174274
-87989 5281
123227 -71123
74576 53437
-21000 17409
88909 50527
-111442 -40257
64064 58574
50649 57707
-78576 -30343
90344 15634
-33153 84876
134865 -74762
1002 24200
27489 30395
92299 -37333
-11025 -48961
3335 -60549
74497 -566
23892 -24367
-105994 23409
746 25964
-71319 -9561
157510 126479
-93040 -43236
3245 73051
-32637 28447
-100341 -11677
4887 45632
16271 55730
28205 -77329
107582 -17326
-77426 38575
23584 -37849
35671 85051
97047 9350
15198 92178
-9999 -62665
38213 -58675
13268 -2425
-118489 77553
129736 144300
-143133 91522
-31606 -17857
-125474 52758
49506 -70425
-36189 -16310
51943 27958
-78762 116019
35687 32868
-29183 97583
-8388 -67944
-94977 1726
-31957 63638
50311 8404
65676 -93060
-86922 40836
-91758 -39706
-177789 60897
87457 -95506
28475 -25683
-122482 202019
26307 27350
107458 28541
-67433 40543
35447 -36787
-101032 105361
-39813 -96504
-6309 145036
54402 -49958
167389 -97011
47987 19817
3882 90930
-74431 -37912
-22108 -7887
-7614 -28245
81137 33815
1079 -10066
93465 -32926
-20219 -30825
56322 3921
86237 89042
102067 -40819
45989 -93441
-119567 -42982
-53396 118187
7602 50211
78868 -162146
48495 -5512
111608 39525
-816 34254
-43120 116871
35771 -46722
-35800 75539
-68711 76344
-13303 -13352
39806 84765
139194 179378
133941 38721
20352 -120447
27520 -50339
-35168 41974
-29132 -13749
-79174 -204955
-163608 79992
-26956 46745
53959 63432
58735 -31243
31609 29004
-38638 -69932
28646 58973
163543 62868
-41847 -26962
-17048 -60794
19380 76017
47906 65276
-69593 -1523
35933 93040
-26232 25409
21550 68108
-28009 -75079
29269 22768
14613 74402
86022 35060
85474 -46760
22698 67932
41476 7199
-74749 14817
-63834 -12435
49660 61226
60212 -34211
-6991 -70670
1225 -67979
153078 -13473
-21814 53635
36191 63595
17965 -41517
-71959 38529
89587 39463
92826 -48575
75642 47583
-70701 1843
109063 -15868
-71911 -72093
29808 -109008
152399 -67524
94558 -91005
8103 44259
-115946 71808
-67847 -45374
-60254 34532
-32511 -52018
-73105 106178
-67760 -85407
-55095 -14133
26261 -127061
-44815 34371
1882 -26695
-7534 55758
10019 8801
72408 -79461
13937 -39045
101753 3905
-980 44130
-66093 29904
-18719 -158369
10504 -1015
-20186 8545
-15769 42397
-53566 31054
-65544 -6921
72878 57167
-107803 118573
49688 112732
50777 -159092
8029 -56589
-33137 -77082
-31345 -75543
12981 10582
29159 1546
-60815 9746
22612 -12098
-73367 8673
-31156 14377
15179 -113789
120306 -58026
58101 -25504
-64687 -32528
-54051 40010
14536 14445
-73751 -108166
-129829 8792
44637 70494
-1951 27333
-83491 -46937
16267 23308
98501 22097
125372 16722
-8209 -6826
4135 60289
73795 -28277
-80856 -46128
-44648 -12683
-62026 90065
61955 3448
-9669 -127756
-220257 -71527
58867 -71835
32314 70238
-35298 -1459
69900 55404
-61782 31393
23880 -41848
-89139 74884
58104 24827
-32295 -16237
-18484 110181
111024 -50624
-26964 29970
67068 30084
188310 78853
-20552 19497
-140830 11079
23115 53349
-90759 -11135
112736 10446
-95644 -45401
43666 -36992
49912 -6712
60556 -60720
-35586 85154
-39957 608
63405 -9445
56889 62005
-10949 15983
-49677 -8878
40482 33297
-15203 25007
-15494 -93849
82280 -41647
13027 -58905
75526 -12848
101401 -4657
-56320 50618
-67048 -27027
110580 1568
-102760 28106
-83653 -47577
78585 -92854
12452 -186806
64438 119171
107635 83835
-22756 35718
-8799 -46949
8643 40714
74766 -51396
-14373 -37661
-25803 -7996
15229 103555
-66565 -4164
-83717 -95684
13940 -2699
-21002 50618
-16542 152638
87531 -3356
49275 41009
55650 53043
111990 15642
18372 23683
-75263 -31596
67317 -1387
-41484 70252
52108 71149
-41226 -22057
-46747 -89546
10105 -27872
45619 -65786
6866 -14196
25627 13839
-41701 -10118
51052 28001
44156 88321
-53847 11815
74846 34853
28772 -29714
-80330 -51419
-5510 -80566
-24427 20277
-92693 119307
-36374 119827
-58164 14035
64823 -11093
171840 561
78447 2872
99550 -10403
107058 58343
-82633 55764
66831 21755
63827 2533
-55382 17466
-23056 68450
-84400 79951
160147 -13515
73610 -2717
-115483 -44426
-33109 -34904
-116871 -14609
-7896 26002
79686 63998
8342 -70170
-75590 28785
137582 67831
126923 103972
40548 61447
-43792 -33883
-12517 -80036
-81377 8318
34750 -81610
-65795 65258
-72601 -90335
54368 104928
66596 25492
32104 107788
17833 92261
-43325 -45334
-86165 -18441
114027 -77878
-42181 -1024
9933 19661
-52721 -43504
-116782 -81937
39844 11816
8169 29078
23132 88574
-26845 35048
87905 44716
-127469 41665
65696 -47631
167 -69059
-59876 -22780
33397 22633
17894 -40433
-136517 160492
-71436 -62497
23515 49795
-28954 -32636
111664 -127581
69351 24618
56969 99438
-88086 -49490
26986 48962
39657 20558
64521 -53465
78326 -33763
-18189 -71481
-55773 -2564
-96919 18264
90969 -3538
29083 76710
-74945 -103628
-69671 -17520
-11086 33412
-104611 54975
-37644 66355
57914 -63580
-18956 -81102
98996 -45874
55676 51268
-32272 11868
79583 -111023
-18827 33238
72619 58019
-42944 61679
49199 2368
37541 -12009
28568 -57504
-92624 40617
-65888 26873
66273 -78954
-107420 40015
-6902 54459
2584 54927
93495 70661
60274 -30275
98555 -5395
51293 -20197
-29789 48054
-67896 -3363
12555 -51424
18329 44930
84712 -8701
91499 -39613
28329 106293
48451 7867
41592 -49855
-10449 102404
-49598 -2942
35761 73334
80004 58722
-16881 -13294
-59706 -31054
-48577 151844
89065 -38600
50789 24126
48027 -44100
-72048 -40884
123975 52157
156806 38936
65325 -72434
-31239 -9187
6150 -23013
114571 -99103
-55228 96159
-15581 6610
-58554 -142073
-39243 25435
-14287 -32341
-52096 -48605
51121 66742
38756 -53049
93118 -50682
-57925 48171
25842 109884
-24526 -34419
49262 22203
3537 2236
-29823 21114
1801 4903
36470 -62069
41344 88723
2850 61764
-45221 -19859
-1323 15681
78929 43050
128535 13064
-47208 -15740
153440 92990
28707 -38382
112314 -17187
-105000 41354
-69153 -90216
-147691 -193023
40742 2652
128055 -77010
-47667 -30330
58183 158983
124016 -83594
-80640 -117167
-11209 -22253
23265 90293
16418 36984
62494 -13515
1996 11901
-53442 -6829
-67847 56186
63047 45810
95002 30708
59992 17403
-11885 -141187
-61108 93752
-31728 43544
-134504 52360
170725 -51692
-74021 -20135
-6304 -57230
-11098 -77634
-26745 -81453
13969 128801
-63005 -78994
-33418 -5422
45022 -87960
13909 10011
-103035 -2463
-34406 -94122
121117 11606
98639 -69343
63277 72873
-8550 -72760
49160 -22094
-38153 9380
-103769 -129887
29970 20677
108427 -115306
-55150 -99949
-58398 -101226
-138872 1723
21302 217191
-71535 -47282
76373 -7480
67342 -135994
6156 16564
7246 -15647
62176 99755
5094 130561
-113189 79930
-2929 60394
44689 -29870
-3030 117827
13739 43565
-42399 25733
99841 69855
-93079 36550
-28412 -61262
19637 -69697
18668 50872
101031 59141
32357 -51577
-5156 -55846
38361 26589
51803 -60296
-4970 59135
-30131 156395
13678 -182634
-109232 -29618
-28470 -92964
103859 89589
-62250 -700
-115751 -233
-39400 22723
-1204 68655
-126311 53497
62413 139573
-30158 79497
-118090 34210
-6660 -44026
-51319 28788
148675 -46992
4431 46370
-1303 6039
13569 5672
147767 -27732
-67932 35719
-37661 94209
-80637 -320
-73690 -60880
48454 79324
33996 63101
54831 -10164
-15936 10387
37534 15481
89238 -31077
15425 48279
-73769 185032
-159069 49338
-17159 -10751
47783 -17438
-11929 3672
101561 101668
-873 495
-31060 92640
94080 -30647
4464 -76119
-23621 38921
64096 33865
83477 24599
-3620 -4525
-74532 -55243
-8803 11053
-116760 107090
-35961 80964
58629 95498
-36072 -29602
24639 -50428
-65052 83577
-85270 6238
-27484 -43847
-19378 17598
-32383 -91904
-12467 -6823
65408 -46269
21677 25425
23124 81146
-21480 -16139
-44216 -36287
-80581 -96696
-30782 -77747
16959 30345
144815 -57210
66599 11109
-48282 26976
16958 149776
5984 42138
37383 44905
11562 -12578
-56218 6831
-48713 -29070
54964 -24309
-16840 -39465
31616 -84747
-16749 -12742
8672 16901
15465 -3298
-82439 -108890
-57447 30543
72955 15329
112912 4984
-80163 76236
-6389 -75360
-38855 8322
93007 70529
38599 8284
-20822 -892
98692 147308
-75757 55847
-26840 24660
-14570 51845
1980 62777
-54203 7136
-7782 -52832
-26401 -31162
-54548 42639
35980 -104547
-24970 9779
-39091 58414
-44663 -29899
104492 -18655
-119449 63594
-68786 83227
48105 -111556
71683 34273
89483 62800
20457 17659
6447 -62626
-135088 -92211
-19918 91417
-28896 51323
-3948 30829
109843 35330
-12170 5196
92597 50353
-54574 28110
-34024 -60614
40567 -26118
-63303 24400
59893 -46127
11754 47940
15791 10953
-22028 92341
-73708 -67099
-76551 -44517
76525 -32165
58925 52527
79040 44503
-61380 15836
5887 26273
52119 -44286
-95084 -72765
98878 -100429
-20894 1225
-32319 -12416
115132 159326
36880 21290
61491 -50279
-27093 7111
-34392 7130
89313 80684
82243 20540
67105 118613
16578 -170702
-15605 -11881
112125 -83211
17771 97960
-22374 -35494
23331 117461
26704 -68106
35340 40787
108643 71378
50611 -66346
-58615 45194
-82442 -62201
-131379 -29743
41254 -74554
6971 -2864
-26932 -75313
62301 -359
98718 -39873
107412 72852
16757 45180
-15596 71539
55821 674
-28386 -27956
-39920 83066
-8225 23886
59527 44552
136155 -87160
-119676 -11083
17661 -119078
-79419 31248
30566 -164972
2921 -26325
-36397 -35287
20918 47963
1982 -13893
-127227 16995
91081 16976
41685 -41648
75978 94235
-3632 -16397
-12599 88237
-19545 -9893
-88524 134345
84217 79433
11193 75150
-106931 -82532
66923 139489
3784 -53046
94600 56820
27173 -92537
-80598 -134977
102315 -55515
-95600 3875
-47868 -65490
62918 -14380
-48365 16337
69558 -36382
7579 -87070
-126271 -138409
-7482 2354
10185 -33361
-41005 26291
79139 -28172
24051 -33157
-17644 -78679
29708 -13275
18938 22668
-64318 -19729
4205 -32111
17390 37290
-65386 6289
332 21211
136919 64679
-80620 -49762
-18931 -21254
-26061 92940
18716 -71191
142332 -58248
-936 31568
-53062 49316
-68834 32934
-23611 -2371
-83408 79940
-5735 29260
131030 -129175
68761 1119
78785 45935
-47911 -84152
-58461 53027
-73 -7350
-95055 -31831
-48676 -5467
-37640 -11230
83972 83510
-25159 70445
-39954 -109177
156153 6873
66530 112261
-6238 6207
34406 -82127
-50448 -57438
-143849 62734
-53458 139863
2083 -19365
-76713 6965
836 72499
61996 -55710
-49494 -37293
131397 25495
-19250 20483
38590 155122
91383 38051
-30545 117349
-65005 68499
-76450 10125
-69800 -18266
127981 23639
-35546 -9458
-28183 -64683
-83925 53401
-87902 71271
-22051 29494
63579 84935
-24669 131745
-25485 94838
43970 32378
-16663 -34761
24505 -32783
179630 38525
-1492 -51214
51823 7705
130549 92367
26909 39564
127281 3886
44741 15887
-18162 97959
81695 -17531
-62258 15879
-13526 -59400
62035 -47767
35248 23192
-45609 -105638
37439 -61560
-22665 -34390
-59457 -57052
98063 25422
-21778 66570
-119163 40831
-74200 -58497
-103539 135333
-14844 102694
108581 5556
18897 91008
-92288 21625
-116420 -14356
-29041 -58305
88530 -23247
-87626 -5876
892 -17946
-134174 95584
2643 77450
20442 7907
41961 -18639
-74859 -8243
-7514 173078
-92873 29017
-6105 -13279
-39241 109314
-81792 36830
77257 59125
-11421 5249
131908 98019
-46157 -58040
-3329 -49230
-664 -96500
15801 77961
-24114 23468
-101748 -48340
-37006 24041
-6311 -28522
47584 179036
-18634 29991
-18611 38092
-161195 93551
-6723 38960
-23814 42937
5397 56436
-17319 -46470
42872 120264
-35947 67528
78750 79072
89117 -16814
-17521 -42748
13798 43008
60459 45762
19451 10918
71448 -48324
-35980 5964
27441 9346
966 43346
56221 69195
120890 71336
-16541 1679
165807 -333
-74066 50794
46512 -201347
-33775 -64598
27585 -106604
-35749 156809
40742 -12118
23711 -78363
52940 -118444
6864 16337
-69425 83118
15680 -166857
81308 57542
-33044 29956
43371 -91846
-79801 -18631
-119670 7736
-73361 -38905
-65371 47695
-47802 73781
144895 48356
30180 12289
-47785 43640
98932 93413
-36605 -9965
67146 68258
108597 -88275
90981 -77248
-49368 40319
-21344 -149
-19847 -102899
-50961 -22327
99598 70134
61558 -19633
17535 -80848
30131 70913
-28545 -49618
13804 -77261
86742 7823
-55981 23373
-112463 29213
28677 -82050
-24119 59469
26157 -13367
-85258 -115386
119618 3225
-67392 -37495
68499 -29551
19173 64894
-95398 27079
1995 45522
-48337 -164868
-30362 -39801
7975 -20457
-25651 107436
-34074 -64941
11016 -20602
-116658 -13434
-116192 23994
69230 -16273
-138111 23981
56236 55150
34440 50019
-106840 -52101
-87056 64934
-13688 98615
92980 -34249
45558 -28978
143470 -107464
10343 138575
68389 -15592
-37825 -64703
-4088 142978
-28574 -94759
120707 -53537
108707 34906
-61372 -13145
19453 41259
65519 133158
3029 22860
200573 43234
78640 32380
72345 -12232
15676 30317
-56975 -82288
-214 -108059
90370 -33422
100664 -16214
72836 -14570
-10935 -18095
94197 -69860
-26225 -7698
24564 -38682
-48185 53049
-51625 132198
-50087 -23818
3926 34349
-52741 56151
116502 -49623
-117398 -31211
-79669 59763
-19974 43593
-9064 18548
-56070 16179
-57898 -19897
-103782 67559
50253 40780
15531 -6247
-49673 11242
-59337 -32064
3500 -29597
29538 7267
-6233 66987
-75141 -20631
65963 -142211
-136106 -12158
88123 -78194
-117618 -33410
-37912 125658
44166 55254
-42144 4708
73754 57829
-36151 20201
128364 -35004
-3597 -52320
61892 -78216
93395 -77592
62454 50309
8817 -64692
-15354 40778
-63739 -35558
-31231 -139378
-49157 9981
89846 90410
31185 38389
-110024 27840
27074 9320
-129573 -34496
-125083 415
-123986 2961
88146 -58314
41517 44004
-133118 80957
106826 -72384
83776 5080
-37148 37068
121148 18679
89950 -28621
-135231 -602
27296 -40271
-20410 -7007
-65510 -34990
-9486 -87168
29939 -43191
-96069 10866
8047 4771
49358 -100936
65939 4010
75293 -70247
13714 3107
-26283 73806
-33686 70215
51467 -71991
-122774 -111037
-61620 39308
5535 -14707
35277 39080
28034 69481
-72751 -39740
2950 48667
-46693 -56325
48476 75894
51813 -24903
-35176 30004
-126700 77005
-93856 46250
106685 -71211
-19564 58859
-42619 22562
-76943 -154183
26497 -52790
-39429 9982
90718 -61793
14626 19125
-116758 -48134
97590 -76254
39823 -61764
39173 -105118
-36051 89416
6693 -16873
-21542 -62257
-7959 3360
45759 20215
-153013 83558
-74201 -120839
-48062 -162256
112395 96450
42774 118731
127635 136877
54094 79798
20599 -80930
5211 -72265
19452 112970
-64424 -73293
-38065 -57152
47860 32412
28057 -8157
32823 -78729
-51925 -22073
51599 29694
69745 65083
-24151 -82943
-108069 -22081
-55504 -96914
65415 -6315
-75291 18935
-37618 -7931
31083 34472
-161585 50663
89939 134510
28938 -2298
46857 49435
50325 22421
-33428 404
39992 128283
-18609 45324
-42551 55306
-95598 -37666
-34059 20009
36738 33178
-31436 41776
-44765 89417
-175044 -13664
109569 26614
-22716 -44007
-89410 -24492
104557 -87182
127973 -6172
-61426 109062
109601 25585
53933 52518
32814 -75491
-75362 119149
-6627 -160008
48438 -32058
43472 44477
125286 -35290
25341 89192
20191 -106783
-54972 -11756
62881 -48912
88214 14087
-29762 12008
60611 33334
-192412 -41548
-21444 79220
-29407 55147
-21012 135826
23703 -78204
35758 -45388
-2559 -50065
-28631 78646
54905 -27557
-48509 -55364
-37646 -13703
-44344 -30598
204026 -42999
56847 -82143
-71684 101275
53329 -4554
114490 -125302
-118653 -28308
-45128 -107393
-121596 -124428
17886 -91500
45599 99126
92194 -29557
-95110 53957
-47331 -30527
-26694 91832
-103208 -63038
-28733 64648
-30455 -18421
-22716 21807
20498 -54575
-8886 -21417
-83386 -3640
-108270 -165243
86112 -30667
-115342 -21361
87260 -25647
49432 -98476
74268 -74030
-95062 -11566
-430 29131
-14484 28333
-58298 49419
-3409 908
-164271 78671
67285 57590
-71797 58773
4397 -33994
98381 16823
-30119 14721
-4652 63339
-29420 14192
-51718 35159
26334 -144166
-63706 16686
-58270 33438
83171 103727
6400 11031
-86079 83550
6369 -64075
46202 -38404
7306 -47642
-62520 17996
-65237 69283
40767 13020
10686 55174
35438 28114
-107316 49948
23283 -13988
-30651 30149
46236 -58571
-13008 -25333
112386 -14320
-36718 -26800
69358 -80157
60142 -90545
-43841 34790
160508 -9058
14600 -58235
35862 -6876
29469 144109
-2515 83953
95225 -25149
85226 -21051
8844 -39722
62659 128540
-80395 93018
20475 69726
20165 47745
97393 -55731
-98979 -27365
104652 45837
118183 -20321
61222 67880
-55376 -75447
-20826 -48541
-30137 -1699
53339 13793
7824 4955
22836 8619
44834 66657
-43277 21413
107832 105035
-28013 65608
-53685 18516
24690 56710
34034 91100
-56558 3809
-35125 -24899
36153 34350
-42914 -73608
-28106 119514
-3791 40854
38104 -66664
-121627 -38079
30627 -56925
97999 -161984
86030 -13396
9328 2211
-139022 -16498
91878 6605
61935 -60570
-37970 24811
-52925 1925
50516 25482
126858 -22953
109155 14812
-27563 -66206
-56390 -102039
-56994 -43035
-1565 45897
-31169 -42054
131826 -44484
-94933 -29727
-57555 -31616
-26984 -13273
-37164 -49988
15011 56492
-119322 87206
10396 40816
-89368 26329
-93650 -14958
-43980 -87719
12644 -29837
-19448 46689
59432 5357
-6427 -114190
-34529 -22134
898 -24016
-6476 -80370
18800 -83490
-26724 -946
-44917 115271
-154950 67722
-74283 145421
-31541 9668
13666 7840
-58889 -23213
59968 14266
-88790 -62716
-36418 40286
-58436 30735
2521 -74432
-37814 -53775
-97441 54663
17065 -67401
55683 93512
51899 66330
-30094 -56543
77758 -58242
-4894 15926
6077 -23967
-23289 -45529
-37409 -21105
-38083 -16763
88321 34034
-154464 29363
-117934 86504
30236 80458
48024 -76944
-44546 44729
-38909 112088
29819 81182
114411 5088
-32295 46328
134757 -78338
-34934 -22099
25814 -24317
20516 15298
22500 -14173
27162 46089
-106319 55313
-69559 -5413
-4051 40661
-14093 -74339
23753 -20481
-117276 -97436
-13818 112842
-36686 -53609
20297 -5963
-49298 10936
-67222 -18983
-47580 121815
131666 18635
-42693 -1784
-18712 -101292
-53443 -55195
-93401 -34079
-45537 -109788
-21545 -71272
-58561 24306
9657 -5916
-89987 24578
-43446 125810
-45866 41049
102446 34377
-20676 37567
-157561 -69082
-45685 50580
63620 43845
132611 -111176
14306 -5204
-102293 23857
24329 51705
46288 11415
-35421 79842
41553 -61996
43509 -2963
-40317 122231
-90363 -71731
55055 50640
44239 86902
28887 -65183
-72203 30441
-79405 -27036
94537 -68377
14940 -52946
5040 -131398
-1313 -39856
-44362 24516
6557 -124906
68653 -12915
-92647 -24001
50281 100497
17664 -110780
-115853 -8005
35448 -95420
-47969 29424
-30903 -115057
47001 -63630
-53314 -1468
77585 -18123
-25648 132416
-105996 -31971
-75208 26407
-47124 76933
-20737 -43106
-9306 37673
8129 32357
68766 44949
10993 -92862
39270 44607
32948 68885
30306 -110487
103944 70392
-51079 24676
-79346 -6161
61134 -19911
-24081 47388
-35231 -50537
-61725 8253
-12525 -30202
25790 3182
196845 108363
128733 61883
-11845 44111
81918 48288
92734 21288
16604 113874
72379 -56611
-162388 -63432
-72909 69263
-24878 100148
17094 85490
-41395 -26888
137157 -3521
64944 36363
16638 -13115
-21878 83438
-34354 9000
-80065 20576
-78361 151845
-19319 -9333
-9483 131286
-32 -10065
-39432 -2236
12279 102019
107697 12685
111518 -62013
-141548 -107410
-2119 -49116
-67296 63466
152614 -17146
-38792 -42579
-1994 91888
42829 -24315
17461 53424
-5464 -23259
-123572 76116
-26385 17779
18331 108689
-103418 -25841
114170 16457
34111 -72382
17697 32193
16944 -26686
-126861 -45941
-50384 21452
-92879 -112378
-24449 -56393
61296 95059
31182 -40359
-103160 -23246
-47407 -80805
33044 4534
12337 -99138
2120 -20329
1784 26681
-57946 -31682
144656 -59237
31755 65674
-31841 13827
67038 -75164
-12766 -93740
14551 173030
-21662 -30453
-12564 38603
-36539 109654
-8958 -40766
32475 -87095
-55792 131856
61779 96341
52985 47117
-174923 -48098
35677 -85990
-6850 -57197
6025 35388
-10316 -75899
48558 -5592
-20962 -142506
-72258 76526
-54198 -120
45979 -15720
1243 -15372
41873 -35110
16546 26490
-21246 33723
87120 57019
475 -122346
-18727 30837
29300 -71561
-14710 21050
-13549 63005
101106 38342
-30320 99431
-2715 -71527
-99334 -64281
-43017 -28388
110224 53830
118825 -31134
-13369 -60290
13590 70922
-11723 84815
64982 -61512
53156 -71589
49745 -21761
111497 28582
-51613 49625
-3309 -107943
-47535 92407
5119 -17653
-32793 55460
-57460 42246
143374 -96756
19659 1844
-1945 -37151
-24634 51522
-5708 12987
60717 -18389
-45189 -51192
-18330 -69788
-32890 -51163
-7372 -69597
10065 -9765
34384 -45320
37463 17031
-71728 -66643
-22793 -47383
-55801 -174865
35392 53097
-62847 -160837
-42868 -33013
38852 -27480
-24849 -3447
47319 4374
-54462 19322
18377 51142
54777 -31434
20366 -8395
-73468 23125
26711 75176
-8445 28584
6508 -116399
-37918 113805
-38583 28552
-76665 -41337
-78628 124621
13217 52943
-57421 40003
-42219 -45272
80941 -15782
27434 5717
9585 -6539
-57111 13882
83337 -56134
-12248 129815
-41647 72999
122338 80279
-56555 159032
22883 121968
-11101 -47663
-122788 30680
-3425 -5951
-12966 30677
-89782 -10468
15641 32896
46956 5902
-63130 44642
-32093 28162
27469 -90790
-29651 49321
45219 -57522
-47742 17010
-44535 -14058
-83643 -15947
59526 -82421
-56751 -24887
23771 -52230
65136 143098
-54828 18348
74881 -62759
51363 -16231
-31091 -133093
43723 -40824
-56711 -10168
-11985 89348
26154 -151893
-21689 29228
-19925 18300
123555 -9274
142621 8389
-28215 110534
-25492 -98315
-12095 -180033
-44112 -27329
-27974 11280
53374 -124752
-69758 78723
4135 13776
-110118 80498
-53840 -20551
24184 53782
-57645 -8722
61278 -47153
-28386 -41757
73634 9593
118269 5033
-76490 14897
73848 -59609
-21171 -64319
-18491 -32589
39169 73753
-9670 -52752
-127714 -4168
-122410 -460
-17123 -28445
-2489 -53414
35964 13458
-25754 132780
23672 42354
-36907 -58829
15273 -30417
-68395 -20465
-58865 -84148
15086 -71936
-13251 -22328
2780 -60649
-40587 -7628
-80514 85211
46369 -142868
-24098 62430
-9977 -33251
101964 30892
-1737 21535
17328 -23557
-13258 -11747
-4198 -48396
71286 -144941
-67984 18383
-2562 68155
-27466 17456
-121299 78653
-97774 58114
-57784 -90001
8136 -18279
-10448 -125658
-122439 47492
-52846 -16940
45495 -62487
36044 89915
79941 -33809
-26149 -19302
-77180 -6415
-79 -7212
-49272 152755
11880 59883
34461 -54622
44207 -86308
4803 -119972
8537 14047
-100159 15952
-28880 -19506
-36366 19654
83515 -14666
-120547 994
-30551 63682
-21620 77347
70182 -66435
-74660 -51888
40250 31204
-25306 -159256
105544 -32021
-29516 -28658
42979 29631
48361 5795
27351 32786
8291 38704
11503 -15692
33105 -16706
75933 -17712
123290 -7081
98597 35211
82360 60134
-7724 116841
-30590 -23926
115766 94826
64964 -52847
-47456 55490
36026 10046
26622 -25825
4795 7779
134194 -49113
52161 60005
5455 69311
78155 1657
41749 12354
-9333 -28279
-49147 -77462
768 35315
9575 7961
-28491 -26298
-669 102691
61796 -25807
1493 -52097
53962 31632
16315 50964
-10855 10459
3676 354
49241 177014
-28350 59722
-39586 -92736
-45236 99597
-35834 58379
-44417 136129
-44630 9494
95901 -8597
77119 -17902
64133 72149
-67247 11784
-10749 -55839
-19887 71602
70279 -6699
36548 -29860
25790 118600
39826 -735
-23431 58062
-6495 -54030
40156 10020
4109 -133652
-26046 -18211
-34076 14342
40794 33254
67390 -71360
7770 -80407
84052 -8482
-6478 -7134
133888 18500
-201037 -121344
-30013 -99996
51052 -64985
-47805 -39233
56789 -36455
47897 -45518
-25114 36094
-3986 4124
-38260 -32697
12547 -127836
-65257 -36335
42904 -20980
-96620 -18382
4324 -27978
45747 107856
-68545 -61621
110995 -13537
124301 -52670
-8473 -112099
78825 9607
114083 99982
-24957 -49000
-34210 121590
32579 63398
33892 -26006
59008 -246
-52551 -20185
152528 61905
-7864 -53254
16945 -15311
9887 48093
41073 130138
77251 39021
61263 -28656
91248 47769
133479 -21754
-3593 -42525
-7071 20795
61204 3668
7911 -88685
8452 2034
-30182 -72565
60485 53093
-56878 -120914
25360 -5097
-58085 44682
-54409 55175
45180 -28240
-9479 -107230
112404 -74457
-42784 58877
-16674 45702
30437 -35189
-42644 -17175
-88377 11018
-58278 -54237
35666 -20636
23381 -83815
-3255 98087
11935 85491
74730 -47099
14444 31766
37571 -39430
-49376 81838
13426 66228
-66460 -74678
-9328 -92367
20705 77843
19804 26381
-7668 63665
-42111 104647
47261 -96549
511 103973
33867 12211
-45084 1815
-103433 51149
70384 90309
43513 -51528
-16716 126187
-98851 -63698
-37750 56650
60558 100660
-90735 25550
70139 -28354
-9409 31319
30181 83488
54922 -130711
62374 43208
29373 65528
49549 -10457
21679 -26538
19786 8466
61907 41891
34876 32620
8581 -10597
29962 -63093
11600 43514
35251 -25728
-27099 127494
-101596 -62039
52619 32693
-122150 82276
51858 -56214
46286 70396
-33158 48009
-29580 77188
-25882 111106
-40774 78816
-30175 86611
25710 32238
-4460 -28144
156248 11177
19673 38842
-71951 -46707
28908 7937
87275 -38673
90388 19851
-7192 -59394
93786 -19767
-91222 -88802
-54959 75839
21892 37971
7357 16657
22102 -43899
-8759 74876
23616 -52411
-72707 8427
-38953 -4305
51806 19939
-20035 36607
104914 39195
-56722 36831
15681 81622
-51428 39696
-62383 38394
-102006 -7395
-30347 -16444
225 84875
-71583 -47879
-95978 1437
-182177 17592
-20863 -13458
95241 -147
-22677 69887
-11827 -10812
74941 -50379
29218 14162
-45383 -29848
31605 73517
16545 11400
118090 82674
40703 -14836
29160 36045
34151 -59633
-11794 87091
-119485 -125504
-41431 -1582
-123138 12171
8750 -142710
-20697 -11397
-84531 80211
-49637 -126999
-6433 -113668
32771 -92336
110148 55370
7652 138275
60084 32469
33768 67193
-89410 -8773
69518 -68022
1356 9651
16726 -2093
44503 56748
-76650 -26541
102088 10542
35488 5213
-937 26545
48400 -14226
-29198 32244
134992 -58162
58504 -84024
-22574 -78674
36649 18630
-54025 -12906
-80702 -38234
-36584 17869
-5665 -30801
24098 -68718
52588 -67615
52728 83581
118082 37225
-122776 -15599
-14375 -36189
-131688 53177
-72088 88660
82094 59631
-71600 57371
40350 80831
-54329 11714
-53461 -23811
-93875 21137
35613 -127424
-62706 71815
48531 74010
20161 14303
87752 147347
128215 -4234
27966 137663
24553 62270
130381 115791
46636 -6846
-75652 -120765
-24994 130466
119297 17959
-5912 7754
3851 139711
-2505 -12080
-84114 -89865
40730 -127214
-42142 56156
-24739 20812
-89085 -39393
-105261 20109
-3192 -8621
-11019 28974
-54197 90864
-2121 -88427
-10739 26458
33877 -143852
-20131 -26122
-67696 -52890
14756 -81517
56791 -99894
135658 -57842
90506 -20727
-89840 -58099
85119 50321
-78277 -7453
40119 -28332
34377 -23722
-12831 83370
-79250 -33044
-15054 -134286
-91012 -90198
46418 33970
107200 19744
-89594 -64246
36012 11332
-38736 24123
-19447 155385
27328 -25199
-63818 -103760
19553 132797
112967 10987
98205 73197
-58845 202570
-37202 -16922
55695 -19384
-73192 -32686
49647 -81866
-107555 -82280
38477 8947
-15724 -37373
-1040 -70161
74867 -38888
-104236 -100605
-69931 -87393
41087 -34398
41864 23125
-14796 -38592
-9545 -29412
11261 -109640
-94363 46290
-51533 -111270
108604 -44936
-30238 -67192
-7281 34366
-107946 -22428
8459 31340
-530 -45139
59128 -8314
40754 -108438
16911 -40956
-37867 -39746
1041 -61370
28451 79844
17256 130961
47990 -42508
67046 -46915
148418 13580
36140 44667
35507 -51486
24054 -75884
130029 -150617
-1828 65875
-48783 46194
-108019 -5574
-11503 63665
76468 63672
-3916 -98840
-110042 -19583
-8233 -113921
-22912 -17848
-18582 91447
-83998 23522
-23594 -73724
-35351 -22407
-22862 -30626
-106514 65394
-33344 5735
49657 -85266
47166 22462
-134611 141068
128592 -79987
-130767 -12761
20209 -76767
73119 -48684
-103648 15953
37822 -28930
-17389 -70336
51632 85337
22560 -42080
93492 -6723
36217 10862
29576 -3252
-43819 44894
92650 -34643
4389 59415
-3386 -98758
-2746 -104446
-15731 8173
-94103 59887
37311 -36759
-20693 -24421
-35221 -11892
58872 50684
8674 29368
830 -6261
17911 54115
-57132 -41584
-53013 29270
51479 39644
19210 -71794
54801 14808
-6713 42776
-60962 -188265
-57583 -24127
95159 154840
78760 40699
46082 -129523
15691 91128
4519 123871
64443 -46536
51834 -46126
13082 94732
-75206 17301
-66316 -7325
112154 -60039
17763 -40415
-205 27480
-142433 113622
48784 -70244
-12018 -8148
-80128 -1847
-101997 27364
19673 23960
-81813 -92655
55582 -36050
-140512 -62717
41644 172429
-39157 -36881
-120848 -90554
37493 30162
-23775 1649
20633 7828
-53130 18389
-121758 -81523
10144 -12421
-22977 -56207
-36972 8046
-25579 -48669
72050 121771
91107 -88784
123610 -97716
42997 92711
33033 -50242
-159942 -4749
23292 46303
-10001 -31395
88012 33504
50972 -100096
-51315 -35291
1807 -506
128117 -28552
-41125 40470
84219 -9321
-1363 -10968
65211 -16109
-31379 29409
-79525 -42573
5773 36237
-92604 35505
45684 -9563
13430 78443
-9628 -59700
36472 -91077
2135 -117200
-105940 8100
85441 -63286
-11387 -101524
27904 7415
25152 77394
-40431 -7890
-45099 -29787
-38608 -4686
1565 44936
105812 -58857
5113 152718
-27965 -71900
-6233 -10127
120863 49705
-13995 -69621
-96566 -55293
-51203 57832
-41946 -45555
-120880 13860
49378 -49007
19459 -51727
-14052 -84463
-8141 19853
148846 -11508
142923 -22758
-60523 -114471
80527 51831
-117019 31458
96796 -154896
55293 40484
-71263 68964
15862 20324
-46158 41101
-46071 -53048
52496 -13535
-13058 -30863
24812 45626
83793 61583
15213 -48065
-81305 11921
-1777 -54055
39071 -1498
75654 102056
-57203 -85049
41874 -92292
-118101 42058
-41473 29372
-106749 108438
-4073 -121524
-13193 -37125
-16417 11505
-38908 -29764
92999 35321
-44690 45680
29497 -50695
-31862 -67410
11931 16438
17838 -159246
-67288 -31882
-12261 -82192
-33580 89915
-101207 26410
75406 43445
21335 -53605
-56014 -28293
91765 -85856
-32963 -76825
-5118 74275
-62608 -91407
53402 7365
-109983 106164
-104166 148804
-37728 -3150
-53210 -84616
90668 49370
29228 90023
-20565 86781
-44753 74771
-13769 -15630
-43611 -30422
70464 -67336
-7518 -24258
-156650 80411
44881 18661
-99039 -28358
67089 -60561
-123017 -58482
-1071 -35244
29150 69114
68836 -67020
3431 -30268
49719 119111
74396 -21188
88293 141430
-99041 54779
-113424 -4293
89826 27509
-50705 17323
-5146 -87283
15871 30461
19326 33874
21792 -196002
88647 111910
82135 38712
-56406 12062
-144335 -62338
-76174 -7835
86805 -88828
-19552 75011
-1650 -56505
-10308 -30891
74637 -81247
131595 132530
8903 38448
-29316 67701
24029 -164285
71854 -21803
37526 96709
79375 76230
-92189 22741
15377 6901
-41447 -13160
-78193 102620
-76464 -31564
-1978 122599
-33503 43357
43019 -11007
4908 12898
-125188 58424
-35666 102074
-176369 23106
89268 -48135
86320 -175676
-49982 -16113
45707 6707
-13830 53736
-71322 13341
8872 10755
-32921 -75481
43000 -119310
139493 -22781
12062 -106813
-58140 -55446
-28204 -154545
-1519 13858
2698 -13090
53269 -54730
-109335 -3659
1295 -40528
43350 -11864
12579 173831
1370 -67254
-20778 -13526
-45015 -42522
11048 -171683
53652 -44291
25816 -35516
-180304 3579
81688 -75902
-25981 -28767
-123661 -26838
75221 18729
137845 -24129
-5945 -157636
-144903 -50733
23913 18331
-93342 -61982
122070 50353
-67725 -82018
41377 -46547
-162604 -31796
-73579 -48123
52606 -62532
-154890 20139
-58923 56116
-75015 -77721
-109623 33541
-112582 47269
-57897 -133544
-102 49593
-79774 -1177
-11222 -24830
-66698 6655
59190 -2284
-18910 -28858
71801 25983
-23545 -61756
-17263 -79131
-125949 -20083
-30754 -34617
4415 -41501
-93830 -30908
29618 -27378
133424 93960
30715 -45089
14129 -110095
-36754 23440
12613 54253
-18205 70874
5462 -18705
13792 43695
-63070 103554
86174 7197
-3964 -11826
-90728 5549
2662 3773
-50228 -25323
-24298 53487
-54251 9891
-33285 4936
58458 -26487
-101464 25642
7291 -41868
-48309 -32832
61431 -652
-67343 18920
-20358 -102270
-7684 69759
-24074 2013
-73199 94734
91538 63784
-11090 16481
34788 40869
-16772 63126
112584 77364
17443 35697
-242 -16915
1446 15464
19301 36425
35699 -160326
68823 99244
-103195 -53931
176009 -25788
7791 -52778
129698 69176
31115 -122935
105207 -52771
-124728 64400
18674 47290
-38034 86037
18888 50362
48691 -50733
68692 -95715
-64248 -120576
56113 44152
107885 25174
19262 -3218
12819 46097
63869 -14390
76519 -115306
-7742 -37008
-32521 15533
-110207 -45216
-6570 1840
-28327 -61705
-18169 123158
36530 41528
62702 6533
65981 105155
11469 -859
-9441 57182
74453 30596
-20627 -52980
81443 8254
-13876 -63288
63580 48132
59497 -14993
-26501 52856
184423 -58361
-126760 47233
-65804 -29715
105195 103267
154220 1029
61798 34045
-36995 -42778
88080 -6113
99243 -32622
-3318 -41630
56711 43710
-35796 -58853
-89505 463
20471 2432
8209 -10400
127010 -81718
9286 75824
-169139 52331
115848 -44664
27086 91392
55554 10698
-91161 -61158
53743 -78030
-47742 6901
-131798 -26721
58774 -4102
15249 -24043
-23142 166756
104010 61951
51796 -6719
-71428 13762
66932 -23031
-145431 -5363
-46264 -171958
-74687 107557
-33910 19450
-14626 75812
63323 -6576
-79087 -43586
14256 17114
-42975 -47929
-86144 -57368
111921 138773
-4835 76125
58458 -9136
-39126 -21290
74770 -52809
47268 -122349
88835 -64512
-75860 59237
-62738 24430
-64780 60572
-5630 -37653
155526 42728
-36574 105942
-57362 52240
-66699 35524
-5704 88515
117807 51868
110971 40351
-26447 -60746
-82775 -14932
14013 -104626
4832 -30505
-74755 123776
65308 65332
-63279 89209
23207 -49550
26529 4613
-54708 57501
45552 25520
11900 5022
27989 -68028
-40304 -39904
-5604 -13855
153944 116765
-43324 36090
7485 136948
43438 73019
39654 14634
-38232 35794
27929 66802
17471 48020
-4717 10426
21491 -109656
-47053 64589
-98099 -34041
74346 55592
-170485 51563
-65258 181582
60397 -28058
-51519 161228
82281 11118
-14136 33370
-32712 88256
-5551 10312
-24838 -72498
-18717 2862
39381 -14916
134494 -122775
-23844 -138125
-29756 -24493
-96533 -6663
-79031 -96980
-36602 26596
976 50966
-53714 -3164
328 8646
-79091 66125
-41790 72556
-34193 14277
24348 -39192
-3156 -26424
151766 -13695
-28113 -81117
-102560 19579
-52798 -101656
-19598 54764
-4256 -88331
60855 -35077
-2509 12212
5804 -31081
83647 26439
23527 21784
-106105 -65873
-20139 27287
11333 -67330
72451 1765
1542 -31402
32873 -73409
-15503 28996
-69587 72189
144662 -20524
93064 17337
-23508 -102540
-57191 -17862
-42954 14905
90440 -12656
55499 36736
-124450 -128447
17952 -54727
-32543 -86212
46500 4903
30596 31027
-45479 63019
-12852 51974
-42430 -52378
-20511 -34328
25853 -77036
-117938 -99946
-157555 -99722
35964 -27753
97294 34166
85080 -32720
204038 -21228
-12271 497
58297 72570
91760 -63045
-54359 86626
-2516 57263
11269 -56627
33740 158184
58012 -99600
46647 29038
142854 48789
86770 -111507
-84691 -122010
150452 145791
-40692 17227
49077 -164333
-13748 -2092
-1559 53579
-13969 25544
2776 -74270
41843 -3793
-18818 -72087
66613 -1525
73459 -2051
341 -1602
-21716 8210
128278 -29282
66699 -2623
-16795 -80682
27678 82128
-48740 68899
22619 23265
30978 -25181
-106578 99467
-29466 -163696
-53129 -58336
105618 81309
-40573 12383
30205 14371
57155 703
23778 -28765
-5505 -86886
59221 40701
-54066 78393
-12261 2645
-32236 -110022
16203 46366
89322 -49592
-4775 6473
37779 32756
11860 29317
-33422 -45214
1025 1466
-57371 -87165
78477 -66100
18654 -31405
38461 103408
52770 34670
61140 -3423
-73958 64467
18029 21623
-147426 145258
39319 -12737
155168 -46781
37047 -68976
-28164 -48683
14413 99280
169944 -55393
-10944 20169
68303 63469
27389 -66489
27079 -22039
64 10061
73402 7917
-145428 41991
57512 -7732
-24399 -46637
21367 10218
28874 80579
-70028 11647
-20173 35976
-31641 -78861
59738 100871
-17889 -102190
-25331 -60908
134636 -80499
-22357 -47959
-25032 -1306
34706 173814
-11936 65048
-634 61054
19047 -17313
101898 112271
673 30979
-56039 158750
-81215 -24999
-42694 28669
-119438 -25655
32313 4870
-50845 150093
-8739 -21471
99680 -7062
-73197 -68539
141297 -2393
93409 82363
-24973 11508
9699 8404
47390 7048
37401 -190000
-56348 -35144
54635 -62617
-197690 25117
-108721 10308
84643 -100122
-60810 -14723
-143985 3964
8912 -9277
-112784 -112189
25331 152477
71846 -17769
-50147 -116919
-124315 -88595
34695 -36208
28701 29591
-79288 -35617
-40240 127862
-75314 22278
-23510 -45066
62408 6311
-103731 38098
-81458 8746
53384 -4592
-16352 -9090
109150 25875
-33688 101818
5897 -60777
-73756 -15494
147931 3401
19134 85423
-101882 27224
-136159 20260
-66951 -55169
-32758 65485
67440 -53052
13453 -119454
-20796 77298
-103039 -76301
55988 13799
4609 -60179
25683 -136999
38125 43293
-41749 21738
26879 -132
-37475 -22985
9393 20180
97505 -76693
-53834 -22706
-33215 31472
177938 7954
39995 32594
57320 -32094
23149 68229
-26912 -11099
-26695 37499
-15107 -71987
-19101 3571
38548 5315
-35704 -19479
20061 -63685
-61728 -44233
-185529 -55501
-11197 66908
41238 -44817
15356 -106348
26740 -75482
-32918 32145
-11905 29614
38733 -166155
21178 -43916
48250 725
-3197 33495
73828 -136619
-63004 -104655
30846 -53221
-140045 44151
-98172 40360
94955 -4606
68686 -120837
-13583 136253
45663 57191
63387 -114061
72812 11640
46506 -12795
83899 34098
45034 29633
46021 19319
77081 2900
57654 43302
42986 77705
-55499 78940
15400 39193
-36005 -125796
33874 40167
-23583 -1427
14710 -89477
-12305 18370
20171 -48788
-56076 14907
-85498 -39640
-51516 107500
16444 11133
84503 64898
35940 2379
45755 2045
-79105 -17723
-158659 41909
-86243 46848
4457 1152
-7079 153652
30982 -50371
-89686 -163566
98076 -45760
3823 28822
22340 95056
-34653 -2419
-7574 -24259
-19919 107486
-492 83215
51986 -31457
-1568 -69051
79998 -29189
-48604 29996
12587 73506
74347 -33580
-91196 -97499
48533 55853
213041 16913
33341 9793
-1433 -45407
43934 -10283
44574 10325
-108495 -14018
79790 6016
84018 64382
229828 -69276
20547 -176358
28407 2328
-14158 -12855
37417 -25779
-158495 137083
-48959 -54304
74877 -26501
-8892 38993
-38422 -55746
33240 54516
-16571 -21067
15753 -101510
43093 32170
69773 -50859
85043 111124
-72195 -5822
10948 -27654
-117032 -41641
48120 -119770
-3948 31008
20050 105269
10849 -31334
-47105 56668
-6537 72755
17048 13363
-80272 6770
1875 61893
75005 -20546
-73182 62011
41844 -91065
19784 51914
63958 -44586
9087 56228
-119084 43159
41793 -29700
-49765 -93303
78880 103580
-51912 -31399
-28588 -20580
116086 8322
32501 146435
30133 20434
-145902 -79896
-63816 -164826
36013 61415
17448 180000
52743 -3742
-59008 -18049
-36521 66542
-114484 72562
-102496 23690
87433 -126563
-25021 -81470
-16112 1366
13212 -128123
-24975 27390
29468 23891
-113084 -97175
-4825 -67572
-79893 -48386
-115376 -15131
-51182 5017
29273 27411
-95607 -10308
-66378 -15025
-74967 -70013
-11147 -105930
18292 26450
25857 13375
-56731 23453
29037 13060
-134880 -177945
-16847 118280
-22420 113071
-35173 15846
5765 36557
28859 149617
-61852 -52771
47080 34251
47053 39917
-43638 -56435
-110221 -9401
-27684 -3747
-75419 -7327
-39702 -22770
-5035 -4904
-70139 -49535
-83440 -22215
87224 -109656
36766 39091
1062 -112534
26307 -26201
-527 -17805
53140 -55076
44576 -35460
-44039 -42615
-31243 83415
-22004 -23432
104016 15258
15911 -6946
-9708 64619
-91793 73607
-33150 84658
32512 17514
-20260 5770
-77899 1967
41525 6695
30449 54940
-4267 84125
-80559 -55416
-66305 -53814
36657 27915
-11745 57838
-59061 98748
82006 28960
-71764 -79729
-75276 36307
-104394 71060
-77131 93043
-15341 -10853
-59367 18210
67834 -18049
28879 -106311
-75023 -14886
76970 26389
-31144 92426
51519 44377
35102 31149
-2494 7814
-121188 13475
-108063 -88734
50755 58850
-13789 -2694
-2808 62907
49966 -8823
51010 72772
88682 90493
13799 -3207
25547 60239
-113662 51652
-6421 -20322
-48655 39889
-44968 -49395
-96154 56392
38071 63855
-17947 -64813
-29062 -95763
-107228 83077
8565 40414
59427 -9923
-29198 88315
-79656 33676
-53956 1387
-92996 83743
42838 37039
-26205 69608
-29214 -88128
-1248 -29319
-64681 20926
-147881 79840
66684 -174719
57122 -15651
75469 -35035
-61524 94471
54362 -43700
-36466 41603
-36654 -86506
101401 -10721
23681 -126362
66166 70752
-12679 -84877
-34564 -22713
-68134 -80730
76591 -53662
107950 -8122
-14069 -55985
75270 -15491
7815 -10554
55690 -158260
55458 -79242
41909 43976
43564 -7315
-68046 -25011
-56428 137443
-73798 -6473
41124 -89607
40067 -58769
-157658 -116513
5965 24696
46123 83525
-37767 103187
44403 -14438
-17445 -89138
57087 -20724
-45421 -138626
-67988 104975
-46405 116876
-95049 162261
-21744 -97347
-33830 927
12801 142581
20747 11836
15360 -31946
-3198 9073
31799 -1762
28599 -85954
64466 63745
-97046 -24841
-104914 8955
-65886 3026
16112 29837
-22487 86980
-82820 -106967
-18643 -12805
-31217 -35836
-53451 -66842
44315 -62805
-37088 -59636
-170884 -104211
34527 -81071
59050 -97159
-33385 31514
14587 91213
-33617 -29270
902 2784
5446 12043
104006 87520
-46902 -22801
-39024 -46202
34351 -95896
39246 20946
-122211 -64905
-72165 61178
12395 -59996
-90544 55242
-56964 -62092
86727 169731
-69402 -30295
-74724 29956
-24847 -19561
-51283 -65704
-7886 -4167
-169133 -28899
34243 -74482
-51694 97246
-65495 147333
33890 -1450
-51348 -69061
-40123 18461
-139108 -8110
97352 -88139
-19804 -15798
19006 -3058
-118899 -78095
60645 16423
141026 -21170
-11824 87250
-36852 -56608
-26038 -42178
65791 -138961
-7399 -14646
76687 -22734
-95251 73433
14395 2430
-86961 58794
-28196 32833
111356 -139967
-136016 -111239
59111 6567
-78955 -5996
20063 -154610
81007 117665
13921 -34096
52195 104938
-40449 412
-128908 13094
-94245 -65004
54966 -43
109822 79351
-150721 128394
-104244 77632
-2860 -9084
-110376 -12699
-23417 -24669
-38583 35705
-80965 -84937
9561 10322
-102396 -86804
161610 -115197
41980 107027
54749 -83436
79909 -101671
-85813 -60568
-172734 -39290
33947 120728
4700 5225
-52189 -18359
5688 44896
-327 38302
-88945 6799
123296 65112
49100 62625
-66934 -128227
-17238 -23718
-67086 -62165
91456 -99160
-121153 98182
-120455 12870
-53795 27194
52404 -76959
30053 119414
26939 -30335
-30767 64487
104853 -30079
-36358 -10428
-5454 113173
58965 55909
-170321 136850
17829 96185
31280 -43681
52965 -7385
27360 29830
71238 27512
77949 -49589
40888 -71096
-155939 -6422
-94502 181859
-48301 -3160
-14366 44149
18615 -37648
-137839 57163
-34652 -41153
-15122 -182402
66193 75125
-62548 79073
-61347 32398
-63535 -18538
-62466 24689
-33770 13341
-10840 -17924
-60787 20813
43104 18445
-95747 3495
-144642 95583
-59409 844
21925 105171
-174577 -125833
42209 43058
127566 -74220
80065 -61621
33635 -76392
-33693 198954
5428 51668
-38465 -35193
-1125 -3811
146264 -76731
-15506 -31303
35331 -21667
-52727 6995
98849 77774
110133 -32143
102250 17840
-67417 39263
-45305 38697
21588 7232
-64294 -221
127114 -30656
10375 -7048
9326 -28468
98340 25950
22538 -29502
78649 -103708
69947 -195424
42110 -54535
-3648 -74849
-28069 29131
1301 16205
-83345 35874
123513 -83605
-5828 14258
-8946 48694
-28288 113
-163749 14144
-24468 -71874
19674 -35930
28293 57675
4869 13670
-13008 -33263
178209 -111932
-143322 -68441
-13559 -101019
-44614 43018
14416 125054
32419 -14042
-36900 -137126
