-36831 22371
-16006 -30082
117430 -22674
83782 11555
38942 5930
-77226 -13172
-133084 -33709
2685 -18991
53798 -91543
29465 1065
38327 39426
13916 15327
127251 -92649
34119 -120967
55487 -44186
10573 39891
10489 61686
14350 14415
-109739 64779
-92954 -84594
9280 81577
11763 -145260
7391 -20886
-90647 -13728
-17158 27927
-55319 -56924
-32945 -72863
21074 -9077
-180319 5021
64365 -56476
12564 65874
71789 -40936
-20743 -171362
-21540 81872
8595 -34425
-37004 -88346
45664 -37838
88413 -46604
-61860 -53109
-45945 -8305
73494 50158
57522 21626
36578 -34115
93634 115056
-70565 92545
38147 1693
-56663 27652
-62989 -86860
44524 161363
-12239 -57986
-20773 151335
-66294 86073
-2487 86574
-111803 -25733
-93580 -126482
-59093 66363
219400 30962
-74472 -75951
28415 -83177
86541 100857
-29941 19158
-59555 53346
-763 57488
-119917 -20862
35096 -24203
51218 -57251
-54397 11483
54574 123286
50126 -52296
50391 10864
35744 378
-77800 -122671
-60570 -88476
43727 124159
-65419 -844
-23992 -28988
-15299 88873
-9865 49685
-75957 117572
136025 31067
-51617 -81449
59499 -25597
67813 50919
-14846 30945
-66519 132895
-8291 51175
-33566 -4989
-7462 -27619
21257 24659
138362 105160
67366 5367
-1214 -110952
-28084 -137050
16692 -74073
-78788 -12947
23041 123232
69207 17952
85666 -98934
-15604 -100725
36995 -7129
-62614 -15196
103598 12295
74436 13698
49782 -8299
14247 -52239
-87336 -77870
-106846 -12161
-45100 30715
-35731 12675
-37457 73712
-14195 42004
20179 67321
-25541 63560
-147922 -14061
-85867 -91857
41110 -102010
-122935 -69481
-5271 -76483
-162455 27806
31180 53200
-35117 10926
-6594 -82333
32756 -115988
3093 112621
46998 78531
-4872 193506
184239 65946
27163 -98359
78935 -102153
59857 -50958
17669 70627
-65321 47877
-35993 74230
-73249 86948
84601 -102073
-65204 -108900
-44261 127360
-24444 -32707
-82396 -23013
15814 -57676
-37944 -52479
-108203 -108502
-50327 -7116
29708 -43369
-48125 97095
-30680 15259
-96681 -4606
-77842 -7448
-10695 -41166
-117794 -23325
55900 -56077
-3207 16424
-10870 63816
60985 29214
-7433 91732
27222 197863
-53448 55172
-2790 -47700
-13714 -16494
-11911 -10404
35984 10532
-117591 -36249
-26856 46217
24203 113380
3644 111689
-45582 50236
-174604 71707
-23627 24021
50065 45705
80697 -124542
71839 -72678
-55232 11769
-80904 -37645
-71817 -1808
-27080 -44787
22513 79908
52475 23590
134923 67571
-38007 -101502
5026 -20626
73880 72739
67255 31960
55730 -45015
-110470 -44794
88480 6947
-103019 93081
-60098 -75736
-43708 7018
56257 47006
38010 -9815
85145 155290
-68227 75202
-85408 101619
-23107 66654
60013 -25516
-134247 25822
-37297 -28602
-17906 3066
-91272 -136576
12785 -13395
35529 59321
40840 59653
93976 -109735
-25669 -16676
-95938 -21330
44575 -44695
63997 92838
-97130 72233
83513 -16632
85963 -12255
114224 -44509
116619 148019
-79756 -32648
20089 51119
116792 94897
26319 -28018
-32513 63322
98737 121748
18839 18938
-41164 33704
-32022 7250
12554 -43045
-114026 66169
-85963 87115
30350 -108454
-66051 -148637
-41451 -12208
-26974 63339
4477 -71938
119863 -60078
61104 96489
-62765 -19055
-65080 -71000
-12200 -28399
25493 52735
-91692 99571
40177 23105
26388 23230
-4982 -2018
17815 1677
-108400 46593
-81382 -67240
-15024 -17412
-45961 45263
-42555 30646
-16369 21321
154006 21403
-65889 89208
-24199 -18144
-80355 3315
-105376 63618
-37840 18696
-93752 -20704
-15191 65944
33590 121570
115780 81140
25901 107717
-41420 12857
-27893 45652
-10108 967
74363 -15123
15281 -120240
20893 -29883
-125739 -139999
39017 -31841
-61055 -21666
5663 -38111
-79328 -36284
71335 -15120
66171 36625
-34395 20567
-46441 2554
15553 45964
-23763 11931
66755 -20471
53313 -15533
6489 -12153
-110618 -108066
40409 105294
28333 -28905
-38898 30784
-35318 112219
51517 55725
-30763 51041
-47115 -69950
74450 -97071
42356 -19543
-63119 -11902
16037 -67935
-7120 119371
-135454 -61085
27115 -34859
-72686 71831
-46029 -98448
19157 -74495
-38877 -11798
29098 102249
-138349 -72066
6904 116494
19196 -23825
-57211 11109
-29701 -55132
-134361 -35399
-88976 -56157
8084 57395
24750 -65668
93245 -94026
43700 -49645
6126 -74171
94342 9996
-32590 -8189
-25172 -49141
89015 90888
-20259 -9167
-76871 57216
-3725 -53618
-43284 96243
-104794 -109413
-94833 -27535
40332 -86618
80435 57190
-1268 61573
-68168 33537
130344 37158
27645 1716
20126 22636
-189922 -92170
-28924 49949
51875 -63502
54688 -63370
-62922 43480
-21067 -61631
29318 -112835
-36306 -84419
-96254 40001
-34240 41104
-65762 -1710
132689 77369
5055 23365
-93703 11325
-92650 -37908
97702 -30538
-117085 -58078
21340 -71712
-109620 -2971
8569 -95605
58460 -139605
87570 -5074
-166416 -121709
-48970 35146
38162 47929
16857 -95815
128609 -12411
22537 -5842
-114757 139322
150805 18539
37703 -64459
-5424 36857
6852 79030
28364 32732
-55449 22198
25536 45360
15704 38979
-18846 58957
-682 83034
-11785 -61097
-143074 36546
46860 -30693
46262 32760
-33242 -27926
-10519 -6693
95363 -25902
-141754 -86372
-43770 -94364
14954 -93189
41276 -36059
-90456 75978
-12887 104033
-37499 -115179
-70949 132996
23469 -66384
70997 17527
42428 87499
103636 219153
-13396 -136561
35557 62095
12777 -27872
9422 29062
29791 -68722
-21509 27144
-116223 -22377
-46232 48035
-74563 -21227
-57682 21596
16398 -84150
12258 -101564
-15121 -6548
35407 6743
55042 14253
15314 -41019
-89604 -50389
-6486 -8068
-30159 -32401
-133787 56371
13477 -38002
42103 -91262
-57 -45142
5544 15590
-60456 85984
10628 59319
22284 -68199
-50948 28608
51884 41099
-48725 -43644
15791 60665
49215 22708
10767 -129822
-101928 -31400
-21155 129775
-31626 45999
-38379 29876
-111666 33720
16337 56568
-17627 -77717
-17881 -52936
-2064 -34298
-304 -127104
-39268 -2309
-68716 -25268
-8810 -64678
-59133 -30901
-51513 -146139
72159 -72529
64558 13935
-32093 -12738
-46283 -34042
1 12186
113113 -85207
-375 41594
-1169 17098
70037 -69373
-6287 -96296
-70281 -35161
-42637 38589
5797 37604
50629 -43994
8162 24092
-111898 3936
12370 -31701
-1617 -32354
124839 25044
-21462 61802
83986 -50497
-40541 114034
63073 40068
-119872 58276
41226 112502
23596 31412
45012 91392
6338 -22577
-38727 -32933
74691 -6623
-12827 16424
37998 -67013
100067 -15014
80783 -30034
58022 55385
55775 -153282
53414 -19858
139252 44049
-25864 75870
83652 3932
-1559 -40338
61623 82998
31025 132249
34200 13496
-54451 -14936
-1174 37144
58021 -15440
43395 -45730
48736 76717
-118495 -10592
-43638 -77771
-124242 13174
60784 21325
69413 -3700
14683 -49899
-83878 -72777
102841 70564
6948 60506
-44596 -120715
81470 57788
-167027 146682
-34375 -12537
-33020 15206
-19235 90897
29389 57607
-85538 -104617
82052 -42389
43697 97421
-153829 120652
-50086 -71562
-32096 16394
2334 -29137
-27918 -53071
-79350 106782
-64423 17111
-23858 62128
14699 100471
-15210 -911
-11642 38127
-190926 -92128
-8148 -42138
-110168 -127562
16814 -1602
-69442 -134182
-44551 114159
-83913 79511
-72753 91760
-44149 30345
49460 -29950
21642 5750
41076 35159
-10538 39708
29670 -92775
-5619 99438
68704 3596
7063 -55722
60372 104958
-55302 -2578
49196 14994
185241 28608
66248 34405
-106938 -18887
-4186 -46078
101392 -19132
19932 -44176
-94607 18175
-39286 93384
-44119 49033
25838 -27509
-81325 -21085
-7896 54482
-25050 11125
-30811 90110
168701 -17944
-14084 -11821
53221 166957
-17384 -35345
36030 27869
-67741 -10901
-96486 -14543
-28139 -20169
15891 -21621
16167 -70676
-90282 -82947
-16724 -60252
-22370 -45469
-69323 -100021
93903 -28005
40653 -96389
-20679 38379
58570 -38795
87600 -5732
43571 10919
-9842 24
-43350 6234
84817 447
-65060 -78733
-53829 50536
-11420 -959
56490 49841
50015 -79850
-38301 -42877
-82738 45308
83099 97629
160089 78342
-81032 -34163
10061 1603
35906 -66819
38282 18859
-119964 77971
-61385 -87139
5216 83816
39146 59222
-50718 -998
-38323 55476
-5500 48490
141019 -3699
-40637 65694
38848 122034
-38327 15934
-95575 4857
-131636 -104456
15944 -20194
-89960 -87940
-83140 -153343
-38147 -149995
-31457 -103470
14811 -29211
34534 -42919
68647 63618
-18437 116571
51610 -32900
-17878 69267
35110 42532
78489 -50458
36343 56066
99433 12610
-63807 89137
103307 26673
13893 -44719
-38817 23251
-45739 -32478
6679 -134017
-52330 8594
-49958 74378
4674 30349
47623 79702
22079 9419
7304 -89804
-137264 -51359
126695 60025
77699 -129021
55570 -83069
46333 65840
56927 90672
-120336 1466
13846 27866
34513 83897
12190 42401
-92922 -8238
78712 64890
-4147 38012
-26678 -34811
-38505 -137698
-16894 55103
58545 -67405
190366 71503
65795 5770
53868 52590
-46303 61608
-19824 -72063
-119884 -8179
-93543 -50739
93292 42613
6602 -36367
-12999 36270
-113693 -102960
-105803 -24682
-30140 -158575
78790 44821
64792 -52457
6675 10332
32915 52020
-104029 42683
-8855 64459
-55814 -94440
1156 -29505
23667 -13552
52320 62116
-75227 27811
14230 -63113
-209941 -11479
-73850 -46507
-14746 58162
75290 28449
50922 -48804
-24856 102769
70453 -2538
52650 -36048
-56532 -104169
26796 -63605
-25040 -76426
42978 -12697
25335 3099
46539 -1079
82766 6097
-89338 34709
59148 19285
88185 -73691
90127 -4922
82235 -74605
6378 103234
23423 558
6471 -34918
58405 -62007
-42711 13069
64813 -26536
-25729 -15936
3035 -72607
1951 80541
23794 66326
-69828 -121248
-15812 -38163
38543 102132
-38608 -23351
-82858 -12489
-22218 -3553
-65218 39122
-72026 -108047
80688 -22306
8562 118268
33127 11999
115839 87006
-77323 16333
132713 7255
2699 -99177
117539 3807
49172 3905
-33520 58021
-6821 71147
314 43058
10942 17913
61839 72299
46563 2704
88233 -71081
-160336 133769
-9777 43943
101967 44052
-2608 -79
31888 27464
23486 -55139
22540 -106544
44651 1743
-68461 -14776
-61895 -66450
15629 131437
37260 -62187
41405 -13234
75655 -8489
33536 154849
38795 -17129
15124 -63259
-48591 -114069
-72341 9253
50919 8322
-50436 -90257
-70912 -39010
40110 -52596
-5650 57733
-40409 50823
-13058 28560
17584 131472
62198 -174170
-16490 -132279
-106444 -38474
20958 7109
-112961 39043
29638 -18870
-81620 44559
-70710 -30512
-538 -31610
41397 -84848
-152361 61620
49836 30887
-69907 -22790
7571 81672
99474 -103924
50593 62934
-69712 -27290
-133313 -1918
-10353 65259
-94187 -32758
16886 4081
37427 -34244
-46545 -30331
-30396 73466
111596 139699
104454 19938
73739 -19634
-40264 19983
125576 -66168
-29666 50243
5373 58225
-32953 -97129
-54707 -6727
10726 -34719
19029 69758
-68180 -42305
-83013 -91400
-18874 -103362
-15246 60552
-74685 -75347
32540 31066
-109065 5863
-88576 -6530
-91339 62000
18854 -36721
81520 107441
-26207 -124530
-38220 -63932
-79301 97001
81578 -87992
62053 -21132
114383 36415
36109 -11339
42569 92184
59448 15972
21453 -36753
22525 -61972
-154414 -80406
-20412 26491
-120371 52699
-149933 18490
-106176 -98685
-34677 -30971
-23311 -18114
38363 85671
24103 149054
78835 -77471
-41482 21074
-4534 21222
136707 73897
-46730 -99707
-128224 -81679
27733 1615
-64131 -76236
-8424 61379
-4307 32288
-16172 4758
28394 -82400
-30534 93646
-73765 -42157
14712 64816
14986 1277
38190 37407
1038 -24237
50145 4551
91790 8484
53688 -51569
-10123 28655
650 20134
29931 48183
-81947 -18263
-89329 2831
-82000 111030
-29459 26184
28777 87230
3349 -51527
-15143 46140
39358 -28687
89113 9975
-9329 12824
-28889 -3992
40512 -1377
58997 5044
-45775 47346
58869 -29264
112400 43094
16901 35008
156388 -60847
-27121 68810
-99850 52124
-4137 -99372
-102742 -77693
23126 33458
-10196 -46676
61874 3280
-16017 -53352
45832 92818
42775 -38981
-1092 -10500
-6106 -817
-87095 64607
59499 66980
74003 47788
-54142 -42034
-110418 151017
-158524 -15940
-26895 16649
54254 -79618
46624 -18239
-76165 84517
-17549 44640
-95746 35501
-45334 62128
-16869 -18531
-122687 -62262
-58451 73822
-5706 57479
173441 -21942
-537 -23589
20620 -86781
-48401 -37674
92708 32418
-11144 60765
-51145 105382
44626 18202
26249 -21413
5268 88961
67412 -87006
41504 -57609
14376 -29113
-16708 42171
-90599 -107181
85467 -60047
-119526 -17592
15419 -17615
71591 -57161
109137 -121696
-20521 -43771
-2609 14203
-38182 58449
73404 102389
-43 59078
-23851 28725
37993 -45841
48615 74487
-81289 -8169
-75086 -133571
-22440 37555
74022 70066
75754 13112
-27938 148490
33167 32677
22876 52428
-1006 -91725
-934 28351
-9605 -69538
100416 15369
-35353 -39746
-42758 -20120
-137341 -13012
-41366 -88325
127208 -31355
61881 -26403
-180506 -67522
74576 -163614
90676 -50141
11765 -3758
45382 67396
-779 -98471
49398 -64787
29198 -74239
-145181 -15625
-42666 -27575
78894 -69262
29167 8742
-12616 -63802
40686 -43296
49172 -76155
-52524 62596
-168537 27889
28469 -48323
-21006 -20994
59837 34255
-71222 6145
-43535 -57960
20481 -4815
-43940 -29751
100319 57403
64698 -14990
-102186 159981
47883 -19146
-90261 -29640
-47873 77027
-19936 102088
-42678 -46385
76770 -28076
-31149 -10619
75506 55611
41615 -49880
11970 16291
23496 -56836
-6838 -34983
-28848 32160
4772 -49145
-77660 24438
46906 -15470
42558 -110909
-79810 -20713
-94084 -11760
69034 -61528
62333 -14081
106597 -103238
-28408 74550
80770 112974
37460 31737
-148585 34771
20569 52313
59976 51866
23520 -43000
-87377 5497
-25628 -111023
69212 -158276
-15932 -35225
60165 -23798
-46767 51097
-102195 9777
-74121 54870
-49633 94260
64251 92760
58462 -4188
-19132 -17565
19159 6670
-30612 -133588
32502 -49201
36326 -6107
-8906 11267
-21441 -49787
-16239 -112772
-195308 -13281
-2563 17100
7482 -169295
144986 -125297
69578 83348
196540 -4333
-85244 52517
-59499 -38783
31790 -58064
-39895 -13442
92951 70131
141628 11237
7224 -949
-29997 48404
11910 2909
34045 -299
-57227 -105559
68087 -69690
12387 -50335
-76253 -31262
-50004 66433
49972 101880
89249 42104
-27827 -90362
37174 -65024
32891 -47648
16040 -10992
36005 58497
9737 -72117
-107355 4154
-111178 -60815
-55636 9882
-63990 -46699
-59520 -83416
-22848 54137
48736 41648
-21517 -157769
33670 -65099
-59307 -99611
153183 -63203
-74183 41552
19221 7522
21169 -15491
-47015 -81907
-221 29337
93212 -5770
67098 6658
18169 -132599
135530 17394
41355 -58439
-178608 -97422
41639 94136
-43313 -47978
-111461 -63704
-38592 -58411
94813 42452
-23193 2783
7752 168423
37619 7948
-27976 -123501
99978 -8248
-83582 -92042
-62149 -63167
-54125 -32706
24884 -34333
-12944 6393
125293 -119154
6960 12054
8828 -148100
-87377 -76252
-17240 47481
-71614 9898
-80879 83158
90359 86873
66822 108358
-52002 -9423
47251 -31075
78087 -18240
33983 -45150
49510 -74340
-67315 20069
-62580 -83398
13460 7344
-88459 94960
-36930 -92299
-32550 27332
-6718 45398
16110 41483
-10445 -8521
-41221 -24460
-29175 -17190
30581 -4715
119350 32201
-37298 11360
-109059 9916
2313 58211
-116025 68699
14100 24514
4718 28835
12441 114024
-135916 -85154
-11091 -12650
7296 81713
46563 -91302
28521 -39912
35953 -85523
14713 -83211
51149 -106429
-29823 173761
102463 -34507
1557 20336
17826 -121597
19735 -40217
100883 33028
-32646 -107785
-29517 -48124
-23960 65788
-42005 -13591
-15028 -72293
1969 153478
128666 92042
-43947 48898
78738 8264
62275 126144
5450 -26034
66793 6708
4915 32047
-6597 7219
48879 -4789
63868 17014
-16869 8209
74734 109530
-5991 10075
9045 -67017
-6218 -17322
76514 -89983
60897 104999
-33177 -50417
-97870 37144
-15057 71852
12307 -70389
46662 -102167
21199 13455
-38775 59736
-8289 -29927
-50956 21552
142150 -55184
-24187 40467
-7654 84390
-45921 -28565
-117052 33030
-22280 6416
89869 -125916
7944 -82470
804 -49727
113442 36773
-52123 -85500
-26192 47416
-68143 88831
13976 104735
11411 11140
-41703 -57862
-1196 60407
-2958 2091
36683 -80745
13519 48900
-52135 -22024
-60614 -41112
-10146 61932
63867 107833
-1710 -54045
-27624 42914
-55349 50192
-5664 -47365
-44358 -6177
36119 -20802
-32857 70026
27700 -29402
-14628 -39958
34843 -48661
68524 75766
-8850 19806
85221 -5925
46124 201486
153844 -71806
-123742 -69182
-82781 5905
31887 69121
144982 -19359
-141761 -93883
-83181 87391
-30123 -15527
71248 107612
-101251 16969
5937 48982
-47800 -10811
153841 -31155
4286 -6732
22961 -68417
103522 -119684
-4818 40394
-74392 -134252
-14697 15659
41915 16542
138154 52220
-11677 34846
74819 -121637
86889 -91748
56144 -61402
17473 -63369
-42229 -8103
-9290 -3012
76952 16670
81202 89656
-12082 42302
-50778 9958
-54355 114226
10604 -87967
-28999 44624
20017 30596
133244 122565
78250 -52978
-37401 -37000
59249 21250
-59851 5387
-5848 19794
56061 -28594
-25904 74629
16204 77574
102763 67128
33477 -18426
9710 -80646
-95016 -78599
-89097 78632
66257 7864
-68851 -100123
-4409 39256
-134195 -45271
77412 1769
58172 -60197
-17407 107596
-17588 57150
-47647 -43063
-26431 -96867
-102213 32989
-44145 75748
26918 10482
73583 11411
11273 5757
15508 -51463
34750 -30374
27149 112099
29682 -8048
145390 33439
-66703 -57475
-96449 -28198
36689 104553
-97794 112158
39340 29787
38707 28693
-81895 -77697
-4292 2368
-26261 13019
-11661 87325
137272 15873
-24 -41081
10838 83422
-96765 -31608
-45604 85620
41828 -27374
156437 -13713
73405 118759
-132853 -7190
-27539 -31582
-37675 -34964
26429 7623
69226 182249
-88984 -5240
-34683 -17469
-22443 -22650
30394 33740
-37262 17012
55846 14517
-5507 -126050
53975 -77246
-106364 -121405
15294 -39623
-6900 86300
-18104 119894
2797 81939
-21076 -26376
68224 -86188
2563 -86140
28840 -75482
56049 -17671
90979 11670
-23207 -15042
14788 -902
116388 133205
61118 62337
-81470 -36412
132390 8070
-29404 -4555
23953 31189
99622 -117187
63435 47108
-66710 -17450
-40190 90273
17736 72022
14807 -60066
-75206 -27943
10250 34318
70906 -21236
-160138 -31720
911 12216
10431 -18839
-58100 10742
-689 46723
-38723 -63308
-19586 64308
-706 -114645
-44469 -47963
-82362 -29152
34965 -74285
49662 213938
-5001 80941
-6793 169862
4697 88707
-24883 -22089
2506 -4122
8471 -64400
-29545 150472
41820 19248
-16398 -26817
113954 -72604
-107063 34218
-83304 -32629
-54175 -103373
-41812 34286
60429 -59935
61580 116713
-33106 31577
-218971 -82185
35604 14009
-20984 66405
42723 -45888
1450 73533
-44403 -13125
-32026 -135837
22056 61150
-142874 -38183
-141102 14531
77221 -47655
-76153 107199
69895 52489
-54067 25141
-129964 -73224
-66441 -16653
114539 -73046
-40026 -10706
-105764 118263
-26364 20065
-64113 10935
-23298 -14623
39475 -154656
-66773 -75749
102971 29137
-13051 -90992
-26340 -2788
-105748 115518
-33234 44272
24395 14248
52277 -102993
-58889 -32272
55762 18736
103579 68167
102364 73534
-35856 83338
25439 72881
-47912 50340
-35540 40218
60860 2008
-148488 132376
-33438 -13496
3767 102651
-69944 31707
115528 -2326
-88045 -11004
18902 -87916
9585 -23100
-19914 31673
132813 26643
-9763 -28737
53078 36918
20958 -19857
32634 52755
110176 68399
11150 80319
-139694 158265
-26675 -91042
-102146 -38709
-36647 -60329
48414 -45746
8544 54717
-107213 53973
-70523 -54346
-18472 -16594
-19229 -1231
31162 -94073
154156 59468
134234 -59797
104841 -50018
36359 -59695
58549 -56564
-4987 21467
-90790 53563
-31765 48411
-68942 -38197
92619 8526
107241 -43053
24649 -46272
87679 115572
86596 774
18913 56079
-114483 -35727
-85008 14823
53996 -77164
38352 -8760
22687 -7146
-39997 -83184
-73033 -108684
-50810 -103131
22357 21910
17456 -45410
-84956 -63240
95268 95359
39458 -59116
-18283 -15240
94921 -48302
98117 -78005
35551 -4159
1741 61550
-52729 62435
58690 -44422
144599 2140
17267 82720
-5618 -154015
-77316 105591
64862 34731
37018 -16651
-51230 -88558
-34959 -8284
-133261 75978
-21754 25679
-5919 -112909
68226 24035
-82714 -119325
57269 -100591
17455 -84704
-13217 26528
-78192 -123158
45322 -46344
-6206 88228
54606 125679
-3157 -122068
-97419 46463
-160693 -78812
-52047 -6650
-92067 37120
-8201 9261
133004 -66005
-21852 3590
-100456 -55397
34000 86364
59215 -1931
-49247 -50516
178601 -31871
80672 -105660
-115656 5859
-96342 -10687
74781 -114275
-140435 -4336
-63428 140717
70670 -49817
94196 23395
-29100 214149
19730 32179
-54984 -78192
-77780 -177805
-42858 81560
-46062 -102377
-106419 -970
25293 -143066
-59099 2126
-16251 -11991
-41081 42040
32778 70651
47966 -103898
119539 55164
44053 -62509
-96429 -24249
98863 -72918
37130 34414
73325 34814
-9614 61061
-65243 -92952
-888 15385
-8486 107673
-1007 -22490
-6896 -63986
93613 36614
-112616 -13702
30961 -30126
-57800 20454
2958 36279
50743 79576
-39654 39512
-97914 -7096
-98537 34804
-48577 34212
-8150 94536
78681 77454
-54837 -42822
-38344 92540
58525 98552
-9972 -97805
95043 -38825
-78213 -99735
-50795 62891
-133880 48957
43417 23570
66456 -4371
70763 6973
-17479 11399
-44806 -7355
51014 -53733
43085 8160
-58780 -61520
-74827 40118
19345 -25036
-66028 -30981
146730 -14165
-172408 -29698
-23212 59407
62634 4452
15220 -80046
-69012 -107965
-17566 -63101
-91359 42649
-157155 30910
-18430 76547
-33134 15468
-30396 -52912
-66968 8678
11284 -43915
-79691 38739
-54521 -1509
-95491 -1081
9869 -57412
66951 45962
-55794 18213
-113785 101154
80533 102201
10517 95927
146187 44292
47102 -94750
-56266 -74566
31394 73047
-148221 68395
43236 177302
102868 450
-92785 27124
67812 -24010
167798 129200
19730 -10043
61697 28191
138878 8711
-13902 20899
-44855 -29779
8716 13993
27693 43453
106718 67285
-24415 42726
53306 49020
-111919 44259
-6728 -18866
132083 -125399
104115 92430
131802 -59859
46186 38711
111645 -99899
-11768 61209
26720 -84723
14738 -51614
98994 58505
21792 182550
-133376 160034
29523 -37672
-9249 -43696
28925 9017
-39477 6782
34084 59571
-47203 3236
22324 -66220
12641 -38346
1654 -99275
81926 -43676
-63360 69739
-85326 -120253
32306 -82038
-19351 -28784
18074 1971
56869 21571
-34974 -18120
35411 -23512
-114668 -12429
68593 26094
-28865 -44880
-79073 25465
-21481 -76480
-18569 39343
-21935 -142774
-748 13451
5712 -24531
-139626 26466
-21663 39356
-3612 100754
-21903 9851
-1067 82576
-92643 -639
36158 112099
-60240 70530
-2177 16215
41136 46683
-6681 81152
99990 47584
4648 143758
-17277 -9489
40623 -30329
-88179 -27134
-39955 9645
-4357 120035
-90499 -106644
33773 56744
-3649 -26501
82091 52743
101573 34915
47509 72211
88587 21339
59288 67273
-45839 1869
-485 26155
61476 5496
25832 58758
43131 43155
51916 -38251
60370 -5653
-47356 -81593
-134275 -83259
54255 -29187
-20745 -72527
16398 -31284
23941 -43409
548 -43513
-155681 -108876
-9646 -126260
-70203 -208154
-4756 -51836
42810 -68823
16243 -62216
-103685 13241
34886 2676
83467 -32024
44015 81085
82478 -62184
5348 -8148
73127 -42073
-28409 -28494
25626 -21831
43982 26794
34059 -60927
-106617 22992
-40807 21470
-9182 -64422
-93650 -9095
-49338 -16393
-46011 -35213
43573 19047
117536 -52724
114299 -51267
-7892 -108536
26240 54496
68945 -49622
25307 -33330
-110156 146945
16284 43620
-175546 -66402
130478 -62997
90562 35128
47142 -20881
-69564 30017
-27599 49039
-38003 -9240
-7532 -113907
-1231 81295
-73028 87930
148381 27943
-4961 55512
48128 -12518
-4873 39125
-39275 -28236
37747 -98549
-11259 31428
-26418 76411
-15505 27843
87767 87707
27397 75714
17163 71765
82185 22258
-26778 34529
-32289 21593
113048 53070
1918 -90037
65127 -20238
6281 -32119
50757 -30487
35514 48647
147503 138474
21561 -24919
-13178 68958
31564 -132367
-69230 -93613
-32608 17402
49039 107517
-20073 28668
81641 72265
46829 -51728
-31089 -63335
42050 -118317
-22167 119710
123 -29166
-70547 -10862
33454 -38271
77295 -105186
-9651 12260
763 -22651
-116149 19180
61027 108657
-11701 41729
633 35210
26180 -17420
-110420 10388
-31808 -20608
31722 -28909
35940 107602
-82683 -34362
180687 120380
-47029 45838
7308 37020
-8243 -49584
-34513 -52702
-110409 69121
11772 -134011
438 77837
-71582 -95228
-84294 44495
75642 -23683
166377 37571
-102399 -87664
100648 33696
96795 -121524
-15545 -84668
-67619 8341
52425 -69522
-16165 -22722
107695 -136430
-55175 -12508
-83126 24787
31455 -75426
49136 -110461
59151 25034
-29658 -28196
-10789 32802
-14995 -81314
132883 -32139
79836 -61403
-38140 -65390
-32407 -31739
21516 -84643
-92139 -4677
33649 4643
-21126 16579
47607 -15774
-33011 56745
-9435 -39109
43843 33946
-72996 -113973
-33982 8129
78576 -29722
-57618 61220
57614 -100472
-10353 -29539
-11327 -112631
77886 10389
107781 -11787
30136 -26946
-24932 -48476
-46452 32425
-25087 -39795
39723 38976
17971 23498
13991 17891
-38940 -54930
-138137 -72007
93717 -58368
68895 -119701
-62921 -33076
-67705 37327
-133984 5770
-78735 -34331
-15176 42502
22679 28276
38624 87792
-9418 -32747
53054 123493
48342 39254
-33223 -106570
-28741 29361
27213 86335
-114991 -5547
77941 -45784
12458 -17131
22287 55813
58152 -12747
56496 -22133
275 -114676
42446 -91182
83015 91763
43096 37283
73402 -89158
7931 -29021
97453 76342
-54346 79726
42691 71400
-9553 -97920
-23015 -43739
-133106 -8714
9418 -57488
64202 -25448
121877 101112
-56423 -64556
-144765 51058
93775 -23112
88258 50565
-48618 -38991
-44835 -3833
20771 -16306
10762 -79284
108560 -19201
128294 -57961
-66083 78936
94415 76705
114759 58453
65896 -74276
63911 135801
-19451 25292
-120202 -98300
35216 -75100
-72339 8457
-28575 -49580
147364 -7101
-5048 -28793
-14435 13435
-26518 -57413
-47680 -57680
-39159 -20372
-77236 -23338
-51273 -40126
22143 -6605
-41687 -14248
1099 -46518
15436 -24994
-85534 38511
-47957 -136590
17949 -51667
-41022 -7410
-11641 86806
52318 -68806
8610 49105
-44433 -30635
116969 99559
74567 63053
-20042 -455
-42513 -172480
33500 -60573
81162 48216
57206 80133
13610 -58630
3726 77959
4894 7245
24097 104966
-118155 7154
5251 14674
-18581 75626
-69235 39617
40790 70591
-91443 -7773
71064 59308
34150 162142
67887 -94818
-23451 -17859
-57095 9820
-34857 8028
1946 49704
110938 -36234
62845 -68933
-53767 22708
-27653 17819
-14173 -135075
92134 22262
-66825 20893
19901 -45096
74838 -6185
108058 32067
-40805 -51124
12751 22115
-12139 -19419
-51259 76348
-19233 41390
-25699 146388
64206 103935
77615 28343
17920 13904
-74608 56011
-37240 -42549
6540 22051
-65846 119491
-26975 -18485
102271 -47514
-31556 46059
60942 -7486
-55434 -53724
5146 -191618
79396 138344
48261 71673
-84791 115978
106386 5914
-39398 104326
-38619 82092
-14003 -1767
63391 29513
-43464 -36874
3755 -18264
136694 19231
57501 -9500
73697 -41833
114853 -36980
-25608 3887
29318 -64386
-9073 -60576
-70751 -13717
-49605 83499
81230 -26396
-24195 139289
110981 45689
-20888 -42849
27401 57647
-92059 -22717
-66408 57531
110159 23893
-44603 -57237
48749 47447
-66072 59193
-88724 -30472
12986 -7150
28956 121576
-12980 12805
93324 -72520
-6949 135746
-2397 8710
-18575 33792
-16533 -66380
37372 -9470
-54254 57471
-11548 180617
34737 -33334
-37756 18633
-113461 -13782
31027 -124252
-25573 57140
80416 -10876
-59749 -24938
12370 58126
72119 -9969
-25857 15011
-66805 -38259
31411 -107589
-97608 37551
-47341 -50583
10422 29259
-2778 21677
-21587 -3848
105353 -128423
22767 -125206
-30757 4947
40555 -13955
-29066 53289
20511 40974
-2966 -7670
-45753 120896
19715 -33463
-3687 15057
-4187 -11036
-32211 -67875
-14486 80070
-4900 -54235
-27833 -48944
20835 44230
32458 -76445
-20755 45161
-82135 -71621
-55398 -67584
27705 -55137
56523 3021
12254 28649
115349 46271
-19573 -82872
7784 -57843
-64227 19519
12459 -11371
-68884 -18536
-38100 -93314
-29675 -94482
53933 -24521
-34395 -138167
48986 51705
-48768 28085
52124 48800
9464 -2778
-67747 -6142
-113770 -51946
3156 -12408
-110849 68729
49438 21371
-69049 98835
-7262 1995
109295 18401
15420 -90113
-22733 54607
55335 -30185
72582 118655
-66749 -48663
-19169 52349
-98808 -118199
14569 -46796
59209 -8423
-5846 -40287
-56082 -19456
25044 63135
-30673 117227
-15750 -39794
-69398 -57841
-39811 3508
10459 27462
16420 -1903
-25680 -51021
31443 47204
-113689 68222
-54390 57856
-54704 -25883
-35171 84173
20222 -1697
5469 -27967
2754 -38446
16862 44324
-2357 -15503
3605 -8275
-11175 -88524
73164 68092
-57512 26286
67929 -134364
17321 12811
82908 -44801
-44076 -20361
107263 972
8640 1956
35968 -51587
81802 52683
-38798 28771
-74852 -100604
-64746 44961
28035 185813
-30568 35239
31438 64206
-35830 -50571
48761 5592
-4424 -28361
85033 -47072
37684 -79997
-86027 -60596
35491 -7418
44334 17173
84541 114635
11060 21341
-24347 50373
36605 94819
20139 -34525
-72322 7844
9595 -100527
5951 55878
54834 8905
26545 47200
15288 105543
136386 36873
39530 10967
22595 -60510
-6015 -42471
22717 39428
-114545 -78059
41129 11038
-4953 85628
-20414 -70361
-7779 56513
-48427 -46001
53970 43351
-59773 6751
-50045 -12041
-79695 127
25446 21937
-27148 47693
14060 12567
-65988 53305
-12131 -48517
47329 1052
65804 1181
-16210 1984
-143875 -68906
15995 100518
33167 -26976
-5260 -73185
-15802 -28275
97487 -79831
3736 35370
76357 -49562
72012 -41857
-108468 -25997
-20949 -41806
116644 -35872
-120698 -22660
28209 -158366
26655 -116803
-25844 30379
64275 -36625
-47714 65715
54074 -22533
7316 -37843
-155151 -39557
-83632 151698
-42448 -77864
3550 24059
-45237 157479
43395 83066
-93073 -11244
43891 -34075
-117082 1766
129173 -63028
62464 -2592
75038 5834
-54163 -7061
-26342 8995
68621 -26576
-17399 9502
80312 15676
-12696 16964
-149652 40213
-106300 -60614
-9151 -21972
20800 -51879
44475 -34251
63851 38146
-46313 -28161
156222 13152
-35688 -29732
94949 -25406
123126 22365
159149 -657
-46607 25047
-10288 14863
86706 133036
45418 26215
-22341 -66246
21329 -19542
15685 -80535
72152 -85519
12465 26802
-44858 33382
43379 -76779
-29724 -20251
22577 -40881
-29682 118295
-105249 2630
-50344 21265
100899 48637
-705 872
887 60831
11991 -61687
-142315 -14957
-4377 49584
17600 -15145
52318 50767
-55911 86529
129698 -70744
-198610 8451
97579 -31563
-5170 -90692
102349 73558
-72663 -4712
-43186 2016
-42265 -94054
92332 113833
-50926 56440
49229 26093
38822 31692
-12206 108313
-21834 50921
-84691 -69541
-36862 35090
-44987 -101520
-57820 46882
27464 90409
-17760 -42917
-28317 79516
20297 -92484
-74109 13650
-62120 82736
10067 21129
-146155 -46272
82656 112628
44009 13855
-65323 148931
6284 -29121
12894 129676
99463 -39736
-28529 20750
139065 48745
-57391 -19874
52123 -12191
24877 -1564
67087 93166
-87296 -23625
78057 -9169
-37221 22214
-112654 -18776
-52602 -101861
11291 107588
-45760 40427
73475 -53130
-22070 -41292
-66796 111178
47753 127421
15697 -39580
760 -76566
38357 -35773
-8239 -17751
3777 55180
115378 -78861
82871 81718
-46851 57547
-9550 20833
8611 -38200
-80030 -9769
-3140 101276
17567 16078
-43602 -28561
-108112 -33629
17969 -106447
-2569 65247
48776 -14025
-11048 -62864
-1915 -216652
-19797 -66035
36974 68013
119633 -50904
63660 12523
77917 -23030
-69168 153978
-71642 35988
43269 103942
58736 -1405
47107 6107
-54381 38830
-11178 59385
-80901 -126857
1377 138868
-86811 833
-82440 -39990
23571 -66374
70978 7056
27318 14897
141532 977
-3189 117618
31816 14622
141709 29559
11607 26402
9340 -93275
-36123 100468
-20965 -51104
-20508 -5969
-9478 -8370
66846 -72656
-14592 35431
-97389 85575
36741 18742
-35342 43430
-35939 -73888
-12634 28767
-71144 -33869
100517 -75797
-13394 -5440
-6880 71643
-305 -61009
-8865 -74897
-4763 -42626
-26158 -1583
43229 12616
-52158 -68557
-114039 39256
-48530 39970
-42030 -56656
11603 -46933
19364 50296
-30980 -3194
58285 50298
34090 -15182
16791 -60818
34436 -81270
34065 -165986
-93777 -103806
-84579 -7244
-86548 -38713
35023 54868
19987 57086
-70662 -141686
5854 -46881
22658 23231
7806 -77982
80655 -65546
-11437 -47472
-77717 84207
-9019 -22249
39301 -20342
68294 54020
9239 -150497
71976 -25637
54698 56629
-13580 -41410
31073 -69799
103932 21225
2423 -34003
-41366 -92470
-58313 168879
88854 -92158
8791 -61359
-66015 26300
-149657 29699
-44699 -80305
-9155 -85435
-70319 17757
-86551 98587
22106 -16322
14118 57739
-81948 -5031
-30421 2804
-51557 -79267
3223 -38111
-57367 -8074
-82936 5992
-16585 -129955
1869 -58407
169011 -78484
2130 -8497
-100843 -16351
-6412 76678
-26324 -26972
69680 -54845
61721 -16467
-50722 -115151
-85150 104081
72148 15739
104119 26810
76388 34356
-14824 14172
151899 41434
-48292 -100038
-100354 10485
-725 -62167
-8790 -35118
141076 -43738
-123994 -44257
-49908 4473
-86562 58281
11050 -46273
-17150 149813
9041 -18531
-91355 52379
50865 -123992
53617 3556
10700 129594
-11282 -38418
76428 155520
-77280 -3537
78337 -5017
53767 -6419
86551 20788
-45670 34882
-94474 -29942
39028 -2917
-40346 -46993
148703 -119262
-3061 7358
-116229 -5361
-12075 7185
64794 19966
26279 -54983
150779 -87040
39321 -3429
-54575 7925
66548 -114783
-3679 -65832
3518 -18952
-2746 26587
67757 -55996
117916 -43854
56956 102839
124008 94221
15537 -122607
-75031 24716
-110773 14250
-2170 75884
120278 47205
-50609 -26418
95648 -17001
-139664 71172
87252 -67171
-75784 -38047
-15771 173525
76152 46242
-52507 56251
-69503 42167
-43872 14877
-134440 13237
21084 9954
11688 91711
40462 127955
96117 -38212
102155 75416
20439 -36028
-113308 -48102
-65060 -8561
2293 -30755
-95048 84269
-112954 -18593
-16615 -105386
-66032 114316
-102321 -11523
-178 21112
12171 38312
-89914 107048
43817 -11699
-4553 83356
-30675 -45603
-37813 81038
118331 17894
-45069 -25064
83465 -16916
-52305 -6140
-16716 31800
-106901 -67904
75659 -124057
-95354 -117525
50628 75496
45842 -47566
-97328 -128571
75002 -3033
22880 -44927
-23992 87389
-28747 -2434
32844 149215
-11810 -17387
18232 -2716
154870 -26285
6672 5434
-1875 -64469
-46085 -36620
12413 79942
-35309 -76755
57119 83588
-110939 -32261
202569 45230
-75925 80960
-102206 36426
120113 29718
37043 19693
102774 -27115
-126606 -99943
25161 -11763
28221 65005
68765 -188111
126261 88481
36085 -40398
57455 31069
9185 -11830
50861 -131805
-115088 -15911
11823 -49183
56388 2087
67980 -207
8910 53282
134574 59989
-14234 -81621
164693 109245
-74700 -9597
96063 -88865
16716 103353
-51765 41496
33636 -11032
-51896 55732
-117686 65423
-19611 -42694
-70625 -98777
26825 23816
-2345 446
-168786 -1510
16977 10415
108341 72190
-80165 -20133
7482 5985
-48447 21793
-113831 -15465
9091 68236
109622 -33385
132256 5845
-46361 -101864
57890 -53345
-65745 30171
-114897 -10576
21970 -130818
51642 31284
45677 121161
137389 -53264
-45552 28018
14421 16132
-25056 -34638
-11480 -35166
-10603 -64566
128981 16860
7532 18785
7557 51613
29921 -49422
-4074 -15686
-117201 117728
91811 -4547
60365 237772
49510 62648
10588 95511
-13889 8453
14344 -109626
70501 163713
-32561 -43479
168591 -13886
-26215 -64837
-58107 -1078
-23885 1204
4850 -399
63681 -8549
-26190 -38718
-42955 15066
-166697 17501
-74586 46458
-196987 -49944
130584 4072
-22241 63239
-22889 2823
-57380 -44668
-59837 27071
7559 50175
16461 -33177
-66658 14479
20532 17863
-9406 -61654
67979 57091
9917 -76982
-44431 47744
44986 20051
-5873 -13538
-49158 -25781
-41836 100446
24065 -17299
-5784 7403
-26325 -14351
50664 91173
-6067 -70723
-66325 79723
13268 4761
20529 83152
58600 65593
-73293 -7647
-71282 -65982
2178 63414
102651 37319
89445 -57141
-75450 -1546
-50850 -34472
-12370 70612
-15671 -116965
-18011 -90967
27259 -66807
85548 17466
29570 -74297
-76722 38702
-68630 18045
69682 49974
20363 -46329
-79674 -88767
-99388 -74869
38070 -89128
112724 -20242
-49681 -87556
-74432 -76297
-104764 -141414
67283 25079
52905 46270
-31929 -25932
-105906 46190
194239 -4353
-5301 63922
-32663 -87279
-19877 67960
-58924 66187
-29035 31099
-12652 -10643
-6452 -68156
-85764 29904
66386 -69492
-31312 -70672
-94836 -13150
56259 -5996
43213 -124491
-81397 13067
4037 -129559
46168 93989
6839 57212
26183 -2627
21746 6271
-64853 -16343
38385 -16016
-61545 -172035
6756 -25020
42811 105190
-26321 -10941
36463 -100869
-16856 -20928
51908 24818
-87915 -111836
-2574 105985
-96258 -93909
32080 29991
-26546 -4879
-53493 -84214
-103295 45467
1830 37452
-32436 15556
48361 39770
59057 145228
-12510 14371
-96960 -6976
67719 -39197
-71733 -14547
-29981 -21643
-63286 15588
58451 -41252
-1491 -115065
29012 -100675
93511 -139272
190815 90489
111701 -63057
93528 41315
-2288 -12268
-31802 62980
23787 -90561
-63992 -31106
-38089 -39224
40346 -16097
7575 -64710
25539 -67541
71705 -91719
50188 -46304
58139 129427
47865 -114276
-90546 -62327
-112244 9848
-30118 -59270
-24642 -13646
76297 -90719
-111321 -167506
368 -99575
-56663 50649
20473 45503
29081 40207
-54378 102449
-71158 43262
57393 -31557
33076 -76064
107736 41012
-64499 -102740
-105400 126659
-155543 -5283
-33052 43291
43561 60349
-29738 -99982
16720 60281
53354 12647
57516 28198
-56221 -104533
-45606 141790
19020 -22962
80086 25152
6263 -82837
-175605 -2833
-112000 115508
-68221 -35325
-44491 -2196
-98443 15650
45401 59007
-55353 60522
49758 -65923
16605 -19626
-57950 -72663
-79908 142588
-31903 -10951
-28109 -57498
7792 -102508
52174 176836
58901 -26933
6458 98854
59772 -5678
-76974 20812
950 -21648
-9684 16278
-14337 -6728
-68880 -111616
68435 -58291
-23678 13949
-88445 -91927
-72242 -28549
-8140 -93705
50424 -103813
9524 10910
-20326 28769
-105711 20979
53986 55183
-46639 118127
-31603 43403
-105871 11472
17376 48194
134064 -33304
-129195 -44000
69351 11326
44730 8889
29655 -102091
-26806 117577
41052 -85592
-103014 5939
897 39976
-26339 93775
-36800 -32401
74449 39081
-64090 111093
-115357 25908
5064 -16382
16665 112878
61565 93776
-7586 -46728
44493 114994
-6444 -27607
160337 -39330
74617 -35328
-41066 -58117
-21493 44498
-108123 -119109
35752 2438
-60263 3507
22560 -119869
-30978 80060
112963 -113756
7560 25545
46626 -28070
110545 -76001
42243 51242
-37717 67069
-65776 91633
-74685 11844
49093 -90121
-58606 -77696
-43775 87933
-42037 -41996
63484 18227
-1451 -1018
42630 20634
-15546 -12920
-58995 -37543
34038 -88631
42622 46153
78657 -149151
-46034 88091
35081 -118270
15479 -24531
-4330 14161
-14718 -83278
34159 -82973
-88408 78201
-64642 3584
-20625 67208
163108 57927
92852 -4230
98441 80494
-45545 -95933
64382 25674
-147760 -35541
134486 -118035
-26535 -21782
-70438 -74853
-32267 -3020
-16600 119967
-38240 -70415
72930 108477
61374 -19369
30857 123587
12091 65664
10434 14589
-26746 98709
-32952 -14421
-52418 26817
-30124 9099
-30104 65594
-34980 88765
-39379 -49266
87859 44730
-14323 -82017
-58361 -43191
14470 -11066
-66269 -90170
22958 -88
-5445 73664
-71972 115388
-24923 -77054
-47808 -67517
-28813 -40317
-12038 7687
-50486 57289
-9208 -45820
22631 -17222
-18986 -51674
-76789 -72887
26303 23908
10402 -149232
68929 3630
48808 -15975
-73960 -34217
165304 -20014
-53289 46715
-130070 53828
-106526 22331
-106484 40268
31327 54108
-30359 -44713
5580 16702
-61225 103307
-84883 -85390
117326 -44991
-19666 50795
-104136 28292
-84039 -81424
36140 -13143
-80548 11417
118241 -82443
82696 -82667
58526 -88530
60188 38703
-17326 94844
-12429 -12250
-1497 -5774
-106109 -127276
-132970 -91979
-53636 -97258
-57041 72410
45193 -114282
29211 26238
-47958 52187
-30419 -130567
-67404 -122276
39480 54178
54076 87567
-79606 -80275
-29662 -45414
50705 85444
-39715 23021
36166 31287
19531 -40378
-35311 63726
90315 43754
-122072 54903
-125743 48556
-50192 12511
-10416 -32634
32983 11348
24059 -4044
15990 -74252
-134819 27947
-32111 -105493
-51763 17309
54546 21525
-17524 78826
-1511 57025
27294 108173
9687 91031
21075 102062
63218 25360
31018 169164
46737 -8675
-91962 -18504
17119 -59775
-8278 -18107
104754 96227
80190 -14781
15175 -29623
-121247 -6987
51392 44813
-9730 -28747
44427 -48224
110251 -31811
51657 -72607
-281 -16206
8091 -50862
-20947 129353
-84132 115890
-11724 -32305
-13207 93087
17463 -7875
-88402 76025
-63541 28368
-510 -33592
-114353 129023
-41966 -87412
-14551 -80453
-33225 9661
-41738 -81745
-8292 5517
23681 -57292
-69119 91170
11156 -26080
22868 -101926
16649 -5566
15970 39566
12268 95576
66392 -34837
118677 34018
79913 -3873
-862 2693
22407 -2523
-58572 55098
58806 -98784
58208 -14054
-4578 24159
-58521 27140
-16008 -33797
13560 161976
49680 39880
2386 76314
-39519 66540
-31178 84752
10697 14195
-103515 24333
-47401 -13388
-104954 134836
132714 -1086
43824 -34895
30446 -22240
161076 30868
15385 -69875
47535 -120111
64094 -98665
-141131 20146
-6144 -39044
11701 42599
-52932 -97901
-35383 -36637
92072 -61444
26211 -1587
-99938 -94919
-35087 92765
60223 -17733
-93643 11392
15144 -31663
34876 -59319
5665 -16592
8846 -138172
9435 64954
15645 -8359
-38194 -3190
64430 90528
-6102 90294
7702 -5269
-24780 37607
-22191 -42000
10424 -60586
-959 -39803
-98116 59449
144055 71419
-25737 76707
-41814 29570
-29669 48265
34500 -76354
-78087 -7841
36386 -36888
10649 -7240
-150710 -57495
-50307 -3776
24213 28479
-1884 -38532
-46502 69645
59966 19424
4019 -21029
39077 40789
44882 6766
-8334 87827
45866 -125941
-30618 -5679
70792 38591
-120150 107174
77438 -14489
87034 -67706
-46196 -34124
28711 73713
-8725 -101598
-96351 57545
-32556 21052
8290 76845
5109 5061
52590 -2290
19314 -126157
-53523 -40201
-71635 -77111
-35017 -60114
-12000 54341
7155 116946
70936 30851
-62749 -19890
-87988 -67254
84948 93736
-42096 -51338
10903 75357
16145 -5505
24918 120679
47450 -79893
113737 -27829
-11629 117108
-42358 -12627
-53808 -21044
58489 43980
-1015 -13789
-67338 36054
24668 157279
-45796 117841
-61034 64833
29273 -62912
-21632 -4165
19778 -30992
-48985 84369
-76685 -37630
-31772 15388
60083 103078
39154 61453
-7555 119891
-111223 -7491
-69296 9595
41127 6231
55684 -108317
5961 47420
-79644 -28187
-108478 70903
-104836 116208
-49924 18925
78047 23004
31952 1301
76575 -6638
32167 -73554
-66965 -8518
71930 -80802
73357 23496
-39462 -69651
-15028 29769
80578 8422
-50500 -62856
34828 -57431
-41423 -9204
83882 -110234
-121245 126494
86328 -61945
15377 81162
-21420 -144169
107221 84398
-141490 -69983
47203 70272
106492 -20291
-81351 101343
136330 26979
41054 114118
-95709 -39478
-2750 -9085
-16181 32296
62429 79959
57553 -31109
56124 -30640
-7955 -116824
6140 10522
-21889 -22163
-131082 -30499
50575 15741
1047 83592
-15038 49727
42201 -60869
-118861 9305
-38567 21024
-95096 19244
-50625 9127
125550 1610
2313 -2964
75689 -64896
14335 28872
26278 -18416
73838 -8325
139554 -11733
-64981 132747
-56089 -113373
37255 9285
-9973 -32377
-33520 -58566
18745 56325
-43287 59147
51185 3347
-4687 -109661
-91529 85585
-67908 -162344
31522 61398
-7819 12501
17712 -17419
3338 -1849
-31279 -13087
5127 -33348
-126758 77583
56833 -49553
42379 43167
-10071 -13446
-14002 43156
-36413 -45592
124396 22929
-82252 -12665
-12766 92923
16144 9977
47719 -20777
-11656 6004
-19011 -79882
-99386 47105
-235991 99192
-36852 -78353
41267 -6741
-7164 -103042
-14852 -36238
88981 -2088
46062 30927
-86104 -102102
38563 52281
9972 -153636
-96122 -61084
-2907 66166
-27441 -2380
126803 82739
-48364 53109
-7070 -19298
6405 85459
66463 33174
16594 83408
-78146 -15814
90513 5580
-17412 36299
-61187 -5841
-163229 -8340
-118838 12301
-63059 105667
-20123 -59422
-138464 82771
-94136 -10716
-131639 -63015
-32899 -37761
65963 3331
-35586 -23907
-72742 -2819
-117142 -4774
-12235 94327
-23676 -137552
26095 -31071
-77105 -38182
6238 -77304
-23482 -24949
-26275 156324
-51168 -79999
-89795 44939
101240 -19701
43551 43165
-68266 -25319
104391 15913
86325 -94009
58862 -137976
6888 -750
-28268 -55342
-87448 43729
-15236 93259
103674 -33834
-75770 -51419
-1223 45799
-5757 -96780
121705 -5150
-9821 -24361
-95882 11002
16281 2497
50367 -56607
-44200 -4294
131863 87158
-26835 33320
-41933 69325
35501 -67597
-108219 -7148
-36220 23766
-97761 11983
65744 43590
53612 -17136
60376 74696
48791 -83812
-114010 -16976
79540 -62878
60694 15219
-1581 -48036
28945 -60243
136420 28138
829 -132526
41609 -51501
14908 -48766
-64145 -112935
-55298 52073
33379 81176
-79340 -210929
101441 -72237
51424 5435
78506 26069
-84715 2381
63590 -5980
73583 104533
-48250 11300
-12154 89507
-85356 -30544
69557 -67808
62407 27437
-71253 35413
-26511 -37678
24515 29297
-49647 -32675
-8800 110107
92254 13902
-33125 -63621
13630 39035
-84241 47533
-80275 45250
-103856 -65295
-18807 -114610
47073 32830
-79669 63285
-78453 44136
-23212 -37751
14276 36986
-50634 60894
-11563 -27209
-22018 -81652
2730 3047
61415 44632
-3890 34398
-7481 13402
8714 19678
-28282 17597
112981 13866
45262 -25691
152082 -85864
47459 15169
45593 -2824
-22245 -57432
25243 125397
-73435 1259
-22277 36488
-24732 -18329
53783 -25977
-124288 25346
34383 -68075
-8792 -50941
42258 31212
3117 27432
65519 41998
-23706 -33402
17662 -55993
-55524 17413
14729 -122319
75940 6496
17822 -40366
47369 -33609
-13293 -78225
-52638 84695
-124460 -43914
-96948 63121
11312 31330
84447 62507
17198 30679
-14903 2766
67220 167726
-154800 -75360
31801 136189
14271 2031
23786 7163
-13426 55074
-124455 -12195
67120 -7220
60202 -111621
-36775 37695
60352 45740
-16096 51750
96927 -29374
-6969 -18638
98364 -24987
66209 -6457
12252 -113565
-53694 -8122
28617 113583
37538 -51391
-98635 57400
-24311 -40157
70608 25496
-1890 -22966
-41879 558
-42847 9504
-114513 -17032
18862 6954
-13612 -55030
-60420 -37274
-25758 -33484
-34212 -32974
1921 -35494
4200 21175
129221 58794
-70772 67098
-47106 66414
-6181 -9932
-40438 73031
-78563 19367
-1555 -8296
-56128 35011
-25416 -79515
-27407 5354
-85774 -61395
-60319 123386
38641 110024
-34108 20708
-155328 42027
99198 -14038
-130941 51878
4727 -110592
66522 -112667
57345 38532
20695 -71213
-3563 -33521
-45762 -83121
-65069 -185743
21772 16880
54397 -65968
56990 -26910
45950 -45942
19952 48694
92130 -70016
-12084 22833
-62647 66278
-69779 -23832
35288 41155
-60810 67205
-55541 -38855
-56318 -46130
-90828 -44934
-56926 -32398
20264 13036
-2920 70177
96379 -79820
-5965 12136
-27825 77408
-71667 -46304
-78064 -18947
-118156 -6792
-38680 -4631
-6253 98558
42029 -22573
4328 -6744
9323 69207
75367 25712
-171540 -77255
51517 -122416
76115 -47412
86763 -106772
8546 15588
85676 119697
-6915 146052
-94479 9812
29520 -23414
-124928 81379
-130669 1290
86858 3849
-76437 -54944
181691 -7244
-156521 124009
-101149 4071
140609 31403
48856 -9275
18413 4508
-145288 -11663
-136261 -30079
-111791 -53374
-109264 -14356
-24612 85860
-25525 -15926
-39495 29288
-41545 45914
2595 -18290
12065 -31531
107532 29590
27905 79738
90828 -5439
11567 54656
37530 65355
85073 23875
81192 -47451
-54433 -37061
-176222 -36321
22615 -44109
-17089 -97958
-11214 18685
105474 62148
4085 130024
45341 34740
10480 26929
-5672 51777
-56857 -11169
1652 -102959
43383 -117136
130353 53146
-67405 -14717
-26487 41503
-81217 10931
-85580 -46681
-11174 -46606
-37549 -56661
57407 -9054
65080 147239
2872 52528
6976 46578
19304 -29258
87882 -913
3993 19314
-53331 10141
30591 29199
-34099 -605
-55295 -35387
32878 41960
-35839 31494
33246 -96415
14399 6234
20866 95585
-58166 -6601
32806 -64386
-1848 -96855
-54395 -60777
77097 -87838
-13675 -96377
17207 -50308
-9813 -28556
-9667 -95882
-139151 -61072
34447 -14821
-133462 56025
-40435 20165
-122235 -27424
55119 -4804
44448 -54958
53910 -21987
-8869 -12186
-31572 22019
-15213 53053
25009 -253
-48393 -54758
14662 -47085
-185 -36578
-104600 -69951
-135151 -48864
-127390 87904
-15195 -55188
49313 -28212
158780 67800
10879 -56344
-49581 -120216
-2636 -26842
8620 144010
-126925 27755
50455 13861
-51702 24227
39732 -72569
5142 94168
28708 -57206
16391 47308
61800 -16379
15815 65457
39630 22175
7666 22070
-83858 -22871
-56034 40430
59192 -31735
-16121 70825
-82194 99883
19782 -62897
8399 111800
78550 -79765
-64636 -23427
98260 72354
-1656 -52461
59861 -54059
34872 -51131
49827 -137140
-4103 -65695
22040 114131
117110 30276
-24342 -37982
-86497 58490
-36436 -24099
-64490 97198
-57800 37402
-25051 -20329
99438 12846
-123834 96198
-2108 19625
-259 41043
-12406 41855
25709 -9003
-15702 149217
-97384 63771
38716 17621
-117360 27097
-2380 -57315
-33016 64256
21318 -1285
23379 -93784
-73145 -32606
67224 -89504
-123409 13284
-56802 100868
26650 -116328
64775 191751
-16283 19678
69114 -61786
13974 -54834
76511 102644
-41036 121708
118606 -74314
-59022 55187
11251 108794
-32771 -72553
14337 1200
17321 2869
-25359 -50758
-48607 -28184
-115361 3448
69350 8847
-18243 46759
116637 64094
-15461 30898
4507 61280
7182 -48395
-97928 45187
-95130 128669
84274 128376
-65251 24955
-166178 82507
-94101 -20731
-46762 6925
33232 3178
39964 54855
-38470 65247
-51565 -15976
-8656 -14001
-6419 -107724
10347 11749
74997 -105503
-68411 58375
17391 4160
-114307 30861
-48504 10093
-43396 -10922
50337 -53297
33426 -10737
92548 -7004
-32126 -53585
-32912 68917
-80140 36297
102427 -45805
-98583 -53096
-129580 87035
68877 -96772
131747 142546
108254 -20611
-10932 7651
-85466 23534
-47380 67248
37662 32262
80812 5612
-30405 103147
-61088 55671
71711 35468
121271 43148
87730 -73308
59962 -9992
-28719 -67223
1162 -100059
102996 6953
-12001 30788
87804 -18302
36369 72725
-42978 -37597
-68677 143791
-32658 52415
70597 107061
19259 -55168
-33933 -15908
-16483 59329
44676 5147
27879 -132757
34130 48160
-144185 -17429
-1767 -23973
75828 71291
47909 1439
-38141 4300
94842 -6064
19810 10605
-90430 -11730
-87461 -34357
-26875 23189
119537 106753
42689 10903
-31050 -44445
-74970 103646
-5298 -54074
111396 98239
40146 -28162
-26898 -23395
-136197 -92781
-35669 108570
35425 -73658
57283 27117
-140561 106514
98913 -33733
-27913 -135490
136625 130887
127383 76290
5243 61270
71571 119036
-83631 -100592
-94838 71230
-7491 29094
-42546 48344
-54705 -5313
-38222 -16685
-50865 -4538
4846 -79689
37187 71710
-53147 39254
12979 -13621
-10650 -22031
29059 59773
32074 -13868
-53658 27984
54927 -18328
-108487 6091
-13261 -64024
-42134 -44554
19063 76278
69143 -3706
17627 -27804
84977 41945
54819 44471
40884 11944
-22032 -46617
105537 -37193
60977 -45033
152146 -33890
62241 68011
10940 -37777
-11359 -16590
68223 -10277
48924 -84636
8896 -51523
76972 20972
-88155 -26198
30507 9711
-74162 18770
30040 35352
-32445 -25476
-93776 69268
15503 -36208
42639 -33859
-1502 23526
95015 -23425
83187 -8435
100723 -50674
24839 -107553
14589 10002
-93524 184527
-93508 13096
18307 178722
-28013 63614
39690 109574
39139 86886
98659 25213
97054 130744
8930 79572
24803 -63002
45470 52593
-11864 80681
11974 244911
-71316 -88731
32529 -4091
-85181 -84234
-185 78760
26651 149644
-14069 57242
76377 61368
53571 17506
-11130 -51630
67993 -50057
128976 105790
35248 -127277
25299 48785
-53433 -49527
127362 -92824
62819 -6432
4227 53257
27812 47425
-76871 -44821
61838 -7618
29885 3332
21086 30085
33923 24145
2884 -44081
71721 -7370
583 38084
48064 89086
80197 92024
-23447 58410
-14620 113737
-49462 -20589
-12929 44271
45305 -10591
37077 46578
99275 -46858
-30114 -38422
-35672 110093
25236 -51436
49432 -34630
46221 52276
-66004 -12542
-66836 12066
-123550 -139321
-167913 -119661
16449 -82457
77588 83834
-43922 -19069
-19960 168229
17272 -87940
-53704 44463
150844 -52714
-35783 32645
-75635 -58068
-161583 -28707
-67607 -10673
-24086 176370
-98885 -90380
60350 -64764
-23515 -12228
-44594 40775
-99349 -112371
49022 -135837
2391 20403
-9547 103015
-18102 72915
8323 58825
-164097 62904
-47915 -90807
109076 -21583
18455 -73854
105627 77536
-65497 -50651
77318 60810
-97928 91413
38057 7341
-56522 -76996
-29310 -32410
52226 63036
21342 100174
-43729 -17876
121365 -53972
-86819 95326
-36551 23899
74591 47154
41011 42574
43123 -21405
37894 -12163
69282 -30756
20034 78977
-967 59076
49907 -258
30042 34855
-31404 51848
-11908 -53091
-7634 -19527
-91735 -31796
-34595 97988
27696 45754
-103599 94945
51063 -15766
72331 -29622
-50446 -1537
-99311 -106654
-37227 27081
62913 87907
11131 58431
-21146 -34604
11483 -41606
-11065 -5309
-11762 31933
61634 73364
48163 -48128
-190396 12185
50645 -36686
34065 -20864
9660 -63744
-14522 8571
-40965 -52331
400 -91252
-10720 54737
43479 -36531
8650 4030
104752 -19934
137279 36303
86546 99616
42540 -135824
2562 6288
26813 -99193
-97074 48037
-92419 -41542
-9784 9636
23738 -85409
-15177 18224
45750 -42738
41831 -53868
-101101 -76970
-41694 -2805
-86681 -87640
179362 -27830
-38326 -25683
61480 -16077
77879 135193
-68164 101942
-63951 -25772
12732 134334
58373 33507
1450 60938
-4045 -71763
20363 -50198
-65861 -56864
31142 -51697
-10546 43697
5126 -3623
-17436 -46621
-33368 -86090
46033 44073
-100093 65686
59854 59955
96721 65518
16150 22593
54677 10614
23672 -65175
57007 -13102
-5122 -14434
36211 -91492
-40696 -11123
17210 75954
-65574 100996
-103491 -86224
7180 -161030
46539 -78751
20498 -42985
6016 51080
8944 -18665
85025 -33596
111526 -4563
91225 66574
46559 11421
41190 57442
104844 22516
41542 -1296
36377 37672
-28786 25643
37014 55173
60567 -50150
62039 50562
99594 -109107
43254 35765
30906 57310
76041 -42560
-59965 94557
54319 -78389
-24924 -42322
-144139 39894
-29613 125545
27564 75467
-16134 -8775
-14772 7636
-47764 28092
47479 91324
49891 89971
-85387 -47288
42882 -82022
-7262 -62487
76268 -33710
-60128 -1147
17182 51916
91526 64992
9109 -114
-35405 -3176
-39068 -16151
4153 15580
59835 92003
-28967 -52298
59421 59314
40314 4057
-100519 20861
77113 37269
-15343 6470
11730 13723
31078 57943
28230 22121
-85905 -24238
-26173 46719
19751 -32139
67452 -2866
-69169 833
36701 128168
-64980 -30735
29382 77609
11789 -25742
114180 2132
63063 -51069
-34803 -66994
-82779 -54344
97513 38601
45502 19332
25974 38196
-29784 -10162
-10502 115349
-114719 -56669
17614 -72286
-70909 9046
56850 33823
-20991 40219
-52365 -407
-57225 31849
9442 24989
100051 -16024
1578 102881
-58372 2533
27231 -85492
-80589 5659
27038 -91564
26041 73591
-5572 -41097
-37468 -1899
17772 25342
-63478 41549
-40589 40116
81814 -53965
91626 45651
109477 -86547
-141271 72269
152857 -55669
-66969 -62070
-19411 21491
-51115 -93361
129695 30254
-134712 -96290
-72578 11176
134131 -8065
-4422 98009
-83690 -53444
-62269 -11333
73112 4931
8921 32950
57077 86274
-84906 -90875
41025 33607
-10525 -71846
-17819 37814
18758 -8688
33967 -52656
-8591 26665
97746 48313
-33726 4928
-161360 -156078
-42995 -58052
2732 43964
31265 25655
-177041 -5491
92885 38528
-38682 -15690
-78995 43597
16249 2397
-29661 -20351
92485 -36836
-53491 91310
-13025 -29948
-19803 -75316
12021 68198
-6113 -97818
-5161 -41846
21490 -111301
-164212 11254
10569 -13581
88820 -5987
-33961 -13975
41145 -45994
-65557 4518
-99542 46324
39307 -117415
-15111 -1558
-12426 11397
86089 -39106
9125 -3039
-33668 -44741
88961 -32153
-27181 82971
109352 49925
-26804 -2533
-20199 -48009
19065 -85401
58235 -11635
61092 114173
138843 68978
-12850 23855
-60604 18467
-68010 82873
85430 44101
-82764 33474
-103660 38828
-87726 -131145
-34706 77979
-69254 -55888
18281 80908
-1506 61763
83704 -96232
72486 -29811
50064 -117843
-44939 20649
-813 64252
2833 -24261
-3030 79002
