-50002 46179
-56161 -8811
77474 -97069
-27516 19535
51976 45891
-10224 74418
-36790 3805
-31988 -28232
27877 29487
-33457 -121807
106228 -83801
-71558 36395
-28005 18383
56296 -20667
-86154 -103948
-52821 -65083
70422 63559
-155508 -22695
10303 17085
-40823 -34111
28933 62353
32906 -46811
-23672 -55137
48854 16735
156292 -56477
122372 -11489
-92611 -59991
-23783 126633
65905 -33008
-26152 -15050
32291 95176
-54270 75212
33359 -20557
87528 37143
33671 -42012
3613 -84435
36117 19004
-30516 22996
-60788 -87105
-43020 3671
-155611 41775
58486 -29908
20074 -6526
-42906 -24545
7604 -115963
83870 101756
12264 49854
1663 -14275
69974 35107
42087 -31317
38092 -42465
-95863 -9471
73978 29260
-111242 -8432
60710 -29583
56131 1420
-107620 28846
-45938 28740
3501 9052
-161318 135364
139092 1170
-100259 115928
-27232 -39632
11211 -72822
-20121 -46028
-3797 48467
-51164 96951
-11346 77797
6744 13843
-50339 93721
36786 15686
54125 -78095
-60715 26597
-51792 97258
-14961 -55012
-14490 -81843
29287 -47458
46862 73112
-33599 27527
-47334 3438
25017 56441
64669 20147
57675 6217
-23225 -14971
103036 -41299
-39316 2037
-26041 17821
55310 13756
1694 -34894
91667 -95168
105723 -23018
-4661 -50948
-18034 12154
25653 -33782
-36869 -165702
88708 -27860
-32813 -77196
58370 -4119
38829 -12432
-109327 57120
-56676 -44499
18142 -15379
-680 -97145
-90926 -49124
206874 104641
55565 11475
-39355 -21009
-13611 102106
-26395 23651
-20240 -7743
2020 84947
3953 -89725
8670 35518
82784 65146
-39789 -26613
-95512 -104691
67343 -38487
73008 -8561
-45425 92271
-19443 53615
7110 -121629
-34487 80402
-94950 46235
-72117 -105894
-14699 125128
-37233 -56267
-78712 -26108
72445 -81089
21241 -62830
29953 -14314
-46545 -68533
-57923 -71933
-66349 21971
-69174 -56234
52507 34993
18001 -29413
-60267 -91413
31056 64712
145220 37353
-8652 14172
96278 -32098
-4422 98921
-1185 -8942
-36176 -4273
31261 -101346
115353 65793
96420 25163
-27463 -34043
-12858 -8048
-2814 -26314
-19153 31949
-75390 -40533
-34373 -90991
41732 -59063
39727 -27162
-9419 48539
64935 -89498
-26848 -102541
4261 57822
-24855 -38252
29049 -75658
-85343 -99889
7622 -6268
4740 473
-55480 8941
55605 -2487
90604 44740
-55303 62080
63819 -5928
-19264 110225
46428 -110796
7412 -51778
-93967 95281
-2949 -132824
113288 29831
82943 40483
-6268 18781
25775 -56442
-147722 -83867
18249 -85624
57817 -20072
20199 -3569
-3918 -12220
-3696 33839
37408 71271
62793 -18370
31467 126947
-68431 37084
127396 53928
65653 -65098
707 7877
73120 -123330
-113189 -107478
120576 100105
3996 12498
-57309 -159378
-21505 -24174
30776 31326
-31895 -53768
-16867 -65620
32314 -55276
-129884 -92107
21224 21189
11087 -50752
-43809 123636
-112539 -40699
-61356 -166417
-45579 -79035
-77041 -5393
7146 -162419
-16914 70298
155889 26248
-7916 7272
100660 -86216
-76080 -44793
-17951 43790
-46333 -110872
59393 798
58331 -38264
36344 -12756
119276 -17537
-20510 101528
27399 -79304
102485 -101493
-94261 23161
-10610 32428
61695 83443
19119 44027
28888 42961
33584 20659
46041 -23330
105026 -71679
-9705 -81583
13006 12697
227854 -23012
65993 -119258
81205 50146
5257 -42109
78186 15745
12823 133527
-53258 108319
-125177 -22700
-12822 47567
12841 -79472
18657 37755
2917 133919
-30587 47578
-13552 101946
51665 -45791
-9288 -49325
90867 148998
79760 67436
-162217 -31284
-14798 -58290
4292 66125
151 -68325
59984 100836
-39540 187230
-101095 -82986
-71256 -121683
32432 72269
-8001 98440
-33615 15573
-80141 -14334
-97934 43925
51826 -38463
4345 -40196
-23704 -32353
-109791 62404
152802 26068
47627 -64504
-74004 36432
26387 38400
50511 61184
20442 -24207
-22038 151011
-12144 -38112
-43423 -33876
43279 -65098
-63326 -109720
48260 52641
34500 14718
-64922 27259
-17068 -30364
13770 118016
-93790 41209
22810 94850
-65392 176940
139552 -71148
29189 46638
-45348 -38858
-23418 -68061
55707 21795
-23187 -49889
-22337 -76047
-67725 24977
-121149 14273
31141 66750
-8580 -13014
29493 -29418
-4339 18337
122162 -48092
-38028 -64873
-17199 -26493
-48043 169918
148867 -37237
-7974 12356
39214 -44898
24180 1460
-118812 -12408
8046 -59899
-22095 -66274
3308 -86276
68027 96914
-36530 4514
-7949 -139385
-45798 52482
-59938 130797
-220 -131306
-18836 27256
6699 -28847
-40458 59640
-7206 23650
-63079 -86325
11965 -64060
-73491 -130030
-49006 49317
-126154 33926
-26989 -7736
153114 -34700
44627 31753
41517 64093
-2592 -109002
-5837 -21753
-16168 -79189
65557 77012
-58376 67491
25751 115599
-77840 34151
-15546 -96097
-65024 -17342
78466 -79127
89183 -23210
-81523 23698
-139055 -24472
108950 -2099
-86509 -17733
-5047 -66455
109938 1267
-46336 -5859
24861 -63231
52826 58427
29849 -61374
-36609 99914
-133556 167950
-28610 -65902
85673 -79925
188236 8455
-147495 -47090
-48197 -34736
43540 6754
-52706 79553
-27653 72634
81347 -14629
-64724 -65889
-10649 14320
-14591 56460
19022 89521
71381 163585
40189 33268
76897 820
-67095 -24920
-29564 -138576
-337 -26382
28088 16670
59297 -15323
-4411 -34509
-35447 58393
34237 -152840
-22718 -7257
54276 3722
-67390 -12112
-89588 -124309
-139707 28824
-49307 38720
-95919 23017
-93697 19489
103249 -19220
-109988 -48356
1575 135889
-23365 20404
-1550 -137591
-6210 25069
75743 51017
3616 -34302
-15659 52599
958 28207
58312 -62972
33464 29017
-76844 -39709
18843 -45635
-122863 31305
13209 8136
36344 83014
-26960 -64136
-6391 12235
-9917 -21962
-37823 11058
51241 -14319
3041 -76874
21706 12641
53505 -18472
-142270 31632
26706 -55744
16348 -20438
52403 25736
13155 -89032
43361 -63180
-8439 77209
-61547 -5158
57713 -104645
-65563 -41685
32138 -14007
-54091 74820
116281 -59966
-59621 -30076
-17539 -132091
-22267 -3939
13710 77457
-35828 -116269
52727 45820
142093 94729
86444 82680
105024 -9526
25123 88843
-1041 22853
43392 -18189
-59999 -103939
63668 -6122
-69668 -16015
161 57861
46635 -54738
-42273 25608
100133 23042
-34838 -60493
71303 -117759
73420 -36215
-31845 -6138
11590 78242
55106 -44940
26937 -24106
-83328 42923
-71459 50298
-60607 -190596
13304 -55252
37342 -23060
14392 28157
-56143 -24831
-24313 41588
-54157 -18974
-12976 21813
66134 -44492
-90816 36902
-121145 -19420
67542 -46488
-123434 -19044
15648 13808
6965 -106582
-17818 -38327
3826 -51135
140884 8614
54782 -56205
-55074 -87873
-82994 96610
18030 -3047
71376 15407
51008 -43119
18981 -52626
-82794 -18069
-80535 25045
29333 70562
-85144 -36311
82821 -9809
-19665 88655
41385 3555
-12917 48503
-58622 24589
-51860 -35738
-23441 3220
-4105 123625
8936 -34400
70063 -139324
98748 -163338
-125410 9946
-11938 104122
-41817 -11085
129659 -37610
58092 77332
-43040 -62650
-15480 58740
-6998 9507
75278 -42351
-12354 -62201
-72024 -1963
84072 -13419
-39813 63111
15674 64549
79414 -120347
-11643 14855
44428 -69517
-33483 26309
2901 -125723
-145887 -93277
71266 -9424
-106080 5450
63977 -22459
-126576 4876
-22657 -36498
-974 1190
85821 -109932
27122 7230
-8662 -82943
49279 3734
38922 18476
4480 38739
-2509 39171
47404 -18276
-23290 56448
-102935 -114632
-51915 19209
-56340 -47586
16706 72535
-36596 23430
10904 18667
22577 -76374
78317 -27910
45191 -14300
-44400 43197
12932 -24570
-109570 -25190
92650 35479
-34100 18500
-42874 4976
-37205 30058
-41896 -7406
-14139 94452
-26011 113263
912 16559
-38141 30016
37037 -51928
62240 72293
-15500 -37481
116496 -5934
-119094 -75084
-50423 51212
-56189 -42991
35408 153718
2564 153854
79562 -2287
62826 33610
39567 3735
71028 -47457
-24794 -12455
-72260 181125
1676 -46987
-46626 -23783
-51235 -3983
-55088 -36354
-21690 -53331
56673 -4488
90661 -55291
190885 -19645
133297 -9774
37006 -14238
74336 65427
-40375 -22801
17465 -135266
-14803 -32256
-5321 43811
-7077 3896
1605 34843
36929 -12999
41645 -46645
89216 -68348
112139 62131
93268 -56786
55797 45221
-25015 23309
-70027 65319
7965 83249
94693 4328
82389 103624
99520 47782
36804 -93381
84774 80936
12043 82180
-30430 74704
-54189 -110417
-22161 -23579
143679 5098
-54128 6992
50126 42717
129328 -14584
19342 -6337
-25928 -133711
58773 73731
42977 59668
-2519 -46409
56567 66249
70783 41319
-38481 41083
4398 -17230
62941 -94789
75539 48086
8572 141075
-102419 -44340
13487 -5116
-59377 157025
-63917 -79069
13356 87449
70321 11011
7890 -145928
-26575 -60957
44785 3219
-99435 -71206
61588 -1741
43651 -54435
4405 19163
-10601 88378
96070 -37668
-94817 1884
-38493 -56279
-27461 -42443
-27269 -119526
-58477 -20649
-9471 87706
-15379 -101434
113038 -108322
-11280 26275
66164 -19820
-79237 -625
-15940 36443
-22718 -4574
-73626 -51371
-76641 -86866
21255 142944
-23599 -69790
31282 75715
66176 42308
-87519 89549
-12487 -81247
-3379 60477
-33116 154045
1759 52260
-30844 -11583
-108955 42042
-16872 38514
51717 -8156
-98539 -95909
37526 31667
-64507 31415
-70815 37696
-1265 -44601
22975 11845
9267 -89163
-47454 77232
-57356 70950
103335 -16550
71821 10202
119642 -9768
-89040 28723
-11620 14169
-7177 -36458
-83832 -84892
-100337 25636
80301 107483
-62260 47526
-84190 81504
-165524 68775
-14296 -57972
9824 -14500
23868 48486
-13509 69075
-64887 -75171
26708 8488
2956 158248
-32607 178527
-165 -21177
22982 -57095
40334 -151873
45322 105218
159029 -47672
58974 37493
-153613 1188
-87823 -21382
13095 -55647
-100533 33720
64132 -92972
-32050 81899
-26961 44189
-5085 -39045
-71074 140047
4741 22786
82434 -46500
40457 21477
20888 65503
4145 905
66284 25696
-48705 96488
-16975 -31932
-22177 32300
5276 -13355
-13603 -86529
11765 -37489
-111156 -118477
31555 26716
79343 -52873
110414 101670
-172425 -62668
27448 -34894
-97987 7756
-2580 -3668
106455 94606
12375 49186
-32172 79041
-38441 1533
-47753 150482
-78883 26267
3946 -101061
-30331 30938
-37470 -4320
16093 -20013
100143 17983
44788 -26218
12345 48487
-44237 15365
29729 -30997
-108254 -69706
60737 57553
-18107 -20208
77672 6239
5515 12833
-7548 -126247
-58328 174488
94808 18631
133751 84144
11297 141596
31162 -23105
31252 81054
-53610 152134
-101742 53729
27893 23145
39385 -6227
-75300 -37665
18976 64465
25722 2274
61191 -57541
6868 44403
173514 26454
-46493 -107301
22959 -97581
-85414 -22365
-53648 41386
9709 49304
34813 -4561
34470 19246
-50889 3050
-51294 -68429
51623 -117062
-1530 60431
-114235 111697
82979 34171
-13324 84430
-84874 146821
20387 -28313
44404 67469
-88366 60927
15617 -33786
-79339 105448
104475 42681
7993 -17824
75492 39648
27061 -134553
-135694 51220
-76136 -45110
-32719 93009
-45703 1863
117468 -14455
140650 53016
38631 -42770
-47081 -2990
-48634 17489
61020 -44681
24340 22504
99285 7174
136916 -37435
-54603 -85707
72743 -37653
-88798 -57140
30212 -7521
16703 -7390
17153 60948
41066 119640
-17065 69432
-59759 173353
-46675 -37083
-106883 68597
91598 37661
42812 74368
-6145 -18680
-28881 63668
-103140 -10294
53077 7189
-61845 108469
14778 -56407
51546 20864
-147024 -21364
-25595 -56666
-2375 -30367
-34494 22528
-2574 59922
31425 53298
50860 36802
-120192 -153536
-12382 18321
-31869 -3504
-106647 -50916
40779 4647
-48507 -12395
-30769 81161
-10431 -68503
128319 29414
-63932 -62191
54362 -72336
122827 -43853
-116 -106488
3899 21431
-55505 44478
-6100 -9777
-63227 14954
99239 -56697
-163337 7203
-43809 81497
48212 -30690
-75164 10433
34209 -43364
19441 22442
8361 13616
-26375 -77631
-86380 98488
-48840 49475
47017 13004
10488 61831
-61838 105809
9715 -71700
-8391 30905
53433 -14615
-152330 16451
-32373 20715
813 46796
53564 147254
96573 -39397
-69355 -43232
65018 12685
-13910 -36346
-37847 -61139
-147947 7971
-29304 -11637
124630 50187
-50889 -19709
-23178 76068
-38473 -396
-9256 -85275
-22641 72217
-40426 23551
-46387 41949
-58655 -56497
94560 135318
46062 -68108
97235 -18112
-15311 24552
-49630 -40312
-7335 -54346
132931 -43696
86836 -177318
-43744 -83322
-153832 40516
-55013 25814
143183 -98649
57235 10099
52623 -34450
-42410 -83359
53175 -104082
23713 8697
-64340 -19257
-82691 25435
90037 -10623
-79116 -70480
795 36839
35882 -18507
-32677 -116192
-82751 -30666
-35278 -17423
44205 114645
-92541 6626
42702 26712
-25200 151338
-45061 30950
132766 30346
18125 30894
-62452 -165616
21757 -1084
-42637 -75770
31113 93254
27325 30575
75782 -63084
22836 -126351
-67183 36045
-28971 -81805
7890 -109603
85522 -103159
36080 99475
-147995 -87117
-66025 5181
-13705 75296
-16391 120546
-82884 -25987
62529 -63250
-128934 -53544
-33066 -76624
-35467 61657
53412 6931
-3136 2897
-37166 -67926
-29950 -106216
-91187 120564
-9499 54105
100989 -76867
17685 -91456
32164 68899
-43911 6071
-47380 18238
35916 -75777
-29932 27166
266 57620
-52127 15367
123447 50688
7373 30570
-51798 -22161
-22308 -43953
-46637 -190532
17688 74788
12831 26201
-42797 -49848
48256 -39316
-11967 26536
132177 -142032
-41662 -196046
29762 -12833
-52309 138244
-62531 75174
72397 -39330
-5692 -20034
-4483 -47041
44602 92098
42029 -51967
-70521 -7745
-8965 108225
54339 120935
-8238 -3864
-84443 54504
8819 -29977
-159328 11057
-9285 27391
-20865 46224
-113602 -19435
-40684 69134
10647 29107
21702 52174
7979 -36378
-17922 -79828
-3201 -186324
35073 96669
136864 19557
7519 91402
-14613 44651
-40518 -58017
-41022 32660
-34342 44628
-5300 -25917
-83438 -49892
29201 -15599
46113 953
24533 19639
-50651 -17061
20838 133110
-51064 106520
-50796 -30619
-48637 -33419
30369 31579
77319 -6063
-2426 6557
-44291 -123127
14858 -56816
-108986 -77975
-630 -75207
20824 -91674
56158 83503
-65340 83618
5849 -5787
1920 -32548
-40622 -129645
70645 102407
223503 27164
65900 22381
-140114 144077
33107 -51396
77056 -46506
66483 -12254
-97124 13008
21174 132944
71390 9741
-60588 53463
-44996 45996
4438 -61566
-150891 91930
-66935 -121169
25784 27551
65422 36967
-17923 52839
116929 -6612
32545 -107250
48896 20155
64334 -29449
-54262 -78633
-40141 -33714
64153 -33419
88614 51391
-13074 -22754
58106 -31602
-72973 45177
8261 -10868
16077 121452
-2406 57210
-71190 -106254
-6720 17808
-34185 -19857
75082 78311
56974 -50506
-25222 -63120
49375 82613
3941 -4467
-64587 -24573
-87299 -33544
-68962 19913
48960 11567
-108160 -36496
-70981 82282
-1967 34086
44094 -26278
-50480 3510
-84732 136284
69590 30322
-48790 -45752
-8826 6629
-83366 -65511
12684 -38808
30297 -43682
60100 4618
-114236 56468
81555 7915
-12184 -63149
4359 -43408
153414 125392
14269 58337
-33088 -1312
125426 -16780
2702 43854
-94336 -59799
49211 -80975
-100856 -33478
29784 -19448
-107528 9780
-28201 -55191
6886 -74511
61845 -55104
-12086 -19822
87860 -132860
-4936 743
-84825 40098
12578 18514
73062 -43368
100453 -82137
81285 -42714
-91545 93326
16311 -3387
81806 13292
123282 -24863
54723 65042
64462 -72931
18011 71976
-64329 32651
51258 -54039
-42235 19710
-795 -11478
-79075 -79462
55066 49205
-52794 -44069
-59493 -27455
23935 -46267
-34869 -71080
-56300 -45096
-1369 -88121
-54655 48623
-7120 -81980
-8336 -47069
43649 -4903
-80876 77723
-126735 -78004
-1502 -33112
-28749 39426
-68963 -4440
-130873 33887
68133 -38559
18154 -72256
-1997 -39315
-66554 111805
-47423 115324
-116979 6699
-15319 -33489
-79883 -55768
50272 95779
-127010 5280
-11465 10791
-47552 3133
99618 85451
-2297 16406
74398 -13237
18841 9205
87195 974
-15472 -20548
-61 71938
7199 -19986
4132 75984
-28686 -55365
58098 -11946
40069 -14165
-121856 57263
-42904 -11661
-57334 50817
-108880 -50463
-22959 102406
-46666 -90929
122903 -12315
-803 -78437
31586 67756
-29916 26583
37302 -25485
-34826 61471
42745 -112820
-24663 8222
29009 -119480
63669 82019
16398 -113190
-66497 -39844
10618 -7092
40393 71567
69754 200601
31603 132568
-32481 102640
38746 82543
16050 56316
61002 36920
81234 -70965
17994 28767
-34514 41199
47299 -26997
-9025 -27292
-36662 48741
-9320 -23423
61435 36379
29954 191112
46361 -31662
215713 33456
-76225 621
-88783 -16817
-42745 39410
45524 69935
-67800 27301
62311 31477
-17279 -5085
-132393 44978
29473 57382
-77787 13537
108320 -79688
6141 -45743
36434 -11430
-3692 31547
15349 -22539
-109978 -89502
53855 88596
120690 -84850
-8124 42192
-66836 81641
-119999 -178254
15490 10855
9170 -96732
5271 104846
15221 69408
59811 33835
23189 41423
1160 31017
-21479 4541
-81415 36757
39599 -68447
55183 -5143
10658 2525
3178 140566
37456 51413
44930 -8603
-29008 29452
-2041 52382
46026 -35030
-37644 26806
-57376 94923
-77015 -69497
-8356 -136340
-82709 28436
-35280 33933
-52852 -21377
42041 -101803
144236 15700
71071 -61524
-55102 45932
-21131 -28435
36554 44638
52626 53188
58308 -32187
20846 -66979
39157 18489
115082 14698
12347 21217
104645 817
-35457 -12839
53026 47508
-17684 -62826
21128 11948
-68898 -5062
-5018 -54307
-84419 88470
-17379 26582
116 -13328
71894 -102880
15087 -16407
-58394 -53185
95002 -120691
-75638 -58530
32189 28009
-85360 -34297
-2651 47111
64960 73398
281 -94382
2999 4727
102642 15484
53673 39111
46002 7183
59047 -108588
7668 -6440
-19023 160323
-33922 38487
-102678 27708
-67382 58608
-4328 42807
17013 -59853
-51622 -23546
-11812 81903
-104675 -174022
-103674 42294
47983 -138349
-16228 49725
-71633 -50725
129780 -94506
-30493 58994
-53592 130160
77520 85208
83378 -55847
84264 20076
-17594 21938
47735 -120542
-17295 -66694
-80955 -11690
-175122 95849
-12337 -84163
-34085 8432
61451 -12141
16423 38327
-78361 10442
8227 -14214
69883 46491
-25120 -43983
14134 -50039
-23149 46916
-34689 -5282
-61514 -24252
8676 55360
-58115 39042
43936 -70715
14514 12888
-101916 -111257
-138071 92934
-70335 105539
-65089 -28036
58209 154607
-103778 -5718
-79093 3999
92836 52564
-34256 -99237
-25158 -25734
117981 -43385
-6393 -17738
2817 99822
-94850 66171
-36959 -210
-62446 -27963
35646 -90721
-15910 10515
4915 64858
69628 -104491
-13039 114135
62803 72811
-39096 44901
-67935 -36649
-172865 14961
-7514 -112134
32735 -1588
133102 61668
72936 44916
-86462 34747
-10690 -85652
2345 -114708
-22435 -109310
63206 -109164
-16363 26718
141851 50115
75619 43352
48460 -8934
-37327 -24463
39226 30636
20583 -80988
96196 -64757
-63305 57359
-114657 100546
27189 164203
-20096 -71652
-42209 -145790
30194 71187
17594 -58721
55847 14394
-16131 60192
8991 206894
4530 53051
-62055 -12505
76615 -70853
-15532 -46778
-40080 7854
-98839 -14082
11610 24415
40661 -62693
-80961 2698
-44174 -45456
-38523 31817
-15181 30203
76476 55255
-47059 39572
-61814 -57688
-52305 -30882
-3362 -41726
81290 89117
29634 87622
88920 -31800
1085 -81331
65030 -18629
74829 71043
37152 -58888
97533 -124094
144108 3285
46401 -5374
140010 80394
-29025 -10760
-110461 -42200
127256 55644
43163 18135
70879 105696
57862 -49380
17152 -143695
70142 -37367
122388 136825
-58288 55853
61328 88762
-71541 -49445
62964 83505
26395 -112512
34198 8691
95096 5130
-63565 -116882
-67410 50998
34721 -20609
-45995 -18203
89812 -11861
-6683 9399
-238137 -51241
94769 72023
32037 -69443
-41149 43095
39627 -46841
15029 72649
-41459 -15106
-34829 -10660
-112754 -69157
-119607 -2939
62422 -9001
26521 -35447
-32470 -35875
26591 39114
-85336 -37732
-35134 -50668
89244 -25240
-79532 19620
2471 48526
-10383 130862
-10006 -91154
-129611 45373
-236 -99183
2996 -110840
-35648 -21011
93143 183877
-21016 -42250
-71936 -55267
7382 -5406
78454 -10434
65049 24107
108482 43794
51508 -94353
-25690 48557
77464 3086
52164 46405
22774 -70767
-47206 57197
-8997 -74100
51843 45127
-4456 -114741
-27935 -18537
32368 58602
-68220 49232
10416 64927
13522 895
119697 -23541
64825 -56920
-41081 111070
21995 95333
56138 -66682
-47867 80411
-68046 95744
8818 -11197
58460 -68357
80931 -47997
-1042 -19436
-36038 107122
-35429 -122087
35533 -24151
147559 35244
62717 11643
61918 51066
-21254 -36961
-24302 47816
-44973 -105814
-9791 -97507
6106 -31225
-35761 70644
-33074 -83673
-21905 -45977
-84283 43900
-44096 52761
-98550 -90319
-5815 102584
10918 81630
-80596 -64047
43265 -18067
70566 99615
11278 -129089
-154973 -47877
-100706 -55041
107730 -30836
42377 26196
73725 -16384
81147 -64153
16111 32924
47462 13982
-150845 44496
-12397 84416
87820 -8753
64142 -89296
-18981 39268
24704 46189
101499 60015
-81929 34120
-63972 -19930
51262 -26932
40349 -74287
12665 -55373
-15133 37532
39774 -59409
17973 -131346
90734 146550
101311 92697
-11194 -61972
-99152 -30219
42293 26647
60933 -93650
-47284 7488
62430 10398
-32024 -43844
37412 100045
-57905 -127040
41297 11884
-94210 57307
-60259 -19641
-15728 173863
65499 -132632
62416 -39247
96613 -11072
-128530 -126625
107197 -74837
-40591 -81581
78962 30198
28956 56937
-45205 138933
-129390 29878
-4737 192697
117593 -5769
-37662 -59857
-665 5402
11597 -40612
139926 -4369
47877 -66168
17853 5898
-65970 -67963
49261 6282
16528 -44798
-47555 -54860
73619 14860
-33226 9984
-1587 -58459
-47649 1693
-40433 -42598
38628 -146587
39804 42915
10999 94076
100995 51744
-87528 -114806
-7993 43898
-44174 -83460
-41388 60100
-60633 -37145
-82595 -49539
-87737 11064
96906 98859
-172736 -9130
-20005 15157
8711 -87126
50032 3914
62149 -136374
35799 -71366
-25937 -15497
25145 5986
-10279 212911
-6757 30344
-95540 -91398
44919 -48289
16517 -94952
87353 -109011
17016 91734
34783 -1466
-7722 -15424
-60778 -56149
2402 -107468
-51700 63955
41166 192423
-47696 -1464
-75694 91295
-23409 -50110
-74590 -12235
94995 125711
-40674 31795
-13448 -142202
105398 -82590
80391 -50666
20155 48743
59390 104690
-74941 -127932
-6054 45028
-48581 165600
-23549 31688
67225 41779
-49850 -64954
33918 26268
15745 9568
71589 -60700
-66413 -91461
116967 5223
93883 -126497
-60623 2620
-81333 62478
139558 58590
81591 1354
-34255 26771
58030 27067
-6300 -22309
-9563 37956
-29464 -11864
4301 9537
106877 30818
-50783 -1999
74257 65903
12844 19688
59195 -8791
13850 5588
18624 -441
-160615 -6170
-12794 -35478
-1036 8806
1254 -2879
-57029 -23559
32770 -142794
10609 65895
-30272 -9756
24447 -95988
71843 -89053
-49590 -72855
-15787 -42414
-47343 -1101
25862 21889
-83467 -18393
-32609 -28037
-38536 28021
33784 -27665
-56658 12644
116993 -115882
-4991 -34545
27163 -62274
-13859 -28157
94517 -26042
1934 -5153
23994 -15198
-15305 88519
8772 -59994
22071 -137588
42785 82900
251 26344
43392 104378
88350 66804
-76148 -34491
-11332 20687
65001 53194
-70014 -102160
7128 -3224
95557 -46310
34633 184444
-9197 18738
-98316 -1380
92495 -10617
-41482 -59440
7205 12280
16101 -38001
-14024 81707
-109915 -14582
-37770 7785
77204 -23165
-68939 41279
-112146 -35196
12368 -96682
-16771 38915
-19841 72379
-52371 -162587
64075 -72355
27550 19717
-34964 -43339
25665 -51781
23561 64027
-54504 -84517
-76342 -162402
-40048 37155
125211 36490
-23013 -55090
90904 21424
14251 121963
-40359 78665
48567 -4560
36381 -7653
11224 -15414
-156800 21076
66371 45518
53739 34463
-43811 107212
-14540 41037
-59349 48542
31530 -60993
-171760 137111
-4000 32764
176836 -46588
-28337 82690
-23257 -42614
-14198 -34270
30827 -100755
35512 57667
80307 -7964
-41186 61684
-62894 -804
62743 7936
-9485 46105
47661 -57955
-63585 21332
13848 140676
12178 44607
-51842 -39369
43551 8691
-43124 15150
17293 71176
-67800 42431
59032 -7188
15821 66350
35555 69123
64876 28332
67578 -74822
-63103 141688
-3877 15364
-39118 64891
87742 -63372
-79479 -58765
74863 40605
-84325 71587
-28024 -65564
65353 -1181
-65178 25468
-82688 -23926
43730 -166322
78414 -30617
16171 -122764
62702 63938
17548 -105743
56230 80127
29539 -94676
-15386 80938
-127747 -16835
-8716 154278
49738 -21053
2012 69404
29831 -18452
92946 -33896
-13286 13851
45618 12718
47458 -37200
-124510 76050
93653 -127777
-78303 4330
-63277 -60607
-41458 39459
10552 24156
-97147 -5588
25478 12552
-6758 -5145
-28681 -80274
-116517 -42876
1368 -121126
108200 64839
-1355 -48035
-69132 -105474
16038 6697
-3390 73000
-83685 22685
52658 26688
-34724 36571
-137390 -120893
123 -75254
3167 -20511
14975 92049
-20233 17784
28157 -891
100065 56344
26763 -64530
-46384 4009
75059 -69111
-78918 -27529
-72248 104997
149676 14142
-62315 16723
-9619 115661
71014 -45117
1062 -11388
-86807 39529
46830 15668
-17001 -29479
59617 -68130
29458 36781
18338 -29403
20121 -66271
20482 -62565
-104599 80982
-22811 -60144
87807 79738
191062 -76482
-47000 52464
-30730 -17275
34505 -106623
-17728 -36362
-32599 -111923
-4388 -42695
149535 -3644
-110090 -76226
34497 72967
21460 -39354
-18973 -705
-60783 -81423
-42338 44919
-2327 105658
80250 40763
-8631 46464
44631 -93740
32726 -8350
-60949 36127
-32623 149703
-5178 15256
54201 65794
32573 -4047
-33371 -93527
101811 96663
8507 -23282
8419 11429
-61713 -91657
24911 6501
88044 -38166
-66716 -4948
26684 -67619
125464 -68207
36290 -2797
-11619 27928
-51341 -106324
-67105 46997
-15325 15393
37652 -30660
-2017 40146
51145 -9822
174895 -161609
6843 14654
28178 -27658
-16597 -61447
54233 4720
181266 -41714
-38567 8439
-87727 16585
-137902 17418
-143074 21331
111514 -34235
53001 -61117
22395 -17287
13114 16610
35329 -19246
-29517 5756
-56107 48547
226024 -8432
33329 12427
54466 -79390
59888 -34080
123486 -76738
29554 102771
-23238 6228
34850 -38318
1245 20968
19965 -43955
103389 58105
717 59397
78417 -107643
-1096 38685
-35124 41277
120363 -2328
7474 -40471
66007 -59213
43157 49918
-49891 -21895
24337 78671
-65472 8149
58063 16035
-81714 -64464
30715 16970
-11182 -82762
31193 -39195
45995 -57386
-8271 -20202
26636 12359
-14459 -1536
18330 16571
36889 30971
58571 22139
-55082 156438
-27300 82104
1295 -148222
64308 -121888
-49231 1430
-42485 43128
57025 19856
-113828 -21743
54883 -10354
-123641 23778
5223 20212
-56361 -23230
78989 -4165
100785 59931
-61598 48614
-125011 48703
-106259 -96120
8531 -88396
-149234 43744
28319 111029
-35975 25030
-29985 -21555
48692 22192
8890 -135868
2812 -13433
8712 176184
29610 12424
38504 -16350
-42368 -18539
13141 68217
-21394 -11945
24423 -62890
23179 -26129
71189 -7472
-84471 -117931
72717 -36343
-13614 -25678
8188 -26064
-17124 129489
-35427 12858
830 -6783
-30343 30839
-72584 -21009
59113 60453
-84162 -18717
75416 -141925
-77820 -41351
99384 -29275
-18285 -100461
-78568 111894
20327 81424
22692 -69417
-73892 116961
-148287 -54201
40838 23044
-109207 -64449
52544 -9501
22984 35883
14944 -63689
-32512 32842
109050 32596
62933 69893
22384 63661
102195 -57734
79715 -42789
125750 19796
-15973 -41144
-70177 7669
31223 -3791
82039 -74498
20987 57394
-101654 -23150
-94184 -28824
24932 83966
-50710 92943
-31639 36859
-3070 41939
-54354 -49615
74176 -289
51095 60131
101960 -17662
78741 -119918
143463 37999
-107543 -55045
135101 -24888
90909 -103421
45636 -34596
89975 -41574
52084 -11980
-16239 348
-40463 107972
-18828 -41413
75055 31178
-162712 -45890
32595 -43386
56396 -91807
10649 -6395
26242 -18507
22973 49342
-14626 41889
-13336 54306
89055 3410
-41209 73991
42989 4032
-12231 21886
-44563 -71151
62056 -31715
-21696 -35017
-52802 -28254
-69183 18510
-22129 51257
-106755 -6894
103607 -23051
-36750 2486
-84079 -73442
-1731 18184
34137 120185
11222 -36382
139634 74919
-26171 79827
89245 -111121
-47700 -5548
113259 66239
67231 92845
-24384 -13431
-47755 110956
-40496 8792
-72193 74616
-97283 -60036
-47857 -67971
25625 17600
68491 -75427
2102 -7964
-113744 23636
111016 9232
-6790 -22865
-125548 39566
115538 26069
99633 -39870
-29139 -8164
89678 137878
-7513 -44796
22344 79947
56655 -9307
92426 51319
60701 12972
41469 -66377
-38911 72040
32876 130080
-66355 38711
-30379 33993
80797 -146
-68771 -77295
43399 -16104
-1292 72535
64899 -24284
-116878 -5136
-9724 -31133
-100280 113973
45321 8397
21980 -5337
-24669 9321
15432 59918
34273 31116
-22276 -6364
-38104 -124538
-26414 54672
-68458 56479
39653 -63981
-30527 -34489
78324 -11823
22889 24380
-87240 32225
25524 -15487
-54229 -127194
46342 17307
84706 16606
70433 -24693
-102140 49785
-105096 -38862
73468 59168
78269 141353
113454 -92249
118227 -15181
-114966 -83823
57619 116784
54781 38896
92582 80040
-44511 -52083
-46225 -41079
60555 -298
-83308 -68155
66559 -40309
-33755 -25155
-75058 -4710
41582 -52084
-129231 -20060
14855 -46279
-42879 -29483
24350 -25620
25592 -18795
-5010 44108
-83519 -37010
-118432 67057
28767 -61941
-110928 -18209
37671 78631
-9841 57506
-78262 123841
-11860 -25401
74578 -97493
-73767 -126233
78292 64675
-52294 -27397
-49468 79960
-15389 77613
-95553 24838
14779 -24144
-8424 51899
-70811 101641
34087 -121755
-99122 -130757
-6103 68236
-7575 2018
-19769 100358
78506 -45158
-54775 -13229
61396 -66264
-150897 -60278
62965 198747
-32192 107839
14499 23643
6143 12765
-27736 90210
-46201 -79517
-42495 49457
67401 21918
115281 -15012
-102938 -34058
-22193 -96766
-73568 -15468
-11845 71199
57460 -5272
-66205 -64358
-84039 102642
-1314 -41346
23147 30178
-14739 -137367
43126 -64205
31340 13106
159472 -28616
137371 -25829
23281 21911
-31214 -52804
-127163 20778
99371 71793
-42122 62002
-92304 48353
-9857 6564
11192 -103925
-26868 48628
-95307 -153184
153227 6813
29278 -60097
34607 -63234
9973 45872
-799 108171
-79535 64842
15269 -47049
-17834 -80057
74355 -25162
45067 -16111
16662 -29522
10619 12828
208503 92382
-43055 90077
-39603 -64002
48918 -105307
-16589 5957
36235 23925
48663 -29488
29970 -42815
10954 1741
51117 22353
10586 35512
65283 47559
-22715 -64326
38271 33594
-43849 11064
152391 -20395
33522 -50095
17046 31234
-14795 -74576
-57181 32997
62807 -121958
-21215 -43713
29587 -155456
-36558 52264
-23582 -39106
-105796 56251
-3231 17574
38089 -89821
38775 111587
-100160 -39111
28133 -8024
54922 -32410
-14820 7540
-18921 -47062
-60037 51110
-92380 49528
4946 10544
3697 -6934
21941 28682
-116948 8736
90257 -124029
-302 -70393
173428 112310
-177231 -48292
-6102 -32107
-53653 -2132
27967 -85475
-85233 -36239
-33076 35959
-150967 27124
-22821 -78357
-8280 54996
35476 -84642
49080 15224
-46509 -22903
-48843 51694
133019 -65569
90758 22066
66115 -75718
87181 -62793
-93733 154288
-3278 -50616
42021 2729
-61392 64316
-71910 -61970
-79803 52874
-21230 -105446
75222 -104508
111858 -38403
36485 -62691
-30047 -16970
109637 80995
42512 -49630
-44453 68758
81171 12959
7553 60879
-14507 75470
-7831 -66552
138323 41828
79052 -24362
-81894 133154
26408 -16811
67391 41732
-115287 41423
-130531 15294
-62297 -104759
99139 24647
-12781 -33406
-61825 10154
70104 -15202
-48349 45858
-148096 45913
-49803 18795
77557 41091
-163872 34591
4969 10670
43748 -109539
56837 -28016
-41797 41069
83655 -12488
-61211 -16011
-84857 -37490
-67414 -55091
55145 -64727
-52317 -111047
-86570 -30509
42131 -71643
105842 25138
87139 -56817
-22770 53600
-58637 20696
-43550 -94973
-34259 107181
-64757 -55585
33608 -5944
58561 -5736
-56618 38165
21850 31521
63439 -19154
5436 9873
-63782 -38297
87451 20418
42767 -72338
22498 25031
-83897 -9553
14892 45484
-77612 -158914
159862 35230
21753 -12002
46237 9979
59957 68281
77225 35249
-56525 65997
3541 -71638
-17262 95089
-11903 64007
67626 -85906
55021 18076
-17947 9222
84608 -60357
-47374 46298
51525 6228
15176 -32336
114196 28497
1516 14766
86497 37252
50734 57516
16752 -44228
15760 88400
-40648 34098
-8900 2195
-26858 -96088
28539 -12310
30858 61915
10958 28253
-53420 25524
-15305 -17969
50223 59377
-99825 -137674
3730 87355
13003 -36717
62322 26427
45316 38448
-19787 -117646
-2345 -50981
46280 39272
-9591 -18891
-15138 -37135
2556 61997
65190 22771
86333 8300
46820 36630
76948 47311
48209 -153470
30182 -96330
4562 -30386
-162783 54885
-56930 -124587
2406 14436
106896 88960
26829 25668
27694 -118911
53436 13266
97201 15401
137929 70096
29470 38644
-25706 31693
-46640 -62520
817 -53104
-66142 583
50674 79643
-29130 121498
3526 -35739
34109 -20134
68698 -34989
73513 -112645
134815 55820
28759 41185
10194 47094
57819 7396
158923 22525
-48310 144467
39794 27915
-100054 -17024
-70562 987
-43099 46231
58096 38218
-73456 3200
-50639 -33559
-19283 -48958
-38815 27644
54183 -7440
41121 27210
-34670 -12513
-12859 17403
-61466 -40518
-118055 -20228
-71080 -104486
-35513 103676
3766 21777
85241 61459
2690 -57194
26854 -41658
6845 -3917
-84295 -42867
16617 -39603
97519 13668
76608 81145
104173 90185
-8653 20133
53304 -7661
142774 37796
84826 74815
-36048 -77074
55881 -81296
-23567 -47809
-3826 48864
38103 -58164
161657 -13109
-143455 71679
-213485 -68799
-35665 -69387
21188 11502
51073 -28010
7268 -89529
30525 -77055
19584 4115
-74858 28415
11122 -54187
25055 43117
-21693 -12183
51682 -119021
-26984 -68508
53908 -92840
-17058 88756
-54576 -43878
-46848 30546
-3165 25215
-35691 -35482
34664 68272
101673 25060
56651 67629
-63868 -21968
-18072 -91018
-3596 -47241
-73391 29403
76881 -47952
2483 -165242
37518 -24472
-120116 -184775
11143 57185
-13147 146573
-18559 -67960
18525 13866
72826 80947
-20808 601
-25783 -75244
46209 -14024
-23963 29768
13303 75338
-14979 -31228
-60682 -69570
-100457 -38881
99487 15127
-16154 114211
41047 -11141
28444 -21171
14987 13626
33848 -30154
-44131 105182
71871 -11365
-64060 96328
49348 45975
62644 -74626
106415 8258
37625 -41481
-38290 -17367
-3509 -83859
-63892 -53178
-51304 -26644
13313 -42468
-60352 20064
-13010 -53810
-68617 69562
-41661 85859
23695 5597
-70500 -7468
-102192 168785
-73175 65947
14643 -82489
56321 30411
22287 -42716
46094 57086
76058 90650
109801 7656
-8475 -17890
-43529 -83913
79394 71574
-8636 87043
80792 123662
-21227 55221
55250 -106980
-10647 66045
-20720 63513
44896 -101809
19597 55542
100051 44216
-32370 40470
6967 -60195
-31627 31697
-27214 -22580
-14159 -18350
-50096 8247
-112680 20677
42796 -178212
64554 6713
145855 30581
4100 -51396
-46928 89087
42003 -63851
-27131 94981
64529 -74063
-101646 -113981
-88074 28294
-118911 -38622
-142563 -59699
-84097 64700
15213 18866
55522 -79768
-23474 -82115
-45954 -63353
-52700 4112
-40681 8718
5169 -11941
-75355 7902
85505 57134
24857 -14388
-2702 -59269
924 69236
69768 123951
-92116 -34632
84030 -256
-7619 -128689
34866 -86834
102709 24458
33298 -45311
-103166 95330
-15736 27470
97000 50225
94669 65195
108114 -61706
105383 96713
-28542 126208
-24023 -9665
-1568 -41728
-37895 19104
56514 45379
-18809 -49766
-22249 -43667
-41173 -77346
1351 45172
98101 12339
-85257 1222
4361 -108679
-5617 35206
-73614 6444
35953 8338
108347 -67428
74206 29794
34376 -49925
-6713 -77857
2454 -24265
102010 -11132
231879 -2488
24925 -31903
-18563 13615
59564 99902
-14616 -45992
97007 -46927
-71185 166530
111795 13304
-66814 -84747
-50424 41233
91569 -30310
-113314 -13072
37618 42899
97897 12197
41639 -13691
-118774 -97707
-3935 81884
41507 -44339
62804 16586
13915 77318
-70326 82626
70952 -63975
153390 6195
46212 17663
-55522 -14354
-128045 -10465
-67230 -42279
48338 32055
-34702 7936
17932 2360
152079 23621
47978 -51978
55364 -22179
-24483 -30671
-49900 -6620
26651 28289
83348 18153
62059 17484
-146391 -89920
-77135 16291
-13003 -24866
-7157 102864
-34207 58812
28268 12322
192200 -82344
-35010 53317
-49286 -7464
-27794 -67394
17596 97983
-21140 -95654
-70355 1027
-21566 139915
41926 50082
16228 -11189
111462 -34023
-12704 -93913
117117 203446
17279 -56888
30608 22745
46072 83601
-15269 -74736
57437 14547
-111092 -83
-126547 109721
26963 -7795
-55276 -114348
29259 50898
80902 -76497
-115651 -22954
24411 76794
107125 65115
-86263 74974
32291 40128
-46929 53993
-44660 -9663
-72434 -8127
38531 -69161
47687 -34072
-4566 11276
18958 -54918
75210 42290
-47285 22565
-14525 -48029
47568 34750
-22007 -51980
85664 -52366
40669 -8007
61257 -62123
74304 41479
17921 -93691
69416 -81831
-2885 -21541
-10336 23710
-31818 1238
11662 -25217
15098 48105
29579 -47605
101110 50484
-11306 -39174
85656 -6534
-169482 -79767
53297 -64857
13596 3449
-46302 90810
-94321 -18659
-5339 53484
-137125 5981
19399 -22375
21496 26850
23683 80280
1530 72376
29116 139963
69276 13683
-67405 -34777
131034 -12728
-55018 14261
18576 -95410
116623 30793
-68789 41275
-38389 34277
-118573 30759
114650 -44738
-157089 12262
117292 -35653
9074 105580
65130 -15114
13365 118066
106285 -78659
14663 72038
63059 93063
-430 -26077
58444 54594
-121980 6981
120325 -45001
-41544 11876
-29629 7539
132181 58314
60142 -133376
83240 31413
93881 -56675
-68859 -73413
34615 -40161
37839 -7286
-7970 -32372
-59320 89393
-33775 16589
26763 15808
37888 -87038
72747 -101788
-65338 -36436
74273 -46142
131181 13618
35696 -81366
-188908 -52550
28862 20278
-64502 320
-85246 24016
-14285 81931
-54808 61236
29032 97510
85831 -58650
7053 -23003
89170 57131
12356 -5756
8505 -27016
-27117 105124
-26563 -126882
2244 247
-58859 61208
13370 -37239
50690 55007
-34971 40549
50769 -2449
44123 87083
3181 -61326
-97608 -60909
3631 22928
21596 7987
114817 -98595
102140 -72583
-21354 -176306
50814 29372
44089 -44744
47126 56342
83684 20163
11091 -84396
-69008 -101663
-22332 49717
5484 -7273
-99794 56987
-44609 -9630
51102 8176
14501 150480
-95060 43606
17216 56554
53050 51992
132690 -74867
36877 -53170
-85806 -44764
18175 -16287
18971 -106625
16643 -20177
-12152 -95201
68199 5137
-1978 58124
-86885 98658
-100995 -366
-30744 60179
-3235 -46183
-16436 118111
11987 -58819
78560 181794
47473 -106041
-6232 -18658
-90363 13874
-108101 79995
-65978 -11159
26109 -143723
-45883 -68976
-17089 -51426
60818 -65258
61603 7428
-39932 19782
83256 626
-69405 -53890
60651 29470
65820 76916
-8879 -57620
-55953 -49542
-22592 121440
27607 -45028
-100130 132250
48129 -82950
-51592 -26890
65013 -88282
-71438 -83123
-44971 28647
-2239 152852
102370 -9168
9790 61319
-187350 -58540
-39989 77695
72042 -52138
26308 82032
-135414 -45102
27349 -86287
40007 -42899
-15234 -97341
-29478 -15953
-93976 -71050
30961 95445
-155139 -44730
52533 34110
-59242 -22876
-15775 20050
-28831 -32103
-58917 -99446
101005 -158614
40488 2907
51688 8197
-65863 -31697
-43098 22659
58456 74523
-14445 -44706
-38351 -35927
48906 -66111
-83801 -22681
35568 66382
122657 23006
55344 44602
-67536 -71704
-53279 -66682
-20159 61625
44404 -16193
-20573 -96623
-6666 77397
51621 -972
39936 54552
77359 58232
153999 22371
9932 -99537
24935 -140485
-62470 53534
65428 24681
18492 84629
-24057 88917
-93374 119328
-21739 -4349
-63520 -42432
-7528 -81025
55878 -92079
6605 1702
48179 16838
31003 18760
79275 29227
-22256 -11343
-21810 3672
49615 36089
82051 -99761
-104688 -145211
117217 51618
110158 108656
-37 65617
61443 45017
-29687 19232
-32742 35347
-47029 55061
56 35664
25359 -90068
-44719 -33846
22045 -71814
114169 41381
48732 43790
52379 46004
-107128 -34003
-19938 38626
54574 -38166
45278 18620
-3527 27583
6146 68506
-46954 40386
-53208 -135620
16049 -56353
-71108 -16018
-15879 75305
9583 3818
78154 110234
18841 140929
102147 -10405
-44621 43781
14066 22477
153522 -170112
-3216 -84308
13694 -10160
-35028 58139
51645 -28628
-12602 -3594
120623 -9877
-95873 48093
63948 -21683
8124 -39826
-16289 11940
43985 -8537
176310 23941
51988 -69830
17084 -2162
-45722 50231
10766 26756
-41113 49
-36585 661
-19928 -26083
114690 -7101
11839 83430
-4438 82639
16152 15613
-41945 55452
29790 44920
19608 -8621
-97642 61100
68517 5886
16838 39898
80684 -21199
-8156 96188
43380 47897
-24475 -91274
-19054 -78767
81850 1757
142309 32452
-60411 108704
24172 38982
-6873 8946
34150 -11899
20301 161651
-35780 -26575
-88396 35155
102973 84560
-24592 -109171
-18445 -14988
-76189 68248
-53884 -53716
-61245 -1761
-74818 26521
26737 43556
-105419 -83414
6302 -55458
-9812 8372
-52494 -60081
-79472 114323
14468 -33357
-63483 42627
63220 43368
53156 44376
7416 -65863
-73524 162401
-34842 109534
79349 -3295
-27290 45062
33219 5922
-96781 -88169
24976 218535
-22555 28139
-109530 -49203
39503 -1983
-14819 -61616
-60671 -68698
-101900 33316
-27088 19219
-93236 -25322
123066 -5525
-137085 -119881
-47771 35862
-8054 12713
-17183 -78354
6051 4590
7271 3508
-27399 -21902
33865 -29029
96692 -117183
-18027 36360
-127025 23134
134514 -17238
-32915 8337
-36344 -44970
114679 -18734
-29680 -7805
-188476 11519
74894 -55127
-82808 87632
-26773 -7724
52685 -46276
-181041 17971
90444 22943
8704 14252
-67738 -79570
17170 -35773
21265 105158
-5727 118463
4505 -30402
-110763 -50926
19021 -26427
67622 10511
-28890 -59289
-38120 -73685
52444 -69188
-18354 25011
72593 -9881
34018 -14723
117381 36160
116998 73492
-43940 32453
-102770 101050
141310 25413
33396 85637
6353 -73213
-75049 72866
24314 -19053
-131824 -18599
-157 83201
-122305 26639
38053 -64783
-20300 59760
-791 -69115
45932 -76243
-44396 -10105
13036 -42922
-94801 -118644
-32158 241960
103345 -10685
39774 -6582
-35268 29316
31299 191232
102838 13169
100516 -104771
9296 706
-33322 -66921
-31588 73979
40080 -40330
-42372 78600
33359 -33766
-57972 88567
33653 -8247
87362 -29821
-43654 27921
-35160 154769
-47928 59678
67027 84811
-17055 -28403
113055 4370
-175986 -10772
-14492 -28392
-75286 -175635
-89155 -36490
41163 -108962
-40823 -20901
-19800 -15734
-122582 32084
-46491 75893
-120873 -30683
52087 -129638
-2695 45705
-45850 -22779
-18226 53994
62214 16767
23832 -120195
-15768 -44793
-16357 -30154
11134 -12147
-16105 53728
46134 52695
121096 -9668
25420 -17139
18673 -21962
-3071 75252
-43524 -65446
106262 -69193
-29836 21987
-8795 -33272
51063 22931
-8913 -34535
-51452 -16407
89998 -73745
-35122 11297
43133 -8739
-1998 77220
56201 -15833
-27394 -22264
-13861 -2855
-80019 105546
-64550 69663
-8407 143871
-4310 7573
2235 42430
100271 -65654
25279 -11173
65276 -55534
51077 -30561
-32397 -25233
27206 -114669
44426 11433
-34114 87428
-8809 148335
14675 67312
14153 -40907
-91997 -38242
61004 -13272
42666 -50454
-128786 -29221
-84300 -18099
-22954 -24164
-15775 95648
-82374 33553
525 -3910
19092 117300
30731 -124932
11 -86402
148220 -33784
38051 -82635
-53968 -1214
-29857 13896
31060 31096
-25694 -9966
27408 61534
27370 6645
154101 22960
74919 36714
101980 66770
82851 133605
146722 -43938
-61356 -87285
-68837 -83390
78477 276
21290 -1652
74635 -142902
-69391 -929
-47554 72951
81187 -16740
-80237 126222
-82341 -2826
89730 24464
11800 -24974
-67166 53475
121691 14860
-50266 69756
11690 100811
-19586 45508
-80646 13044
-22540 107501
51357 -16148
38501 -72842
64342 65621
-50473 14853
-4992 15225
-50466 50859
-69380 -9818
33590 26786
-6904 21091
-46640 28873
52858 -46391
-37271 -34459
97258 77127
1015 -87547
12520 -20209
-115520 38981
-26120 48350
-77120 74758
-27540 -46003
-79963 -43954
29364 -78682
-18372 -30986
94289 66861
52126 12175
-141633 -56919
-89776 -16484
-37493 -119599
77265 -78490
23439 14429
-58115 -791
22046 22692
-59059 73263
-121599 -32947
57920 -5809
-64105 35749
49813 -91444
-6278 163611
-65969 -80057
-5832 -196923
-109901 -74153
-99884 -79285
-16975 -27909
-87469 -31457
-26451 -8390
-55132 78273
-14028 4328
-37929 136898
-30478 -115609
68003 36194
62182 33969
51735 42974
175878 5006
-3042 11160
-20481 88561
3920 -92559
-5647 10678
8189 -69583
-111686 -1108
24602 -33549
-53603 -7290
72460 23019
47976 11205
-40018 -104587
-8017 18785
-69298 95743
23619 42854
49743 -6968
55039 39726
-46251 17242
-17889 42072
-93153 46863
5479 -14571
-21237 -2712
12026 -54353
9354 21828
-26905 5279
953 27276
-64135 64054
62602 -105704
-70363 33928
-37396 -13756
58158 27989
68733 60076
2355 -36361
-50438 -52292
-107941 -55321
-107280 -9542
-7254 43718
-94022 135962
573 -117618
15 33307
-30975 16994
-21679 18332
13452 -81823
74293 32284
17717 -28639
-81107 -76836
-24264 12295
34963 11261
41747 -72892
-20197 27540
-26618 -139745
12596 -11899
3793 21220
95526 1814
-13095 -58278
38485 -4629
11279 -166190
-42926 22450
-8264 36253
-68520 4413
34466 31740
-10150 -147558
-126018 -47204
-46368 26251
75602 -54727
-23154 184059
-81616 -51538
80611 101653
-25090 -24453
-64541 94001
21898 -1569
37138 112736
57417 -58765
56375 49616
-61649 64543
-10474 -47654
-91721 39294
-105791 72617
-38693 -9163
-3873 -13198
68300 31530
62681 18713
-71658 -109289
-88163 -171222
-18014 12624
-7829 -13773
-95216 141148
38925 81993
91190 -21764
-102964 98085
-18108 61676
22323 -58594
20675 14889
62028 -6590
-175891 -30484
152854 87107
-16802 16859
40004 -27757
-9445 -79875
-82671 25506
-45651 -76626
-35686 -123051
69446 -80929
24957 26355
-43476 -131362
-72473 -55540
11348 -124155
-51802 153048
-2719 54028
-15871 -59088
17102 70767
22784 -41267
-46482 -56012
15787 -42765
14469 48811
-26688 -103374
-2821 -56844
-32508 -33609
47237 -33587
-27352 -42800
-21707 -40263
-10235 9102
-36529 51938
62927 31166
33851 41034
89065 15708
-32355 26645
11163 -23604
-88501 -3707
-33640 103217
-6502 -54428
70908 -20955
-110879 63794
-62007 109187
80203 63809
-123518 -245568
40136 -36431
-100764 -18390
-104865 -21724
-57414 -1739
-99637 -71063
-2019 -39126
6526 94189
38525 33653
-70243 87935
152030 -35639
103314 -92577
83139 14547
17981 -68184
32326 84780
21557 -52164
82185 -99926
47425 -51486
21796 16410
7720 2859
-19126 -129696
55324 43343
-4511 -30208
25554 9975
53871 -51462
-117418 -78801
-88379 39805
-13932 -24722
60609 -39636
974 -18317
20451 -72472
-61159 -33274
-44403 6963
-32164 9424
134788 -75652
-37643 28839
-118893 -24944
98918 8986
8937 22622
115348 45822
-123159 -14776
77983 -117785
27750 42282
-56102 88881
-68580 169086
-153842 38758
81984 -65554
-14688 41413
20439 104557
5410 -67135
-17923 -3685
-40058 4344
-71006 -118342
-41978 2657
20902 -98923
57770 92843
-34475 62175
92387 -52162
-26263 76683
11869 -89975
99303 122360
-22095 -107910
-123517 62066
18605 2434
35333 21601
22011 -102966
84028 29869
68882 -8784
-25025 -120347
72745 79410
-36526 27978
77209 -146120
-137274 36832
22906 -110440
-74515 68864
65563 52324
-32141 19411
-24366 92693
-13294 140009
70945 74169
39075 45438
-19713 -26238
21053 13678
-78344 105948
43447 -21321
58694 -2613
27881 -11046
-147006 -26063
-6956 126527
-128798 31733
116006 -144281
32542 -22491
-24720 -25891
27053 7969
-35310 -23665
177125 -49923
23645 52605
7926 -158195
116238 28043
62086 34220
-23735 -135198
-90993 -3388
-79651 -41479
-31886 -14597
39770 -2246
48776 -74594
-23954 -50425
11610 -3177
-10302 22731
-8302 -95279
-146085 -117181
-62596 64318
100403 161886
-26941 -14217
40692 18833
21493 -16162
-68414 -48056
-52679 11411
-58275 30378
37752 32584
-5120 34252
2212 202419
84085 26617
42989 -28427
79074 49845
-144611 -10922
23931 3758
41315 29445
45449 -2834
26680 8671
-50713 -35740
-6834 3907
-61089 150880
-80772 19422
65758 -66813
8274 -11020
-79082 55961
-6334 45294
-67974 78308
82178 -8429
74826 24073
71161 -22467
-13773 47516
18727 -28033
-90811 37867
152185 75225
-128647 -130854
-25541 30765
941 13632
-28281 8128
128863 -30204
-56359 -34208
-9231 -3512
-72631 -39654
21297 -26802
-1598 25164
-60903 67957
82859 55123
-62825 -32454
-78637 30217
-71620 -55094
-23519 -60894
-42414 -8155
91487 -18061
97201 75987
927 845
487 -13176
108106 23921
51036 57597
-104503 -84710
92247 -10973
115517 908
-69601 -91771
60591 81805
128170 163047
12796 -32057
-10493 -95252
9206 104103
13151 96606
124939 -11890
5975 -775
-16843 -66288
41445 26827
98414 -122937
-56096 -57176
37273 24248
10490 -51789
3790 -15062
-35403 6288
17476 -117717
28002 30965
59459 -35628
-21646 -36062
-23100 -31852
-26383 58664
103832 -39039
105601 -27658
71581 12262
37458 -92013
-15179 -25312
-53352 35892
-41764 -81531
-97508 -24043
-127405 27652
87532 -23398
-54658 -14138
-45833 -6027
-132388 -23816
-101461 67834
-84542 -2309
52472 -69319
57382 26391
7056 44483
30295 122100
-141055 19412
-82188 59350
-72576 87461
98131 6621
41525 -46931
46729 34865
-33146 -43435
15337 -169748
-102448 73730
-53818 -80992
-12532 -7391
-55427 -91869
-55429 -22977
38580 54720
-21970 67701
-30272 -15719
-46396 -10239
-98825 61159
-11504 49001
-45124 -70630
-94080 -32552
-82670 39032
143042 72060
8236 68540
7707 -37386
11790 125197
9591 -58373
-16303 6973
55721 47651
4031 -82522
-4741 59021
-43923 -69335
100839 -80220
-8471 -24344
65707 -97835
1175 200210
-3954 -17631
27836 -39509
13435 15376
44725 -10710
-28059 -62410
-37123 49833
17862 119545
-131963 14386
-76107 68592
43185 2624
-131854 166909
24704 -71996
37893 71366
-3230 98824
-13361 -99527
-422 92753
-133372 34506
-100553 -38498
72196 -112237
-94280 -39436
58696 -24777
32643 -41333
22730 53548
-40629 95549
7038 64173
27275 -43348
-59105 -68400
-69676 166822
10165 96645
21700 -61062
7201 33163
128999 -23372
6388 139871
-467 -6790
194210 -16824
-23653 15728
23121 -27248
50354 -44475
115882 -47391
16598 154806
66566 128445
40711 -24182
72927 89717
-29958 -5744
7802 42361
70066 -56177
-13473 49870
81558 45841
-38470 -50539
-116762 -41519
-10265 23797
-25016 57644
-15993 44317
7349 -100426
-37845 105897
77198 122868
59786 -104089
-22500 -41767
-61609 85761
21889 36106
-90357 -14629
-200 -92058
-30893 32975
-72396 65221
-33323 -101762
-54773 -33383
14167 -20996
45465 17700
113801 -38284
10272 5519
-14253 -63119
-39123 -24253
-59559 -6805
107817 23844
2165 10710
-64826 -26029
163411 8316
75924 -17934
27429 -15872
-41526 80502
17640 24802
65948 214658
-55118 -34100
-16008 -8540
129653 -15625
-21013 1673
18958 -76730
-42890 28069
38832 -110362
-21710 187050
-68116 -32804
-34139 -32216
27346 46983
51646 -25196
-55210 50495
-310 43865
9132 -153973
-31999 37224
-179995 -53556
83064 -33108
-78082 -72127
-10416 199401
-10361 68615
167961 62526
-47837 91555
-92435 23721
8987 -47595
-84576 66424
-24948 -146979
-77057 48382
-104488 -55466
-19580 67199
73324 -92317
56482 -58306
-22194 -19087
35163 72076
54203 12221
-38413 35553
-60405 -44257
26179 50045
31769 31885
67115 -4734
-36766 7516
-51821 -76691
87977 19878
38802 -14303
-1389 -113726
-2414 -82078
146690 29153
-41378 142912
35067 12681
96764 -105451
64973 -30224
25178 84567
-106826 -36503
-22185 -24418
10540 52196
16837 -95183
35153 -97846
10753 -57691
91746 687
101044 -90525
10480 46792
81766 -13657
53758 -46275
-100125 -41905
-88204 -99985
-67177 -32611
-24439 -18757
95292 -119436
1878 68732
-90931 93848
-14254 107408
59765 54698
100538 -33727
80548 -37873
-108724 -19512
106696 126038
-94399 16569
97947 59622
-98920 45854
-34153 -7787
19512 14621
-4028 57108
-42899 -55804
-12704 53907
-54727 -8666
-25745 78286
-73629 9094
-54874 -137447
-29722 28523
-45849 9512
40925 -13371
-108589 -65009
188975 58403
96031 -25854
43301 21455
77646 85710
19863 -39929
29590 -104688
18719 62233
-103607 -65113
100956 10761
-3155 22594
-28606 -33978
-85031 -1072
114644 33346
-32240 116455
151594 -25992
95869 -10716
74615 65857
29 -43750
-10201 -46100
3912 17800
-40651 -26955
-62410 -63980
-59299 85560
22321 19185
-127664 -81649
-97020 83524
41427 -27786
-67270 59720
8043 -23519
31789 56186
-84877 -28722
2541 -50457
-34994 -86854
25885 -49656
-28086 -96751
-83832 -35602
-100104 -37146
38119 50170
30430 61648
49218 44114
-35602 -30242
-1543 -111397
-2679 125412
60938 33058
20558 138642
50927 -16363
-77654 95241
82717 30839
-72173 -61846
-163722 -17251
77039 386
-66039 -2703
26813 73060
-65611 19907
-48929 -27582
-130087 -15619
47806 -16436
-10918 16579
-30704 -17770
73942 132484
-49787 -170966
-3136 38079
40441 113735
-12982 71847
16195 48022
7856 52708
-32742 -7740
41146 28958
423 -28185
-81 -61141
40809 7867
35356 -34529
34465 83800
16002 56088
3727 117172
124462 -6561
57824 19838
50952 56704
36942 7190
-118916 63424
-51290 88978
-6019 -132400
37019 -9358
21902 16458
41546 -135375
27742 43068
44310 42521
-3987 10503
66239 -63436
547 -91077
-78687 -38414
33538 26848
8445 -26508
49190 32282
-3012 -40446
7789 117513
-155270 15552
100036 -20966
174795 20515
-77229 128609
-69231 -7597
-137690 75677
-31764 14387
68333 7826
56348 -63400
-623 -7329
41085 -28064
-23643 70818
13327 -80651
22105 -5990
34980 -84775
27800 34702
-7725 59297
-57506 -47198
-142351 -42431
-39789 -106003
6172 39362
46400 164314
26904 53125
-22624 9592
-18634 54004
78305 31542
7499 313
-27182 7871
-18096 19119
17886 -167609
-49819 9640
131439 -30898
-19013 22293
-205616 -21456
-71090 38745
-4236 94922
88430 -36704
18551 -19380
-78361 -62838
99262 -96760
-98226 134588
-58212 5273
81982 -95451
-63845 49681
-79322 -3624
124744 55684
25223 -74121
-23203 -724
-45665 -61960
-73952 -40553
5757 29083
95947 -2788
16171 102383
10726 -85940
-94534 72423
59956 30897
-37150 14966
31433 -30903
90848 -75332
-29911 9367
-7082 35757
-41910 -96659
23538 75571
-40634 -96476
-37072 -8208
-32734 33073
43199 -103375
-38560 2971
23442 12367
136093 -18460
-23866 89430
101145 -49905
5480 -35515
40475 4969
-57066 -38195
-17903 34295
7916 72651
7740 -58512
8736 34195
-118640 -37895
33776 121227
63252 84867
45505 86757
13927 120455
-98076 153289
9156 -18530
-103535 16018
-18663 55578
-99801 77312
-23151 -10135
23299 79216
88871 13137
-61611 60604
125444 -25687
-124247 -53452
111100 17005
-36719 47851
23897 12954
50958 72793
-18521 12930
-28320 -4090
-59435 -7180
116716 -62862
126090 -1849
-57723 43757
-60722 -52246
13386 -79398
-67818 -14012
86158 -5099
-8185 -65004
73557 -29496
34195 -113491
-29521 -11769
70846 86361
60596 34304
-52050 58867
126205 -11620
2915 13104
45696 -97970
-51857 23450
-58353 -45893
29542 72122
53285 -37265
-9096 93482
-105479 162635
-80334 12860
-37045 -18675
69672 43374
-46644 -56256
45452 -64212
68327 13737
-100482 32944
-43389 106219
42997 10852
139867 -63380
-131102 109950
16225 -17147
-26411 -71661
-71111 -49882
-113282 -19552
2215 -99560
36668 62599
55892 -55006
27464 144247
-28401 43463
-11938 83605
-93274 56523
169257 1957
4572 -30876
-81976 77780
40438 25700
50554 106005
93683 -92996
-13670 -105578
-15570 27171
-69832 105337
54985 62265
-128291 7586
57262 -96117
75029 64686
-58676 -4170
15419 -23436
-133237 174709
-103471 2628
38107 37747
-29959 -19016
87948 -158164
46208 70143
-94207 54172
-118772 114762
-31414 -6137
-9738 -53930
4990 54019
58042 -159509
30798 26182
32815 16112
60209 -146556
-41343 -68493
73410 -82475
137023 -146645
32938 28934
-35170 29786
-11570 76453
-27129 -86546
85578 63445
74505 11637
-50912 57881
-77532 -25012
-16145 1123
-33246 120067
22961 -36872
-6496 -64265
15134 -88026
69378 -64045
-28098 -19852
6030 47345
-57206 -24194
25767 8840
-124119 114135
-67005 49031
53263 13537
74696 27958
7680 111128
5566 93319
-78588 45608
918 -50853
3342 -36352
69069 53594
31730 25982
60366 -60761
-100273 78604
14798 -40956
66780 96353
-32559 48268
-107512 26994
-4367 -59989
2134 -89797
-14811 -88654
-46634 115085
-187862 40253
90299 -38654
-45574 60848
-26946 -16381
-24979 -57732
-84348 -45172
-59238 52051
-26118 76494
36540 55433
-56864 -20409
-88838 -16702
-9514 -57537
46638 19369
11315 26227
