-237305 -14784
-764009 106621
84977 -52408
-591460 -127631
468339 -530497
314629 -396898
-667218 432631
-217930 484185
81408 -465326
-255995 448711
-700411 726276
1483558 575365
471580 559614
507595 335839
3892 465583
-545758 -521445
-301010 617440
253876 -751230
70706 -443278
468422 -545272
-182689 677044
585135 -751067
559788 1128905
104986 291580
-1101091 -1122979
1121212 74231
-23408 -171176
389737 107146
-79569 245177
-295978 -552059
-111459 64402
-176166 -530329
206654 -680395
369865 1096388
362040 734932
-403799 438517
182281 182299
156338 -245234
-625843 72868
-386539 290422
-246720 855496
387898 -207970
130831 1286208
-103501 1529918
355321 -899439
26343 329815
623128 -795847
-608108 15581
717149 931697
-233537 -422225
31805 611142
7760 -139833
-51752 612284
-504378 167930
-195775 -354029
1336878 972261
287611 497660
50489 321561
-483955 232074
-811020 -157092
910180 -735289
-666069 -236234
1042 -425873
-189954 589860
-368495 -396275
-729427 468556
208020 -528795
811938 -539123
-120032 53632
-40001 -429942
-320899 -996848
-314585 -258517
-844802 267536
-297234 218254
-1151498 329304
-210651 -298175
383517 8422
-112319 461388
-80466 -635592
62855 -112389
35573 558209
233309 409363
-277362 -157668
-413350 -439242
-454118 -357043
1513981 224423
701212 -421093
778945 -415134
-887895 188625
-201017 366935
-149214 321143
142305 515987
-961572 -399043
696297 410037
565565 -1003857
-15955 126913
162873 -656036
-110478 -50696
-545875 -540543
420078 908605
-521068 97162
29357 -631161
646093 537132
-67393 -412205
259590 -171054
-726243 552918
-63726 -610279
224284 -211342
838056 -732927
429919 -213540
-399625 663996
-672885 -725186
-1279220 27074
-70750 -465304
331172 539131
96670 -391473
-544540 656128
529770 -579846
250209 -621729
695961 397533
-308430 380242
665117 686847
221474 330083
859840 -650395
-95674 -1098134
-1397603 260816
-116532 568787
480331 -128029
1302616 119548
371061 -360821
161951 -912
97026 258513
1630549 1050945
433259 -1034593
-240936 -954220
450335 437742
273478 -25319
487962 -438161
354856 1204266
-61666 -10601
-210169 -662927
-214184 -571207
298284 -16449
-470499 535646
-213776 -328815
125680 -414701
-118380 205449
-822179 775539
665696 237465
-223434 437010
-316145 -1225408
245412 134927
-112050 200561
-1169729 -63253
347104 -383894
72615 224896
126939 881818
242785 337645
167071 271790
-274446 673019
398912 198076
307392 878475
-863497 281532
-899360 506183
228642 92241
-466925 295633
1367911 143970
1093508 -302755
-25910 -388340
-761171 567189
679843 -577702
-467806 603229
-266727 550661
-1342913 -695557
477290 689491
213157 -580625
196785 -884875
134134 533856
-24716 1900759
870395 370706
259336 405673
81146 298518
-637472 538553
-664045 -45436
167660 807162
228954 890973
-594324 -452452
-402963 628443
-604052 488330
312062 -90200
-207823 503659
290671 167883
-369322 113028
-404512 -137249
-383946 918455
-7708 -401774
-1073676 318982
786095 -456359
-287919 -456403
291832 -530305
-34080 -256996
113715 249911
438707 -22413
491572 -193449
476248 -112987
437578 76867
-212742 -296209
583817 -47497
93708 626842
-476279 151058
314402 -706256
178376 -783506
-354184 -269317
242096 401304
-282843 97269
-1026838 344924
-575873 895338
304505 -119055
58340 693332
-420603 -48135
-624819 278474
-270386 902777
-834844 -571588
-258799 -491809
-538809 502459
-493170 -791607
-402318 124968
-1119400 1016756
432150 101072
-407589 1111253
199456 440883
392509 -268037
-727363 -921313
-246542 -28474
-1083202 841767
-309085 354873
34269 -300368
-649172 314619
366547 -921028
773736 -502049
327037 517339
396509 1053101
-150302 -671313
-335018 -120608
-992418 309173
441422 82848
-229185 425834
364018 669672
-645242 311906
-532467 -41433
175530 43874
-655828 1116077
822632 -257768
182946 -149540
339583 742510
-62950 228561
436595 -611693
94525 -439411
86279 88084
-47483 -1125010
274058 785508
-631316 428520
125506 -326305
295762 -121444
-853887 533250
-639842 751289
-437322 376063
-380234 -291692
319040 -743229
114654 94794
-1209254 153429
178990 -273799
-443168 -515405
-334332 276869
-310085 -234112
777094 183221
500251 411486
-687248 842328
124383 19279
-800204 501502
-407059 93482
-489969 -105597
-342424 -137710
46853 71850
200920 -194063
-1003747 963017
-104900 -194057
697863 -528049
-1266607 355398
226553 910482
952010 -189019
-511209 524079
-1069642 -177529
586334 -359558
-801022 -351694
-5262 345576
481690 -481755
-1013197 535902
-2193220 -237412
-98453 607283
543366 544840
483592 156071
340167 228708
302992 -93767
-38787 -281486
57780 -40319
-508585 404221
407744 114265
-149706 -155784
-1419166 -113020
-336705 796629
-23205 348687
327715 833096
117763 151108
-591219 -853177
217628 -226926
-1351544 -718802
-703212 222490
551097 -243910
747664 -49959
-544995 622184
93201 57130
-160026 -452708
-368682 141495
484119 -20207
163730 -595853
752248 900645
653454 -60005
-368957 1216593
501236 -265515
-161949 -165934
-25636 -355832
98199 134919
262239 170305
421900 144665
792829 308481
22557 -308597
-1276462 951661
-1012948 424780
-842193 332922
353885 -163548
43088 -14575
-562616 -96140
-426808 330159
272832 -389155
-147089 -657402
-305582 566624
-60978 758984
847236 381218
5871 238374
165271 64429
-312973 -741790
-45326 37642
-151237 -953690
-346003 1385515
573782 -202211
197462 404496
637780 606439
-906952 -161482
454970 -400838
-308807 344593
247740 120153
637215 237005
-594187 -708564
-1030195 345199
-347416 80755
100638 625301
321333 341723
-1880387 363962
-1066700 220894
-171223 -134380
-42234 198972
200728 -912722
348447 535566
-171683 433755
-849859 375041
-357214 -579364
448506 -590403
-111515 39401
-627983 -259018
-555199 11849
-304355 -348432
-626600 1049926
451228 1028524
890533 48639
479345 269880
-50992 769189
184503 -80741
861956 -293857
-434938 -1132
-474563 -190260
285093 -50913
120518 336657
331352 306153
767722 365004
242025 -474267
12486 475948
-332464 558155
715323 -282650
477352 -244228
384806 42496
239580 941600
341301 -216290
643201 -762033
551752 417002
-355704 -678307
584685 342061
210226 182826
586409 -379303
-13580 314421
985550 -364901
-211323 270145
-600223 -102313
-502297 -1020576
337030 291260
395889 -474029
130414 -157735
-25575 -958199
91404 -1283614
194091 552821
-108888 -82987
237478 402803
351736 -893667
-792902 -187722
1108548 -803926
4835 253159
-129909 -70596
899362 -162487
-186258 544252
-729872 823525
283489 511726
-102054 588569
-261834 -423388
156899 -12502
-55732 782670
200736 -835320
-1397449 -760368
-726093 210983
629608 305793
-402360 104200
589857 133038
-262073 144605
159807 214998
22734 181652
147417 -558152
788478 -247444
207958 943305
-735218 1058115
646784 -63267
129314 -681146
-548874 -386905
-700646 951670
-332903 388935
-187345 14718
423886 1465328
-422362 498860
-76276 -292930
-306629 -194497
773734 319288
-798160 869060
-246347 -141181
119767 704351
-292421 74803
61928 -54402
619039 592715
174790 -94251
-449887 -913505
117075 -740846
354030 141498
784897 1105731
-361622 354825
-23640 -460825
-215080 474986
349790 -448946
18377 -479573
-1078071 -735574
689946 -803532
80916 276051
89512 -543315
670189 -88108
430290 151960
-520612 698761
472948 281925
493718 -209933
-569964 -6507
52200 1577916
471789 -375526
-118742 -714756
129395 132289
-1038496 1237483
852568 -830609
-802909 -103284
5855 552732
5819 -418812
198413 -73647
339823 -578552
-9125 485578
-82088 148651
-43311 438252
-9155 -263284
129006 -95647
516196 -90179
-849632 674123
-83185 -342310
-1460891 702962
-1197877 363996
-341052 -1641
428598 12985
541637 -69085
1092367 1344587
162046 291095
-235141 -10664
1351895 -83837
-276216 279543
375196 -1103989
-847518 984931
-254094 -916632
-283901 -35138
-531108 606622
723275 10498
-1013743 -972855
572886 -1279203
-905155 832824
106082 -1363121
551360 -824012
-1088986 -26365
182373 -449465
753771 438045
-582712 16773
-432 478731
629133 487209
-130402 501373
20341 -336057
326555 -839525
322769 776878
164572 1053840
508926 -1181128
-97230 -383751
474867 226296
945605 195592
150159 134813
-496802 453378
406160 218870
419762 -33418
318229 -68611
587493 -540849
406080 -282152
101402 141678
-438058 -267561
-1083375 -377043
262342 -666619
-264399 501994
821297 -294197
556796 -542776
-500596 505604
80692 -408448
715390 8994
-784636 333405
63071 -222295
368399 210694
-60220 -1037978
235137 -412749
430301 -69714
51590 -729692
327747 -216318
321218 -976445
-491700 1046058
250978 392518
-65042 -781939
50109 397122
1333934 338062
-45764 -425195
-316786 -625099
-223405 -101903
-653815 -457285
484746 -143933
-247657 160856
-806916 -6554
-521583 -1246402
57525 904597
331424 -495016
-779084 -460703
-743113 -1012537
-575252 -1057085
-677561 223539
540518 488121
-298562 245693
110242 -193736
-410180 -472552
189720 421059
-666403 -739888
-295104 9215
-718988 -295967
-446263 -115834
341550 -23913
-631340 889322
-686135 459879
341531 -404198
571181 579998
88196 -337366
-169890 894981
-406814 65183
-279369 299424
1055056 -104404
556202 680019
697692 620287
264006 185523
318657 158312
-302563 -225308
98229 -953433
390180 606994
1084838 692523
-24309 -676350
372672 -284283
-82822 618041
69302 -452604
-272232 101368
1246464 418768
-519306 1182281
1336998 -296589
711059 519341
-352989 252689
277126 -81552
560439 -350272
99930 99737
-62587 704292
-421492 790176
-364719 -1130555
-303291 525102
-852963 -59148
349617 -942305
-410829 318781
85917 -291957
-112638 236079
-235005 -788372
433524 -1451953
291565 -203404
-680874 -9702
794938 -67517
-64116 -869345
-107005 266552
397812 505073
440747 -269573
-474934 376240
-249127 -295461
637836 9345
1006561 -1262544
551190 440986
168570 -1160833
91626 -429616
1053090 1361978
292345 -683064
118624 -291062
-316167 -1285615
27367 -337907
-849857 272864
-243900 -555408
-168197 340175
-369096 -357406
164306 -949303
-738309 -891215
-518109 96059
-1167190 -57805
-29403 -822043
-40621 -405436
947938 -221676
-189264 -89889
-21105 -318250
534370 -384173
327888 -57227
-281297 111834
61045 -522125
301716 -228878
-611985 -664394
367918 -302102
184717 -386557
-1109774 451835
-266762 -837469
708051 -463509
420988 -46646
-2957 -794982
698357 -449446
53637 431992
199750 106273
513456 -552093
1302835 846584
414153 -237236
839664 -356511
-613635 365758
-305945 568729
315381 346747
933808 106657
-675033 1072882
-79889 -454528
257931 43885
-1265 -415827
-260022 -281806
313485 -147974
587005 -30994
689859 844316
1338412 -1166629
942837 109202
-276848 140554
-242913 -761955
-680825 -33558
412089 -873178
-87847 93884
-296424 -201723
26118 -337657
816330 225247
-648167 -609733
-137636 434805
-309399 -371823
-450916 349298
122070 -24672
499492 572381
-143922 -40640
-144380 -83387
54187 531973
328484 -192051
394332 223698
-173420 260899
-49192 -496604
512624 307522
-442062 -176529
286471 479240
134628 489781
24396 -318069
-647131 323410
968512 -156944
80861 1066359
417061 -152413
98449 -422969
201545 275594
684572 88821
593547 404207
-14992 207476
-401042 421624
113050 145597
358315 -431198
-346534 497304
-229527 870663
532611 -478831
79211 287750
-153711 403341
673591 -304382
332553 -116995
-201983 700313
977707 -249013
392610 502094
1315702 -1316337
427974 -771368
-311341 -1096468
-75321 105438
-90267 -468254
-638 -934400
374061 -72868
-99720 -985446
399389 -906328
-1627473 -217141
94723 -157889
-587779 413256
-441408 -126805
-23035 539356
-39629 -583563
700883 -535139
102909 -79472
51967 -1060070
337270 -388596
855014 614893
-583654 -289395
-163647 -857908
5842 -1087228
262925 -53303
117748 486882
748099 547324
63848 885721
347795 -959062
-584731 110829
-405644 -3832
371184 -140189
-540750 186765
214967 -259189
-383703 224763
490281 -279814
-468478 -227107
110170 -18226
-266155 -123094
92330 -258605
310003 -453109
19872 -360998
540746 -53326
-80407 872854
93192 -134607
-545245 -94494
455741 476517
603397 247908
-13654 -484061
-589979 -6470
-101602 -1082246
260343 -227785
32997 -226633
342737 584109
903116 709808
-212687 83961
-433627 419201
-89836 43523
-126838 384185
379108 368162
174424 -314044
-626264 -112258
219383 -291311
-371371 278552
-184355 1188846
50646 -296431
399903 608930
260164 755308
348086 -1019181
403795 -133562
713613 -522470
415295 -1409581
104203 -461950
69531 -488987
-313417 358438
628901 -978970
663671 -75371
-187992 -130284
-668537 9298
246489 334835
-187273 225134
-140262 -1449288
-657682 280190
499857 -321815
414813 717884
289576 -79674
362941 400024
46572 687459
161297 473943
33629 303764
380397 204759
460280 1128571
-169172 783229
1034454 -272386
-454412 256330
-1219909 371420
370236 511910
231124 1084675
-591341 -29619
374751 -382511
-618664 -401202
235575 70751
-366467 -556935
711236 549655
58468 810378
589839 337823
1067058 -299397
821960 -964428
-87458 512847
642215 -241310
-90091 -78502
233374 967814
-9876 190828
-484206 -647621
-803330 475661
-30596 223832
-215949 709984
177983 -82213
216917 856397
445623 -113559
-120015 309822
-400062 -454533
431389 751580
-40073 542165
307413 -441527
-803899 -81515
1039765 356161
341219 -110726
-1115194 -359145
-153988 107005
-657622 -560248
-881477 -291381
550103 438502
544380 736727
267892 -624831
-215294 -196116
106647 14547
-466862 -139447
324263 123004
591768 -604758
-429697 -133390
-1551920 -281442
130165 -77317
-768014 332477
-565699 979635
153371 -1030928
9580 1274446
524272 443250
91901 308791
-572630 -240820
425025 -198105
184742 330101
844617 -69114
100323 -229690
-431948 -26043
472413 303136
35050 787140
560189 -369951
178123 30733
337634 103726
-349163 -16979
-812966 -530640
933039 741358
749364 28663
-180453 702530
44398 447299
447594 801951
162419 177578
-258696 237506
118177 34950
676360 -549911
8747 -38212
155050 -59667
720237 -40203
319936 -325311
-642971 -589178
-75337 -48420
-942807 -605024
-511747 910674
50844 724962
-338672 356653
1453620 1116005
-380837 307141
-1489472 723129
24627 322812
4106 1162042
-401116 157636
112324 -948856
-400663 249482
531168 1844
333442 -304385
-117493 -732015
-342494 101111
769048 -104427
-201277 -103485
-355242 302086
-87931 48410
102512 45755
274546 -297305
-264047 -37250
-612973 -399890
-1054787 746190
343511 324164
974000 -516423
-16715 375692
838054 289658
-390146 818200
98316 -199357
-498178 883313
631403 1018939
-960254 -820908
-779790 -292273
-732317 -554586
746603 -611406
-339941 -1235384
-114336 122234
-69004 -86424
447398 356600
172641 -757809
-134601 353764
-816129 -495560
780878 -742991
117238 29665
722177 556650
-568417 -44727
82528 443381
576830 458871
93257 245278
-145977 -748804
602766 -792911
201036 -761286
570277 -62375
-370267 -98195
-467244 -348204
90522 368397
-361702 330022
85470 419119
90895 349416
-259743 -558831
232114 -50803
-283432 454594
714560 508603
-175427 -194529
1150573 150023
508812 416564
568708 119078
249009 384954
410478 -7656
516338 -183045
-1047286 -9827
153678 -297111
26184 -880886
752614 454011
-611575 371908
598762 -1218696
154827 31817
-464600 -126278
194145 192150
802287 -235461
-286632 -347823
84108 822411
-321272 -306398
-1999 -206929
-286086 605500
-624393 -216058
39291 -870122
-1248500 1176772
-48371 759280
146165 10396
-405775 -89955
-360588 721891
-413750 562807
620177 -130576
414796 1195602
271006 -630831
-342454 75710
-236601 21503
-397042 442198
-579699 36429
573554 -974287
448162 366692
-333951 -39554
-343451 -407852
-223864 268946
-222137 -236253
356343 -443433
173522 481029
328619 603363
-620684 798822
-667066 -366755
398472 -83488
-451771 -314570
270791 218464
-59162 257484
420292 -492231
-345412 -213742
-144204 271027
-259401 -53193
390077 485766
-258086 395827
257946 -311878
-476534 185856
577388 -376050
118992 1109806
-835315 1148335
-1016312 128099
433009 183203
-42415 -635881
237797 37920
-133674 -340451
-286 -625842
-86369 47867
453416 -167214
157614 260003
-821814 -503913
-289901 189770
750222 208589
-257651 -24529
587340 -146826
-425497 354197
-41676 -974425
493764 -190696
291182 -502194
647379 -9142
-30921 -854136
-496063 327675
549699 -619290
634197 186918
512157 -783570
100445 1200442
168981 119714
-199202 -1015064
-422122 489845
89703 1038912
756827 767535
858717 341858
-318890 -199331
834346 1209829
-575450 -812337
754903 253930
-130089 922022
64006 -479161
-127350 510941
74953 71951
-384911 -372712
898650 831034
43002 -368145
-360380 -432
-402045 81874
553390 -397927
647443 -120633
865996 590064
-386990 -515202
867882 -738016
1260853 -774634
-1044009 166849
256893 -593220
-385030 -56843
6337 400260
-304958 -77229
-62644 409771
-171641 1212528
-191044 836597
224080 -634468
-461522 -407761
42196 -736270
70141 279930
-145764 -102745
111951 268563
-58500 -29301
247548 6563
-70990 339187
206205 -396833
571060 -47789
-669914 683569
180598 492627
1450967 -896973
-441266 -126957
-189138 72075
816467 -407654
-768601 82673
808200 134511
279052 -466168
-415554 378273
-816769 -333126
463365 -16190
-715382 -1320287
226505 -466412
734579 -143296
-696040 212174
161323 567503
-445092 -511449
-712274 239356
-808827 854064
-347492 -208542
681489 373298
642172 -307440
-72206 348380
-72425 -261970
75627 -170968
-403756 -1141556
-461185 -414290
676674 -25905
779496 -261048
1083295 -275448
73504 131734
139098 -381000
-25488 -250932
324057 130747
-430106 442539
960942 -396147
-437912 299190
-56203 315172
942058 1056731
-50195 590062
120370 1045390
-262963 -52396
-245160 78091
309304 -253677
160896 -210239
-61133 692949
586992 715235
-556014 -326693
-2589 314204
-140005 645596
-624628 163217
89557 -213762
-187400 -348543
-540780 650770
-380511 -275493
-894514 -41154
-558763 18029
-13476 -322033
599183 305395
-474912 305444
189553 -507955
257322 -144459
648102 243263
-32962 -107512
658107 409252
-353094 585390
-490749 -540840
-1364750 971977
795514 -72595
1493070 -493423
1663316 -561451
376158 -514650
-1432462 -304566
-51090 -670663
69526 824719
159224 855334
-770 -56939
354278 -7382
345034 117150
-2751 636662
-403418 172125
172036 759843
-832212 602200
-238520 -38464
395612 206914
-615247 709604
449215 288
-204554 338440
-1613030 -992586
2209 -157473
-109074 431888
-412451 -13855
55488 -330873
-219886 -94492
-127454 -46254
-714865 203980
-279086 -299039
958708 -184589
122219 -638405
264223 181167
-678962 147162
-22964 -44713
890032 -742872
413763 -787640
282019 493399
187398 619509
854015 4404
52525 -267565
353326 23743
582739 331402
122529 545413
-158235 -416621
189665 563796
-269293 -885717
-73686 -610390
-18473 -339516
-604512 12499
-135394 -703209
444457 537165
340066 -816595
-239824 -99214
-148728 489269
1241391 307193
-181758 -762212
1019425 68071
-899353 376314
-367700 687810
-373331 -853789
47653 13440
68221 86432
-917229 -474666
-354290 901712
-49124 -665887
122641 215932
14951 568574
-926805 -423540
373753 518773
328524 13055
-439789 -301868
529005 1105492
-140554 274584
115961 -383995
260002 115495
-92510 168967
155144 90202
797291 52032
180320 -790582
433009 -7614
-675712 563415
-454287 240581
-10596 -503037
306300 -716618
3208 -958676
227988 325803
188602 -39470
-1173406 -678055
733610 732714
306615 774888
210596 40797
-359751 387244
645768 -8403
-465606 343983
897149 -925256
-220895 -441422
117995 368389
502155 -419292
25639 -6820
1161959 -672142
84532 375210
683171 -246907
797729 -99493
72261 694345
-710624 -61513
144519 -255341
404330 112489
59968 55756
600543 -32303
188025 436165
207465 682767
464641 97575
14384 400790
549744 -92618
-69484 249041
537220 -1173137
165060 -1579103
-347500 -81000
-737680 286521
-334392 145841
989298 585921
-9167 573186
-127433 -227005
-56193 -169227
343044 14471
-322067 -128233
845792 12671
440285 237680
464967 -138636
86113 363583
-782363 445554
158075 285946
-52591 606699
-308203 89973
-401301 -249255
221360 -364146
126782 -251005
735647 -487531
-67578 1038164
-459064 -902517
6654 -932362
-205525 518828
1030991 -222385
939383 235326
-262854 -279737
-1535729 330037
-126323 -211590
-92378 -27324
18282 -210895
-187918 685321
343505 195387
-375195 1290788
134665 392386
-655924 131178
-183195 -558601
341489 383449
-380146 -285240
784248 -282485
-108049 946442
-290607 -760865
-648541 337874
-631781 1106803
-753874 50092
-538754 -254389
-588872 -155090
189179 -314626
-692308 729994
-1058061 38896
69780 -26985
485528 -38062
49433 -8133
-350207 -198665
-38232 -120207
-92816 785893
9558 1100448
164982 -68427
381061 -769363
539754 -488613
652754 -558121
461537 195320
538644 -1222507
425572 -113272
-95615 -458341
105034 843417
327199 663355
495967 -96980
415533 -608217
-633352 655324
-186430 -393233
318490 5924
-322825 -43891
428378 556016
-353487 -802183
-15627 -113850
-210185 656266
372873 -349004
322938 142269
-898595 302616
26549 -599352
219765 -54604
21911 -520131
660484 255586
-42359 57004
-1499168 727103
262125 -681109
-771962 -182946
-551565 248623
63765 -878971
-45624 361934
67388 -559
-829317 231235
-188632 -673694
40968 393179
200688 220536
-264282 -48502
176322 246898
-516464 276920
262712 588206
863233 631642
-779923 -825305
328556 319161
1040106 292241
159459 -142902
583742 -198966
68176 30872
38892 1249369
358071 589835
-987301 178128
312034 160423
201467 -469548
364394 210679
-973028 28862
1073677 385706
204323 -46922
373452 293576
459422 -475965
-910916 490090
-153619 -191360
121474 164131
-25593 623059
52347 268884
-760813 -62251
949101 -482022
457796 597747
47967 -154423
-326008 -293331
-119912 644646
94884 710443
294946 -132017
-926761 -855179
-689102 42262
-910466 -430686
-1035192 -543715
266931 1333899
339833 612254
328328 -1332388
26665 236126
39500 -170536
-363367 75402
-180946 -84599
-1038195 632124
227376 126652
-19146 -1411299
460672 1665400
87269 -415980
-239967 565948
384102 -206056
1350017 -765683
991927 -20385
-459316 -984368
-766989 -104325
360978 300573
285541 464674
-961248 388449
14464 -106571
-921975 1054522
-125586 73840
527527 -117358
-389628 -850216
535364 -320613
-166516 -663198
-15678 877467
559888 941215
-487066 141373
251717 -870429
-1070335 325725
-104167 -857161
-708879 -136474
578746 3228
-362287 -289813
156315 467892
128009 -939285
786803 -79631
138339 488601
71835 1068992
444623 864958
-211553 -27231
-79071 -456689
430551 292571
-1290594 548469
441327 -54391
465066 231402
-210301 -321453
244153 153679
458120 294545
951512 -790915
339653 -64472
47086 -91750
271450 -391641
-800510 273328
593971 -197360
921750 -445085
-750083 204751
-176015 272793
-370756 285835
-392293 151344
946 197318
885338 900083
-792086 -386389
-255764 -9733
118304 -271617
-132913 -571157
303976 -42857
321278 439636
-517975 -880396
327207 -668266
-319515 200179
-446553 -805738
623145 -725380
-688455 -253310
166641 133863
-109882 736748
582197 87237
587476 -849232
335839 51738
-49082 173986
155415 -198283
-97959 -155487
213231 539723
681364 -429650
72821 -869545
45152 -99204
-852554 214626
-1198391 844098
161851 -540464
531056 -993378
-250775 -230658
-975430 444013
793174 662066
290570 65204
760384 -885407
497946 258742
10897 -164305
491245 222693
273646 78893
86381 -312870
-875147 -1198661
-8298 -447673
-744653 99725
256973 272563
-405395 -481745
-483358 831605
-218582 -1292917
-201145 373876
359485 -148999
15152 -226142
-850666 547226
257420 -1084849
-170411 -201010
-111829 498878
-674507 -845219
195334 -872091
276933 567426
-50070 944696
-80689 -273032
41771 869465
1081647 -60032
453506 217081
-852058 486901
-343816 -778223
-357287 -217828
417853 -423097
-651249 429453
1153881 851142
227166 85306
317272 -182018
-444836 113508
-427072 -330446
468335 -1349518
318080 809713
-804587 12216
558507 991444
-991393 -555479
118022 -395058
-608103 254682
-657134 -47577
700678 1684416
750925 189387
129391 223517
-627659 -471031
-288069 -325799
555088 -562834
533300 244526
-262506 185767
688544 -19142
-57467 -871632
817371 -763733
-1395656 383505
-416475 651664
171926 1024398
539244 -158523
502797 -323496
898089 -40717
645411 -348672
-428951 140711
-97541 -446647
-325220 -94286
55814 -941104
-193894 -415507
312558 404492
733609 -209640
450537 -785780
93131 -389963
-86419 -625213
516908 -288557
-112070 -215275
-101383 696764
-77552 1233977
1299783 165312
96506 -713300
-369329 151080
-841625 -589200
7897 359335
-324207 -948931
369701 356064
-276530 -403202
-45994 -583137
-30043 -166178
-585696 762945
-11648 650202
-1670430 -438430
136058 716408
-432350 592036
118557 515236
-672079 -363228
137591 206447
150329 635356
86504 -620768
-412916 136346
-30463 325136
-781230 -630614
-528848 -1850468
311034 -640576
394111 -189011
-787792 923607
-202094 -141540
-555176 336305
-1030525 845056
-523834 -439573
250000 719376
908976 165815
266095 42310
1121696 -707640
-419954 778078
583120 -158262
-156012 -152016
104582 442580
-481983 -298091
246353 -1158879
1115752 575116
418754 281615
1205129 873718
-326774 -84157
1077599 1315160
-344111 31776
272782 -41027
906344 43148
608367 255241
-780751 583921
-8172 -40428
65384 -348622
269594 334219
-628599 698924
-510071 -214606
137354 -10828
67025 220634
10240 314710
246031 1057774
-522618 -124636
-189256 87988
48577 287518
-988413 -160771
558395 164382
-31637 453793
-431054 106042
-620907 182548
893833 -67197
389701 -647681
-177713 -854063
857845 -150940
346527 -481904
-295453 679255
207910 -617333
-584198 -396221
-324219 167538
-731321 -675529
-130856 286401
-79174 887718
916635 452535
-806222 -483459
435228 299131
124173 -350355
-799974 -676156
1083122 -12511
-169169 446288
257427 -309912
-796232 -717815
199280 221251
-118374 433428
-396713 -31852
219143 208648
-359333 -339096
-330446 -1299512
967078 360832
-377922 -1142593
1012918 612497
-782599 -262682
-261224 563435
-225052 -215943
112644 345992
302404 -173617
283146 226942
-1080861 -335508
84467 961790
278740 683887
-404888 830869
-887172 -242276
-355319 679962
334427 -651473
310606 27363
-743183 -646824
-153033 284012
-242373 364456
-33802 -391944
196806 -478838
468145 -770701
57203 -669091
356366 41923
10971 801062
-204316 -134707
-1348528 135906
-281 -614067
1508475 456862
-118190 -971410
187915 333092
731361 997980
-607742 246779
508349 -584247
1082845 440005
838123 367052
-593492 -282964
-57741 -184140
-114315 60047
694486 -535333
-263559 -738216
806963 -185486
20790 229986
-29188 801446
-254598 354346
-317484 1330589
68395 138110
680783 -284601
-572830 -543985
-207764 -259093
507620 -30786
-48697 539278
49819 131274
117317 278885
-363628 535997
-838148 -99357
-436721 -292668
646705 538319
1503943 121380
-240034 296031
-54351 -228977
958821 -418486
692157 -103105
-16213 534216
-950799 -51513
955383 465499
78388 -70049
-63218 -702547
-34575 561797
-105446 312981
-348074 527155
160163 -268639
-325324 -595593
105569 -9621
-412259 695488
-780969 541179
602606 555119
-407476 263608
325198 -706070
349945 34022
390279 -229313
818940 -10647
23261 471012
268840 730345
-684516 -67883
187894 460061
-563790 441768
-859921 457325
-234436 -955418
-249292 -128646
269659 237605
179140 -433853
-76962 -536326
-617167 -21680
-413710 508561
-329907 139792
-626081 -467614
-65401 1319068
-278989 -88870
174876 306879
-218492 376737
-296016 863745
465818 -576426
645281 260123
-169251 224101
-269037 363452
-65202 -643507
-700481 -11654
308400 154207
169904 -493299
-425369 -972912
-1044514 642630
-816681 145170
62168 -245997
-728616 398671
321826 -798583
18154 -68677
1244689 -65100
435 -328663
639831 706339
-1512329 687771
870297 368976
104384 452511
-92226 458154
-25218 815816
240827 680327
-101658 1525774
-877526 384308
1188293 -448394
1287361 -504654
238974 37887
228098 -862856
364443 449334
-184852 199999
30505 318267
-613296 205397
158731 397625
-81396 -307187
337876 -57641
-347979 69928
342472 -762538
718799 119086
-247765 -384953
400474 360236
-477855 472524
266285 -773021
-1054546 207131
67914 158965
943611 235397
274159 474237
-1236286 -3359
269466 -292771
284899 423879
-186116 -77577
-127791 81451
-550401 676891
-609113 201718
-104005 -189895
81299 281813
577492 -6108
559990 64333
-300254 118050
-643731 -189779
-326481 363835
759822 328144
319339 422422
626200 -18537
-326995 153356
275550 -1162907
105309 -484281
-590554 -337328
-260738 -33263
-3972 277120
306336 -1194822
940020 144109
200380 -393034
714337 324576
1295274 311623
-853271 -421267
41665 -132572
-761281 119347
-907854 -131321
145677 -869504
-812245 13256
-244642 -321034
6483 -815823
-505071 -535629
526421 83030
113100 -1074213
-143200 192012
-69928 -319988
-37279 691924
-204553 470732
360787 550916
-696731 242341
-536830 854726
-19123 598270
-134612 448856
725941 -5217
-393679 -184564
-307395 413842
148087 374848
114026 330496
431131 -49318
-408564 275448
-498097 401716
-835542 -434570
-34401 1633
-562200 198796
-7504 -714471
538336 248018
-944495 -121958
-583527 -631436
-164006 -677206
510131 -110080
-276868 -66214
-491581 -553326
69334 -425133
-6306 718113
95821 417335
-638261 -63729
-276304 266395
-452423 90175
98911 -215335
-229419 1365483
1273832 316385
-759404 -788081
-505992 -618036
-399005 -548425
66269 777541
1699756 -170367
-722318 -724071
-809945 802227
-77415 -63396
86354 -230713
-100216 -163750
-355457 373221
-159198 98436
-1472698 383730
-729278 -240645
367823 200182
-498692 248165
-563245 -1164023
1094109 1152416
496340 127900
-12594 990155
-1821637 123589
610600 -141192
-141023 916563
185107 1011093
-70346 605446
435311 435080
-846756 710309
240340 723718
35983 -249141
-548840 56781
-134087 12215
490546 439636
-501126 -437705
-403318 -796091
533254 -802358
-196622 -298558
746236 54255
104175 96995
-101178 -671085
187337 761237
81153 -957340
800087 160105
-1407123 -249408
521312 -583055
296475 367075
-366027 37091
178176 542010
201179 130100
89028 444299
-890916 1028399
-187094 20397
673172 -590734
28642 545294
130708 277146
-245714 82046
-208689 149611
373850 -246066
118156 -849151
-264401 -1089782
-400751 978067
-207239 -128116
396878 -196414
-485679 172767
1676336 556846
717315 -53900
-138314 877300
190562 -286127
-159094 -290074
688150 397838
-10336 -474287
611657 -185859
-166705 -155198
2579 628672
514547 629352
-19691 -773101
927630 107251
247750 -221519
323947 -668980
-824540 -409937
535785 507837
-92749 -322208
288958 618071
-229029 380489
-994582 -711920
-59231 -149427
-359106 -18870
-208799 101872
121043 -354781
-330351 983461
-304823 -119786
-141200 -150545
780095 -776481
-411277 -960776
-138532 410423
202671 -134463
-768516 376448
-318161 -218252
-520976 -78387
-205578 -270051
-492010 -181423
-181724 396496
181788 641349
199752 -332211
-793301 962774
-303267 405034
-1065945 -780364
-522992 150971
-165755 2624
315349 189291
516743 269108
-601229 817288
514260 832736
-398173 1145277
-292722 -227775
-264179 -256806
-478779 350134
-69 300619
861777 -599718
833834 86935
1300193 -25706
576918 -134519
-406062 113781
215314 -191246
351908 480534
-352716 -20961
284233 577064
801501 -513949
528112 -564585
-336037 -150700
144020 128431
104839 -357766
-198511 -400886
351712 -145311
-368550 702858
374063 96800
-930348 -118698
545687 -332244
-310406 -623954
1028284 -374441
458461 164863
-39783 -487484
104045 -343442
-579389 153811
299723 -363541
661488 80462
-421444 -246015
23046 106826
-23600 -61864
-607097 369187
536556 -614357
-249005 -51415
329949 -509031
-887238 1240839
-139084 325491
352563 -670174
260784 -141678
389150 423474
-882144 460968
-650696 470472
736762 -125913
93511 313007
-446893 692725
-1509315 -328332
-829907 437906
744342 140545
126809 -744487
-327329 598852
-70747 181990
-38216 357881
-378717 515436
-55755 -43726
244133 -293904
-571754 593492
-147191 1583891
461112 -688306
-189510 -279590
130101 -1066544
-542282 170889
-915720 654803
-680831 927299
-982660 274565
93600 -48675
389371 636681
-546311 -335038
-16611 -482401
-26276 257719
1024788 -854490
-408060 -614226
-13090 452416
-549101 -819720
-542726 -611375
1058317 279232
375792 -278376
-405409 -1001900
-813412 222994
-373200 -52764
-25465 -1010635
-733161 186860
-764735 -489171
283525 357631
1180670 -1056641
368799 -12237
428468 -432602
-420971 -10287
76386 752084
-551393 -439553
240709 245820
-453560 -54078
528928 349016
-378288 -248595
399775 -1096087
1367179 750086
-35852 -886604
683598 -16169
-59663 188555
285502 373788
-390900 528553
-693437 -748894
701160 695150
-346917 238585
178885 -714630
-256530 -617755
-349113 -222590
-876930 919399
609746 -61847
36819 -1134289
-743451 255518
398834 361334
-1015469 -424402
861246 -250712
-426795 -134127
1029870 -338899
-294671 7859
84213 185972
-342646 -513392
-882981 -172475
-457410 -425991
-738419 322787
100099 364271
-26622 -369360
-299161 -794212
27446 582735
-214561 -159163
239549 -553280
-133399 -314158
-480462 220031
439800 -165948
602542 -177643
-432492 -101835
552224 -484082
-129094 777111
-317842 -449720
-489201 -1104137
79722 -186118
510279 359287
700946 -631873
-305897 -450414
16607 448588
-94710 -9475
-33613 -276413
628201 796175
-158573 -717260
-114271 -480651
-474903 595924
254227 741478
-206898 32845
103168 1101325
-438498 -233092
-119289 357472
-134292 -345803
29053 -78057
-235836 904267
-350743 -283161
-79577 809626
340033 501157
239850 -607126
-229920 -346175
-687771 127504
334972 678827
218180 558091
-464745 567347
62700 -113151
87245 220870
598857 -59451
528575 -71012
771979 1041789
643753 52035
623132 -380304
-40514 952510
466371 81476
444068 -137281
-515177 72248
-1363632 194937
-530 426029
-122301 415450
1021814 162623
249441 -104295
391953 292945
93675 -1034573
606518 -609808
409634 401735
720247 -217772
-20920 -111842
-935556 236761
-436594 -27665
-108281 -653598
35247 579259
-82100 343187
-636549 -428942
24697 533655
-167493 524711
-116575 529870
372315 -713835
473581 -299819
711449 -120992
501004 -373307
973621 107080
61322 -456327
87837 431685
-388183 412027
1245461 -77605
-48785 700532
-885211 -311517
-97335 59897
-130715 -306128
-244901 -11642
375212 -1097718
94583 -1094898
988457 -299595
-419605 -762215
-437687 -543617
-52407 -24700
-184963 532636
549646 -76124
1103965 -524595
-428109 245738
-36130 -152311
-164903 -765510
703799 862621
117964 -679457
-230878 127149
398536 563462
-109667 12078
-749836 174937
446406 289274
843182 381673
328455 335582
-743986 81615
23927 537164
-586140 -436155
322479 -887284
340615 326964
-119473 -505023
1139255 -598703
-541150 709021
137284 126990
-350222 -469949
-504541 114188
-433214 266065
79148 -791514
718765 595532
-536120 63686
4224 209402
42367 58814
-141608 -253596
-151650 -315196
-104954 1079891
475001 348640
410721 153875
-992335 -792249
-1378803 311462
-315877 166319
392159 -155903
-761751 -486752
-176880 204096
451160 -740460
-62186 -903962
396271 -312370
-1257546 239451
-503187 681367
-434879 490227
508707 -324884
-184458 -601807
593857 -32527
238817 69028
-407289 -803896
7259 -116858
294301 -428894
522378 596573
64601 277806
-1649831 -1475115
407195 -629404
-194698 -496175
498897 -185097
-284208 636827
-437944 -1052001
461432 480543
648727 -205707
35431 376560
221372 -318377
-208575 -307376
578941 237718
-1128147 788882
-356532 173708
103725 497132
13354 -480994
258672 341828
-288595 -1436570
1137909 -154508
592940 287837
145910 348708
-359218 -81982
78401 -719362
-125205 -966027
383450 -252320
853416 -126998
203591 328135
411299 317167
214022 216840
-475563 381778
436141 -176145
670901 229795
144989 671279
-80028 -221321
461201 -746997
423100 -90731
-143259 -641073
-262288 -375309
401366 263862
722569 -559215
279867 -185464
-141363 195940
527160 -56181
-528598 -343819
185833 -823936
1473149 76548
-612052 -206522
141054 -259258
-250748 837594
-169682 536134
97057 422549
515118 -840002
53395 454974
-186021 900123
-166469 132995
-529484 332091
-138201 238115
263562 -407256
663494 -1044721
-82667 -395015
236636 -168982
661277 1165356
53635 -844205
-608584 219819
-138571 159928
865893 35076
991454 -694565
-576157 -432256
318969 -664082
-191959 251621
229557 -29461
-166104 -152407
-78892 773443
-218121 412980
124929 -394297
731086 103088
371947 -200243
590158 192088
-431988 31535
-318855 651568
752012 -199228
284144 -162382
-657026 -726773
-150328 -656728
189113 199727
343943 154052
792620 132168
-1027261 -219057
86804 272911
-21661 93495
-380017 824427
-446771 2269
-350489 -494013
212853 63125
-118061 1001592
-106015 425754
-1114060 217767
-881709 223383
22989 -882974
120315 330466
-1057888 272120
582574 -398708
-582051 -622631
-44159 -367353
-183409 427462
-277911 -905016
-254216 14367
-703552 345119
-361734 1004848
-700295 -29103
-441350 414668
-510050 -118946
174407 -16741
-440700 16281
-474997 -739671
149174 -129134
136881 -303004
-185494 298765
-727895 -459752
211364 599840
68836 -205349
126734 397527
477580 466831
277191 64122
27530 71618
-49769 201617
731799 125264
270294 -143222
229989 882476
266206 13079
145487 224977
177976 -582239
-70083 225898
-272957 -349187
-196758 427790
-23829 -366014
291648 -658273
602755 -144071
165913 -379613
-508252 -325217
299084 32854
188801 -79102
65069 322517
30530 -353212
-299734 -485231
-369403 622911
109188 39069
1175774 37538
-421680 512654
391633 331250
-18974 -306423
168872 -131119
-149219 35061
-356310 -243779
1283573 1161643
-645642 208533
132559 -306223
-218654 61188
-189447 369446
-224248 163932
-656125 -780109
227606 -206109
126472 246033
528055 388228
-24880 1081242
1067038 -192330
-937674 -81345
429802 -25676
-330993 -293068
-196333 -1129414
-98956 -493642
720523 365144
-408155 138561
134487 355923
-346517 135086
538388 485740
-66220 347191
140602 287395
-91495 -141429
-325564 390787
606156 998221
688194 -263873
-396307 -20600
-168327 36291
-659514 -736213
173864 -205083
-626985 -1185915
-680480 221623
1308376 289276
133231 -34060
-624907 -276218
13505 312786
94471 274419
941010 -422484
-293916 -91221
74032 -434053
-444858 171721
12824 667910
-740816 -507734
-105787 460524
-132126 733605
771654 540880
-542876 -143745
-643217 -407480
-296500 194878
-107852 123350
-382582 -720503
-863301 -879313
-666039 -44659
-484987 116760
-33230 40939
473840 213872
308132 -362657
293590 816158
-239506 -904197
-51754 280252
-74451 -12713
1119040 1291773
-300427 939613
447865 -387929
186709 -94331
-629712 848068
-159168 -82879
500452 -1358917
-277461 -431477
80888 379210
117682 -178917
-759440 -393183
410867 -234297
855206 -60222
-16465 -1148993
-833570 -197902
522720 187100
-374817 -672676
257442 -747627
-249880 343252
-641813 715596
844376 17565
-543478 -20383
-274740 187305
410042 372240
286265 241240
-216214 -108137
607134 655435
-153690 1081227
-33011 -56541
207191 960383
168961 -1076561
347106 547097
701246 368440
843374 -1173613
386612 -228578
-1382614 -364693
-70906 19810
427499 -56526
-451592 -102641
-113294 -1270668
323005 -402199
-81122 360512
-372918 188392
22030 116304
23913 -393544
955782 -87875
1196200 4748
-430280 27858
-455107 -594553
92616 83863
36669 -229646
615788 300754
-185610 -267798
-459451 -607232
-136984 915658
1075 85667
200065 967679
-27441 91695
-163528 11691
68960 -199693
897525 353248
-731171 -382342
264899 207697
1158899 54032
-440262 539189
-355861 -796539
-399986 -207244
-407063 -589806
189592 552283
213343 -274086
-1152056 440828
69231 222525
910667 -546159
153194 -386367
-631689 -257958
-155386 -118352
107236 384897
311712 579003
182207 74004
-572156 -161139
526883 397933
642040 -330435
705849 58429
163992 -309412
110786 -185502
-72377 -784572
506478 248328
28693 84423
455193 123508
55539 -498256
150062 -872838
796031 304192
258341 -99817
89542 -439576
-528641 -1188722
83079 -387157
-380141 194747
-15788 -780065
-68593 -1203775
-213169 -4563
936246 -264188
-422475 151644
254540 512922
16063 -169172
-602584 -372206
26682 -887014
28142 -228737
383043 13276
36983 302531
-572549 -95696
954103 248166
18743 -106959
-652263 -450722
-473254 108937
-279204 147753
-606253 -488764
122024 58618
-165487 -33334
-540651 161500
546536 -874707
-253533 -41818
-1657135 -174402
455782 645177
516265 -274550
780399 549288
228652 45289
175493 -460258
492473 -169686
-194143 991119
-3435 -611954
33447 60995
-69694 -355739
-446965 228659
-720151 -173937
707642 -186481
-228578 -193236
436677 1133152
652015 -225565
330733 355242
184506 315830
-661292 371189
599024 -120321
141690 -163809
-350988 409683
344965 -278916
-120614 -89144
173715 -259444
-307702 787354
-540670 -110844
722274 444371
307792 -578845
581908 -184189
-394968 -253996
500162 269746
-1137115 213343
-140311 -1043689
-876300 708891
1311421 -399618
552198 377222
-855729 -121418
569115 -175985
206744 620065
165301 1333357
-399196 -276262
58156 845913
-1531320 294936
260067 634079
158172 -542484
-916467 5764
323683 563842
-1084188 854012
-309280 178712
169864 198969
-254076 334021
-63392 -753370
-615251 14626
-138452 -645665
580687 -286120
389363 449933
31603 -280355
156226 82224
-1093703 48764
-45695 244432
-295544 728890
-424407 -479799
672026 180863
-751072 -318435
-830764 812380
-305460 607735
-500915 -846196
252559 397937
769759 -439338
915467 -14365
-452513 684739
-519530 -14144
-288001 -385169
257313 104819
113983 -105381
208751 -810092
287706 760215
-665608 252539
473242 558673
158911 -191472
47116 710635
-545 705566
318141 -81978
544685 340605
229663 -519698
49288 -88962
153498 -89675
-382202 28553
25510 -708211
-81832 385091
-309963 -348572
286103 -140158
-12027 164683
-136163 32988
1024509 -458195
-231270 -1014819
397659 -56885
444851 -558196
350698 -31871
-389142 -671301
-490489 -881312
549499 800360
-476261 -398184
752464 317958
62250 -1013474
-123893 -185151
781851 -620851
-303829 107689
543087 76952
-179542 -592219
343520 539740
-882713 703547
-197468 -172950
-429057 366852
-78923 720362
-37462 293846
351418 -825087
438728 760154
-643107 347901
564661 574203
712786 -462199
-648038 414216
-719510 -1140616
-605550 -859569
134487 282329
-578609 -75835
332962 376035
271455 353900
288689 -455472
985243 454877
510732 427309
261932 -7983
-233002 238408
378842 399940
-355776 -129699
-541034 473554
99528 258696
-754691 163095
434304 523581
-1016674 -295766
29156 -157487
644207 432890
114002 67858
45310 1074153
872101 -1082655
-46335 1152
63945 243719
-503922 353026
6169 813984
723489 357917
269626 857477
-245734 514899
-252355 -439814
-483070 611464
441493 10533
202237 -433313
-285550 493502
-764446 595480
800762 646621
-75484 -851645
299530 297699
-317716 -163835
644531 -1203286
81993 1060846
528347 373542
-916129 808182
-140952 -126163
-104380 589496
-398499 -595928
-436910 563289
4625 145556
283263 -74824
81701 115784
88808 -457944
-315110 14945
165522 -508750
-142084 -338242
-305076 -263141
845357 -415828
-297283 726860
-1107615 303236
57424 -770037
493102 253126
-422588 14591
-384197 -833635
350070 -207334
-71332 428077
196417 798453
442856 -302440
-191493 -1020801
-744926 -79784
347273 -557934
561561 7863
1054103 433578
-690658 -1007708
695770 -589670
-336396 508714
-191330 11795
121645 -221450
-119275 207588
-737766 318384
-221607 248721
884327 -657703
746325 494563
141272 -483967
351640 -392606
-11607 -483847
186579 -286014
-773125 4559
-2424 290368
-449272 966848
-90409 116441
-572740 9043
166139 -98467
586135 805761
-504781 -553543
-243156 -331950
322348 -201005
15311 685912
-69901 700372
-100837 531711
-892425 -295006
759677 715779
70042 411269
941770 -725378
-829349 -492787
659256 464344
-638746 307354
273840 227458
-713628 -637752
415784 -545343
-221550 -637509
633337 -831899
-803432 767640
-1567247 226176
278407 -149201
-948 -329695
397230 -80607
-761977 -359057
-22803 406478
299700 12474
-346186 -19444
76232 800907
-17239 192061
1361187 218455
198354 29411
-1299400 -737561
-205340 -237784
-634777 423974
-427703 213317
-436705 80346
-304710 676045
-11996 -462933
112497 -1304439
182608 906822
-185418 -122122
555354 64406
811207 638785
-996889 5644
-21998 551062
-691012 273977
-111444 -7146
-39314 289955
-355894 -137782
-836342 -273720
327010 -334427
780959 -555500
-749483 -508907
936100 -640145
-567702 818521
-377544 -194022
-266626 -560764
155387 -658604
694827 878309
188915 1303882
-367834 363826
695742 411099
395465 520077
-44201 -257138
-222519 196750
-345978 -360840
-286553 -11888
-548778 -569902
-67092 303412
246529 -398178
99760 -556050
-529031 -336270
-158479 428827
-631164 -355750
-128797 -517038
-605283 -295162
905077 187572
697870 -427167
-179847 -853116
1075101 454647
55327 683631
-28406 538528
-270865 292450
-966264 -173450
119805 187013
-486174 -36290
-759915 -105558
-466458 149090
-374792 584777
-220097 258000
899051 -460717
916222 529603
275273 -163187
-1414364 -128367
-334297 387322
438869 -548362
-141619 623076
320609 -88815
-151182 225700
209673 296255
864449 -280641
-599462 -475608
615354 -236991
280600 266548
946556 -191508
-227467 -326098
47153 -324055
157099 685025
-133068 -244369
308637 854548
-91390 214605
13570 906980
216840 -384717
-228808 104603
804450 -1496693
-617375 452970
-31125 691389
-618123 269498
-188972 -450284
77453 -33748
66322 267791
-220709 403767
-157213 -6540
165711 -890322
1944 -707087
142702 -293989
-207238 729162
2766 -197135
564627 205634
-473854 741951
338869 585484
187281 -278164
-586252 860868
1065622 264744
5697 -191450
221725 -278078
-1123160 45559
-280572 -44562
709580 193241
429802 392260
-333070 -8318
261503 152507
527508 449986
499796 22099
290481 663288
-294107 -601367
298127 -166218
-15000 525418
-440801 -96263
-209961 441072
311320 1126088
836818 -107858
-199857 -191388
674466 -858096
-349321 -134696
436192 679729
212415 200062
-210719 -126164
-528296 -599341
150889 47774
332962 464436
1008331 219492
-151484 -740004
505650 -762970
-93158 771266
623683 39384
205356 242497
-104621 -504728
-534705 -763971
-90561 -937649
347568 -143171
-1170929 841652
-342693 -411990
-59376 -994526
442089 374559
90298 633602
458911 -15473
1263597 -981998
999653 -1003022
-537549 395317
1013604 385361
-675852 -36860
235853 200928
464235 -916362
244741 -886044
429043 720490
-763561 628781
-584498 -515713
-412918 -1103563
-355953 336578
117369 823174
186119 -31676
-1036428 -882307
-226520 -710071
-745518 -258740
946040 -970990
96508 522109
-214372 181287
-407993 -467116
123589 256272
291082 168142
306989 -105061
-234108 -193718
-747526 -236408
205251 -221743
-828632 -23927
-717865 -170270
-603932 206635
-48787 -375515
-354482 -924723
-771599 377669
488705 560453
-795668 -2238
-253009 36841
122825 -293650
121116 1035652
-620649 -421532
345992 -555373
-180480 1338399
798772 -112638
-458282 375070
-564568 112977
-1285891 238294
-947967 846164
-841431 -404217
-1087597 -654546
123083 -231305
575544 -379319
-550184 -521139
179486 -567417
437303 400237
252480 478639
262506 -366093
147267 -345485
-95760 257676
743976 -231827
359574 726995
308347 -160571
-920913 -7150
-347602 938029
126997 650064
-317267 251615
1407590 137348
106579 -457669
-205500 -30475
363444 -936873
1334218 -150061
-254997 -5916
36877 -481471
528585 498179
28593 431328
-1183801 -638008
-407090 291707
-493280 -224957
-948298 -655549
-765769 84302
1271175 -299812
206350 493196
-378511 -16344
382587 -650882
-574090 223336
40803 873340
30723 68615
839971 204506
1690821 -501224
329571 -48459
-118680 -248190
833439 671660
1164378 50812
70750 361898
567441 157598
366908 104181
-121087 22801
874031 110903
-169784 1119914
654284 414085
745575 -188225
40650 -104775
-26957 90128
177647 312543
-82644 136176
558729 257648
-586183 -184370
-696486 -537471
-610868 304781
-267516 501708
-387122 -61534
131474 293403
-410226 500313
-25194 -473742
-11207 814246
83496 -501162
-375565 -1064379
-76284 -235925
-679801 -171025
284105 -826157
505763 393312
604421 -286593
351523 487657
-232046 -959417
730605 52174
1040597 -367215
-838266 -193598
-388824 -11514
414432 56980
187131 -170949
132427 -78652
-730582 -674627
-316222 -100101
-326271 458607
-460188 155698
-279067 421183
373040 -1117487
628269 -173307
234873 -214777
-663663 -179290
-530446 -551594
735857 -340937
94541 -748930
-198835 274826
1129364 677793
-21354 -204451
592516 -501139
800036 -1179933
93864 262016
-91548 -474294
74197 1173905
-403738 -345998
-46950 665082
78375 207333
477963 168628
-72575 -233924
496619 -194480
416181 480062
635639 -99900
-37782 -294424
218164 -291507
-826616 195942
-1179969 31595
993582 204081
439871 554957
877747 497782
-695208 185406
120312 -193642
-705763 239918
-85586 -199637
122714 466611
-386863 -252008
432953 433116
204775 -508319
139143 37699
92450 28645
-31081 -803595
168660 464826
1110755 619746
530554 348665
780539 116556
60571 -122979
-91674 376184
-1389818 -304414
-418295 -342031
806227 96316
210484 756607
484152 -196269
1332691 -26512
497909 -852272
-208846 -598718
540381 212440
557955 -737366
-25539 -125338
-418088 -302411
-1053897 906579
-509363 -186709
115372 962382
-434466 -141931
-250986 -672756
248738 -400665
-384214 -517522
610686 -693257
-86919 887875
461148 -48618
-194469 -451005
-36604 -290322
547659 175389
-681258 46853
-48850 -219500
-155867 70950
-63042 -684473
-605194 221761
-703752 168254
-29186 291488
-416771 -964985
-67194 -188777
-835905 950393
383954 1236785
331073 126067
125853 -170617
-440208 416670
559594 203362
93036 -354617
-10552 150093
443014 484347
-997185 639764
-525855 -287343
-275871 -739752
-442924 -833843
-417894 -355510
-183953 -325876
-986071 316141
558179 373633
-307219 -272203
343981 -837187
361275 -262144
210346 716655
-84874 547202
-159284 380529
-284881 54200
85115 -344424
-28362 237186
828155 443209
-154311 -452024
224459 15668
-168656 1089
95966 -603687
-512816 65932
-729402 801258
1424395 669159
52225 291226
-72427 -212854
-7901 -150371
904226 -1059941
-38229 -510381
362804 133057
908298 -403497
144223 605215
2048849 160211
1046160 -731888
-648123 -222966
-484213 -288246
-686176 -259112
408777 604857
-451890 -1052512
242617 -876645
-185031 214640
544225 -129080
233743 -495751
190321 761498
39309 -291032
-1082572 276678
-418953 -819917
-623698 -615450
308609 483949
-564594 -651086
-85344 521325
-399343 -1164145
-504306 -310582
-1092896 -160727
-843659 -630492
346005 406108
340967 339721
62286 1089935
221183 153325
806912 209801
-550332 772741
695067 645443
-421423 327313
-998215 16736
132174 683424
753585 -688545
-512877 706935
-497213 409829
-50250 48019
-549957 84788
105971 598358
280485 691850
-212947 257482
726011 1226206
1210560 -278508
26164 1230864
-11749 340451
456070 -88382
39748 -351677
-996926 -1174823
-75043 910975
792077 -332683
-556075 -118349
533146 1039099
-49941 -208840
318985 108484
-990149 -254800
-68706 -326376
465114 178881
-65447 -399235
-386318 -374918
925766 254788
-393578 128389
589838 -248627
266823 87931
487186 -425381
147993 747728
-771982 11526
761021 55423
52539 770377
-682169 -630028
33735 407311
-984748 516127
345409 853720
406260 640619
532433 -129259
-86511 278249
428090 453321
-1132602 -796097
547027 -239972
-773030 -358926
704947 657243
2333 349071
836623 -514951
-735521 637994
-389070 -168187
-14944 -119877
265665 -89340
-611020 -451640
117570 670204
1363092 464845
132577 235454
-90669 797749
119097 -267438
-143873 1427432
-148092 -583690
418941 20489
-216270 -244339
175616 972361
111188 -371694
461618 -94177
609328 72840
-405494 246122
393000 386874
-134330 -650194
380403 -511330
-435590 -206345
-226848 -489262
-781688 -100585
683555 229185
-611326 -686190
-537222 -356486
366086 -1343875
-633443 -271886
867567 -271318
548377 580249
-774087 756881
141753 -239203
-316702 575724
297051 202778
442598 -594125
290599 773998
-375400 -769373
-557154 550428
252974 2679
232242 752888
-167568 -360139
299015 574052
-357644 985843
-209076 -652593
-471894 -10723
-143062 57925
-80518 -1653075
-188665 185601
479603 201625
855110 532300
-204986 87997
-170427 15360
702338 350172
418969 -1169353
-88988 -196557
-1229511 184887
-929835 854637
-195836 1107022
-512607 -936891
-1032615 -103559
1143978 -36357
-434610 327198
593007 585109
377385 -556907
244488 509442
-196191 -164047
117219 -416081
-325986 -551033
177735 69333
472666 -652192
-612400 -596838
288643 -752710
425806 660166
-632062 476949
-94938 602471
825763 627973
393240 -327121
-1166547 10272
-808744 426986
512202 -295545
401225 -383450
-601472 -452508
7012 337255
655626 -42878
78035 -403243
397855 -385105
-188581 -57590
593722 37084
415354 736699
357111 -931239
726398 -606316
-321095 624565
-250050 74537
-644570 -119236
690956 -683617
463919 -218450
59034 805996
-788479 -551352
291964 -365971
884174 -1043466
-369351 -557452
341342 -366299
-370061 -335589
-313010 19242
365061 189845
-5627 -1130023
-345949 259083
-98313 -54421
113244 84384
-1814843 -201051
-689475 472815
8244 401856
-524008 376389
-852831 -950271
-461482 474924
567128 -969348
576032 -621796
-420328 733700
772440 -842998
-485457 -173452
539689 117493
507761 888867
-127996 -507824
962304 66187
-961683 -343779
-443736 1218775
10437 -604521
-322399 1662387
1187008 -54528
210774 497146
-562195 1092883
287221 -403778
-268921 496830
7309 -307504
-689742 779954
-816796 337965
-1017827 1371505
765219 -135225
-448801 -450592
669768 -613593
-647270 689346
690962 141078
-105373 656205
555606 468851
-363175 476535
-325300 -198395
-544529 1105304
70915 118754
104970 -536930
264892 -964662
97632 1053414
-122353 -961519
171682 259028
416612 104928
-428651 1246060
-153494 507825
-332859 -755736
-354307 522139
461702 487578
175347 -401338
-245238 -1327337
309545 255172
179781 129894
-87448 111085
-36524 -390630
1051761 -50050
-584296 -89921
-626859 -252457
198893 -221377
395743 426732
375959 262370
-675359 141170
-542437 167548
-451314 -84123
659832 349307
-134195 388441
9958 -65305
490684 593455
-905444 -975778
-75518 140732
537483 52140
-283217 -983406
-250900 257670
533605 -836025
812133 -1379526
-56842 103753
250327 -719025
-24301 335762
-350364 667628
-769438 111561
-659617 610441
410890 -181928
555136 -635128
340796 611717
-482387 577585
-67280 -217950
463187 -105197
-1354833 -1065473
-421664 244351
1671 328989
-28838 522410
483955 492127
-797581 -857627
-430003 -122386
68779 475549
536190 455258
1944952 97602
-216377 -406639
320408 -665759
567390 -819582
-48102 -489215
642725 546426
-832999 179095
-616693 594045
-89221 900676
-1313754 -264069
262038 698059
-259725 413587
-401341 -394462
-170022 84606
553402 97119
174367 -420944
271011 45031
83904 -1152178
218634 480385
508412 -840748
43992 -1275101
275856 -338475
-146310 688999
-869990 -260257
15030 -157735
-1649795 727399
190686 -886939
-1095152 -665882
-299770 -17872
-1105007 -197392
305096 -398602
159816 -122555
-742788 -236839
-741218 -478181
-172224 -78468
-850461 1002714
-361426 -227589
223764 831473
374411 970596
17531 -141749
970448 740166
-471261 -83551
-189324 165574
-1713259 355491
166166 197596
-315624 -377154
345198 415159
-849295 968784
137784 -181742
-333513 248759
734133 -359000
-312305 -590640
911584 353830
92406 -400910
525468 -477980
-396727 -122628
78407 136515
383914 -149785
570647 698560
258633 -570216
-363121 211556
765194 -324554
418458 -235870
194003 672087
-751245 166321
-658746 -411288
-210581 -263753
46222 -390707
-242953 196536
-372576 382473
758556 65418
517108 -365918
174599 703731
-161819 -329576
-524718 -202318
-1270258 -80866
165002 278996
385438 394927
-267518 782421
466647 -315727
12863 -108982
-168775 728027
-61858 -501488
1013012 221751
-230470 537707
28352 -271053
-639937 -483735
-363987 824790
-309597 49039
226292 253191
-25233 -107673
-71242 614063
-250764 -50764
-453965 442137
504612 -589774
-166837 752857
36072 1150348
527073 113203
874335 -308572
739433 677649
-1198171 209338
273848 720106
-154281 -33759
305612 533051
-213496 594581
-490908 -156993
-190602 -1307143
195360 -439459
-193511 -436811
147584 20005
-343559 -569396
-880333 -244260
-589717 598815
-531144 59678
-1048984 212150
-656231 49192
694260 672423
16418 134651
-48262 122491
8882 335255
-78854 513627
251464 39447
-121829 196716
-279603 449628
270657 -353758
-391599 -393350
-1058284 -242103
3250 848129
-742872 -800093
-350534 162124
-286432 336557
-414101 351886
-107321 837239
219938 -912238
-67687 325125
53838 -113814
721203 197240
822633 -591946
-24802 -469676
1028479 286049
-1433351 342980
148775 -125916
518654 912781
1039054 -265296
84846 565515
141492 -709946
-459245 336246
223817 -105140
-620770 -740886
75270 2798
-127856 -443255
579931 323854
-1067578 176202
-344714 -371826
888399 -57878
-246305 -110539
135348 -239659
282550 -506407
-691247 -432097
-1422689 -221888
-40946 -643105
21859 1214478
60396 -148372
481361 665260
329267 104248
-135337 883886
-976871 460329
-372929 -880418
518120 118619
-201848 -833039
935619 -309483
-286531 1127650
-532405 -532287
629823 -356921
-263125 404658
52988 87377
-579282 29888
-440787 -509956
549956 29185
-433536 541522
639960 158310
-498225 663316
386058 961504
-204422 -234256
692199 593335
-343342 63824
1076056 -1079272
-492590 684849
171045 52934
613917 533657
271393 889495
-873431 -353535
181673 -1998
-165933 916103
-905910 1170677
-342234 944946
158026 -107901
-33479 350802
177539 -418227
-122602 -818917
389102 -857275
-1384067 -154959
-538029 -290092
153457 518443
-616491 518216
-416916 621181
797984 -303973
666888 143272
126476 202818
933980 -149947
700225 237836
499671 444548
768781 -2854
-15709 -264163
-775298 916459
429519 -609568
-821581 -772513
-356886 -66134
-391954 -596349
-1030485 501615
524416 -306454
39940 162976
-202890 -390537
591602 626903
209797 32532
1186822 528859
587116 178734
291849 561572
-733674 49406
86397 -178619
627097 819276
425025 257763
-222215 841440
1031166 143470
-134867 -700781
-641520 221049
417923 -115051
426747 -35865
488869 -594334
278957 -1026007
-62020 -1127337
907988 475518
18237 3825
-912710 142605
-741422 -609640
26512 779407
-530034 219642
348869 -568795
-565789 1094592
173451 192826
-683155 949373
-24763 346579
-530429 -380454
115822 463132
772765 -366647
683704 890985
1194433 89528
623221 801871
279671 697575
553926 -182815
-165284 -568156
11802 272604
-150440 -178075
-618726 -286416
844869 -236349
-64695 235629
-1026886 -54530
-30108 876518
57010 -7917
-276485 -679024
-740326 -299194
-425378 -311227
-54870 -128570
10372 -2730
873911 -160417
355353 655355
-168580 1013789
331514 837614
614820 515641
-563987 232796
-62789 405327
383178 10696
350593 56016
64483 306664
64533 -649023
581171 572637
632584 710576
427680 -80389
297999 -422819
27458 -174157
33371 414280
-553580 302306
235662 639251
823319 1017052
366006 338042
571276 484339
-38539 -339499
-584310 -174748
-465767 -157675
46976 -585602
930247 762215
-986234 821778
104677 751456
286529 401284
-638573 -953113
374998 22976
-204994 142946
-510560 59485
-49465 381645
385748 -219617
-73679 -178482
-708600 431486
771404 223124
502916 66646
-956843 -551511
78174 -436974
-235336 -213103
-1174305 -481614
-224381 233417
836316 182387
73892 -755238
-602517 -797868
753608 -274656
-143185 -28335
-298338 -476264
1139242 -825220
-30833 514698
208275 -291681
-445429 662944
505134 -782955
-9847 -486378
11006 1024742
95063 -1218251
93748 -168855
-397674 1288882
-445727 503498
-480060 191791
4740 -458241
206674 -820614
-95621 312359
549382 -1694865
353119 43636
-641405 147550
257827 -1167360
917751 915753
1130985 22516
173487 845260
-144016 147134
-366586 -962516
16159 166930
1014742 497266
687213 -241791
1097196 72160
-174681 464890
-52591 781332
-863307 217572
-259640 251320
-706026 -1368982
1036566 -441943
-661293 771996
1017148 802282
566471 -194972
-662289 41695
-167639 -481016
-252026 1015054
1052023 -388258
710042 640839
80690 -179881
-341254 -26838
-888118 424173
-709859 -227208
860780 -672914
-1393739 -319812
-221011 -962600
-163334 224943
468617 -581683
-58918 -176040
-527653 -10568
-607204 345654
181063 -24726
400804 -716003
-847149 94103
583984 79335
-422680 -281232
-120114 -589991
49859 106439
510410 -69322
318250 76533
533320 260642
-235466 120546
-73829 -137988
-189733 -230683
-264482 -174331
99718 1074952
-112610 -831922
-36404 -192744
604765 244036
834537 -467409
302486 140358
-295156 405768
687672 180405
-327389 53043
-818296 -782612
-970600 -582327
239515 -370368
336780 1029325
-809312 -253945
-450048 -662702
358041 -486044
122529 -626605
-817111 45441
278783 286237
-430639 195748
1329208 -65420
-423947 86446
-881318 -915023
163504 313345
118724 -590430
-553112 -680295
274990 -728690
398286 -531879
-42545 -166162
90236 326773
-200126 82757
400329 -389949
-122857 741803
161480 -304755
107161 167458
-269851 436580
133251 46280
43938 563812
165250 -851023
-1020267 53701
173056 10231
431711 -238015
315145 -43462
103576 204636
92582 -991808
-363445 -202511
-1611307 -64908
-262801 -166729
752026 851522
846381 1065065
324282 -443757
162020 -592146
-1355952 -258161
570111 -240341
-554054 -439974
-455319 -524804
-941085 27182
-541412 -841282
-446523 412563
765778 -691868
493684 1008277
-201558 -343575
406768 -406426
254271 -120807
21881 -170636
1073564 -457059
-670801 1054288
-414132 194074
-475948 -507420
-614556 656252
-260136 -321875
-327959 373100
-728787 -172628
75089 143714
-190755 258475
277034 -154800
295845 -500718
321563 843
235056 236025
-201059 261300
-104708 1080870
302740 -459453
714759 -760358
270117 260542
-48613 -652132
141471 781943
-244278 -980699
-272987 101763
300135 -906310
909946 -550097
179014 449901
