-55744 -37470
-99509 46332
-18140 5522
-90170 4047
-32356 -19973
-68849 117321
-97326 -15781
-18226 -55434
-69208 -7906
24868 3984
10823 28083
11630 8449
24095 31331
-60559 12949
-96757 10693
18767 -31479
97549 -7383
-63165 2074
-29125 32915
51001 42519
-38454 -37489
-118005 76998
-108349 16472
49884 -80846
18398 93896
-24004 55090
54028 1102
26965 -25233
-3628 102642
16606 -23211
-18078 -71498
22673 7570
-16806 -1195
-45602 70941
-38859 101179
6000 -37830
97297 -16031
27715 40856
10119 107184
4463 -139015
-21425 -119806
59501 -7054
-103603 -21127
-12402 -49937
18070 -29010
-34688 109163
-44794 37414
47134 -32945
5631 36962
-58440 -71166
-52954 -88130
-96446 -31656
-11111 2882
-96868 84550
-32142 126498
211048 222623
71028 -13875
1715 17746
116564 37879
-54987 -34304
60263 1235
-32163 -55088
-21493 83018
109269 -110454
-125077 -17524
-40379 -21749
-86748 9067
-10096 -52867
-198159 87687
76735 84177
15752 92730
-86251 22192
-72048 -20598
-66478 149503
13243 -34157
-58024 37091
21945 -58937
89549 -101357
-1299 -57150
65105 -132769
6211 -34992
153895 32602
-40800 37433
63432 -41620
-37455 -86344
42383 20073
-44733 -14326
58149 -22430
68193 43986
43927 1474
-33643 44578
113752 -71755
-101356 33037
966 76657
-123336 56061
-19133 29500
16829 -50025
-111548 27541
-20951 -19838
-77445 -473
-15518 -43368
-101173 -32398
-46437 93830
-26204 -85708
4118 30226
14521 26234
-151928 -89474
-2581 3599
-6840 -68728
84311 19159
48222 -13190
-34564 -13033
-36265 -64500
20138 22425
-47883 28665
-80718 42475
102934 -92460
7815 84720
-56406 -12172
7191 10800
7901 14228
46500 -71972
24787 -4463
-129877 35765
56440 39359
56414 75504
-46991 111205
-77863 -61474
-48378 -77936
-52769 151954
90958 8752
10872 -62789
31880 140602
92342 -74219
120314 6967
-134490 -19278
94096 -15866
-67600 -10272
33689 1275
37424 33666
-74456 31456
-146900 88818
-41572 -17194
-18111 -81857
117175 -6340
65231 12469
158419 94179
5427 81799
158218 -101126
-24215 -202485
-57069 -1702
103476 98108
-31495 60200
-48006 -112705
-67063 70952
-74568 28000
-60925 11906
10743 -46054
22924 21348
-8705 -41289
50153 -52664
30943 -18318
9233 -2965
27414 -68606
2278 5723
43897 -42823
125109 34751
65446 -25341
-118696 174056
120706 -89580
27845 -32875
41031 64044
-164863 -111467
576 47449
-10133 38693
-94008 -24559
-43191 33320
3843 -88658
-922 54742
40456 -208656
135837 -39
-13333 43157
-44461 -33125
-87677 63711
-164522 -31131
-9680 -59281
-28809 -50408
-97698 -21756
-81914 -29470
18624 -3974
-38180 72300
-82823 -13132
25778 61808
171798 -49409
131464 -110712
-42578 -1612
19508 107590
37905 -87075
39168 -59339
-3123 -3733
-36285 -66487
172006 110311
-47451 19787
-60697 32086
64346 -59409
-106971 24098
-65514 -43802
25189 3899
-56965 -42541
3185 -2790
57438 66498
82500 -15405
24893 -29781
13940 -46445
-31086 21358
-55070 116070
35871 -1687
22165 29836
5372 54696
-20334 -124525
-21043 58525
4838 -81824
-156818 -182954
-23378 -69712
31404 -103117
39723 46264
-69 -24899
7365 128610
51162 -54425
-118033 -66818
-103212 -27640
94271 3560
15895 38614
-37802 -28392
25420 -4919
62378 20506
16416 50462
-80568 -58599
-86506 -85576
59632 -54636
-106745 -17688
56245 49936
54395 -128848
32232 -65507
16834 64064
114678 -78488
63634 -10107
5086 -40151
-60655 104410
49347 -71596
9465 93411
-114001 -69841
-36615 -2050
25633 -119981
-7323 6817
-23477 23830
-61380 70754
80332 -12876
-48336 40827
26500 6527
57293 -27915
42739 -40499
-37903 -90896
-3259 12624
-7854 -36862
6136 -47579
-17485 -26931
-120273 -16325
-29917 -47442
-49240 -14132
-11978 31833
16071 75035
12721 -7750
-40918 60935
29146 -49207
-14347 -41905
33882 30719
82847 63869
88310 -22983
9119 -5918
73091 47807
103764 19712
-41813 -15840
30784 114222
161139 31375
-17710 -37647
34422 10931
-68905 52617
-8571 -128109
-58203 -50406
-107066 -43562
80382 151616
30447 64427
40233 -94479
118916 -52031
5378 11769
44243 -117089
-4845 19219
-18788 58703
-46396 58142
6815 -37615
-1546 26212
-13206 -30656
-21357 -104382
170548 -88341
42359 8523
-30740 46741
-59825 59165
-76106 -108097
91091 -22671
7168 68053
214090 -8666
105134 5251
-62232 102083
-96893 -98055
35906 -104457
-38169 -25510
-22300 5557
-11262 -78107
-47115 121565
-6775 -45687
24952 -92363
43846 32254
-2360 -34496
-54693 -30164
-10179 -111696
-45627 14031
36612 166787
31758 -26004
18827 -41968
115245 93111
-42872 57006
-40665 87469
-38457 -59848
14013 -23313
52765 -10004
96930 -16132
-19888 -113940
-97728 -27445
-49704 -171
-35655 -87736
-111325 -42280
2611 50871
-11535 -19303
57233 -60691
-55683 -43121
1230 -37924
57437 -3680
-92593 -49621
112055 111265
-42951 -2715
48701 -8037
-5988 3751
92193 11677
85242 69679
-25181 -65863
23022 27449
-15720 -87587
123103 23428
-24792 -95074
-39037 -66606
-58265 27777
99705 -64582
-25974 52380
-30740 -155881
-63845 -23023
4591 -48517
-28910 -5384
78074 -35181
-87126 1139
186912 16152
-9706 64600
-61175 17804
19761 -36271
62577 -34644
-39213 -17803
-1295 -76325
-28696 -16744
12435 182938
-46175 25979
-17337 12519
42355 118
-17365 -47771
-8846 48699
45111 -96686
-86622 16636
-3434 76528
109660 96356
-67914 51896
22452 -6392
118660 -187389
-10545 23246
-44785 53169
24040 -33297
-42030 19004
-21186 13944
-129308 30757
-34721 2185
-53823 79949
140088 139084
59059 -73666
47386 -12265
22524 -75168
5257 -57482
35601 -7584
-37820 28965
5923 -48405
99552 144353
-29621 65684
131533 -7652
17663 -27980
66062 8490
-98822 92563
-152482 -106306
-31910 -60245
15396 61760
82990 -9166
-65307 9165
-104955 -75031
-66706 65742
-97351 46005
-18162 57298
-46996 -132806
45277 -14909
-84721 49048
-119953 -47443
69913 1942
23767 18203
11865 -54778
-24327 94900
-72312 101506
-25733 134326
-28964 -50149
-68067 25630
60358 19722
57334 -30123
-97841 -51672
66783 -13104
107892 -37843
66362 -89769
-54861 4057
-91839 -96534
-61271 -11132
42622 2303
158030 25652
-127038 -146809
-24849 -66421
-58544 81138
37387 -2321
638 -62005
-77523 66860
91866 -107306
81484 4017
4421 -87668
-1830 13052
19358 -59345
27405 40760
-66499 -62429
37324 -98907
47272 -48056
177008 -23284
80468 -1337
11892 -46750
-64542 -10565
33718 79982
-26500 108193
83414 -2648
77152 -28693
82780 -89703
78240 69167
27319 -6507
-21104 -73234
-67398 -5190
47432 16999
18429 1659
65484 -1333
-8163 8384
62504 69617
38413 -12437
-25972 -12921
26573 -1968
75451 -44947
-125486 -22324
143259 5052
-24044 -45096
48522 -9648
51556 -19352
188433 -4156
13720 -8062
31000 71795
60201 -104714
-30947 -43593
31990 -97507
90315 -119361
113220 -23167
28453 -16705
67395 -45422
-4606 98078
140867 -4480
48214 -70013
-19033 89229
99975 35028
-43374 3194
-28333 147112
32785 8556
-69813 13462
36882 99661
33320 -84216
-31454 -98129
67706 -40655
51542 82352
-105207 28766
-111646 8461
56646 -164652
-163878 -15100
67223 -177121
99827 -49153
39805 62609
-2788 -30584
-59053 46603
132908 -65889
37929 292
-53708 -9888
-51027 95603
-20625 27471
43099 -60908
35720 18531
-54299 43926
-55179 -1165
22703 -35757
135202 133507
100760 108767
35774 -171496
60430 -125174
7658 -4498
-30073 72474
-56830 -36920
-104701 -86273
9240 -95671
-76528 3880
-145063 -19962
-129123 -28426
184093 1895
-68001 -24218
-7743 -25301
21112 -74600
43422 8027
19698 5896
-127241 -48416
-33318 135789
99522 6885
4184 111092
-99787 14147
-128203 -16715
88368 19989
106326 23089
-28249 -85240
47265 -30578
-37040 50182
75184 -17422
41765 43453
42391 -118427
-36663 -74112
8978 -65502
30945 -37096
-50163 48302
157262 -15263
13857 -82732
-16256 -32371
-12132 94419
-4173 -27144
14665 118696
-35538 -20306
21000 30861
17867 20397
-73661 31528
105114 -51369
-134441 85276
72328 10686
-75874 -112564
6359 -43809
22563 -68837
46478 49170
30159 66343
14591 -55023
7878 -149209
3259 -8201
-94656 -85756
4133 6898
73288 -84967
1387 -44708
17945 -42515
-82106 -5700
-14444 66720
81616 26399
-36541 21730
160092 -20881
26756 -13530
25933 -69004
-24826 -38299
-54925 -22347
-43056 134547
-86398 1178
-81323 17589
48286 -4327
101445 16559
89324 -36021
10228 -1011
42793 40536
7888 -48949
72924 -24786
34720 -1609
40315 -49903
8284 14715
26170 -84182
79324 -39467
60242 17917
-39462 -17719
-32559 -42310
122132 20160
22257 -15110
85169 -23193
71832 43392
136350 102072
63081 48307
30825 -18891
-127068 -66386
-104009 77656
-80816 -42026
-984 -36107
77927 100418
139226 52527
38894 121108
100079 -3745
55187 57418
-20817 -60584
-39950 -43509
-31943 73199
-8750 76823
35134 72089
1548 85944
3017 32442
105940 156839
2805 -4069
-141331 -2226
78398 -28373
83951 114811
23781 39986
53400 50916
-99365 -79227
25347 -10546
104869 -67605
-92159 -80425
-30972 10621
41178 -79294
-30805 15114
15011 35600
-93347 37090
-13454 -62815
5452 -68991
-77724 -94353
33282 36101
64352 -82307
-43103 -158483
54119 -85732
-38560 -69721
-36709 -12346
39031 71187
98566 127879
14720 29821
-3560 -54418
-21680 -11072
-114028 -35682
-28675 40447
140485 77351
47565 14877
-79815 -30725
65109 60390
-143530 4233
-26552 -12009
-70269 -37734
-77696 15957
-69048 -106772
-25284 -70745
-67571 -3132
-129247 -47872
-44741 -50553
16267 51596
-73964 -121389
-21844 16022
-37438 -34918
64872 20704
-8092 -55569
-8437 -15769
52610 73519
35057 138458
-51503 74633
-12270 -32677
38232 -18433
10048 105574
52718 7521
96911 34664
14554 62099
33864 6029
158434 -44864
63491 98966
-9284 -98272
-57993 -34167
-53200 55890
-60290 6127
12679 -54645
15062 25283
-30613 -92638
-4678 -12541
-59539 -81318
-3005 -101332
53949 -67449
-23640 -50482
-60706 -29301
139832 32551
42175 -11387
100301 65544
20307 -42972
-57498 -28149
-30364 -31280
58916 -52852
-125976 141307
-94288 -54076
-23731 -11636
20927 21044
-66457 2183
-29165 27610
-99349 -99904
43697 104621
75012 32264
3627 -16179
-36715 -175310
21303 54735
-95354 102422
4075 65624
71625 27853
64609 1703
16791 -67815
5039 -480
-68301 5566
68021 -27470
-121117 61169
93221 27427
3541 70203
-15846 -138187
68137 166818
-32824 34557
-126121 33614
5246 -4999
59680 132827
-55570 -98694
114942 8195
-98241 9248
-15669 -79681
26001 73248
-8285 25784
45839 43229
16861 -70142
-49725 62521
1362 67296
99395 15755
2639 41566
-44232 117498
77960 44186
8634 117016
-119397 17890
-35486 -24736
145102 142499
25125 -69920
30609 71891
29848 15052
-101026 32127
37166 3692
-39822 14598
61058 -54826
11735 26098
-13824 8996
-15880 108285
19150 -79149
-36717 -19283
71624 91580
-54525 -47186
14619 11487
91880 -11839
11927 -29517
-82600 55072
-66634 19082
58384 49067
7935 -71438
23443 -55816
36060 89776
-72374 4786
73826 23533
7181 78791
59247 -16008
-16506 2753
-8182 70106
151218 61720
7835 80708
-80920 -143546
-2990 41694
-81512 -13886
115913 -57687
20113 21788
-56199 -118521
-94468 -28477
34387 -39179
4232 -107560
-13068 98276
-55053 -121087
-69770 102728
-5179 -33655
21328 13922
-6543 -154012
-1431 49260
-47405 -86938
49579 3711
-20944 59563
-29580 -6178
-8660 -19539
-40254 81885
1125 -3764
-61362 26778
-113723 101897
55713 -36431
15686 -50048
93789 22527
21245 -80392
-22148 78107
78641 -51116
-121912 86800
45057 63292
25767 174511
-145029 62363
-27206 11225
102783 25130
171560 153312
-59611 78748
146363 -12127
-103937 72587
-2842 -64108
-28189 2716
29102 48670
28942 118856
-15657 -46999
9902 2501
115878 -58265
-3121 -28383
27180 74641
-41036 -90567
-22417 -142549
-35540 63192
114667 108733
9231 -16287
51669 9144
-163341 120202
109053 -132045
50434 71376
2521 68869
-45628 79491
-94320 36913
33178 -15107
-26905 -48015
177049 -93684
17952 -45372
-20241 58953
28871 62110
31305 -105485
-74699 51708
-92565 -3542
-71283 -8313
23195 -14691
-102433 3861
-82125 -96211
10187 1495
98469 -39796
-23503 7503
46515 47887
-983 46634
-115041 -69334
-83627 -50983
87097 25376
-28761 12935
103849 39017
13198 8797
21391 -24007
-18029 98071
91134 -146802
28051 -53484
56682 -52971
55118 -45927
16102 -44087
-38003 -103478
-9192 -61533
-15505 -30616
-84800 -134066
90913 -83680
15644 -7117
-9399 24470
36282 28507
189051 -44838
-55671 -96047
-51537 83673
-5677 -69484
-40588 40120
-56156 13728
-5284 70383
64514 -61549
-29005 -39843
-2518 -24709
-26408 -100551
-8583 41710
-47017 44685
-2972 -89081
116964 18450
-92834 20424
-81382 16934
9119 -14666
-4722 9546
53239 -86253
-42724 89053
34848 -20365
72053 14482
48929 -18434
-86470 -67617
-6053 -39101
69068 -9237
45591 56929
-12055 87441
25836 39711
-6816 118476
-85641 -80215
-120457 89236
-1131 15439
-92529 -2562
36168 -25040
76959 22159
88822 38213
93570 -13293
76743 -153490
-90538 104181
-34305 12693
41987 -30448
135833 -2678
73567 -101109
-91716 -136128
-1714 63937
37323 -3176
-75192 7901
-94390 10861
17467 -95477
-74298 -5418
14625 -21467
34497 76106
-28897 -138998
-104352 -18600
-1439 -39397
126004 -94230
26266 -100482
22496 -77163
38257 13434
-1412 53510
-47204 80757
41026 -48114
44733 131722
87786 2566
33288 -120860
83427 8396
-68659 47612
28949 11623
-105657 29753
56671 48997
118176 29052
-3741 76731
-14031 40030
-37663 -18089
21441 -31198
-90328 745
106358 19070
65299 40022
89891 1324
-18700 76781
36628 11802
43328 11267
-38778 52952
-75467 45866
-12541 -76358
-85607 97779
40982 -116473
100689 -64349
-14709 8331
-33147 -44355
23541 24971
31449 -31624
11711 -11646
46865 25223
71735 -16024
-11927 -87850
-51020 940
24514 -29105
25619 -1060
31359 -68564
28773 114889
-39707 -69064
21500 -113728
64569 -46279
-51581 -28500
-13402 -104568
-91410 -33391
-102762 73041
88830 47540
-107914 17113
13762 -27168
-20218 -32380
-63845 42108
87586 31551
257 85270
55550 -76009
-89706 -29601
-152762 -146113
9232 -13001
-48591 85334
2822 -26223
6003 -33364
-69617 -80709
-64420 44403
-88998 110704
-72580 -47874
-19279 -25819
-69150 -28971
-20241 139873
-49741 -22291
-133116 -128738
83953 137577
41522 -43061
68085 23851
-41088 -7361
35741 150339
-93204 15656
-23250 73958
-60057 -64960
-113230 5811
-110470 -37489
-15199 -24819
67015 -4528
97557 37776
58029 -100238
-23781 25196
-138689 -72837
-35734 42090
-31522 -21544
-62816 -59071
22211 -56055
-49195 106608
-67934 24652
-53062 24423
-2115 -26438
19948 82643
-40608 1099
19841 -45029
-72315 -21487
31719 20912
61497 2601
-65289 75392
-25655 102537
36791 -56115
16654 49427
691 35421
45055 2648
-147603 17608
-42386 16267
-6484 158383
-40387 -58525
-262 -53705
-41290 -89302
-40814 -59953
-26368 127428
100921 12493
2598 60059
-84743 229491
7449 19879
42717 -35430
-86008 5026
37336 77366
-26578 -37874
74447 -68804
-15578 45292
10432 111550
-109534 27032
123254 -23275
921 48957
-61941 -25340
12132 67787
-111884 -51694
81627 38571
10681 168377
44181 -197168
42115 41703
-68803 10290
-11365 19338
-40086 -185943
17316 -19089
-58716 53977
-62691 841
92975 57299
-51341 60480
60517 -113834
16385 -34772
136584 28404
16259 -127966
33049 -95664
-177525 60722
4450 -82319
71481 -44357
-71109 -50774
24989 -8146
-42721 42562
11909 56880
57265 -16164
88979 -38928
44131 -22121
82938 -40871
-4677 132566
-7045 -10143
70504 -76131
-72953 6564
56859 161366
25812 -13574
34861 -20358
-86258 56266
-87503 -32869
3410 68547
-16796 23333
24360 95323
-6668 8812
-15950 -105909
-76153 44139
-10193 -98902
10740 -107293
126000 -35253
-87025 47794
119699 82666
7387 63702
-68332 86539
100 -88053
-73944 13773
31912 53765
51429 12680
-53110 -147852
-50216 18248
37246 116014
-108733 -18048
-29095 18464
87951 1205
22770 -77289
-26143 -137969
-76748 -47846
154883 72952
105179 -73405
-106442 65255
-7432 -62875
-38845 -12018
-3597 -15942
60479 -42216
-97555 -45398
-44712 44424
10641 -118230
46634 81870
26939 6525
8450 49103
-34032 14685
7781 -3097
11942 -88638
121638 136637
73159 -103374
-27954 -3900
-115170 -55785
81521 -50891
-13618 -41574
77017 21791
-10657 46234
-51938 92667
-53196 112870
45489 76392
39780 -11904
6308 4363
-29205 11787
-2969 -71939
60499 -38900
38538 -128695
29554 28650
92372 82319
-13221 -33728
-85683 -88959
-50029 139575
73272 -80526
2239 21515
-19028 89452
-30642 -12784
16493 -35615
-34528 -29408
57664 -40464
5855 170111
-4713 1263
-21977 23001
60096 109690
-25505 25588
123717 52549
40690 -120190
15883 -38364
38916 -608
106794 7273
-37699 29468
-114995 29109
4623 47551
96214 -57841
-64400 -126708
13829 -103155
-35544 -15347
29202 -91624
72992 10149
56692 16645
71918 21463
-140895 -8834
107421 -22349
62579 -105739
76152 -36862
-14232 -59419
84320 -56062
15716 43222
75750 -34513
-109792 8346
68673 -77963
-7241 -19950
-8855 19989
3112 -23850
31416 -57593
111469 59869
87971 26319
-27272 62420
112520 168580
72156 26291
51886 27156
14374 101713
27278 62073
-32302 70641
-28192 -132191
-84628 95182
30884 11868
-108951 -51034
21841 9510
-95730 43023
-26190 95526
135690 37127
-78542 21548
31692 53595
-15814 -6841
100560 72286
-74222 -87207
-94587 3790
2216 7802
23035 -46738
133034 29488
31569 134417
-68756 -5891
-55121 81264
-68592 -34598
-45516 17596
23734 -55899
-78084 98193
-24002 40318
-20155 -76200
40868 38034
-39203 27834
124587 113358
-56182 -7299
74807 -70213
43391 79725
92511 3445
-62319 -35532
31820 -74043
-6587 78506
61972 -82841
15111 16939
-9159 -22751
77711 67366
-43138 -267
-19182 10190
-53709 14567
-54907 95225
30407 68162
-1351 35620
10056 -17591
55240 24535
2789 35630
50454 -90203
52924 55917
94864 -61854
-30078 -97388
-45939 -15975
-51324 82622
17201 53818
-11759 6634
-41109 12296
83464 37789
-47525 72798
-7471 26629
33689 56849
40124 11050
-9910 -27160
-24894 -88425
-18783 -30505
118183 -11578
17990 23872
3494 65214
-19847 35678
30513 -78407
52941 22517
57071 59284
-41491 21790
54241 -17526
9489 -2088
-10070 7389
-9101 22743
22808 133295
11096 813
-82163 201554
113703 -28099
24544 103899
-94918 81475
71125 -68256
-8929 -18280
-46086 -80662
2184 2577
-10252 33751
69131 -17579
-40797 10240
-45231 12688
96790 135376
-7878 134740
12839 -40864
-34046 -35669
-10900 17508
127300 87264
79401 -16440
-7612 61210
-4669 9388
-4101 -29044
20860 133671
-16175 38045
-12931 -113485
-147397 15835
30755 -154047
-9163 -54434
-74910 -70204
-75946 60084
-35659 -42853
-61754 63868
-4162 46889
21536 68703
-63564 -23337
-45318 -53374
-21304 -60969
-67453 22795
-59628 -121203
-79061 -31566
-34379 116595
-134797 -51151
127916 -47788
-19047 -75827
-15317 175199
11358 98172
74773 -73089
125877 5348
6027 49594
-19867 -17509
-109356 71880
-92799 -98813
-73001 59750
-17672 135100
-25593 74891
-53059 -47887
24440 -32472
-36808 74236
-55237 75940
-99261 -101318
33414 -54489
-96705 -64372
-23635 14358
83049 20860
-49445 32161
-27754 83232
26628 -22289
106116 -18413
-64193 -52695
-11264 27417
90372 9846
-112510 -61421
78510 70962
-67487 -21585
139836 -48162
-75822 124176
-24537 -96439
112942 -62310
-1434 -83696
135909 37399
89389 -113494
-71363 -47743
18404 -81871
-6548 79382
-75935 65902
29758 81915
4437 -25546
-73174 135774
14946 12064
88610 -52560
-3567 6958
35335 66176
41287 68
62821 39389
-100463 -29731
-43707 69470
-40975 -28457
-16387 -7622
-160566 -52660
72430 -27280
28412 70876
6698 28894
75013 -199331
-133699 181650
-79028 -20204
-2517 -14972
-121200 -122623
-27536 10678
162824 -23080
60107 48664
39636 -74606
-57598 19698
-12829 100407
-33127 -8307
-133339 -30967
-2415 19627
-20361 5666
117971 -51757
-74689 106417
7486 -30231
40865 -10792
-85312 81174
33994 -2193
51058 -102586
-59843 -28210
-46271 -8123
91781 3930
31876 -75256
51102 5224
159293 2065
39837 58769
89920 -2050
15599 44201
-62984 -136488
56354 -142898
-59604 12752
-62840 62397
90022 59942
90748 -28821
-47021 997
77714 -1302
161025 -44207
164591 48550
128334 44707
79309 -6471
35099 -71619
35300 6881
54379 -33253
5197 47443
91864 137628
165648 -26271
73380 31532
-17279 -37056
64332 -91636
104608 2854
19481 -37111
-3285 -86688
-52271 47485
-29563 50793
-29510 -27394
9211 109745
82344 -78851
16727 138440
-42216 8597
-13403 102525
-10895 -23987
20885 -71264
-53974 -30964
-74801 60975
-38929 114688
-8604 -145492
57050 55889
-105577 10325
6594 -64897
52954 18619
-50450 77765
34479 -14057
-84924 87655
-5809 -103904
-46592 53771
-40942 -59222
-27527 116957
-6424 -12802
-3725 -75036
-32839 19844
-10534 64525
72351 21839
129548 -184709
102001 44048
26861 -113576
22804 112468
-174588 44466
-57171 -59810
21789 31685
-34949 -81446
90672 95903
82185 14292
-84690 122244
-35329 41014
22496 26214
157669 130632
-74252 -154416
-64943 -40406
20663 -29740
-102916 14269
-75491 51925
-77965 -22764
-21974 77120
21831 -15552
18592 23089
-10709 -30263
-5821 144544
22082 -35374
-49038 80569
-123143 25146
77855 132854
68679 13411
89007 -30578
88567 34545
17057 -35829
-82899 -81205
-72434 -77718
62426 113788
17708 9009
-73969 -19460
-168656 -17224
-12729 -20631
288 21166
-11308 -27814
50882 21056
-86868 134773
11106 -55168
7203 89920
99577 -61883
-52716 78399
-19512 -18006
97426 -105462
95671 95846
121183 -127448
87068 -65383
10327 -74738
4773 59082
-126837 -77178
61709 21284
-28317 -32319
88267 -22463
148154 92558
-53318 -23157
9274 -33441
44674 -73220
101073 -113550
-63699 -40674
114990 -26752
106419 51115
-50280 -135732
-84630 -55773
-45817 21385
68048 -97386
-160655 -85384
100168 -8982
-152778 50767
140022 -42741
-13826 30418
-63252 15713
101455 26252
-61620 20329
101806 -65681
-32692 125700
70112 10657
3583 20480
10776 -41872
67129 59492
-100300 60421
6035 -128067
-74500 18534
94226 87317
133940 -2103
19728 -16198
-34651 3500
109712 -29871
-70617 8283
-4137 15034
6427 -30386
4075 41566
44488 79204
27815 112028
33455 -123571
74355 -3984
-102838 6364
19233 25683
-64461 -72927
105842 102982
-43809 10132
-48319 94869
-149952 -40361
7910 4786
88815 -83183
-19036 -28969
-10809 -117833
86499 10129
-24784 90897
95496 17129
73138 8812
-64363 -23954
-48321 3352
92615 -69168
-35453 60332
89372 123785
2790 22009
75036 71595
25816 -112183
14686 -166239
-26281 -7971
21046 49070
34314 41652
17980 -46424
10603 153454
-50644 48252
58282 -40416
54326 -55560
61629 24913
3136 79825
3637 39002
46601 87646
-1856 56611
25810 -110178
71955 -38328
58740 45186
-8279 -27965
-34083 34455
2294 -42272
100964 21998
3687 125184
24787 -56462
16933 25759
-26559 -23551
-24244 91126
-157970 28175
-37013 83666
-57136 -11113
-33905 -23921
126791 212269
-105763 169515
-108 -49907
72263 -26786
36649 60266
-22399 2442
23770 -50990
41479 117750
72339 7799
-4399 -3846
57808 -89219
19324 66001
81411 -11840
-105374 -4591
-13851 -151338
70092 -22367
-43528 -20165
-69780 -48110
27305 100140
116064 7289
78432 34150
23696 -9670
64301 23768
-61706 -36285
34523 56300
-94885 20630
65882 -28520
44833 126636
-64059 -8112
-22301 -16156
38220 127605
3435 -86949
44473 103698
-53965 85864
-61871 -70305
24731 -16482
6337 102199
-32204 55914
-34047 -22373
-11395 -82800
-12835 -82286
-4951 14979
9201 103947
35063 45841
84205 239314
12263 4501
-86771 -93320
84622 31763
-63282 9177
-25042 -69570
-46122 91855
-40304 63116
109359 -14217
-44280 49463
51400 196
34419 -30019
11908 19849
26151 44357
-60687 -66403
-38773 40779
73578 -14066
33308 -48863
55407 16710
-11110 35431
40620 10669
24397 -3525
24226 -28297
5071 85008
-59441 94239
-60792 -53021
-3507 45400
-18570 100129
-18446 27552
-5673 -6848
-6327 -79622
-57023 14238
-17778 137472
128421 -18419
13470 -65128
51120 -60215
-29862 52827
-55574 -60151
116661 8876
84432 -15735
9514 5842
-29120 -10314
43936 37391
-57323 72824
48687 109471
-11217 10442
-66256 41886
-13291 9755
-52718 59326
-33043 -15114
-32507 -38688
55740 73473
126463 -48171
-108959 -70481
43618 -21443
37318 82360
-50090 -31615
64451 -82808
94354 63280
-26026 14891
-25954 120120
-11666 12184
36020 -72789
99197 95343
51602 -45450
21448 -46768
30062 76576
66742 42027
-10072 -58621
-71716 21912
40172 -16662
5561 31092
39288 74053
-76501 2337
58751 -16116
-136694 41279
35879 61957
53995 78800
-46489 37800
22367 -19929
-118361 118307
-43756 -42465
32903 -69460
-68240 -26730
-90047 122692
8152 -56955
14848 23121
-35910 18163
74774 -10869
47683 -47429
21831 -18737
-12333 -66281
-19543 80587
-31033 122374
-13852 -75908
4627 -56161
-19272 39375
-58509 -37864
-144241 -15947
-50366 -100762
-159036 -42082
-16086 -27306
-40137 -47384
11816 -123992
-83658 58696
-92704 20469
4932 39308
-7968 -20682
-67048 -4878
-21918 -29485
110363 -175248
-68614 118294
-28829 -38179
47544 73956
98592 -12046
12240 21623
26002 138834
-123516 49779
5879 84525
-100840 30697
8089 738
-101165 54882
2698 -80675
-21578 -40009
-84119 -92541
73677 -125075
105338 -155822
-169 -7883
48801 -84820
-49551 -36268
53038 -28761
-38221 37921
13280 33057
103212 -14831
-124481 -74938
-18566 28299
-34827 -66189
127022 17078
11604 -68392
114890 35430
-49868 -60678
-52457 -36626
1055 -81262
-20566 -49132
-78667 7231
-109573 9885
-92320 -815
20005 -72377
12224 25883
-43149 -62490
6299 35138
154117 -42645
-95481 4953
5969 115141
38862 33820
-1748 -3273
-7205 -108262
-63734 -26067
-54947 -11166
2134 -24361
-65225 -16181
85842 10668
-27157 38280
-9403 57731
-36938 -56497
41157 -46467
89435 -147478
-84327 -76163
-18326 125258
58818 -14476
4792 38087
-137999 52785
51353 60506
10502 -63098
-6006 62967
-104013 -83400
27424 17276
-16524 -105190
-54057 -48252
-131699 98369
57462 7044
66797 86016
-78098 38664
-21722 -17574
-4109 90621
-74235 10021
29379 -88305
-47585 -73264
51074 44303
-41740 -99357
1361 11729
-2886 -47096
124799 -135590
-11881 7723
-64970 -57114
-18644 28477
-4484 83061
103960 -29841
-57743 -17484
10681 -58963
59895 2872
41794 -83381
-45750 -88295
85135 46413
-9157 -101229
-48193 67284
-12279 -29524
86922 110121
-17652 19808
75704 47945
-64641 -50450
84396 -7986
61528 11747
83067 26731
-3218 -16344
16446 71717
119868 61210
14102 -41132
7148 20627
-49524 10368
29484 -2286
-76957 59445
-59681 -35844
-67382 83676
-52313 3749
-20431 8870
53933 3189
2559 -28723
-1109 98864
172539 -139383
97185 7774
19017 43616
118483 83720
-63348 -5153
-118825 -65667
10638 -15476
-59016 50230
148595 -175352
95616 -54444
-32422 -97936
90307 -63702
-127963 -70407
-122821 -22864
-19301 -108237
22663 -44849
-15093 -11482
63959 31595
26424 4413
-126752 -60916
-4145 -21252
133264 -70791
39564 11449
-61428 -45789
-57394 59014
-9955 -57037
79380 13457
-56047 -81624
-146591 35924
-55388 -29568
15785 -42458
-5208 41513
-20021 12505
67478 -11635
51153 -124217
-71333 4496
17853 -141883
-101427 35655
-33480 -97475
77879 -90432
-12170 41534
-12842 80500
-48162 -41865
105956 -1767
64431 -74213
-160688 121808
-77104 -14772
15500 -62375
-33398 -49256
-132465 -66614
62589 135981
5227 52198
37031 -8002
23039 -77548
32532 118220
-106990 -74623
-152992 -97074
88824 -10158
-15245 14323
-166435 153441
-25106 -19990
29646 -53668
-130312 133515
5796 -117865
-323 -5649
-15725 -63076
-2430 -32661
16091 62195
122082 -58926
74259 -8511
-129729 -34247
27103 42949
-158255 39605
168 -63492
49986 -28294
-22865 -7591
-108264 -7932
48108 88983
-19892 -45244
26063 41515
5950 78058
-28524 19162
-708 25801
-1814 7605
-114130 -48798
-36488 38329
-1991 4039
21691 -95663
-43370 -2938
-34344 -81606
-74919 10818
-4501 59089
31322 -7554
-19028 145249
68268 11260
6792 9498
-7780 -38612
-54789 54964
-7892 -9528
-44771 25091
74993 -1060
-23577 -86108
-53278 -7934
1778 -15362
-20535 -4711
-30090 -30407
9274 58039
-35456 35608
3141 57229
3411 67858
31992 42780
102963 -45138
-120280 371
68817 99327
-50806 33291
119694 -21789
75350 -46211
21988 -71985
-66001 61582
-5442 12091
-109046 95462
25621 8740
115383 -50171
12014 -62455
48803 107989
78707 -10461
54773 -11180
-48576 82234
21410 36430
-10800 -39175
7694 54665
-31753 141807
38133 -99138
25791 -26632
-15379 -101194
50198 59645
82927 -109279
-23130 69470
144917 102373
14985 -3192
67742 -67065
127640 -49274
61192 -33502
-13146 -41413
141977 54393
83361 -48931
58122 98951
137120 -179739
-1504 5548
304 32918
-8453 -13092
-134432 24265
-108491 -85633
-40308 -29061
46821 -95033
-66241 22549
26095 -77449
-53160 89304
10649 -95480
5838 -46690
-38750 25432
6056 -73738
-69783 -21811
-72334 -41358
-29666 11152
-17714 51392
7082 43727
18636 50053
22650 24767
-31303 86963
133093 -42426
16390 48174
-44600 78579
3716 -4525
-64834 79685
27649 -64555
-11150 39024
-15106 27242
22511 15911
84534 40507
34017 79194
-55400 80630
115529 130576
-9353 -67500
-72338 53205
-2623 -63665
15126 65927
-5965 -199340
26765 -153661
6074 -40657
-55465 104209
81487 -4492
-75734 -62822
41981 -239448
-12330 -56970
45704 -186372
2771 80077
-45718 57387
-30679 -54550
87961 38364
-50788 -13718
-7236 -83764
82618 13226
71883 120186
-43646 85169
-5772 106704
-31849 -105443
32756 14273
-53630 2048
-120401 -25475
36627 25169
-47589 23479
21222 6467
85376 2850
-65510 83026
15917 357
32435 -4573
-36555 -64974
75098 41979
-47534 -31470
-83144 -44867
-6340 -15706
-14053 -8048
-25864 -23223
-16191 14059
43364 -78420
35192 80964
-603 -67820
68789 -35031
106024 -89034
-97733 66994
4759 98763
-22642 1912
-21323 -69786
30137 37984
78162 54256
-13004 88722
1813 17690
34805 -52523
117902 -28406
-71790 -60356
69619 -1108
-119291 -30368
1102 75936
101417 148048
-34930 -64740
-160464 -17141
-70257 29630
27303 105493
102176 -108602
4673 -31777
17778 -6666
-52495 114840
-2822 -16361
-9645 68455
-52841 40046
-91492 5303
58077 65256
73886 -35999
-371 -108691
36384 -24934
-50509 66466
-626 23766
137624 99686
646 -3357
1706 -19561
130839 -8546
-89262 125945
-22656 -31820
144693 27826
-56676 5057
69244 -66962
20972 -21375
60425 -26943
121952 35518
-35526 130769
-3837 57558
-23806 46379
-45254 10696
138010 -57188
80050 31412
-16754 -91341
88748 104899
-123666 -33894
-38654 53514
9106 39184
118351 50934
-66935 -70303
-89074 -21472
29643 2614
12444 7562
-28358 -129582
57265 16982
14881 37650
72971 -68887
65924 17683
-30897 -40100
6057 -94435
47231 103303
-24163 -7182
-44284 11640
83683 95481
137654 -113785
-120861 -30264
60468 13905
32618 92650
8284 31575
-52781 8572
55509 95327
4129 -82007
44904 -71884
-55659 -217027
77739 -118807
-63826 -6251
-18024 -116209
-142277 31099
2589 -7965
-16515 -81041
43266 -47314
10016 88172
119414 79299
-72519 -41236
59029 68174
-66855 84779
78811 98751
-37231 11827
-142611 37335
15204 55343
64721 -40463
-29369 150914
-32133 -48396
73082 -92325
187036 -46114
-3173 37398
-17226 41681
-63181 88564
72752 -93783
55623 57215
35545 -113426
-40443 49661
80563 10715
-39725 34346
-53251 73554
82373 69493
-2570 54765
-211266 110597
-63388 45955
-138586 -69805
23203 -17016
49896 -81892
55096 13367
-164447 48646
-2704 -28784
88441 -70539
28731 5798
-138264 3575
13049 685
-31226 -53256
-120498 71943
61693 48108
14802 30802
43925 -68439
96259 -37432
-34341 -14180
45914 337
-79191 -17842
-5148 -62981
-31753 -79811
55695 -28672
-2036 100761
-26644 -54662
175525 36831
11881 -14203
-3169 -35273
39143 27677
64714 -77413
38222 -95564
7054 -37347
131414 108923
-100039 2655
546 -24101
-33584 -63370
128831 62220
75485 21215
94392 51625
40592 -26013
-43278 4712
28579 -63934
-28228 -7671
-1106 -27401
-70474 54823
-48188 34673
-73334 -72257
16553 -47314
9130 53315
140451 60181
-53269 17999
-82623 33922
11811 27334
-78596 74154
70913 64527
-19393 -48104
15687 94797
61274 -5046
-8051 -6053
85315 -48802
-15666 8900
22010 42169
-70464 -15114
-14062 -5902
17384 74081
-33188 6672
-15555 -54279
119857 1152
69743 -17494
68476 85430
-90006 -44373
-74245 23234
46233 -19862
-94268 -421
-129348 115036
-34801 -12647
43901 -10858
109522 25137
66035 114986
-87577 -4031
-62482 -44629
105232 16914
-18205 3262
5464 -85503
-72838 -6450
-71343 18147
83845 -13892
70517 114944
-74838 -4818
-26459 19188
-80846 2771
41168 -77603
147964 62517
-21517 -1490
-60315 43553
-70887 64818
79570 111625
32316 -135483
35522 3331
92425 -8130
-92496 -15410
33291 -117424
50289 -11898
78351 -13197
-514 -25567
42491 128315
-72819 -17949
-77900 -80999
15400 -6844
660 -113286
53961 62935
108922 -65056
-52365 39944
-92043 -49685
-34359 64579
25932 -13681
-6297 -60636
971 40894
-18076 36259
96656 -77524
-2260 -3362
-8133 130055
52250 11049
-55745 -4273
-159236 22042
110246 15064
-15028 -77151
-76391 75851
-43427 26984
10010 -36641
124498 36249
60436 56859
-56077 -86137
-203097 80393
144999 9504
89128 -57470
186862 128834
-4702 -58036
-72195 65512
-17931 34760
-60488 45041
-73006 -23637
-27233 6589
49624 -16628
105096 75794
-18528 40475
-72525 91011
3778 -17224
27181 -15294
87068 -79382
-49389 -72156
-27922 -69963
65640 17132
33248 13285
64109 44989
128619 -42438
21201 65707
-68215 13420
-93103 5875
-34364 -72341
77391 125142
131222 100427
118037 90056
-21247 -19129
50934 -61455
33662 1648
94147 -100231
-69682 107630
-23022 25305
-100584 -77787
-61563 14215
-33895 -11109
3690 -47525
-67438 -85149
102620 -22351
25045 42822
-99404 82116
87676 -15467
-5827 86157
115679 -20693
8019 57593
59608 -79346
52767 -7757
-40251 10667
-23455 -54694
22749 -218137
46620 68249
-18669 -21369
-32442 -50194
-18095 -106666
51214 153079
27 43373
-70235 60302
40916 -109064
26687 6555
-99392 -1578
18077 24560
-69513 9116
3154 52935
-27683 57504
51507 101441
46664 -57136
17376 -126226
-130254 59831
33245 74211
15917 -32198
65425 51512
-39852 -74527
39203 -23883
45029 -77147
-10202 -95343
-6005 66928
26851 -57600
-88112 127165
-17104 -116689
58447 -50741
-40160 33033
-119741 -24521
-14490 -59963
8754 71576
49508 44666
-44677 72467
23451 86034
-22445 -86906
68685 -9534
-49911 -107291
-6361 4252
1233 -60398
-87122 7713
-49816 25419
7200 -96645
40461 15857
7033 67908
-43396 95981
-44253 39866
9507 -208060
-975 -105149
38089 -27150
-24517 -10561
50114 12866
49242 70697
104821 -140755
26889 11613
54697 -116257
71671 34513
-13334 124083
-12475 23232
-97866 -83693
-30121 -15562
5435 -36430
51863 -21941
-1972 -18754
-28739 -77277
22869 -103417
-18841 67358
-4993 60473
84024 -5351
-46170 -1977
-75258 129995
134250 4138
72939 -11293
-53062 -15033
-30529 123573
28110 -60636
72794 6553
6107 74195
14335 130618
8938 -28034
33430 -23091
21361 70039
-59904 -58988
-119113 -62019
41960 -82714
198056 -18347
46574 -10390
-82632 -76749
-26462 91963
64057 -47146
-70142 21768
-140007 -212
-37408 104158
61553 -21812
71601 6280
-38466 111787
-65279 -5463
21056 22815
47715 58490
-81842 -34832
58179 38155
-27680 -27926
57941 76689
1675 -93001
31918 167115
30359 143635
28572 -13201
14041 -17929
75071 -20130
-91397 414
30643 -77500
31798 43019
48357 -94349
96400 43946
43368 -27747
14809 12690
35215 49563
-96771 -2089
13942 -52065
-17779 24025
123715 62319
-28132 60499
-34432 -23171
43940 118052
5797 89976
138991 67329
-25461 -117494
-47024 54847
-55836 76502
-118464 114816
-16309 16820
84184 -29984
-8745 16253
-70993 66541
-3698 -37197
16384 -7304
-199167 -11883
20613 44871
21158 14510
-56408 3526
-64852 -107112
18464 68775
43484 -7960
-132871 -45322
-49431 71146
50988 -28107
-8850 4957
-72782 23462
72539 68386
18034 -2567
-22979 -36505
9179 -40867
-72671 -94377
-88098 -132316
-36957 1834
41051 49992
-138509 -7860
-12730 79449
166581 -38175
-68957 -91817
-2746 -2110
53652 -39073
-29650 -79769
7342 -53061
-14830 117054
41577 -32961
109899 3450
-42533 -66361
-54656 -59437
10339 -41047
-23287 -42104
-90855 -33402
-119539 10834
-59257 -17217
86246 54156
43296 -69806
-38140 56472
-45344 -25412
754 -93083
98636 -39213
40140 32796
-29858 55231
14816 -22302
3591 -34711
-9158 -5745
27371 139066
-41636 97623
-100180 18058
20585 77947
-90102 -34912
71907 -32205
20628 58677
30750 -39179
11560 -75847
55163 136701
79493 1793
7378 132937
75987 -27095
-21369 27092
83387 99853
12256 -85139
136118 -100951
56476 -21682
-15391 94525
36972 46904
-29340 1912
72249 -36388
-32109 2885
-91317 46550
-82385 88344
106311 -135101
27734 -35371
79317 -6550
87343 -44475
-11533 35690
-64041 -36064
-50771 39324
27717 -19262
87644 -13293
165 -62111
29132 69679
44760 -5138
9417 -47489
-42922 -29370
114524 13771
83882 100280
8937 -52064
92398 35079
1643 -48714
-62249 -126828
-53205 -19464
-2322 94423
-33978 -21362
-39181 19805
-149012 49905
27299 96956
16476 99403
-2980 19314
-2099 35104
-41371 17885
103495 -1274
-51704 17777
-32434 12342
55541 9620
87203 -35615
24926 7985
-101837 -17803
-9154 -39567
-14827 -6010
42252 55111
-4470 21181
29392 -28077
-38858 87488
-15179 -70956
62549 37333
20650 -17961
86195 -42549
-123987 -79183
-87654 3197
-113831 -37775
102989 66456
-50807 -9652
33900 -51190
-130956 22214
-10772 -12088
-65218 84557
-14957 -151315
109601 40672
26310 -48798
-24620 -10033
87546 19052
-667 63526
33586 -10032
1240 31884
-143440 120703
-35422 29212
23541 -41462
-35532 -76105
-89204 -43516
-80145 75588
-91183 77309
-44817 97615
105203 99415
-4278 5427
-106628 -138648
50075 25521
45375 75059
59628 29218
-61341 71227
34099 61879
132862 92648
-60512 103126
-121219 99076
-8884 66115
76131 -99018
130901 27685
19661 61241
-13476 -34084
-40173 -51677
11728 33143
-15351 -89129
-80727 -35604
119078 -109941
111105 42824
-18699 23594
-37616 -62724
-41115 -33969
4980 -77470
-94241 -36525
-8922 -17623
20475 -86373
-46761 103833
-42598 129542
-38938 12954
-13236 -25182
-101308 -31953
-118900 14773
27441 69462
171469 -14114
55613 659
-144675 80597
27333 25016
-3694 112994
172302 -105646
-10438 -76248
10799 5087
-52968 -106711
-25569 -4683
-70865 102068
-75125 -145022
-19607 58394
57755 -55711
-28108 -100785
198476 68555
-35440 25135
-16326 -83117
-82205 15830
115957 -53765
3407 60745
178533 -54751
27545 -4847
-126823 55815
122802 102656
-83767 -75902
119360 -103315
74353 55062
43062 -89306
78876 -64306
3893 -70809
879 -56185
-3508 -72298
67354 -33257
-94716 -80877
42653 -1462
-19226 32978
60633 19708
43502 15300
-58555 72826
-7927 -97371
37698 -59517
119467 -57571
60452 -102981
58480 15379
-62886 -98901
65600 20909
-171924 24904
23812 -117626
-71537 -8632
-36409 45830
-65965 35528
-101590 70734
87084 90638
-26028 39505
5055 -9070
-71767 13186
10766 -21943
-22590 301
42669 16012
116593 -6347
48929 -62621
-52879 20585
-19988 13696
68664 53951
-20404 36564
-74780 -130154
98996 11725
51547 22844
-100922 31108
-29109 -19397
-98603 56347
144235 13723
75024 68345
42657 85412
-56100 9297
38138 -86329
91568 -62265
59833 -56539
46279 32893
6878 -45122
-92577 30846
-148993 23094
-58001 -90291
-70192 37430
-185121 95688
-70036 27612
-38125 -16322
6526 7204
-8650 -52351
49585 -38846
-7784 40931
53016 -10507
-3543 57868
50729 1236
19518 111188
-27035 27836
89716 22566
88785 67392
130729 204499
-33423 41385
-54856 -35162
-37781 -18709
1170 129692
-36908 92686
-4087 69851
28885 51909
65927 -1829
16518 104662
33156 -123191
14334 118366
75051 -37013
7611 -74648
911 5620
52079 7760
-69124 1922
-23195 -67064
40447 -106390
-72598 68952
76878 -40837
58017 40623
-50763 119775
31842 22886
-64545 -6780
40168 73325
19904 -20810
6650 -119094
-591 -3457
80076 -86674
-2415 7510
39400 -43893
41456 -15854
-29680 -46574
-37123 -70699
-113373 -154904
-79903 8501
56414 2327
-103822 -104577
-102168 -39585
-22053 -42207
-38014 64561
-133441 18146
52524 -21039
46965 -32714
28675 34224
-12429 -86915
24403 63839
-90610 -51636
106130 -55779
-48771 -42562
-8822 -27513
-124749 -12482
-58381 -43806
-29897 14356
-56105 6228
44192 -83686
-16840 -53658
6304 70589
-97180 -16430
81544 71544
-49679 18906
39710 22265
51796 10736
-137684 -84209
-89696 4333
-57629 6240
22291 -196964
119283 68344
3313 90941
54447 -7527
113695 -61052
-75400 6841
57029 -16522
14896 5876
-2607 56855
41269 66458
-59850 -94072
19841 -70926
-24114 28560
60961 -45615
-99694 199672
-111323 61004
42783 11745
-23457 126087
-85200 -64538
-34248 49263
-39434 318
-3974 -44919
2027 58478
-25408 2687
2245 210540
-59612 57000
80104 45246
2954 29921
143444 -2268
-34477 8675
-85663 30262
26686 -4316
-36836 18800
120663 -87452
130107 59897
57994 34601
-31871 31431
-24931 -31151
1853 -11031
-47218 -99523
28713 -14498
-7044 67555
49499 -201148
80653 5389
14148 -138679
60671 -53731
-78072 -27799
66980 63784
30231 104652
7333 -79132
93587 13709
-123578 -33261
-52779 35971
-114300 -26265
-83493 20771
11886 -73717
30992 166563
30604 -53720
-4045 -125914
62526 132033
94103 109859
34710 -111218
14039 -81469
65004 -12892
29119 144670
62465 12709
4706 -96562
59205 119970
-23344 -7476
65837 114391
-41593 -70845
-20685 -68056
-77051 44088
16562 -45378
42695 -28327
169187 -70681
53406 -109708
-25517 -39840
25361 100767
-53476 28754
65015 31495
-155506 -42009
23793 -3621
-37632 -59101
2802 -86382
-27544 117785
-77017 -18320
24563 -20128
-129619 79106
1500 -74720
74034 12992
-75543 -18757
100821 -81265
-20104 18290
53821 -147167
-73486 -34266
-33457 42870
-69842 -96191
-59515 5410
15898 -52186
-145425 -15483
-35361 8390
-21680 110526
16387 -111179
-31678 28126
41241 -30435
31060 -5063
78285 42425
25606 60628
-96062 -33832
32777 -106733
90263 7640
-44704 -74578
-187321 -52915
17470 -49003
107459 -81168
141725 73729
34419 32390
87097 63856
45390 -85528
32939 142785
32702 63432
-49994 -119805
-20523 105691
5452 64804
14773 13309
20655 24458
24730 -24453
84589 -28425
50674 -3244
-37933 51024
-81768 -91586
69137 -51119
41845 -86178
-117667 -23530
17470 -54894
-9523 70401
63721 -92401
97192 -30333
-116019 70003
-71231 10873
-39281 36563
-11857 -168407
-69357 68338
-105821 -12579
8856 -20121
39189 58844
-36442 73140
72015 42307
-29449 -46174
83473 -103448
-33152 -471
-27051 38641
55459 22175
10917 -88217
69517 23161
-30797 -15847
-12313 -30277
137583 12665
90081 54982
-94932 -107365
34835 19255
-28437 20127
11780 92654
147817 17817
4483 -74175
15033 70782
45629 34557
3319 -67712
-34384 19921
-63058 -25444
-45145 7400
-9815 -105621
-3404 5168
-37027 -8888
23239 -8524
41158 26113
-2110 29146
8680 81290
-24043 92246
110318 -25973
462 97086
65454 46278
-142991 -33379
5855 -65685
45849 -4887
-2629 -125069
24272 8208
114980 -19136
98797 119634
-32440 -32805
27058 -50051
100070 -39359
-90877 -30663
-19673 -54164
70241 72108
122659 -78537
-74858 26130
2778 93451
136594 82668
-21764 -33583
-31529 -27628
45481 -873
-13672 32676
-27084 51776
-44560 28955
83584 -77366
-88732 -35395
84409 24931
-46094 -25958
-196026 65328
10875 -83025
96158 3087
-632 -9750
-24162 47314
-21597 51215
-13313 -42308
49524 -15394
60249 25211
-35663 69888
-4807 49680
98920 -37362
-45911 14903
-135207 43806
23359 -89483
-55702 -53972
-105687 -52258
-34384 106777
-30439 -65253
-27575 -14489
-88163 128989
-94649 135414
21952 975
-24395 -67251
-76825 -11260
14805 82607
47661 14084
-51305 82976
-32102 -33191
79700 29008
-4643 -32772
9204 -38019
9406 -28588
56200 8430
12832 -31933
17965 92341
-64775 -49968
-64756 100901
-4476 -75703
-19148 -53139
-636 -17743
-70349 -43260
-35634 20281
-34226 -8233
-79100 1614
-48204 27949
110586 75690
47818 47606
59191 1399
157066 -44518
73804 21283
22331 96598
50298 56742
-21606 -78006
-17101 24732
-72314 -47851
77466 -30102
-9105 -94304
-100580 -61019
30425 59368
-45736 7324
37301 59752
-60389 30582
96307 91076
62737 -115788
77846 -92894
-27004 -8504
-127298 -24299
-50357 -95779
-28231 13595
-38952 75378
56032 -27375
-113349 30807
-35718 -40807
-46942 28370
78708 156162
27471 -48718
-11088 20333
820 120452
-42240 30984
-44179 -1631
101899 -44478
48776 -3718
-81813 -2858
-43821 -76299
74809 735
-821 58861
-12248 -71216
-67959 46955
123138 -69
18984 -47360
-78190 51218
30476 67197
-47742 51156
-150473 -60603
-196879 69895
-69737 174368
-40707 -101720
100242 89876
-33585 32247
19723 26999
-111794 -7082
81040 63051
-25435 -135550
9296 124172
19454 -94935
-21881 87459
32784 43135
-66894 12333
-26446 8386
-19891 140565
11448 -70034
66217 -52962
-82848 -5237
-59894 -39909
31639 -33160
-15170 -50956
-54172 -47397
28649 -22429
-10553 -54640
-37346 49760
58040 -112999
-37020 -13464
27423 80469
-116275 80637
-54477 -1222
64533 47342
2692 135316
-88769 -22222
-52356 -77065
27744 -23473
-81325 5965
-36342 -86882
-100853 -25900
-9639 -33756
58642 1409
-20422 -237097
-55738 -105298
-121698 15133
848 -53432
-4089 467
-44265 134624
109869 -2943
42400 87498
-121319 -58065
-26486 24939
-155131 10901
70193 -69272
-27206 -51105
31341 33463
71149 85949
48949 -1579
3874 22136
-15423 122919
26901 23661
55619 -1128
38402 -27448
51158 14785
66617 -41208
5986 -8869
27745 -97611
-5252 -76657
47335 12416
-161522 -81116
-12545 53605
19941 -123293
2121 115513
31028 9540
56412 11681
221824 -46993
-49854 10397
953 -37887
30105 -86463
110247 -5814
-15861 -104800
125846 31596
-40185 127993
-32386 107669
-1499 75382
-1042 3650
-126166 32708
-91693 -92223
-4872 109185
-61109 -52819
11568 -64815
-9565 -97627
-67026 -46013
-57794 66691
-47586 25924
-4699 31583
-78028 -42902
29324 47652
-22607 26855
-32630 -138758
-45841 -42361
14478 -21775
-7693 -22927
37042 -17968
39370 47956
48210 67904
-14718 -41436
-33148 58789
-61534 100236
-80940 144125
53298 -29441
33339 118709
-77115 9500
-39927 -5704
41098 -88931
62162 -12641
-17341 -66102
29725 -24829
-27906 -27097
-5447 8288
-20356 -37510
-10853 -18468
-42665 49821
-33289 42095
-51824 -33493
15271 -21252
16732 -192154
65696 -72254
-29422 -17064
-40681 57449
-3301 30696
51721 -160163
37333 -21366
-31317 40093
30131 -13496
37278 -15108
15420 -143974
29210 -77502
39061 -101585
17293 -71160
-62534 42098
36261 -34932
26577 71092
-47206 -37412
42988 -8880
93922 -35800
-5628 -110704
43930 89782
6555 21973
1140 229479
-40696 -44607
-67503 -21005
1350 -59730
61912 38370
-37875 42849
42821 -88778
42229 -43480
146292 109603
129473 -63818
33371 33097
-11964 1172
24904 -164552
-56159 90581
-53043 57347
-8924 -46621
3882 13380
-57797 -26901
33829 -42903
76099 -5877
-88036 -22732
-119505 -97173
-22811 -27509
-3142 50832
-17650 -114346
-11524 -143896
-69986 18067
-29486 48028
-130008 -24256
17761 55790
65142 56247
-29633 21858
16406 91632
91924 -84884
116921 28216
61325 6294
-13896 67050
-28541 19880
-39273 -21699
28798 32825
-18168 121833
-42443 -52237
-58923 -12050
-59813 33840
-64361 16882
5699 -58359
1105 -25236
-43485 -15065
121339 55521
32896 29049
-110287 141348
-17714 61005
32265 46006
15997 87078
16034 -23655
102798 -60022
-6702 72275
-76699 147988
-163 -52497
96596 117395
117119 -60480
-131197 16422
-34219 90614
8918 -133314
37009 127576
61708 21441
-31282 -129789
129985 7120
-61407 -115004
-10101 45122
-30221 32369
-11383 -80668
-28041 -83801
27110 23546
34909 214759
-45523 -38546
109191 -66266
-22149 26798
-124402 -48887
117257 -71145
-69067 20783
102396 -165985
-23813 -148753
6648 -62949
-76508 28187
-60833 -30582
12430 41229
-65741 -58773
-58817 -60045
-65632 61637
-93717 -101863
-8025 -4429
19625 50202
26812 -21491
-5895 27655
147288 60034
24494 80606
-82487 -70053
-16300 6789
-62079 -96437
-5304 83844
-34826 -16719
102229 -24400
-33994 -21641
82318 54842
-31917 -3735
-74832 -29698
-20951 -20928
-82899 -82908
17838 114788
82565 -114921
-72519 42097
-38317 62769
61592 -22639
-27196 -34564
3645 -70394
48937 -22033
32153 -44311
90274 -10461
27385 102757
-30167 52772
-76319 67183
-35069 6447
67730 -92465
-1776 -104477
-48689 -83160
111852 -99106
-17600 28336
15197 22829
-38953 -55911
-103115 -126203
54408 -108395
34409 -119174
48861 8122
54893 -26618
52615 -33266
5545 48777
-4930 88140
-7217 -75634
-47785 -97348
-98265 -6764
69631 -75368
71736 -74288
-19168 -29128
-98322 15038
10419 -9392
-118977 -6917
1977 -36760
-32983 53561
-21486 -45847
115059 -125304
140662 33051
-61028 -85670
-166493 96196
101666 -21607
-12990 42401
60683 126061
70547 59084
-91124 22241
-37093 -27228
-49115 -17924
-25507 -61141
-51709 14263
-29682 -5936
18463 7255
-41399 -16012
-41431 90042
-50364 -19622
-56942 -63041
-35551 1706
31973 42267
47726 -59039
-69980 21411
-76833 37269
103117 108546
20256 -32974
128008 -28284
45318 -22153
55841 31179
-40192 344
37222 48037
-105765 7699
-44845 -30876
-4104 86529
11075 45615
-4115 -1130
-109288 17649
-163088 -43766
-65846 60941
-67135 -23860
-54960 41878
6247 -52995
-4879 7306
58678 46949
48114 38909
43181 -25678
51454 -33385
147201 -20868
31898 -37834
-19866 33274
-20371 -20577
75527 -102203
-6325 -24804
-120518 -19618
25608 -5850
-5760 -194887
-13350 -156214
122806 4364
-24536 -43860
12192 -65182
23548 101910
25851 2707
-71607 33935
-66349 56529
-43201 15142
-3055 -23962
-44782 49153
24117 -115777
-39407 -41682
-55660 -76241
-82801 28719
110719 51483
-22720 -95103
-35431 -23242
102935 68471
29920 -57753
-50728 43109
6115 98420
-7674 38914
53103 20007
-63425 -37054
112172 70168
-100216 38691
54797 -7444
6133 22275
-7415 29528
-21736 -9105
-37032 -105574
31531 51099
-14746 -7613
-31836 55418
-10796 -89666
-26009 152801
64967 47256
-6554 4289
130706 14083
108742 145836
-41759 -65074
-16656 -18707
-62824 -31718
-14372 21140
-82973 -117441
128276 -71165
-39803 19730
-31274 -91290
50512 16795
21085 48966
-65734 -5634
-25676 21927
101670 -4049
47805 -24957
-8467 -42629
120910 68885
-41920 126711
79040 170760
12122 61113
-46194 48481
-46587 -47033
74815 -11490
-8256 25803
-33893 -51061
7775 -37759
7844 16481
-97545 13579
8207 -24669
20078 -62635
66116 -71406
105520 117083
-13051 -121996
24264 -72617
-47574 80457
-48236 -37611
-10975 -119037
-125078 153764
50586 73358
15759 16231
18376 69883
139150 -20874
53330 -90049
4258 -43655
-95215 -95133
-74467 120111
62489 5325
94161 18385
30037 -13596
-30384 -203523
-80564 154408
99621 72719
39741 -34248
27996 66685
29007 -49859
7778 7704
113091 88706
52514 120034
14082 -21331
38099 -13586
31840 -23665
10349 118768
49010 -116883
-37922 26975
97121 -15045
43809 45352
21529 9649
-31708 -20322
-46270 52271
-12598 -29915
-171189 6370
-10639 -7251
-106608 -9487
34914 29678
11610 -108447
-129852 -102699
-70394 71893
14284 41807
54791 57032
471 15323
-68124 25907
17404 51467
112426 -3523
54621 -104995
48900 42713
-43596 90241
-41090 69426
522 -48955
19815 -19799
55023 110470
-28955 -9725
-24366 -10895
18817 146498
-70166 78670
-32693 17887
28084 7002
61996 -94838
49439 -24951
-25860 26324
80507 -133780
20827 24037
63615 -2838
-24131 19483
76081 -124428
136352 -23483
-955 -48340
-15123 -7009
15622 -32434
8355 -8883
98188 -3622
80091 -6993
40577 64719
-7308 -167598
28318 -111631
-49715 -4061
92190 -2375
-22789 -33792
69808 22356
-55372 82486
-57347 -27396
-153007 45979
-33066 73368
-29143 -134575
-27538 -18020
-47552 -36309
-26424 -101172
45419 -51592
17636 20561
-55092 -69660
51315 -70621
32065 27295
-18033 84013
-93634 -14817
64293 -110046
18085 -11685
12095 12623
83998 83386
-48266 -13387
73520 1538
5063 -42925
-81496 -20967
-1591 27435
5249 43240
-47801 12246
-33121 -47192
76363 48126
68667 -66480
-99887 -61299
66894 -270
-22441 71559
-1852 -75140
-8049 39411
-74039 97703
-34754 100308
87410 -3758
47583 50796
-38571 32080
-26434 -49551
-21303 40230
-55775 11051
-60582 -92609
-59180 32008
-81292 24287
103985 -22131
9663 47455
89340 62402
-42201 5771
-69079 41751
25610 -54376
-18443 -3664
103538 32888
-52181 28942
47072 -52833
27498 121712
33652 -3509
41758 50130
2225 116765
23321 -151323
46868 68914
-73978 -52492
-33931 117962
-36086 14481
-13135 39657
18000 -21325
1097 -38720
-45725 41121
37727 118764
-52765 61948
69066 -41922
57805 -48027
22311 -90776
-104418 126430
27658 -57943
-3666 -4986
72544 72393
-58753 528
84572 -53077
59852 -105472
11829 -37902
95901 -73940
-1706 23213
-95411 -19470
120502 14157
-31614 -13586
-65323 65525
-75917 -112019
95257 -44730
6955 -19801
127824 25949
-51329 -27787
-85692 -40263
11538 -54880
-5872 -28786
-1462 -38221
131789 -10254
-41768 -96033
44274 -13357
-44027 -12155
-81385 -22990
-156236 -6951
23836 37320
-141191 -195970
-349 121773
-72026 -44228
-50124 54234
7220 64485
-46377 25575
42743 -54415
23462 107430
-39302 72123
-37692 -26629
-19995 1906
-74162 -7939
-14479 -79509
79396 19460
36235 -65455
624 4275
-57392 -51872
142606 -20476
-28407 -21157
100592 -10765
-19178 43723
-123049 -124175
43275 -89609
533 71781
73353 -20536
61042 14781
11286 -61542
-36280 43700
1669 60347
52621 -5470
-55165 40338
-60284 75978
41696 -98923
-15564 -72725
39096 6407
-912 25886
61666 -61474
76834 -18595
31046 -88383
-78349 73359
-122942 126828
-89708 -125967
-14121 104871
5129 92790
-31381 -16919
85136 171489
83093 23279
101554 72444
-103044 36464
-556 -48464
100960 5337
-84872 20604
-40148 37311
-40102 -8170
-37956 63348
52063 -96541
60417 -22915
-75987 61260
-2252 -58558
35904 -20147
-19460 49015
41622 24949
98082 -21158
-28879 -37028
-113876 14059
38744 -48287
33254 -73136
125220 57414
71018 36437
21689 56161
13623 101815
132666 -35224
-65671 37335
-6234 45737
-51721 92228
54462 110796
46820 91527
55023 -50440
46278 -72431
35333 -20040
-68957 33539
-44191 34012
151975 -67017
160088 -78419
-93520 51213
-117255 -8062
-21746 -24629
-9153 29259
54318 58685
-81954 -16913
53240 6917
-79027 -17085
38442 113777
6971 -14069
-20181 155125
-99932 52534
75967 43695
82468 -120719
-54523 -59240
-6523 -5353
-80885 127674
18481 -37224
36930 36463
45231 -30677
16369 11243
168743 69184
38990 38182
-54537 -29910
97139 9211
14484 -46946
-124988 155034
-9360 36049
-11697 2058
-46503 -34251
-29604 -36811
44436 71123
-66628 81895
95267 11200
10561 100061
-66174 26435
80046 29256
83661 -51612
9486 38346
67386 -4938
17557 40231
-78796 44486
-30452 98631
2748 179932
-77121 -6756
-33464 -16412
-7237 -114211
-8907 16498
-8206 39991
54798 -67343
-31223 -186671
78850 10071
-22897 32715
10660 5159
-27780 -28111
91886 13557
-14692 -56562
86336 -53389
101486 -13907
-54152 107057
14207 -105286
-7686 -26487
-84202 -106004
20794 -13045
14580 -95856
-14418 -31534
93876 -141910
133762 -32832
-23097 -65288
83148 -128742
31216 -59887
154611 -91482
46580 -71359
-70429 -38510
-38374 154439
27129 -27079
-96465 -2545
81617 14525
82328 -4993
-54800 34934
-24782 -47043
45146 21542
39106 90
-107523 122818
126699 -38806
-97160 -28943
-4792 -90104
23290 114233
-36812 80775
-15892 117018
24106 35399
-37375 -40647
-99579 -82302
-85985 26541
-125940 -138351
132110 -5909
105916 -121320
-28449 46318
25180 31465
34550 29519
40823 -24087
16017 -21372
-5743 42722
71364 52749
-37458 93956
113704 46202
-63176 8366
78601 93573
-85948 -64527
6451 46707
-55118 33562
10333 -48297
22656 18957
45975 125333
-64439 -97689
-125 -92905
27352 45043
-77301 39296
22287 56510
78593 -145219
78937 -50463
132048 -49173
8453 -64335
2214 17254
38942 2426
-59077 5914
35663 17580
-112891 82320
-912 85011
