11760 44409
10997 -22891
116930 -48238
4352 18701
-41915 59513
-45198 -70654
13168 -9273
18655 66248
-21637 15379
42576 27461
-8498 -139785
-38425 -61075
41068 -74550
32608 77971
5458 32458
-139643 7906
-62331 46096
-54273 -71947
14167 -74069
-115191 -36701
-24586 -11197
-28624 -8817
98661 26485
-69355 -37443
-1714 -34448
-34521 2408
-34147 97320
159211 160238
12758 -44648
8636 11426
44194 33919
65587 -55904
-20333 54416
19992 -52523
38663 -35204
-118613 -37927
8892 -48963
80012 79756
28605 -13529
30164 34980
-76280 -45661
-30930 27607
-38595 -6413
-78449 -67969
-46788 -44467
38143 68593
86122 -63885
8937 -86325
-101910 44611
-113426 75195
78192 -35602
-180195 -19351
137876 -186
3986 14313
30868 17253
-65527 -15751
6843 5910
43131 12545
-15085 -36085
-8908 93009
-75116 -89002
24459 -25036
2391 -78707
-52890 -56657
39661 -137479
-5934 13221
-37940 93423
46077 35976
-11202 -23655
11345 -89672
-48451 -129198
18972 -15215
-133942 195392
4695 27551
130769 -69682
27471 -11168
39710 -36072
-26445 -77046
-128397 -2506
-137260 64886
9798 -70299
14974 4482
3484 124950
16444 111733
48160 -89290
-4869 46007
32248 -19021
49591 -62413
152422 -46885
31608 41269
-13451 34359
85714 108412
-86041 11567
43082 -18731
-19429 -34426
-44496 -42817
-19581 -105124
-11691 10882
68399 -35358
50346 46515
15795 -110179
-134372 98387
73734 27554
34537 -146809
-10879 10774
41896 149083
28192 130828
7134 14956
64549 16957
182173 -50720
35369 87929
-3797 118487
-155924 -13609
-122842 -53676
-15138 11875
-30187 5820
-113199 36812
38906 -111265
-31288 -28369
117258 50758
60819 143153
-70401 -24907
6109 36703
14231 80260
42484 36258
-144878 -4657
41476 -17081
-88857 -1862
-94695 8872
-21019 82898
2218 -30180
24947 -70139
17497 89975
61300 3057
61989 34394
-91353 -114970
56742 33787
33205 -32531
-4592 23523
-168159 -27037
75163 -13309
51221 41073
-94369 128027
23884 -72697
37389 -40803
-32207 -14669
-8310 -53630
-41772 -24703
-3795 3806
72091 12764
6429 25726
135779 78960
79313 -37201
12993 -25257
66785 19432
17834 20899
89080 23436
29167 -61086
-39385 -59627
-15838 2872
109937 20390
469 40288
45777 48136
105401 -63961
68723 38607
67334 -71548
-79924 83899
-29496 -37956
-21408 92871
125808 -1573
-37681 -120853
122941 100763
-23735 51203
48810 -30726
100528 -67005
-62788 67435
13634 -79900
-79616 12869
33207 -44595
-24479 5035
88993 -19757
-1340 -54270
-22590 -11921
41502 56338
65225 1985
-47922 70544
-100194 -47555
-159749 -83906
100270 -26936
24581 -16039
44695 73451
33044 40547
-30589 -24091
40479 40796
110165 23151
-80983 -51590
-56115 -24549
107911 -56525
1864 -5589
-123703 149470
10739 178140
-30334 47810
25169 166336
23269 -24804
-80161 -138831
115257 55964
26929 56314
39007 -56328
348 -95755
-75336 -18689
-32287 -50325
-37544 27289
167693 30071
-52052 -98601
-50227 141137
6810 20803
-29221 14436
35382 54940
67781 -21088
-62682 36118
67991 142351
-13467 -155702
10432 -43347
15391 72830
33209 -99490
11504 176443
72840 -115484
-3055 -95294
23838 62092
28689 38942
-44020 85451
-30489 -3728
-84840 31363
16477 -38959
-58382 -95510
-19466 -70741
-58156 111690
93331 71845
9265 58089
96860 46750
18437 60787
7051 111339
-76101 -81066
63047 -56997
2928 72349
-37532 -61715
37081 -17552
-30227 -40653
-38268 36374
-50243 -28725
54640 -39364
81621 10052
-19494 -86234
-47807 66496
-48181 12744
-53771 -62419
113100 -60028
94803 -45151
-3856 -34486
52972 71814
-74754 -169831
31459 -36559
9 72257
-93691 -37252
-55631 -90580
-3392 -49933
-1222 -21287
-8592 -59746
-14522 -28615
46594 34230
-11426 -36222
-116980 113170
-36893 -44905
-111546 -62657
-48431 1119
782 -63201
44317 -44301
47583 17153
36856 -48299
-101549 -43157
1746 -93545
27007 -38085
-93167 -1818
-29881 46602
-107634 43750
40265 -32853
45084 64383
-15208 -1214
46653 10360
-124832 31522
61528 58218
25610 -92957
-79429 25550
94149 104318
-45392 -9945
-32491 41430
17292 -78436
134023 -89465
66645 5891
69935 16000
39583 -49493
29830 -2886
22322 65486
20130 25395
6730 -41024
16614 34619
-20458 63094
37196 91720
-34113 -55779
-63493 -121494
61282 161197
-17481 86685
-98055 49205
-55894 -80342
-93680 4847
71412 45990
130764 73772
4005 102502
42516 -60804
27569 35812
34264 33682
64405 20752
-57690 49311
-38590 -38087
-21443 -13394
77841 -57409
-60685 -6023
-93501 818
81492 16712
-42178 32630
30356 -21875
7505 -87882
1406 -49037
-22937 -69467
69714 50658
32273 -30684
-36927 18385
75956 73904
-73863 191323
-4878 23740
64494 14880
-58390 87916
-79391 143627
-29982 66836
-45360 29570
-33892 -56692
46194 145513
-111071 33420
-8882 -101577
-284 -73907
-28294 -15298
96934 -46295
-3994 26822
-1313 -56580
1965 92853
-24749 -65778
-84606 -47267
-76673 87751
79011 -40153
-37840 2367
-29617 -37607
3795 -53542
-17817 61203
-36606 81641
-588 -49257
136366 9992
-85190 4501
17910 -50883
-42176 -42309
126193 37293
-48178 62289
-88674 -68543
-120924 -11646
101072 -12964
-71256 54
-1442 33747
-70755 -173200
-42334 66668
86253 81262
68888 -33206
-21818 -160745
93892 52426
70692 203779
74677 57227
23721 -79507
-121679 -7396
26659 -36139
11959 118747
-99984 -29413
18655 -34877
20728 -856
-120691 2862
16241 -53398
-134652 85788
96363 -64291
-15977 94663
20555 -87050
21424 38930
131761 -57837
2088 102144
-7794 -64254
-17725 -22996
-49946 92630
36532 66342
25499 19052
28160 33720
-6200 18932
38351 11969
106063 -12805
75499 15559
9100 -32161
71182 26745
63500 -73501
59466 -51021
-58384 -100072
-31159 -102482
-14849 61081
-42094 74711
-8321 -96564
10677 -5518
11801 -6816
-55160 -45726
10478 -121850
-463 -63974
25496 50430
79998 50319
15309 -119370
-7617 511
146985 -7633
-46492 -28845
-12757 -51300
181372 -64245
-43528 -246681
63745 -37358
-92482 -54249
23760 67880
67257 22177
-74365 -37144
55257 -55933
139671 62962
-36281 -102402
88898 71303
35807 41549
40032 -87865
-89371 -45481
40830 41332
20981 -41834
-7336 9147
-47142 -49986
-53434 102772
65114 -117209
32972 -32234
-37435 -77652
-81583 -47868
123092 52804
-13866 -64158
122854 55117
33444 59676
-66435 21841
-4082 21558
-22251 -111122
49321 34406
7823 -45436
109585 -51161
-7316 38458
34638 -10908
-94908 86710
95219 28201
34098 115424
62002 59388
-45162 -17938
28651 -125568
10862 -63269
2494 32777
-66568 -99079
37636 -27430
42542 34000
-24528 23446
-67611 -40361
83297 42289
-136354 -60305
96430 134093
-9394 27276
-108208 7715
-67961 82690
119947 -66915
-247 18104
-64532 33817
-26148 -104568
28902 -19161
45117 -65059
-126418 67855
67292 7041
62630 -129051
-108827 34824
53532 197256
-23425 63438
939 -9046
-36920 -307
25497 -109225
-48612 13260
47904 -65298
-123517 97567
-16439 80385
-24723 -33880
90735 -83550
-14435 72448
126638 13238
131975 -11581
-41999 -78783
17132 37145
-12083 41829
49137 -21763
4305 44924
-4561 -33828
30960 24207
-16751 19012
48154 -8192
-15231 109124
115294 -11872
37036 -35211
70525 -9466
-2618 788
73480 16081
29254 -68444
22239 -5917
-61235 -12946
-93821 -12879
-40778 -72275
-11567 12565
11292 -29019
109803 823
-115394 80947
-130557 56221
13220 79263
-44669 -123301
-5163 -8367
4614 25417
-42465 37966
-2516 101299
-33110 -35234
-87693 18084
-157640 7708
-105268 -19959
2255 -28607
55891 107863
-6362 -2700
33361 -34177
-42546 144520
46879 -130926
-67361 61088
-165126 -96427
8725 97646
-68064 -34895
-81057 16976
-81153 70348
31821 -106901
-14743 49943
64920 -9719
59000 -57459
-57499 -20334
29535 56574
77234 71695
81917 -81906
-37723 22449
84585 -28847
84466 -108502
-26956 -19950
43469 -91817
-11550 6462
7640 118469
30624 -111154
36915 -84499
40283 12668
-14780 -82334
-1503 -114330
-11627 71457
-28861 108686
-2244 -5504
159793 -80762
-74938 -96245
60096 -20527
38838 -61238
30648 54974
145219 143376
-89327 -36756
-18640 45624
72956 -35349
47834 14229
49755 -14207
-76578 -58807
86725 -122644
35883 -47713
-53617 21333
-81245 36681
-24488 115911
-6659 -147971
-44381 -20835
-93398 -72254
72895 38481
-24476 6642
51709 118257
6696 17779
-99827 -26497
-82230 72200
-51192 4759
-108444 18078
79193 -76244
6174 3916
3594 36341
-97785 7794
-77524 47511
-66833 -199376
-7402 -124336
69186 -41997
71679 52456
-51000 -37534
13039 -32068
-30612 56535
-168119 17440
-127457 -63594
-34673 -99813
-51382 32837
-522 40831
388 31037
79799 51531
-41577 18861
-31517 -81735
26764 67614
78583 -70966
61050 -31122
24144 138274
120099 -4946
66432 -62413
20417 14068
-52960 2193
-54701 -2762
-64510 88518
176384 108298
-37360 27193
-4721 -41235
-42469 -20597
-11448 176548
10848 30988
-26928 -54114
21525 -82229
49352 -101428
2057 51000
-4647 -111804
-131 -7211
78674 -2533
-8476 -36618
-135233 -78008
54269 65015
67782 -15944
3496 153725
23208 -27139
15152 60523
43481 -62414
-32693 -64446
-112764 -65744
70360 -36071
-3176 102801
-43021 39617
15752 87335
69699 -11274
137728 -45949
7372 -109766
74048 9832
13789 78130
8904 117725
-14549 39259
39148 -67752
48783 86875
89649 -43048
22626 -38274
-5587 143654
8921 -123179
-4508 -27011
-9026 -68977
109763 -16888
67071 114176
8799 72405
81779 -6754
40453 -122822
13325 84984
-73179 -63765
32583 -8092
51633 -18960
55565 105294
-23255 -73583
58337 -8092
-96440 74783
24585 -63421
148632 79902
13825 -43189
90379 -54782
-95668 -1024
55332 -96788
-103796 25392
10885 13290
-34701 4580
-151609 -62871
7430 46376
29359 -53545
-109829 -25372
-98446 19906
-44378 5590
-89740 80019
54718 3085
38185 113338
-130328 912
36135 -30096
-15842 -34537
-15708 -67356
8417 -66995
28994 38943
-25468 31487
42673 59425
59850 -108907
-177173 112158
17474 38559
22511 -171058
-68849 4888
26623 -98430
58986 -90793
36751 -164498
-13842 32711
-145284 53085
43422 -19974
21819 101260
79318 -24970
-54555 -35381
3426 -132003
-43885 36360
-46930 -29647
-58703 16908
32208 155751
-109762 94758
89278 -949
-106776 -41405
-158509 -27355
-66517 68352
-81675 65461
6577 -81851
120692 34633
88314 114311
120333 -65149
-38810 -24291
62203 -60806
51086 -7523
-54778 84077
-120415 -94487
-161269 51551
-48673 83488
-6955 86792
15646 149406
-71698 46975
-42807 37934
-54089 -69723
-38962 89045
-70976 60054
-80032 -30103
-93141 100832
-79102 -34622
-29916 -48377
-30583 -18746
37208 -103330
-84567 7618
-4608 62058
-108365 42856
105387 18206
-48189 43023
33189 -5599
20655 -180019
46170 -27112
30912 69032
13884 51992
-63485 -76319
52212 -89280
17303 -56531
63694 -15178
-37516 -35486
-103500 -27969
-47865 103560
78985 49513
19987 31192
-15961 89588
93581 8515
-67331 -48301
26083 -6587
-143946 18299
-102377 -136443
-41659 13278
-73867 22236
34505 6937
-50973 12927
214848 -65749
-60190 4945
-2919 -77060
83325 -121857
-100095 -26426
-27720 -103202
73783 29160
111867 -119627
-5406 -33618
-10958 31808
-15781 -13154
-44238 -75218
-55758 -73732
-60182 -196810
-39909 -391
7342 50439
-29382 97989
-4224 53556
-1104 -32054
-70082 -58834
25055 -184928
-55657 -54271
82167 -15492
-52606 -71482
-128974 51127
-26372 106949
-53180 -13762
-82784 -83144
-56128 123720
-125402 53174
35997 -36098
24873 -73617
-38397 -30682
128983 -47504
32256 -2324
2328 15823
-85762 -81090
78880 32340
6317 -43016
8808 -56286
122702 105480
-16808 -56448
-55379 -46205
317 -9041
65877 29629
-5749 -20134
-34891 50412
35000 51032
-56298 -43703
62564 79483
-33409 9090
-90232 25462
-97676 61778
-34858 -18442
-55412 -18098
25788 -46689
106529 176270
-2177 58533
-31527 45310
71891 -63762
-78280 -29892
-157335 -116478
-56612 163264
-9455 7351
-127418 75478
-1679 -95527
54566 50897
-140314 61674
55511 20339
-9522 -46630
68907 46041
105080 56417
28022 17276
-31764 23538
-114144 -121136
-76989 -167496
-75616 -48331
-101115 108376
23952 80512
-99046 89144
-51891 49119
10331 98943
-97359 -37850
147078 8756
-66854 -64056
79612 42201
38225 -34172
-76583 -119954
107221 111321
-27051 -19537
-97637 -62055
-68998 -18455
-18929 -4375
-34696 14446
9781 40872
-113816 -62074
155727 60844
-91564 73380
2761 -107688
-3561 -13909
-61065 -86860
-123674 -8335
-73442 -9852
-62868 -6586
-44941 -12557
-10235 -33138
46365 -122223
-27657 -81302
-1093 -545
-90418 54841
-75083 3220
-45614 -3978
-37469 68496
-56618 2620
42756 -95367
-3670 -10832
-37558 -43863
-50711 83489
16691 -89547
-75377 -18953
-72164 36358
-69662 71410
4760 50735
-156367 -30342
-62818 -55959
71714 -21743
-135175 49383
-68756 -31130
34032 22670
-58282 -88476
36321 -77446
2465 -69954
-100596 -18792
-105689 -16392
50584 20173
-3819 -32668
-264 -65096
21323 65071
21055 -54797
-71552 11335
-113288 -10280
-102412 23390
52480 67537
29543 -18036
17508 -42887
-138790 1903
-69916 -56915
177102 65118
40679 -9432
22778 59963
-89278 93175
-64068 115241
10418 -50450
16920 3799
-54202 -49783
24689 -55980
29755 -105341
-39929 -14979
-18223 -81177
82931 16459
-27220 -17474
24611 -78731
94225 51174
-74624 -19884
49210 -62464
75649 66736
32315 10749
-38483 -8224
-62120 -52523
99680 10339
51594 -32710
-99597 105113
5384 -2054
26073 56249
160074 97890
24684 76807
126285 1676
-39702 -36498
23769 -14094
-121147 -30391
-81948 104461
82426 54677
24873 -47638
-105054 46302
-118186 -19593
94707 -39718
-1719 113530
-12657 178936
85685 -126914
-24351 59484
-46724 -37619
-48623 49311
-6827 -98945
13931 -41736
-29354 38828
-94504 2043
66077 15109
-15549 -114946
93352 34648
55028 6634
7284 69563
-76458 148885
-32904 83775
-1107 -191464
87831 29400
1456 60514
-17409 124132
22777 -50511
-58241 32159
11133 130909
-19218 -33459
10346 -105503
118667 25691
60384 138996
-47432 17570
89032 -19147
-80774 11663
14050 -48176
-89500 98549
-26742 -32222
-43304 -101168
-39993 -174308
46045 -30034
56945 -42087
-161212 108509
35641 40932
-81611 -2612
-30258 58640
-3407 65888
-96317 18508
-166350 88127
-33264 -24366
13127 75053
-4944 -49005
-9910 -123499
116130 -72035
62519 70480
43908 33297
-41268 -143941
-2176 -24124
-38062 51465
24591 96338
58329 195
56270 56890
-79242 -23223
-37730 28453
13638 75098
83317 51807
-24428 -29035
31423 52174
45459 84780
-1234 158674
-33545 -61899
38165 50058
-107959 -4649
133926 77056
124593 -31627
6422 -32902
-24644 -179292
33517 5339
-40031 20826
-15468 -11423
-83744 64081
70770 -28595
86042 -70420
39587 115367
-74383 -30349
94225 30048
-73114 -167128
-25520 46579
-19627 47602
-47204 -41402
-75139 17804
43124 48304
10923 -63392
-67709 5261
-114469 51000
18059 -63829
-15534 -25658
-36999 -79329
-141119 68440
-153013 -15313
48538 8595
35633 -25248
-33933 109052
59822 112753
-111954 103022
32885 -6961
24085 124147
-72382 10321
86179 -42884
22030 48056
-30495 -3220
-10736 21640
52572 -19776
-39558 -124421
6665 121475
-124669 -37533
-23391 16375
15075 -78444
-25408 71373
-44654 -54762
-39719 -93141
-61209 11325
5806 41157
38156 -105049
68835 -80678
31041 52171
118463 -12265
66075 -2994
-24810 -53244
77421 38915
-102801 11306
-45088 63982
20193 -68314
-8836 -63223
57741 11695
82312 50709
106744 24795
94262 84561
-64143 28375
8135 94717
-16909 22773
-28623 -3194
-80091 12443
15683 -35799
-18290 110008
-7751 131818
-117813 -17235
-7634 32058
18407 16302
22424 -104450
-121742 -53239
-37979 -109587
-68656 -9140
12974 72551
54906 37570
-34016 42572
-36278 -2603
3695 3118
164914 121684
47919 153334
70197 -31299
-34434 53670
-69905 -63238
-18068 -56010
-26502 45269
99738 81518
-41188 20239
-42130 -10031
-65209 -69026
4262 12207
58770 44700
56746 45766
112433 32514
20622 -109742
7891 -94806
23908 20354
76166 44409
52081 -132112
87475 43214
-70488 33444
-110715 -64592
-95613 -26039
-69143 122028
-81790 50641
-102652 -28594
-9063 -174332
-63039 37692
39566 -46099
117203 -11093
-86555 11892
48423 21780
-59905 -69432
-90547 102756
-55708 93906
-29999 -63891
-64431 -10491
-58491 6338
15556 -14925
8109 85535
28140 43437
89163 128995
19665 -96689
-109677 165360
89807 20986
-47486 91935
28483 30144
136328 31468
-73915 -59247
4357 35104
-26724 42883
21394 -57998
29408 8598
-45538 91057
-80652 -19169
39190 -51520
-8351 25905
-32744 94450
111333 -77432
-77618 -132746
25359 -41401
40986 -24852
21503 125560
151884 30581
-29719 -81400
-24771 50684
-49731 43451
-178019 45376
111947 37143
9708 45240
88257 64077
-91906 -64506
-19461 -35839
114379 136118
26588 96351
-81357 -41507
44656 69611
-25632 59004
-54590 120506
71582 -59178
19218 125474
-114771 -2681
-77549 -65879
11322 78635
55582 -26864
-27723 -62205
-5532 49512
-40568 -20273
-7111 -15894
55678 44184
41123 -70071
-62394 -3043
105609 6668
85633 -40799
45156 42292
10836 -62193
70989 27497
-6148 82932
-104480 130013
76848 86243
19534 -19867
-29274 -63464
96842 33551
-77286 118736
25335 69300
22259 -51868
-84740 -37049
-30445 -86568
-56400 16506
-101520 -129321
-165715 103253
128463 -47372
82915 -11308
-17126 -30910
-62518 -98858
-49253 -26924
-115198 57244
24828 23278
23113 133525
2493 -14521
5749 9374
33199 -42127
-29942 -76347
-2716 -57787
-23442 -2482
-53019 32547
-3040 -5490
133025 103766
31857 -40421
16169 24215
-3717 13650
-91255 73508
93557 -133432
-1186 135050
-19675 24205
124371 -3145
147806 -126612
-36439 -80442
-53417 90621
-48219 72731
-10579 86305
100805 -5381
114802 -115617
76534 -48481
-91026 35477
-145457 7591
-37767 12381
-8555 44759
8313 -179136
-3017 15813
82171 24173
45166 -45122
-11094 2045
-28115 86936
-86439 -44326
-33676 102330
70234 -67241
39733 156088
88350 -42097
-49509 -90104
-2133 58298
28984 22469
47217 -6052
36875 1037
-8920 24220
115863 13757
27730 10593
18109 -8717
-119400 32892
-32170 21788
-74977 -5838
-9264 31613
-10531 -5538
45033 -30088
-78491 -40919
61578 -83894
-20416 -9110
98314 52050
-140475 -82669
-911 -59551
70433 -89809
44194 -39179
44116 -24686
-107375 -14812
16526 -81111
6695 -148264
37086 -56393
-46024 -55201
37625 40507
-85617 -44939
-18494 -36928
13984 1855
-70394 -23935
21639 5539
132922 -27443
-11873 10292
46358 -45976
47685 -67686
43511 19388
-78439 -87889
-127823 -33012
34966 -116765
104960 99562
-12110 63935
111663 -106840
-107186 104918
97475 6743
77942 -66847
-33420 -69860
63347 9454
-16552 -67661
-74459 -37858
61058 101883
28998 23713
-58669 -38771
56454 9919
4813 -46974
-82446 40808
-3826 153703
-101063 -68005
64962 -78795
-18762 57163
-25654 64786
7937 33184
164229 8970
173893 33858
142812 20684
-11169 -36241
-7933 -83216
181955 74983
47564 21054
-19596 -7784
-33168 116989
105799 15054
-32369 -15166
186 31837
-2249 41595
92690 86197
-162994 -81475
97257 -10611
-9432 -56447
-33644 -32030
-44728 -191550
15226 3726
-37701 -32298
73192 -71100
-46375 -3231
6373 -50988
29852 5275
-15447 32787
19015 -98241
-66184 -44387
11900 -585
21255 -90019
99840 -11348
-156260 -33776
15286 23779
-95327 -6810
24097 26511
-9247 -36384
-6785 21153
15446 53051
-36651 -12448
-113696 55578
77532 -13348
91618 46015
55377 42623
-10240 61435
-174226 70207
52667 165236
-47734 67009
-19123 -50092
-29872 25547
98690 -53269
92956 -76926
-41209 79638
-140130 37424
14439 111942
91878 -20931
-14629 107565
-24340 -3830
-26098 6262
33375 -29067
-70157 -82511
-7930 9389
-183720 74428
-73213 87309
-20026 7343
12025 68024
5238 18847
81453 31800
-98984 28670
-123384 85218
-26001 42116
48229 -24979
38282 39735
-35521 41063
28101 85083
25411 -40491
28055 -59950
58732 99236
1395 28832
1342 -35935
-27628 -64493
-146340 -123523
54357 21954
-5291 33026
5510 19817
36770 822
-30866 -23647
8284 27521
16073 -103497
-69101 31775
-18818 40935
65070 -70524
88056 32790
-121148 -48966
-71378 3801
67980 22958
9852 36614
-34254 9740
-91150 128124
43141 46652
76358 -145159
113494 3899
50890 -17963
-113897 -46519
-129164 -189
48612 -10923
-22232 149688
109591 -14198
69565 9231
79113 -51226
24232 130525
22616 -144828
-14927 -35659
59987 71886
85601 3530
71613 -9936
46788 27222
98895 -26943
-24033 9297
-1192 20542
-26001 -117527
51275 73377
83670 122256
-1291 22704
-33404 35857
58188 90157
-34656 727
12175 109919
45267 68822
-63914 -36619
-37950 95042
73716 -19309
4798 -79186
12246 30459
-58606 4059
-57122 44851
9668 46555
55103 7895
174002 -15711
-61831 74063
34849 -54443
10426 -52142
-117356 -7908
61458 24960
-517 -9884
83615 -66408
40914 -12986
-74808 -50386
-26817 65702
-67376 -40310
32973 -2977
48326 162389
31766 -32182
-35621 -1694
-137344 -68333
29376 16652
-58077 -44621
-13740 38215
-16754 6508
53035 55352
-19279 -70548
59170 -54495
-77066 -98667
-23563 -90618
94198 2952
-15951 31227
-19159 31453
98098 -47019
-60446 88504
-22155 -68580
3852 121506
-30308 -17741
-13272 95059
15342 111505
-5031 -9190
3386 -50864
-116129 -98055
36978 -95397
-4692 -12764
81321 -14341
14917 -71994
-53496 108803
-143346 -58577
140858 -89253
-70133 119063
-68038 11054
33495 -44914
-12402 38801
-41083 -54939
-1172 -57640
-18923 2184
-49678 -42221
-34810 45230
81804 -34314
-91029 145170
28692 15207
-37300 77241
76935 20691
143742 -35014
-7340 82600
-8581 -21582
89467 158853
3873 -19049
-18255 -41928
-64019 -29757
-20957 55362
83984 49927
-90450 120961
-54443 32432
-68578 -31460
38901 -53248
16859 54967
-114235 -36778
1836 -6739
-100870 -24282
55710 29077
176 14279
65037 -43498
103123 78670
50040 33017
-16223 11296
8373 228
15415 671
-21341 49770
11577 -65890
8975 165429
-65790 41592
46355 -62117
122735 139400
-44244 54272
-30397 37263
-11911 -175257
-116238 -12665
-16227 -80234
-122323 10099
-31501 -92118
-80691 -89491
2840 55405
-52298 3157
-45324 73058
-111432 105563
86555 154314
40988 34847
30468 -15662
12293 -81457
24456 -66734
82782 -33589
41695 -12899
-69932 -14103
-842 259
17983 156020
-57827 120822
57339 -25022
142424 -59035
38840 43959
101628 -100539
124754 -89889
-44902 -64665
-42082 50560
23585 43656
-14493 -156499
54882 -52345
-68056 135595
17184 62381
-17638 105084
2436 -4993
94298 -21545
21005 -35921
40241 -42503
54812 15535
-19188 13789
-35961 -131733
-59529 12428
53145 144628
-18554 -45348
60542 -43894
9335 49357
18661 -83511
-46464 32256
-123187 35258
-3394 -40325
29468 64708
64076 74818
4359 -170001
49486 -41508
-27261 25732
19220 3748
14612 -57478
13590 70715
132927 -53054
-57239 16322
-47811 72672
16684 34722
-42556 73041
38971 105762
130492 -54132
-144499 60475
95575 -53405
-6578 6150
41755 -49600
-69886 -115613
11158 3967
126266 15827
77912 34877
-55577 -57134
-1862 42122
83794 -4046
1602 50876
-40306 98775
-46184 -171289
-53552 18265
6699 -38653
9136 -29783
38445 -6183
-70474 -116555
-39023 92085
-25037 15080
-79381 -16991
31083 -37426
-51857 -82389
-13030 35825
16161 -134987
-78705 -2922
-68328 98280
23104 53524
-50361 25229
108534 14998
28608 25833
31358 4246
-25791 109601
51608 39467
-92889 -49610
-77090 23074
96608 -8561
-74827 101425
11669 2836
-65309 86307
59198 -3841
33600 83354
-107082 19659
39448 -78530
17619 132081
22164 64631
45323 -76776
1875 -49607
-21941 93765
-28947 47200
28855 190638
-23176 -45222
17780 -37449
140821 88042
-16693 -24150
30202 -66846
217309 84556
-25149 -20264
71301 -32653
9907 16112
61453 -13117
34497 11710
52594 -14344
-231612 -104647
33625 -92040
-15278 35959
48458 70909
87816 -25862
69753 -29835
-125467 32018
-5410 13425
-4918 1039
38161 -1542
9559 104930
85676 92426
45125 185908
-29434 -135771
34089 -115300
-20965 18172
-50688 65330
-69557 96828
-11677 -91092
52823 20196
34368 -27489
34663 -23846
13848 73529
106844 -18624
67688 -42790
-36018 -62657
26735 -35077
8652 43160
-25215 41512
17634 -12104
88596 -78896
58434 811
-56578 -82777
-24798 17049
-56115 58251
-25969 -97390
34758 105567
64965 -17501
-77778 17846
419 82514
15280 -7567
-80197 19889
37769 91234
20722 -161366
19690 36363
-61874 17344
-56637 -35770
-3179 88511
18968 54876
73069 92168
-4723 125980
-15612 -230338
-30878 -8688
3415 10540
11480 105266
-50563 41306
-8309 -9139
34812 -83778
145389 26029
15891 -10131
83360 -131240
100577 -33997
107245 41053
-10785 40220
64943 -15979
112846 -199186
-90232 -92
120956 80203
8578 9552
-77529 -7652
-61490 5520
-104212 -70308
88781 1195
37361 19467
-3538 -96316
25492 60207
56304 -149177
-28658 -52211
47829 -61541
-144951 29698
1394 41133
-20850 -6394
-56804 48812
7862 -20257
-403 5063
-3644 2729
-72072 25446
-1819 -47294
36948 -65920
-9422 -23582
-11818 -11796
-12123 -6184
-70344 88313
-1892 -20583
-55383 -17011
-38584 28498
13200 94497
-75417 -6169
-134245 67012
115818 -6449
51154 17132
3514 17706
36518 88981
81158 138199
8639 -52941
-43553 89666
-86162 -11852
-72591 -80187
2568 -10497
53439 20009
-34857 -7269
-24990 23212
39174 -19426
-63434 -122369
16835 -87451
-23857 -35039
15982 -41908
6589 81195
-7599 -1453
155777 -67717
-39696 -14586
-106723 151454
-15587 -37722
-73688 23304
41991 7729
-31183 20304
60506 16431
4450 2099
15805 17367
178583 -22815
-94404 -32210
-128374 -16634
-51231 36272
-22997 76671
23799 -33042
43402 -27826
16623 -42936
28204 -17067
16585 -19960
18209 -54342
-65670 23291
-34833 58213
22825 58581
11213 -86676
80478 -88177
-51595 130281
26942 97864
-19901 -83754
101701 12306
-98444 5581
15858 167398
39106 32407
84499 5659
-87001 -7632
141858 -6637
63311 56626
64314 -177620
74027 4267
129063 -20507
-2883 118888
442 -13903
-113538 -59914
-28118 -51158
-25101 13067
-7092 -104900
4591 -58764
-54261 53495
20110 -28018
71392 -940
-97592 69176
-66090 -43530
29203 21493
14645 12365
99938 26710
-15681 -17099
-99192 -41486
-32146 122765
42001 7038
38015 -84693
-13289 26267
-19903 76100
62722 -47333
-68773 -38157
-33818 114657
75363 38872
-40743 71355
199218 -37383
-11165 91037
-44662 56992
-47037 -46329
-9824 -2972
-79164 50119
10974 88726
-101733 -7426
17165 42279
-41865 89677
-30904 -20661
-38696 16930
-34908 -137206
-122641 -165738
99838 21283
29893 -103978
-116646 -128099
-123794 -24972
75796 -4351
5869 -21382
91775 167571
-1963 112915
42470 85389
10249 -63867
37871 87197
61640 -21557
-130748 -51740
5921 -19578
-26980 -6879
41245 78541
-83460 -24069
-2380 -98841
-19674 -16760
24989 10573
-177764 19149
83714 48
37703 -164255
6959 17999
39963 51271
30778 58263
108896 36414
-98537 -44578
2554 92494
9184 -38496
20901 110605
79003 -56855
19013 -96914
-33829 -18508
19707 -60912
-21852 24444
-80257 -35558
46780 76083
19505 5492
11509 -28920
63011 36247
-95478 157979
221113 65587
36266 48710
-29476 2329
-117106 -16051
-39741 -2725
-83899 -18177
5070 -27224
-138886 -70852
39193 31958
-93476 1604
36675 -40641
-87939 5842
8063 -97115
-11073 130119
-136371 873
-55220 -67734
37065 -135309
32972 37908
47200 78119
28375 -128759
-91541 52846
-90355 76618
-47122 -41731
97846 44984
73614 16962
-74179 95689
-37097 66970
55142 -60838
-41309 -65277
144938 -42820
-16105 6278
59240 34436
73708 -80487
-24316 -24988
63772 26794
90653 53271
-20946 -31755
95699 65245
-37417 89045
76426 3375
-19235 36641
79375 -80280
-42219 24674
10039 95923
49525 -18372
-8493 -83679
143721 96164
-31967 -43509
-24177 -97324
-27405 2519
-18948 -117620
-129681 53735
-100397 84702
50471 26552
-39070 -23973
-14028 37712
29698 -70891
-51109 -16380
-49121 -53254
11597 20042
-23039 -8780
72288 -33296
23913 1437
-54836 -123636
-48462 -9369
-6797 -10907
-130738 43661
-1582 -4376
-95600 117606
11526 106330
-61820 -21706
46043 35227
75710 49541
-88568 -16350
-90717 11399
73302 -56109
-104659 5638
38244 40625
141295 63721
-76616 74587
93007 18585
83564 -58213
86769 26854
46034 1815
65495 -157421
56245 -48964
14505 163319
-52110 1784
7724 -64848
-34353 -55159
-94122 -48411
60134 -12143
-10083 -26225
-64253 8569
-90959 -57203
111614 -75090
-53857 15274
-22712 -8144
118876 67736
56892 116404
13742 -63025
-83155 35309
-1608 -133300
40364 -60675
80868 -52845
-59594 -75619
48247 88590
38224 12495
-32876 -88359
-41969 28831
-455 -140497
-133639 -39002
26016 117228
2768 -38716
60353 39677
60595 -69191
-120883 38854
51100 -174968
-136298 -34119
-76408 36844
88825 85164
-65030 26152
-11298 -21872
-124878 -7314
60414 -9984
-52094 -109041
-87084 40367
19649 -1064
51593 -4076
-61320 66481
-38538 62925
83467 43313
69928 -149764
-112873 -21476
-28093 -92108
29629 43998
10807 40329
-7527 -58382
-30726 44188
16700 -35737
-73653 59003
-19432 -2949
-652 -29946
27791 70896
-35630 29072
14986 94389
30980 -51378
-55322 67346
-167237 -72600
21176 55302
-32060 61517
-107866 -70567
13036 55899
75962 -59322
53343 30754
33930 18738
39000 -202125
-53326 6320
-15571 5515
84706 -53320
23632 127547
67019 76749
67028 60686
21554 -15959
-69023 -19396
-22394 -20356
-115450 100918
72255 -32242
46296 48996
-125261 -31863
-21283 -36914
-119864 5781
30934 -44734
-89537 -658
-25009 28033
-11100 -67320
-7928 -3900
51360 6798
-50761 -65671
16003 112716
-45413 -13784
14090 -188049
12976 -5278
22557 -84276
-8610 -36261
-23267 35527
-37738 -9224
-39007 56954
54474 81810
15745 82920
-74916 18182
-93296 150480
41830 114685
86531 139102
-70890 9592
2507 -16289
-63080 18640
44188 -41033
-19609 184976
-28745 104282
-54651 76027
-26931 20215
31764 -105123
-44771 47302
-15892 78731
107794 77334
-31837 -47543
43612 -81724
2461 43134
78837 -9645
7175 29162
-63893 119389
84540 11223
68151 -20335
-37289 23836
18465 -40903
-96686 87356
30071 -84452
-38733 -2145
-39547 52102
-47897 9948
97664 43160
-109926 89452
-44991 -24029
39872 -45072
20738 39198
-22682 -105217
-21597 -7011
-74407 72899
46983 18769
-45965 31438
142032 16255
71371 -35551
32073 -12320
62018 9792
-20919 129086
123852 -209336
-161787 -30324
-104593 50743
37841 109333
48019 -10669
-15207 7275
11403 18270
867 -57665
-89488 170541
68808 -20134
-19516 -118677
164963 89245
-116347 2459
-71878 -132550
-28866 58557
81430 -34883
32835 32108
16279 -55668
123402 91648
-62588 -105150
14748 128579
56119 36109
-62273 -88614
3555 54182
-50657 99842
104164 -4118
-23817 -22702
50632 86455
-22569 -14557
-1857 17148
-30853 -50551
-60090 -29580
59383 -48683
-13334 56192
96764 -15435
72075 56217
130870 14760
-139080 -114799
-6343 9649
16536 109862
-20222 163077
14948 -49591
44063 -57546
77206 -34426
-136326 38235
79634 22156
59290 25357
-17557 -9807
-102411 -66310
-25620 -115340
-109373 -56904
-50730 20472
47825 110087
-91990 11893
-44200 -5506
-67086 192453
40445 -52985
142175 132
26600 56287
155897 -25101
21614 110119
50964 70711
-18916 11756
98551 -128838
66292 -31889
-36848 -44035
-29812 -46694
-48736 45914
138019 -47038
88012 -35733
7244 36676
-155407 46390
86113 117913
-89836 69487
-93955 20587
-39965 -83556
-117624 -68702
-110027 -43743
104194 73977
-7128 -7730
-25071 48745
55331 25520
28593 -39818
9402 -5189
127340 35539
26394 -7382
-17384 -40518
-95879 20064
59978 -48952
-74193 -73795
20857 63814
73854 22183
-115089 43372
56988 43372
67212 -31578
-37571 99580
-39281 113682
68322 9680
83955 13447
57952 33554
8712 -19943
50909 -76878
-130533 65717
12946 58390
-3202 -3804
535 71030
-14924 -34954
5128 96559
-23512 -30324
-13212 37229
-64234 -23155
90106 7078
-111123 -96720
-25610 -78051
-7980 -24063
54648 -37412
120841 -106652
57817 -50261
42896 -4714
64797 -66840
42186 -64464
36385 90409
83134 -70841
1867 -35273
134096 -64511
33823 -7841
-35664 118625
132016 -29818
62033 46361
75654 15647
22168 -38833
116350 91893
28388 -85281
59470 -17790
23447 62164
-43071 -79022
82512 47668
-18116 -77217
24697 -54977
18260 76215
-55680 33690
-81522 -14400
34315 25280
-43738 23485
-20627 -67373
-33266 134322
75749 -51614
26047 -35225
-51625 -27094
2517 25792
-102728 35064
97338 -19399
45170 -6575
39016 32610
23734 34966
10001 -13398
94563 -148542
99044 -39491
101387 9175
47569 -66090
3408 134014
-28708 -86721
45409 117043
53739 -113235
-25292 -35347
54562 135810
85279 -54113
42322 -46848
-71181 -41960
-119934 4623
-63071 22016
-58460 -5129
-59992 78285
-57362 16071
-6178 -117192
-17923 169530
97280 53331
35951 -90377
-80601 -12915
-19785 -38445
-45990 38898
-54143 50491
-2224 32770
-3779 -79773
40871 10217
36509 -35044
-56287 48870
-13594 -5394
124315 -23672
112030 -13223
47710 25942
-104686 81396
56525 7745
-39977 -102156
-3748 49226
41420 44173
-70612 61805
74049 -1559
-21478 -24161
-14313 30944
13227 9575
64115 -16952
-42093 155354
-4299 121631
-51220 -308
-23840 -170406
45661 -16204
-130518 -95691
28004 -24976
41255 20499
-22680 -86008
94431 5917
48738 3537
56208 -5350
16821 70760
-39885 -19695
34558 -63403
-70591 9771
-12489 6529
23146 72118
-99910 25153
9039 56694
11737 -35102
41310 48179
-2815 54270
-182388 -34824
50045 93620
-109245 -28163
-74797 -24595
66590 -85369
-78108 -2452
-24761 -58270
-35124 -101351
-104042 48828
15973 -23704
88274 -2898
-6070 -18541
22019 -42196
-76430 -9545
-63528 169637
10852 -149908
125886 -35469
-100141 13361
37779 -2919
-33136 -5010
-78781 6534
41345 1512
23993 -63870
-140347 66245
56056 -111847
64665 -30460
-5607 11791
-3628 -3205
-8075 64538
12597 -116662
33286 -17690
5499 -123860
-6678 4093
-3481 -36886
-83844 39330
-120449 -38021
6699 8828
17768 -82196
-90491 -41692
-32121 -21174
80962 141206
-60791 -62324
21117 -37168
-22734 -26671
-27642 -20562
-71577 -103536
20067 -17038
-29347 13323
-3351 32369
-2019 -69876
-17445 -61835
91792 49657
137573 39199
-19578 32317
3759 49833
-37914 50967
-45845 -8167
19038 9063
60627 -10488
1429 -27705
41248 -54200
35361 -51367
1209 -10131
28370 57195
-45051 7412
18851 120313
36389 -87464
-44355 -25678
-81251 -20365
35224 27215
58002 93969
-15593 -29387
-1448 -22383
78305 73754
-27055 3672
41454 -13463
86500 101346
-10201 -23143
-97198 36454
70148 -61
-106150 108981
-70057 -118249
-9747 22734
-43919 96300
15797 -62361
25043 187
119438 39768
67959 -10289
76347 62658
55205 -77670
62666 -49694
-91241 22853
-9238 -51543
-18871 -13480
-38983 -64245
-64203 17141
39728 -34003
55428 37173
216579 -34516
-29412 -80393
28581 -15461
79906 -48126
-73493 -47401
-48087 60463
71568 14273
67308 -46804
67200 98235
6883 -7014
-3657 -42352
28307 -27144
-25909 -7639
79861 -10557
41759 71698
73266 -105848
-45064 13981
-29077 53686
-24506 12429
-35440 -33678
69842 1822
19135 164861
-138999 -53668
-6086 48946
-70377 22774
6516 -96716
-50273 -19031
90867 -41256
49057 -63666
-88898 37867
111509 9018
-94690 -35219
16264 -12398
92354 -8064
-72361 12611
16552 -30748
-65644 28246
20313 84426
-50049 -14222
-3298 -9406
-69494 111870
-47569 27324
-170226 -82432
32623 -68609
-80279 -85193
12667 -7965
-49474 -418
59035 8824
84365 -23465
5307 -95125
-1217 -25688
90705 43257
64858 55566
105090 6348
58682 2176
-7975 -32638
-5447 67252
-1669 -45232
-107691 -46852
23711 51627
-78771 37353
-8662 -22804
-81026 -40741
74597 -18796
-50133 124404
77420 647
-86663 -58169
-57132 18422
-16492 -57249
37532 -55731
-49995 9174
362 84268
41075 66103
-40378 -109047
-58862 -18561
2300 -59158
33311 -38213
44149 330
-50365 187501
50823 48782
-53167 16121
-27996 42252
62565 45824
-15557 110205
80073 -25995
-15790 -37827
35296 4802
139407 6357
-26541 -56435
-23711 -13969
-17368 16310
87536 -25231
-162366 53473
67525 -57732
-30375 44178
-65080 98033
3033 -100305
11392 24853
33752 29258
-25777 30918
-3070 41322
74040 -4548
37673 23860
-101746 -58610
22334 16206
4723 49930
10977 -16587
-208 -67867
-43290 72470
11650 -50665
95905 -54281
47400 -51554
27365 248
-60998 58223
-52127 71090
16272 32788
-22531 154337
-33891 104784
-125949 -87399
15337 36279
3285 74694
-3349 46749
-110066 -52488
15852 -15871
-105330 30994
15571 113232
-37355 65028
68223 152812
9056 -73011
74204 20873
45650 47104
42729 -41823
-6726 27230
106312 14788
-65293 68046
12599 33575
54935 -134723
-58233 40230
5587 -21141
58143 -71862
-18975 33653
35408 -8441
11603 3044
-12380 152316
-24628 -131981
-20604 141243
5766 -15911
-45969 -71324
21663 -35445
152989 -49442
57600 -103750
66668 117017
-90752 -74910
45616 -88789
-4047 -71499
27170 25898
-12063 -5025
29592 68592
-35699 21155
-70082 -82465
-70179 -2333
-142981 69948
78554 -43360
69736 -75134
19305 -105957
14660 -9615
-79541 -107185
-98192 56575
188562 10738
4324 -29619
39048 26320
2912 30139
-19259 -57259
69233 -17742
-51756 -89055
-123648 -202604
83076 -41428
-4588 49486
-65325 129274
62845 77719
-37618 55373
-32538 66673
10067 39343
79354 61128
40790 -66199
4700 21769
-19185 -22298
-217713 -49959
-116511 60975
-144923 -3631
7279 26311
19566 -102970
-37614 81588
-44424 108169
-38641 -76388
-51183 33633
5902 -164662
33257 -40421
20598 10068
38154 20619
15987 50842
14016 27095
-30051 128314
143493 -95118
23389 4629
3343 -53245
-36472 -39977
49133 41684
-78725 -9285
-58744 -21723
-168109 27696
-60779 62472
-55095 -69012
-118804 -26239
-95997 -40801
-27947 -90988
59148 34023
21864 75656
20642 -7343
-14405 33586
-20977 401
-3087 -129053
13366 38006
-21205 53198
123190 19252
-32716 -6362
-13930 -92229
-13050 -48869
-13608 14822
-40212 -35017
-41282 78903
2291 -81213
-73777 21779
-36527 39212
-116501 -50679
50826 10057
-22171 26331
-145632 87468
46724 -88384
43333 77894
30963 -21483
36407 31748
75428 -17586
65102 36594
-31566 -67351
10864 -94315
5092 6083
-96467 100644
-14684 97453
14592 -90743
-83177 11592
-43358 -62886
57171 -167710
63200 -110773
1926 -68672
-32911 56258
26939 -111048
-21094 -89739
-33232 -26971
-4698 -107697
-108690 19047
-43101 -88399
38370 156813
46773 -66723
103352 43601
-62334 -16059
-41734 98427
-28251 38340
-44466 -4317
-118355 6224
-62572 14149
12540 67503
-19292 44105
-23384 27686
-95362 -94883
32690 -57223
-87859 -43693
-55756 37884
82786 -22600
-38065 -193517
34549 -28855
20844 -543
-17961 -24426
123095 24197
-62647 -24245
27218 41164
-13763 -41766
48233 -22097
-55426 38666
-139887 -25380
52725 -58201
-14984 -93248
-16482 61443
-83073 -43215
-109253 -31862
11181 40244
4199 -66932
-39401 -24969
88388 -16403
24710 64786
-31464 71863
115082 15053
-54491 77294
14859 -13238
8936 7572
-31580 -16866
24177 -65145
-61290 -7291
-28186 -42918
-30657 34903
64167 -16870
-33218 -178727
33774 -41303
37468 -33729
7430 44056
-103439 100229
-2674 25835
-14136 29997
54248 55652
-4433 96875
-79984 -35527
-11741 -22835
87450 -97890
-21995 -44306
117437 248
-72722 -111148
-10026 75780
58905 -8419
42660 -47749
54692 89713
9141 -450
53222 30970
131968 41666
58202 53460
-92497 61239
58997 -87668
-73393 97264
-61279 33441
35375 -121937
-51271 752
149027 -67420
-66189 12286
-85254 53804
78923 58336
-3193 -117635
-98440 -142410
31379 -9529
-74453 21166
16708 117009
-18751 91218
-103548 61996
13105 73121
-77163 -20318
39442 -14687
-19205 20800
-14646 -7080
-11825 69048
142403 35500
-187640 5462
-78919 -18219
61806 -87443
-22839 -186368
-96735 63590
160955 41827
-31059 -88526
106665 -24649
1819 -4722
136177 -75341
-73809 32177
2982 43629
-153376 67252
10456 -82450
42028 -15342
146357 10608
-6998 120356
38864 33840
-112706 -20362
6549 -86128
-13864 -28579
65442 -65647
5225 51816
59995 -46416
54859 132576
16139 1004
39649 78871
-34522 -166600
-30955 -14412
-48463 26320
58287 -102126
27051 49891
-23120 -80580
-6660 -13345
-77510 45142
17757 120039
113365 -32692
-111687 65289
-20300 112974
82794 53258
131052 72846
-97033 -58918
12046 -29728
35339 76490
107743 -21845
100604 48706
87309 -32912
65396 54180
4414 -48228
57760 57986
-91750 3379
-23650 13927
169881 -21757
-23820 -76694
12806 -123497
-50394 663
142247 -2444
-68926 60542
50284 94159
69055 72059
63309 -63709
-24999 58431
-20660 9625
116197 -95939
-27743 336
-40181 200840
35198 -24333
-55579 -54749
-1559 12160
82059 -86077
23943 38577
200968 -84072
-76268 92029
136829 -91288
-37278 -16988
36075 26648
-70629 -9004
94642 -20347
45057 38273
-16583 22725
13926 21441
56679 -17854
48678 -33604
-79271 -104563
62720 38871
-81443 62812
-12862 82398
-154974 7324
33072 143318
-4387 -48325
-15244 63804
38555 44864
18640 127563
-19620 22072
139876 126685
-37399 -18915
28187 15746
-113404 121169
66163 -116056
-23905 22721
2622 149479
66550 12099
-121423 40885
59912 -12471
-14709 11456
2363 13337
19811 -4534
-318 -45132
70477 -77691
-113584 -103906
18807 18840
-95492 -66882
-10913 -47676
-80877 -91501
-30464 -16530
36406 -54711
-41648 157529
23131 -31155
98252 -95374
96542 13967
-78539 -118996
-109028 -13912
-156023 29087
-17384 18885
226160 -119382
-95619 51832
63395 -66471
-58125 -47779
-65078 -65284
-60134 -123332
86156 5635
37193 -47348
-105298 -45226
-15127 21105
10153 29189
49715 50347
-34521 -45958
-17326 -70676
124708 113177
-29324 -122709
-93105 -56295
-1674 -168483
-47887 55440
-34589 -31332
-29248 22614
-56857 92500
-116349 2253
-154182 -11200
-84547 166833
-80031 54527
-18620 38887
7940 -60146
14458 -136230
46867 64938
-22484 -62155
23642 67893
154038 174341
-13532 34410
60299 -164637
79101 97105
-96637 64307
79780 79871
77432 -45892
80328 -60761
40531 69563
15614 82939
-33146 27916
-108880 38944
46035 -21203
139838 3856
9415 -49840
-28389 53765
43021 120284
70636 141109
-60508 129197
68986 -68046
-21704 71521
-5464 -1952
44977 160569
-33534 59076
92674 26598
-23018 138701
-144462 45884
-81352 42298
31733 -134112
-115497 -96515
-38573 19381
-120908 -46172
-35903 72678
-24932 -158657
-47324 12150
-110705 -40578
69724 4481
-56995 -10736
42368 5962
48726 -33407
-13645 114550
54758 56436
3118 31654
-1998 27415
-116351 -31472
56610 -39325
28210 85428
-53410 -53487
-56392 11156
-74236 27572
-23075 21465
-127316 -95636
56912 -35121
-164887 105355
29830 87059
34967 57295
72223 80944
56775 110418
-56565 48913
172647 37808
38726 4928
2689 2022
45651 19806
51445 -84552
-89242 -31618
21163 -75309
-73440 -45764
11235 -28059
4167 -27003
-46875 88321
51446 -15234
186251 36812
-974 14991
-49108 -44205
-21932 14715
-8802 30517
-19354 108939
11565 42379
22640 20279
17682 8890
-5718 43712
63240 20075
56382 -203851
-94754 942
83026 -55519
58112 65874
18000 -64623
-27581 -85495
-7700 6419
-13870 -129896
-80702 -113717
-82643 -45768
-11502 70544
27123 -37878
89958 89402
59360 -6324
-45676 331
82546 -69763
-267 76133
15636 -162192
123286 -98755
-38054 -24071
-23387 -6681
-11087 34966
-95597 -118688
-30470 45577
-46479 4876
12683 18351
-60939 -58299
-24809 -122006
-29565 60809
-22981 -31011
-10911 -47177
99000 96612
7755 45831
-3424 -12429
67865 258
95668 15701
5 -16081
71002 19841
-43959 29302
-129030 48238
7504 -10573
3359 170524
83477 -3160
-55701 25158
-86808 63771
45686 -37974
-51127 17742
-66661 42971
101221 -134894
-47754 31905
-18730 68770
-87343 2125
99783 -1979
-109093 50051
-23199 19967
40824 62449
-17692 16053
39712 -51427
13335 27688
17767 -23607
20999 35663
46226 30786
45728 9290
-45703 -29088
-7985 -25714
-13746 -19209
-70352 -37812
18096 -8425
-39772 141720
-39612 55160
-32515 -106689
65127 -70178
119170 -120271
-11551 -19034
-58820 1582
107098 -22878
83974 46198
-50865 79532
27425 107492
-63681 -107959
-82515 95173
-23207 -61424
-7673 7256
91070 -16925
-53494 42313
64515 53611
116071 40189
60157 134299
-98509 -115783
8614 92594
-26991 47123
-46793 35220
5447 -75288
-94807 -112031
25246 -37610
-15189 -43603
-57470 60062
-31720 -13118
35355 -53750
122294 54489
-45785 32233
-58402 79577
18801 -59633
-145708 28367
93570 -15490
-71900 35970
2996 39808
35694 6521
35721 -16285
22937 162890
-56172 -45380
12919 45764
-509 73459
-113588 53484
16055 5920
38958 -82054
-59885 -14751
-52601 -2111
32024 63154
99364 -21753
-12589 -18260
-130837 -9908
30662 -61295
-45966 -77314
70631 -40073
-25951 -110404
149150 55193
-8741 -18378
-29772 -25036
-58269 35061
994 -4482
94294 -58624
69416 -17621
-44641 -16480
119476 24975
-58083 -47538
-31396 -98005
-37322 92887
-57558 89129
39335 4444
-75328 -15285
-73975 64930
-29003 27454
165655 66660
-5634 89281
-15047 -127803
-60975 29430
67580 -71268
-56576 -65273
-58727 44901
48224 -21818
-34834 -226
-31665 -92521
-1455 -24422
-31877 185536
133552 -13247
-16642 -84725
24464 -7524
49031 -17654
73541 13813
-123560 5123
-115183 -28308
-85459 -15891
-29465 9202
-6737 -158842
101861 -72265
3128 19835
23382 -25499
-85455 -52096
66231 59800
-76411 5586
-142481 136338
-157026 -46232
25590 -34973
-171413 52441
23788 76132
60244 -30340
-39853 -33064
82810 8443
-58734 -5076
-99992 -63023
-58169 -18543
-175944 79726
30829 -104484
-118624 61172
82329 59590
-42314 161150
-87662 4959
146156 -73923
5913 -70942
32617 4900
-99571 -27174
-1008 17768
-69151 15920
193972 32460
-31279 66680
26560 22141
49885 -76298
-48476 121137
62649 -87943
-49204 119991
-714 -14042
11012 -26463
27126 -65998
-30579 60475
15941 -90082
-58426 -43818
91503 -1101
-59590 -21077
103322 5566
-1510 -50274
-27287 101356
1892 4434
20456 44962
-62946 -39027
-3926 98752
-128552 102529
68281 63719
90539 -59329
-56786 -82812
26142 -62243
67048 -41521
-46647 -30067
-36421 41724
36234 -11306
61885 35454
24690 -13797
-29141 58906
-30576 -29187
43778 -4228
-85930 -158303
66553 111068
-47261 -25294
-20443 7061
24875 -24407
54455 -52693
-28545 9068
36397 40426
35911 12742
25634 10429
51401 16552
95824 -159291
147331 71419
79283 168927
143520 67987
51562 21491
-59259 301
-79236 -88869
-66115 2549
1392 32323
24664 -13041
70197 11941
-30464 -1381
115218 -115374
25518 -4448
28694 -59615
-20185 -117062
43306 63609
-64970 -2561
5439 38260
56143 112461
-106052 65642
19817 -76236
18179 7963
137050 14878
-35520 -74179
-98613 130380
23747 84961
29486 -39493
-37037 33601
-66697 -44152
-11930 51235
3322 48017
63158 -65368
58852 67763
-78966 -63089
65396 72781
41488 13025
-55266 93861
136536 -87255
-84202 -12265
75907 46593
-103513 45801
32178 92604
8078 97406
117062 29563
-50610 -98779
90193 7321
-10651 -7090
-81267 -50608
67796 28257
-26814 -70921
68177 -109956
162327 23345
42937 -13262
16084 -51011
92531 -27066
-21301 -3258
90709 30172
-155330 14989
-16916 -22239
-59512 -81449
141748 -12981
13866 47842
-71975 -21229
101905 3606
190969 79958
-27448 -11089
52608 60983
26316 -42439
127202 -75981
59879 -61573
-20582 30047
-109667 -30047
-52456 1167
-20325 47242
3762 -30323
-19111 11809
44699 -75381
58258 10956
72462 20165
9380 -58213
-208153 -45785
56507 12193
-59426 -44570
-46351 65246
136569 -57937
-60203 -53436
-71771 44326
-105508 -71203
5159 74918
-24899 -452
-762 8666
-2895 41986
-25878 6341
-123480 -76146
-34634 -75053
-44552 53161
40244 -43616
24762 30746
78935 -64429
115074 -6711
35906 62474
34699 38399
58343 -29863
48969 26608
80303 31842
-7571 160899
71265 -54110
-121013 -163226
-67354 62978
39522 -61254
21370 -22149
-93870 190781
85252 4772
-96896 -3113
-29128 25452
-42692 111726
-29317 18105
-12091 142271
-49018 -86224
-20151 -56936
-14054 3492
63419 -68324
47689 31255
-41030 -46857
-42303 -81667
-70526 -862
29093 -2235
-1274 -2800
-25770 3448
-20977 -10045
-62211 -10980
39975 -11904
-24032 -92030
73253 -46205
73200 14140
29962 64550
80713 13594
22424 -85104
-98414 -88831
-81912 -41938
-62986 51759
-9940 48193
12378 -76082
-67058 -30106
-40109 -71959
-94777 -36398
-62174 -336
-54660 -37633
68025 26408
30746 -31876
51335 12155
10255 -44945
42902 28896
-36405 61182
7967 -93690
3447 70255
41276 -22880
-35476 109918
-17500 71991
11284 101384
-40789 55388
63880 21008
21855 -3281
-50421 -68999
28011 50191
-61443 -4309
24325 -66113
62624 -56541
35653 -27415
-145121 -36229
-36176 53293
-61296 -83920
-3771 19904
52546 29212
-59484 -151323
-23987 -54236
-103621 -21268
93596 16893
3655 -11072
-24956 -110116
-9403 -47891
17947 14007
-49476 -34260
80733 -48411
-40073 -14790
83580 10056
5642 46952
40724 -91098
89094 -35057
-201913 79279
6641 -31361
14900 38684
-24386 -111003
78261 -5515
116590 -89423
76354 -56877
-112521 60138
-51854 67785
-26427 40213
78935 -36395
130828 -17816
-21568 -86067
-23738 91971
33065 -58063
36568 107352
47845 -13248
122160 -55039
-40084 -45311
26341 245946
52545 53634
-65462 42655
-167250 -110340
-30625 -69779
-19171 20368
42211 -17190
-25619 24377
-177872 2360
36861 -146413
5676 14492
-24408 1592
33363 -98789
-157973 -16078
-110808 -69874
162319 25209
61686 -51578
-25386 104110
-69535 100651
-60737 -95999
-43208 -84433
-17906 -58869
-3641 65452
83125 50134
-47673 -166542
-35584 -20995
-48691 14316
-121793 -36642
49864 40612
-50680 -12916
-21520 101117
543 -12965
-45962 40068
9781 -92134
70114 50817
106499 123922
-49155 -93235
9853 119430
11704 -25137
-18379 -142955
-81022 -42484
63356 169276
24239 37348
17516 86076
-32534 -9012
78704 35517
33306 -60709
-31512 -36704
-10679 44991
20042 -16719
26950 -69186
162493 -123929
-33480 99225
-43665 -7062
-108147 33905
46751 24630
-57948 -85802
-15275 -37359
-89694 -19061
40871 -12240
-16334 37701
-2940 43553
6932 81799
134543 -50916
4978 85557
41998 13722
70154 -153639
31241 -64055
33877 -32265
34502 82280
52080 119717
-72253 -56256
32889 -21347
-131621 -17948
15918 -155749
-50107 -36546
104364 -42588
512 51158
73486 -78050
-43190 80045
51512 -12844
-60079 -74442
76227 -49835
-70033 25880
-42306 -59713
-82908 -103271
-23624 79199
4774 -37112
81376 101922
-34481 59024
-116145 75476
-67145 -11029
-82897 -70822
1175 -103774
31542 11934
5920 -26260
71930 88231
-133806 61431
-46022 -27987
20116 119268
-27914 27110
6005 -14717
24503 20338
-31208 -66935
35831 73311
65372 -162625
-78298 6694
-38991 34725
-77693 44134
-48910 147852
1589 -85689
52603 -140661
-102510 399
19316 31663
24135 27093
-129059 -39770
26458 39744
-5645 -42600
91087 -4985
196376 -105526
-19681 51606
-32592 -37723
-23845 -48877
103305 62283
130429 -59523
36362 76312
9113 17380
-17385 45102
18330 -86440
-26607 97841
43649 100502
39412 -51815
59324 -60133
-45737 -52703
-10139 25520
-55920 40048
18472 87427
9162 -58146
10241 -19914
54691 13396
-13741 -13767
-71826 23640
-15269 -78628
-110827 14604
-29976 107228
9370 25785
5646 69691
7600 -19941
43552 101639
-81072 18973
-38811 -144827
55968 -146942
-63667 121098
-11762 -85913
80239 73473
120834 -17356
-8488 53133
-45738 9123
-130945 35881
8349 -17684
75376 -22692
-2067 -36388
6974 -43404
-3330 37053
-29691 -19544
70957 -120819
-90269 -77911
-568 15767
25228 -41482
-6588 -77139
-7623 77731
26890 117130
35507 4654
14838 104724
58259 -55529
53100 104492
79968 41507
30474 -14217
2093 -58688
10571 82102
34144 7413
33057 -20678
65860 -32358
138703 70287
849 -33810
-59809 -7942
-76105 20024
66792 -62363
-40643 781
26562 -87547
-16461 16098
-31168 15328
-122721 -5671
6427 56681
-101577 -50830
-351 95730
4596 17953
23132 -69562
59747 -37707
101090 -5176
-1956 162496
34917 -46455
-39960 -36254
-58440 22305
-96703 19402
-75555 -82891
14262 -860
236207 82777
113614 -50159
32971 -56612
-87594 66004
88048 -49998
-31371 -86301
-11652 24389
-90151 12970
89243 -2538
10139 -27983
-84526 -71108
-10862 -10382
-12364 54263
44954 60818
102262 -22720
-115664 -45867
102441 -40640
80964 -66346
-42434 8020
14511 121434
-122079 -18509
-51782 -2969
35686 -8564
-95007 -97932
-38499 4575
79815 -66769
90324 2820
-37015 -28409
-76993 -20218
-132072 106094
-65005 3220
-164080 80915
1050 -30553
-61745 53698
-18874 -50638
94540 66901
-86702 42931
-29359 63028
111462 74906
-53551 -17779
-15353 11956
-162028 90803
104491 -66068
66661 3810
-54765 -6350
-90045 133933
-4499 -74824
-39651 -64383
-9637 -9758
31388 39463
-53934 45088
11421 55096
-17277 -2345
130962 -25347
60856 36289
-866 126873
-21769 8285
11284 6149
-48448 -30788
-3386 101727
-50548 -26669
-16858 -12031
-84147 106798
-102130 43674
17543 2788
128941 -68915
69129 -107972
1381 -87223
153558 401
-73398 -91186
43590 -132278
-110727 110007
-65673 -181279
55589 -86011
-46313 31497
4275 96189
-90938 -48702
68961 -10040
112545 -38276
-97832 -3084
-173548 -14720
23200 -6965
111736 -55604
-19776 -73331
-55060 -24691
64926 -82939
-65408 38662
1502 50387
-50057 -81014
-13809 50808
8830 -80154
-30946 5947
-3579 143936
73802 34241
-12260 95990
-30711 147109
142256 -31651
112016 5703
-340 -45161
3083 28110
75081 94249
-12378 -63261
28585 -3185
-72817 -48993
-86607 47395
-43417 -9041
-14904 -13263
41751 -42436
54730 -28550
-6214 -121039
69434 -85032
14173 23685
-58938 6962
-115822 126265
48178 45008
46215 63276
45849 4870
32181 8326
30357 -53650
-72799 -19809
-30373 -8308
-59189 55822
-119848 -21661
-50954 18311
-14997 59604
41007 57603
-46181 -85225
75352 -113678
-77494 -30989
-13944 136102
-27999 -42047
-158899 -1712
88600 39396
68645 -167738
-79885 85573
-67605 -42272
-42569 -68018
-48490 -103272
40865 74908
-120089 90078
42741 -152167
30978 12839
71140 -61657
-21640 51790
-62006 -16603
1923 -55358
-94381 3162
-587 -22655
21973 22380
-100108 -75470
22615 -12608
-6243 57869
55216 76461
42882 88205
-9664 41502
63874 38582
2066 -61135
37305 68139
-77763 -54599
-4819 18490
-12331 -144015
120284 -95802
146863 -112882
61677 37516
43709 70758
5958 6599
-34632 -90559
-43933 -10413
64360 -77981
104559 22372
-44607 53676
-21763 -87801
110790 -57942
94594 -24645
-53081 -87385
-67637 28524
31116 -117159
37598 -81076
-8069 -42789
37453 107857
94192 -24969
-37300 -18234
-52539 8897
-30313 -22567
11342 78389
22017 15575
63010 10842
-81515 -82867
31275 21758
22592 -200656
58575 -58491
1367 -85160
-18930 26724
-84399 -1878
-29039 -60129
17091 -79336
-145133 -37315
26182 92159
-105977 -32921
-42578 -55836
40553 -29956
52602 56596
2766 -53628
53315 9822
-97661 3621
-49309 23271
-20443 -33816
-10933 -54507
-38458 4025
-47071 170795
-65603 -22257
-48707 16807
84243 2845
-42888 27474
-86423 4449
44434 22410
-2530 20771
-89349 24175
62967 -58525
60886 10789
2037 20050
-62425 47575
14575 -95224
-23054 68163
-128088 62687
-4685 -143918
18493 -25425
-18271 17354
-57679 138783
20663 12386
142390 77109
3383 -120731
104001 -942
-28547 139143
71095 -104852
56518 160057
10847 68214
67897 -65207
-37383 -69722
66395 -45174
-37071 18951
-42423 2573
-77312 105739
3431 -87401
18359 -68783
-43996 58578
141825 21623
-10400 -7748
38265 78922
33207 -22247
6541 -36312
51612 37279
6257 17861
104748 -23032
-13188 70797
-56477 30696
60769 -8589
-147640 63457
-51696 46568
-32062 -87426
109094 -22683
-49103 -65430
9109 -6535
18758 92080
81511 50845
37067 112293
36718 -14029
42753 -101910
80378 15801
-95684 -51482
-39837 -42548
50643 4875
116223 -6710
-1218 -15956
-88340 -118424
-62224 123601
-18102 -43499
78293 -7769
-73116 -48057
-26103 -38587
-52907 -90621
-25686 -3396
-7505 861
-20525 -52869
-171499 84247
-57823 -6598
-15559 -4741
-69048 45798
30176 -255
21840 83660
97489 -24237
17162 -16040
-6967 -13129
-125435 85313
60679 88502
-63253 -173466
77421 -59816
-51522 76553
7441 4521
164320 93230
53486 -32979
128398 -72171
-70486 -98242
34052 -3848
36851 116438
-4417 -35228
28726 21769
-29860 106749
-43412 -109164
22021 2225
-36048 -48667
51193 18046
-61540 29607
-32578 -30344
38835 63441
18688 7717
11277 -198
47968 62710
-137648 -20307
20589 93961
-23403 -16030
