1.000000000000 0.000000000000 0.000000000000 0.000000000000
0.000000000000 0.000000000000 0.000000000000 0.000000000000
0.000000000000 0.000000000000 0.000000000000 0.000000000000
0.000000000000 0.000000000000 0.000000000000 0.000000000000
0.000000000000 0.000000000000 0.000000000000 0.000000000000
0.000000000000 0.000000000000 0.000000000000 0.000000000000
0.000000000040 1.000000000000 0.000000808388 0.000000000000
0.000000000000 0.000000000000 0.000000000000 0.000000000000
0.000000000000 0.000000000000 0.000000000000 0.000000000000
0.000000000000 0.000000000000 0.000000000000 0.000000000000
0.000000000000 0.000000000206 0.000000000000 0.000000000000
0.000000000000 0.000000000000 0.000000000000 0.000000000000
0.000000028173 0.120605468750 0.878906250000 0.000000000000
0.000000000000 0.000000000000 0.000000000000 0.000000000000
0.000000000000 0.000000000000 0.000000000003 0.000000000000
0.000000000000 0.000000000000 0.000000000029 0.000000000000
0.000000000146 0.000000053085 0.000000001120 0.000000000159
0.000000000000 0.000000000000 0.000000000001 0.000000000000
0.000000000000 0.000000000000 0.000000000000 1.000000000000
0.000000000000 0.000000000000 0.000000000000 0.000000000000
0.000000000000 0.000000000000 0.000000000000 0.000000000000
0.000000000000 0.000000000000 0.000000000000 0.000000000000
0.000000000000 0.000000000000 0.000000000000 0.000000000000
0.000000000000 0.000000000000 0.000000000000 0.000000000000
0.000000001543 0.000000000691 0.000012516975 0.000000000015
1.000000000000 0.000000009779 0.000000000003 0.000000000013
0.000000000001 0.000000000000 0.000000000000 0.000000000000
0.000000000013 0.000000000000 0.000000000000 0.000000000000
0.000000000000 0.000009417534 0.000000007858 0.000000000040
0.000000000005 0.000000000000 0.000000000793 0.000000000000
0.000000007043 0.000000000564 0.000000080559 0.000000079162
0.000009417534 1.000000000000 0.000019669533 0.000001274049
0.000000003070 0.000000000186 0.000000000052 0.000000000187
0.000000119209 0.000000000073 0.000000000658 0.000000000050
0.000000002110 0.000002637506 0.000000008382 0.000000000086
0.000000002343 0.000000000238 0.000000363216 0.000000113156
0.000000026659 0.000000065193 0.000000068452 0.000000000022
0.000000413507 0.000000060536 1.000000000000 0.000092983246
0.000000072643 0.000001117587 0.000000000210 0.000000000089
0.000000199303 0.000000000034 0.000000689179 0.000000002299
0.000001005828 0.000000215136 0.000000089873 0.000000506639
0.000015199184 0.000000002037 0.000000562519 0.000000008091
0.000000052387 0.000000640750 0.000000145286 0.000000001666
0.000000000132 0.000000976026 0.000003799796 1.000000000000
0.000000322238 0.000000000033 0.000000000014 0.000000000008
0.000000002517 0.000000000015 0.000000000355 0.000000000004
0.000000000275 0.000008463860 0.000000050757 0.000000000001
0.000000000000 0.000000055181 0.000000292435 0.000000001477
