0.179687500000
-0.093261718750
-0.167968750000
-0.208984375000
-0.150390625000
0.068847656250
-0.177734375000
-0.036865234375
-0.359375000000
0.004241943359
0.300781250000
-0.025268554688
0.002182006836
-0.261718750000
0.107910156250
-0.052246093750
0.332031250000
0.231445312500
0.009094238281
0.145507812500
0.019653320312
0.156250000000
-0.085937500000
-0.182617187500
0.166015625000
0.287109375000
0.172851562500
0.052734375000
-0.126953125000
0.123535156250
0.367187500000
0.255859375000
0.267578125000
-0.034179687500
0.184570312500
0.194335937500
0.120605468750
-0.022094726562
-0.355468750000
0.163085937500
0.009704589844
0.219726562500
0.169921875000
0.129882812500
0.083007812500
0.148437500000
0.031127929688
0.161132812500
0.144531250000
0.115234375000
0.149414062500
0.116699218750
-0.259765625000
-0.343750000000
-0.027832031250
0.466796875000
0.232421875000
-0.135742187500
-0.139648437500
-0.084960937500
-0.083007812500
-0.036621093750
-0.006317138672
0.178710937500
