0.191406250000
-0.120605468750
0.080078125000
0.184570312500
0.100585937500
-0.007141113281
-0.083007812500
0.211914062500
0.051269531250
-0.077636718750
-0.129882812500
-0.025268554688
0.042236328125
-0.005828857422
-0.036621093750
-0.079101562500
0.196289062500
-0.053955078125
0.188476562500
-0.029174804688
-0.120605468750
0.039306640625
-0.062011718750
-0.005065917969
-0.005432128906
0.148437500000
0.027465820312
0.228515625000
0.243164062500
0.002166748047
0.050781250000
-0.103027343750
0.067871093750
0.070800781250
0.150390625000
0.186523437500
-0.086425781250
0.003448486328
0.085449218750
-0.079589843750
0.055175781250
-0.203125000000
0.131835937500
0.027832031250
0.140625000000
-0.095703125000
-0.151367187500
-0.023193359375
0.154296875000
0.067871093750
0.191406250000
-0.128906250000
-0.047119140625
0.148437500000
-0.048583984375
0.172851562500
0.061523437500
0.169921875000
0.033447265625
-0.018310546875
-0.059082031250
0.030273437500
-0.114257812500
0.190429687500
-0.094238281250
-0.096191406250
0.098632812500
0.003860473633
-0.002014160156
-0.271484375000
0.257812500000
0.047851562500
0.155273437500
0.172851562500
-0.051513671875
0.169921875000
-0.045166015625
0.079101562500
0.210937500000
0.154296875000
-0.102050781250
0.051513671875
0.027221679688
0.191406250000
0.055908203125
-0.038330078125
0.208984375000
-0.124511718750
-0.055419921875
0.218750000000
0.062500000000
0.281250000000
0.130859375000
-0.020751953125
-0.053710937500
-0.163085937500
0.135742187500
0.086425781250
0.277343750000
0.085937500000
0.058105468750
-0.038330078125
0.063964843750
0.255859375000
-0.010437011719
-0.005157470703
-0.075683593750
0.038085937500
0.131835937500
-0.121093750000
-0.123535156250
0.187500000000
0.057861328125
-0.039794921875
-0.209960937500
0.221679687500
0.193359375000
-0.057373046875
0.182617187500
-0.125000000000
-0.108886718750
-0.123046875000
-0.032226562500
-0.093261718750
-0.088867187500
-0.190429687500
0.198242187500
0.243164062500
