0.291015625000
0.018188476562
0.127929687500
-0.250000000000
-0.296875000000
0.078613281250
-0.057617187500
-0.061767578125
0.087890625000
0.025268554688
0.201171875000
0.079589843750
-0.249023437500
0.185546875000
-0.059814453125
0.099609375000
-0.051513671875
-0.015136718750
0.143554687500
0.177734375000
-0.163085937500
0.226562500000
-0.138671875000
0.027709960938
-0.049072265625
0.028198242188
-0.177734375000
-0.103515625000
0.027343750000
0.025024414062
0.051269531250
-0.030639648438
0.279296875000
0.005249023438
-0.134765625000
0.115722656250
0.135742187500
0.029296875000
0.153320312500
0.113769531250
-0.083984375000
-0.265625000000
0.126953125000
-0.181640625000
0.075195312500
0.035888671875
0.135742187500
0.285156250000
0.261718750000
0.087402343750
-0.197265625000
-0.388671875000
-0.221679687500
0.149414062500
0.092285156250
0.077148437500
-0.037353515625
-0.279296875000
0.265625000000
-0.057128906250
0.232421875000
-0.106933593750
-0.007385253906
-0.181640625000
