5.686854980e+03 
5.686230469e+03 
5.685605469e+03 
5.684979980e+03 
5.684354980e+03 
5.683729492e+03 
5.683104004e+03 
5.682478516e+03 
5.681853027e+03 
5.681227051e+03 
5.680601074e+03 
5.679974609e+03 
5.679348633e+03 
5.678722168e+03 
5.678095703e+03 
5.677469238e+03 
5.676842285e+03 
5.676215332e+03 
5.675588379e+03 
5.674961426e+03 
5.674333984e+03 
5.673706543e+03 
5.673079102e+03 
5.672451172e+03 
5.671823730e+03 
5.671195801e+03 
5.670567871e+03 
5.669939453e+03 
5.669311035e+03 
5.668682617e+03 
5.668054199e+03 
5.667425293e+03 
5.666796387e+03 
5.666167480e+03 
5.665538574e+03 
5.664909180e+03 
5.664280273e+03 
5.663650391e+03 
5.663020996e+03 
5.662391113e+03 
5.661761230e+03 
5.661131348e+03 
5.660501465e+03 
5.659871094e+03 
5.659240723e+03 
5.658610352e+03 
5.657979492e+03 
5.657348633e+03 
5.656717773e+03 
5.656086914e+03 
5.655455566e+03 
5.654824219e+03 
5.654192871e+03 
5.653561523e+03 
5.652929688e+03 
5.652297852e+03 
5.651666016e+03 
5.651034180e+03 
5.650401855e+03 
5.649769531e+03 
5.649137207e+03 
5.648504883e+03 
5.647872070e+03 
5.647239258e+03 
5.646606445e+03 
5.645973145e+03 
5.645339844e+03 
5.644706543e+03 
5.644073242e+03 
5.643439453e+03 
5.642806152e+03 
5.642171875e+03 
5.641538086e+03 
5.640904297e+03 
5.640270020e+03 
5.639635254e+03 
5.639000977e+03 
5.638366211e+03 
5.637731445e+03 
5.637096680e+03 
5.636461914e+03 
5.635826660e+03 
5.635191406e+03 
5.634556152e+03 
5.633920410e+03 
5.633285156e+03 
5.632649414e+03 
5.632013184e+03 
5.631377441e+03 
5.630741211e+03 
5.630104980e+03 
5.629468262e+03 
5.628832031e+03 
5.628195312e+03 
5.627558594e+03 
5.626921387e+03 
5.626284668e+03 
5.625647461e+03 
5.625010254e+03 
5.624372559e+03 
5.623734863e+03 
5.623097168e+03 
5.622459473e+03 
5.621821777e+03 
5.621183594e+03 
5.620545410e+03 
5.619907227e+03 
5.619268555e+03 
5.618629883e+03 
5.617991211e+03 
5.617352539e+03 
5.616713867e+03 
5.616074707e+03 
5.615435547e+03 
5.614795898e+03 
5.614156738e+03 
5.613517090e+03 
5.612877441e+03 
5.612237305e+03 
5.611597656e+03 
5.610957520e+03 
5.610316895e+03 
5.609676758e+03 
5.609036133e+03 
5.608395508e+03 
5.607754883e+03 
5.607114258e+03 
5.606473145e+03 
5.605832031e+03 
5.605190918e+03 
5.604549316e+03 
5.603907715e+03 
5.603266113e+03 
5.602624512e+03 
5.601982422e+03 
5.601340820e+03 
5.600698730e+03 
5.600056152e+03 
5.599414062e+03 
5.598771484e+03 
5.598128906e+03 
5.597485840e+03 
5.596843262e+03 
5.596200195e+03 
5.595557129e+03 
5.594913574e+03 
5.594270508e+03 
5.593626953e+03 
5.592982910e+03 
5.592339355e+03 
5.591695312e+03 
5.591051270e+03 
5.590407227e+03 
5.589763184e+03 
5.589118652e+03 
5.588474121e+03 
5.587829590e+03 
5.587184570e+03 
5.586539551e+03 
5.585894531e+03 
5.585249512e+03 
5.584604004e+03 
5.583958496e+03 
5.583312988e+03 
5.582667480e+03 
5.582021484e+03 
5.581375488e+03 
5.580729492e+03 
5.580083008e+03 
5.579437012e+03 
5.578790527e+03 
5.578144043e+03 
5.577497070e+03 
5.576850098e+03 
5.576203125e+03 
5.575556152e+03 
5.574908691e+03 
5.574261719e+03 
5.573614258e+03 
5.572966309e+03 
5.572318848e+03 
5.571670898e+03 
5.571022949e+03 
5.570375000e+03 
5.569726562e+03 
5.569078125e+03 
5.568429688e+03 
5.567781250e+03 
5.567132324e+03 
5.566483398e+03 
5.565834473e+03 
5.565185547e+03 
5.564536133e+03 
5.563886719e+03 
5.563237305e+03 
5.562587891e+03 
5.561937988e+03 
5.561288086e+03 
5.560638184e+03 
5.559987793e+03 
5.559337891e+03 
5.558687500e+03 
5.558036621e+03 
5.557386230e+03 
5.556735352e+03 
5.556084473e+03 
5.555433594e+03 
5.554782227e+03 
5.554131348e+03 
5.553479980e+03 
5.552828125e+03 
5.552176758e+03 
5.551524902e+03 
5.550873047e+03 
5.550221191e+03 
5.549568848e+03 
5.548916504e+03 
5.548264160e+03 
5.547611816e+03 
5.546958984e+03 
5.546306641e+03 
5.545653320e+03 
5.545000488e+03 
5.544347168e+03 
5.543694336e+03 
5.543041016e+03 
5.542387207e+03 
5.541733398e+03 
5.541079590e+03 
5.540425781e+03 
5.539771973e+03 
5.539117676e+03 
5.538463867e+03 
5.537809082e+03 
5.537154785e+03 
5.536500000e+03 
5.535845215e+03 
5.535190430e+03 
5.534535645e+03 
5.533880371e+03 
5.533225098e+03 
5.532569824e+03 
5.531914062e+03 
5.531258301e+03 
5.530602539e+03 
5.529946777e+03 
5.529291016e+03 
5.528634766e+03 
5.527978516e+03 
5.527321777e+03 
5.526665527e+03 
5.526008789e+03 
5.525352051e+03 
5.524695312e+03 
5.524038086e+03 
5.523380859e+03 
5.522723633e+03 
5.522066406e+03 
5.521408691e+03 
5.520751465e+03 
5.520093750e+03 
5.519435547e+03 
5.518777832e+03 
5.518119629e+03 
5.517460938e+03 
5.516802734e+03 
5.516144531e+03 
5.515485840e+03 
5.514826660e+03 
5.514167969e+03 
5.513508789e+03 
5.512849609e+03 
5.512190430e+03 
5.511531250e+03 
5.510871582e+03 
5.510211914e+03 
5.509552246e+03 
5.508892090e+03 
5.508232422e+03 
5.507572266e+03 
5.506912109e+03 
5.506251465e+03 
5.505590820e+03 
5.504930176e+03 
5.504269531e+03 
5.503608887e+03 
5.502947754e+03 
5.502286621e+03 
5.501625488e+03 
5.500963867e+03 
5.500302246e+03 
5.499640625e+03 
5.498979004e+03 
5.498316895e+03 
5.497655273e+03 
5.496992676e+03 
5.496330566e+03 
5.495668457e+03 
5.495005859e+03 
5.494343262e+03 
5.493680176e+03 
5.493017578e+03 
5.492354492e+03 
5.491691406e+03 
5.491028320e+03 
5.490364746e+03 
5.489701172e+03 
5.489037598e+03 
5.488374023e+03 
5.487709961e+03 
5.487045898e+03 
5.486381836e+03 
5.485717773e+03 
5.485053223e+03 
5.484388672e+03 
5.483724121e+03 
5.483059570e+03 
5.482394531e+03 
5.481729492e+03 
5.481064453e+03 
5.480398926e+03 
5.479733887e+03 
5.479068359e+03 
5.478402832e+03 
5.477736816e+03 
5.477071289e+03 
5.476405273e+03 
5.475738770e+03 
5.475072754e+03 
5.474406250e+03 
5.473739746e+03 
5.473073242e+03 
5.472406738e+03 
5.471739746e+03 
5.471072754e+03 
5.470405762e+03 
5.469738281e+03 
5.469071289e+03 
5.468403809e+03 
5.467736328e+03 
5.467068359e+03 
5.466400391e+03 
5.465732422e+03 
5.465064453e+03 
5.464396484e+03 
5.463728027e+03 
5.463059570e+03 
5.462390625e+03 
5.461722168e+03 
5.461053223e+03 
5.460384277e+03 
5.459715332e+03 
5.459045898e+03 
5.458376953e+03 
5.457707520e+03 
5.457037598e+03 
5.456368164e+03 
5.455698242e+03 
5.455028320e+03 
5.454358398e+03 
5.453687988e+03 
5.453017578e+03 
5.452347168e+03 
5.451676758e+03 
5.451005859e+03 
5.450334961e+03 
5.449664062e+03 
5.448993164e+03 
5.448321777e+03 
5.447650879e+03 
5.446979004e+03 
5.446307617e+03 
5.445636230e+03 
5.444964355e+03 
5.444292480e+03 
5.443620117e+03 
5.442947754e+03 
5.442275879e+03 
5.441603516e+03 
5.440930664e+03 
5.440258301e+03 
5.439585449e+03 
5.438912109e+03 
5.438239258e+03 
5.437565918e+03 
5.436893066e+03 
5.436219238e+03 
5.435545898e+03 
5.434872070e+03 
5.434198242e+03 
5.433524414e+03 
5.432850586e+03 
5.432176270e+03 
5.431501953e+03 
5.430827637e+03 
5.430152832e+03 
5.429478516e+03 
5.428803711e+03 
5.428128418e+03 
5.427453613e+03 
5.426778320e+03 
5.426103027e+03 
5.425427734e+03 
5.424751953e+03 
5.424076660e+03 
5.423400879e+03 
5.422724609e+03 
5.422048828e+03 
5.421372559e+03 
5.420696289e+03 
5.420020020e+03 
5.419343262e+03 
5.418666504e+03 
5.417989746e+03 
5.417312988e+03 
5.416636230e+03 
5.415958984e+03 
5.415281738e+03 
5.414604004e+03 
5.413926758e+03 
5.413249023e+03 
5.412571289e+03 
5.411893555e+03 
5.411215332e+03 
5.410537109e+03 
5.409858887e+03 
5.409180664e+03 
5.408502441e+03 
5.407823730e+03 
5.407145020e+03 
5.406465820e+03 
5.405787109e+03 
5.405107910e+03 
5.404428711e+03 
5.403749512e+03 
5.403069824e+03 
5.402390137e+03 
5.401710449e+03 
5.401030762e+03 
5.400350586e+03 
5.399670898e+03 
5.398990723e+03 
5.398310059e+03 
5.397629883e+03 
5.396949219e+03 
5.396268555e+03 
5.395587402e+03 
5.394906738e+03 
5.394225586e+03 
5.393544434e+03 
5.392863281e+03 
5.392181641e+03 
5.391500000e+03 
5.390818359e+03 
5.390136719e+03 
5.389454590e+03 
5.388772461e+03 
5.388090332e+03 
5.387408203e+03 
5.386725586e+03 
5.386043457e+03 
5.385360352e+03 
5.384677734e+03 
5.383994629e+03 
5.383312012e+03 
5.382628906e+03 
5.381945312e+03 
5.381262207e+03 
5.380578613e+03 
5.379895020e+03 
5.379210938e+03 
5.378527344e+03 
5.377843262e+03 
5.377159180e+03 
5.376475098e+03 
5.375790527e+03 
5.375105957e+03 
5.374421387e+03 
5.373736816e+03 
5.373051758e+03 
5.372367188e+03 
5.371682129e+03 
5.370996582e+03 
5.370311523e+03 
5.369625977e+03 
5.368940430e+03 
5.368254883e+03 
5.367568848e+03 
5.366882812e+03 
5.366196777e+03 
5.365510742e+03 
5.364824219e+03 
5.364137695e+03 
5.363451172e+03 
5.362764648e+03 
5.362077637e+03 
5.361391113e+03 
5.360703613e+03 
5.360016602e+03 
5.359329102e+03 
5.358642090e+03 
5.357954590e+03 
5.357266602e+03 
5.356579102e+03 
5.355891113e+03 
5.355203125e+03 
5.354514648e+03 
5.353826660e+03 
5.353138184e+03 
5.352449707e+03 
5.351761230e+03 
5.351072266e+03 
5.350383301e+03 
5.349694336e+03 
5.349005371e+03 
5.348315918e+03 
5.347626465e+03 
5.346937012e+03 
5.346247559e+03 
5.345557617e+03 
5.344867676e+03 
5.344177734e+03 
5.343487793e+03 
5.342797363e+03 
5.342106934e+03 
5.341416504e+03 
5.340726074e+03 
5.340035156e+03 
5.339344238e+03 
5.338653320e+03 
5.337962402e+03 
5.337271484e+03 
5.336580078e+03 
5.335888672e+03 
5.335196777e+03 
5.334505371e+03 
5.333813477e+03 
5.333121582e+03 
5.332429199e+03 
5.331737305e+03 
5.331044922e+03 
5.330352539e+03 
5.329659668e+03 
5.328967285e+03 
5.328274414e+03 
5.327581543e+03 
5.326888184e+03 
5.326195312e+03 
5.325501953e+03 
5.324808594e+03 
5.324114746e+03 
5.323421387e+03 
5.322727539e+03 
5.322033691e+03 
5.321339355e+03 
5.320645508e+03 
5.319951172e+03 
5.319256836e+03 
5.318562500e+03 
5.317867676e+03 
5.317172852e+03 
5.316478027e+03 
5.315783203e+03 
5.315087891e+03 
5.314392578e+03 
5.313697266e+03 
5.313001953e+03 
5.312306152e+03 
5.311610352e+03 
5.310914551e+03 
5.310218750e+03 
5.309522461e+03 
5.308826660e+03 
5.308129883e+03 
5.307433594e+03 
5.306736816e+03 
5.306040527e+03 
5.305343750e+03 
5.304646484e+03 
5.303949707e+03 
5.303252441e+03 
5.302555176e+03 
5.301857422e+03 
5.301160156e+03 
5.300462402e+03 
5.299764648e+03 
4.286070312e+03 
4.286926758e+03 
4.287783203e+03 
4.288639160e+03 
4.289495605e+03 
4.290352051e+03 
4.291208008e+03 
4.292063965e+03 
4.292919922e+03 
4.293775391e+03 
4.294631348e+03 
4.295486816e+03 
4.296342285e+03 
4.297197754e+03 
4.298053223e+03 
4.298908691e+03 
4.299763672e+03 
4.300618652e+03 
4.301473633e+03 
4.302328613e+03 
4.303183594e+03 
4.304038086e+03 
4.304893066e+03 
4.305747559e+03 
4.306602051e+03 
4.307456055e+03 
4.308310547e+03 
4.309164551e+03 
4.310018555e+03 
4.310872559e+03 
4.311726562e+03 
4.312580566e+03 
4.313434082e+03 
4.314287598e+03 
4.315141113e+03 
4.315994629e+03 
4.316848145e+03 
4.317701172e+03 
4.318554199e+03 
4.319407227e+03 
4.320260254e+03 
4.321113281e+03 
4.321966309e+03 
4.322818848e+03 
4.323671387e+03 
4.324523926e+03 
4.325376465e+03 
4.326228516e+03 
4.327081055e+03 
4.327933105e+03 
4.328785156e+03 
4.329637207e+03 
4.330488770e+03 
4.331340820e+03 
4.332192383e+03 
4.333043945e+03 
4.333895508e+03 
4.334746582e+03 
4.335598145e+03 
4.336449219e+03 
4.337300293e+03 
4.338151367e+03 
4.339002441e+03 
4.339853516e+03 
4.340704102e+03 
4.341554688e+03 
4.342405273e+03 
4.343255859e+03 
4.344106445e+03 
4.344956543e+03 
4.345806641e+03 
4.346656738e+03 
4.347506836e+03 
4.348356934e+03 
4.349206543e+03 
4.350056152e+03 
4.350905762e+03 
4.351755371e+03 
4.352604980e+03 
4.353454590e+03 
4.354303711e+03 
4.355152832e+03 
4.356001953e+03 
4.356851074e+03 
4.357699707e+03 
4.358548828e+03 
4.359397461e+03 
4.360246094e+03 
4.361094727e+03 
4.361942871e+03 
4.362791504e+03 
4.363639648e+03 
4.364487793e+03 
4.365335938e+03 
4.366183594e+03 
4.367031738e+03 
4.367879395e+03 
4.368727051e+03 
4.369574707e+03 
4.370422363e+03 
4.371269531e+03 
4.372117188e+03 
4.372964355e+03 
4.373811523e+03 
4.374658691e+03 
4.375505371e+03 
4.376352051e+03 
4.377199219e+03 
4.378045898e+03 
4.378892578e+03 
4.379738770e+03 
4.380585449e+03 
4.381431641e+03 
4.382277832e+03 
4.383124023e+03 
4.383969727e+03 
4.384815918e+03 
4.385661621e+03 
4.386507324e+03 
4.387353027e+03 
4.388198730e+03 
4.389043945e+03 
4.389889648e+03 
4.390734863e+03 
4.391580078e+03 
4.392425293e+03 
4.393270020e+03 
4.394114746e+03 
4.394959961e+03 
4.395804688e+03 
4.396648926e+03 
4.397493652e+03 
4.398337891e+03 
4.399182617e+03 
4.400026855e+03 
4.400871094e+03 
4.401714844e+03 
4.402559082e+03 
4.403402832e+03 
4.404246582e+03 
4.405090332e+03 
4.405934082e+03 
4.406777344e+03 
4.407620605e+03 
4.408464355e+03 
4.409307617e+03 
4.410150391e+03 
4.410993652e+03 
4.411836426e+03 
4.412679199e+03 
4.413521973e+03 
4.414364746e+03 
4.415207520e+03 
4.416049805e+03 
4.416892090e+03 
4.417734375e+03 
4.418576660e+03 
4.419418945e+03 
4.420260742e+03 
4.421102539e+03 
4.421944336e+03 
4.422786133e+03 
4.423627930e+03 
4.424469238e+03 
4.425310547e+03 
4.426151855e+03 
4.426993164e+03 
4.427834473e+03 
4.428675293e+03 
4.429516602e+03 
4.430357422e+03 
4.431198242e+03 
4.432038574e+03 
4.432879395e+03 
4.433719727e+03 
4.434560059e+03 
4.435400391e+03 
4.436240723e+03 
4.437080566e+03 
4.437920898e+03 
4.438760742e+03 
4.439600586e+03 
4.440440430e+03 
4.441279785e+03 
4.442119629e+03 
4.442958984e+03 
4.443798340e+03 
4.444637207e+03 
4.445476562e+03 
4.446315430e+03 
4.447154785e+03 
4.447993652e+03 
4.448832520e+03 
4.449670898e+03 
4.450509766e+03 
4.451348145e+03 
4.452186523e+03 
4.453024902e+03 
4.453862793e+03 
4.454701172e+03 
4.455539062e+03 
4.456376953e+03 
4.457214844e+03 
4.458052734e+03 
4.458890137e+03 
4.459728027e+03 
4.460565430e+03 
4.461402832e+03 
4.462240234e+03 
4.463077148e+03 
4.463914062e+03 
4.464751465e+03 
4.465588379e+03 
4.466424805e+03 
4.467261719e+03 
4.468098145e+03 
4.468935059e+03 
4.469771484e+03 
4.470607422e+03 
4.471443848e+03 
4.472279785e+03 
4.473116211e+03 
4.473952148e+03 
4.474787598e+03 
4.475623535e+03 
4.476459473e+03 
4.477294922e+03 
4.478130371e+03 
4.478965820e+03 
4.479800781e+03 
4.480636230e+03 
4.481471191e+03 
4.482306152e+03 
4.483141113e+03 
4.483976074e+03 
4.484810547e+03 
4.485645508e+03 
4.486479980e+03 
4.487314453e+03 
4.488148438e+03 
4.488982910e+03 
4.489816895e+03 
4.490650879e+03 
4.491484863e+03 
4.492318848e+03 
4.493152832e+03 
4.493986328e+03 
4.494819824e+03 
4.495653320e+03 
4.496486816e+03 
4.497319824e+03 
4.498153320e+03 
4.498986328e+03 
4.499819336e+03 
4.500652344e+03 
4.501484863e+03 
4.502317871e+03 
4.503150391e+03 
4.503982910e+03 
4.504815430e+03 
4.505647949e+03 
4.506479980e+03 
4.507312012e+03 
4.508144043e+03 
4.508976074e+03 
4.509808105e+03 
4.510639648e+03 
4.511471191e+03 
4.512302734e+03 
4.513134277e+03 
4.513965820e+03 
4.514796875e+03 
4.515628418e+03 
4.516459473e+03 
4.517290527e+03 
4.518121094e+03 
4.518952148e+03 
4.519782715e+03 
4.520613281e+03 
4.521443848e+03 
4.522274414e+03 
4.523104492e+03 
4.523934570e+03 
4.524765137e+03 
4.525594727e+03 
4.526424805e+03 
4.527254883e+03 
4.528084473e+03 
4.528914062e+03 
4.529743652e+03 
4.530573242e+03 
4.531402344e+03 
4.532231934e+03 
4.533061035e+03 
4.533890137e+03 
4.534718750e+03 
4.535547852e+03 
4.536376465e+03 
4.537205078e+03 
4.538033691e+03 
4.538862305e+03 
4.539690918e+03 
4.540519043e+03 
4.541347168e+03 
4.542175293e+03 
4.543003418e+03 
4.543831055e+03 
4.544659180e+03 
4.545486816e+03 
4.546314453e+03 
4.547142090e+03 
4.547969238e+03 
4.548796875e+03 
4.549624023e+03 
4.550451172e+03 
4.551278320e+03 
4.552104980e+03 
4.552932129e+03 
4.553758789e+03 
4.554585449e+03 
4.555412109e+03 
4.556238281e+03 
4.557064941e+03 
4.557891113e+03 
4.558717285e+03 
4.559543457e+03 
4.560369141e+03 
4.561195312e+03 
4.562020996e+03 
4.562846680e+03 
4.563672363e+03 
4.564497559e+03 
4.565323242e+03 
4.566148438e+03 
4.566973633e+03 
4.567798828e+03 
4.568623535e+03 
4.569448730e+03 
4.570273438e+03 
4.571098145e+03 
4.571922852e+03 
4.572747559e+03 
4.573571777e+03 
4.574395996e+03 
4.575220215e+03 
4.576044434e+03 
4.576868652e+03 
4.577692383e+03 
4.578516602e+03 
4.579340332e+03 
4.580163574e+03 
4.580987305e+03 
4.581811035e+03 
4.582634277e+03 
4.583457520e+03 
4.584280762e+03 
4.585103516e+03 
4.585926758e+03 
4.586749512e+03 
4.587572266e+03 
4.588395020e+03 
4.589217773e+03 
4.590040039e+03 
4.590862305e+03 
4.591684570e+03 
4.592506836e+03 
4.593329102e+03 
4.594150879e+03 
4.594972656e+03 
4.595794434e+03 
4.596616211e+03 
4.597437988e+03 
4.598259277e+03 
4.599081055e+03 
4.599902344e+03 
4.600723633e+03 
4.601544434e+03 
4.602365723e+03 
4.603186523e+03 
4.604007324e+03 
4.604828125e+03 
4.605648438e+03 
4.606469238e+03 
4.607289551e+03 
4.608109863e+03 
4.608930176e+03 
4.609750488e+03 
4.610570312e+03 
4.611390137e+03 
4.612209961e+03 
4.613029785e+03 
4.613849609e+03 
4.614668945e+03 
4.615488281e+03 
4.616307617e+03 
4.617126953e+03 
4.617945801e+03 
4.618765137e+03 
4.619583984e+03 
4.620402832e+03 
4.621221680e+03 
4.622040039e+03 
4.622858887e+03 
4.623677246e+03 
4.624495605e+03 
4.625313477e+03 
4.626131836e+03 
4.626949707e+03 
4.627767578e+03 
4.628585449e+03 
4.629403320e+03 
4.630221191e+03 
4.631038574e+03 
4.631855957e+03 
4.632673340e+03 
4.633490723e+03 
4.634307617e+03 
4.635125000e+03 
4.635941895e+03 
4.636758789e+03 
4.637575195e+03 
4.638392090e+03 
4.639208496e+03 
4.640024902e+03 
4.640841309e+03 
4.641657715e+03 
4.642473633e+03 
4.643290039e+03 
4.644105957e+03 
4.644921875e+03 
4.645737305e+03 
4.646553223e+03 
4.647368652e+03 
4.648184082e+03 
4.648999512e+03 
4.649814941e+03 
4.650629883e+03 
4.651445312e+03 
4.652260254e+03 
4.653075195e+03 
4.653889648e+03 
4.654704590e+03 
4.655519043e+03 
4.656333496e+03 
4.657147949e+03 
4.657962402e+03 
4.658776367e+03 
4.659590332e+03 
4.660404297e+03 
4.661218262e+03 
4.662032227e+03 
4.662845703e+03 
4.663659180e+03 
4.664473145e+03 
4.665286133e+03 
4.666099609e+03 
4.666912598e+03 
4.667725586e+03 
4.668539062e+03 
4.669351562e+03 
4.670164551e+03 
4.670977051e+03 
4.671790039e+03 
4.672602539e+03 
4.673414551e+03 
4.674227051e+03 
4.675039062e+03 
4.675851562e+03 
4.676663574e+03 
4.677475098e+03 
4.678287109e+03 
4.679098633e+03 
4.679910156e+03 
4.680721680e+03 
4.681533203e+03 
4.682344727e+03 
4.683155762e+03 
4.683966797e+03 
4.684777832e+03 
4.685588867e+03 
4.686399902e+03 
4.687210449e+03 
4.688020996e+03 
4.688831543e+03 
4.689642090e+03 
4.690452148e+03 
4.691262695e+03 
4.692072754e+03 
4.692882812e+03 
4.693692383e+03 
4.694502441e+03 
4.695312012e+03 
4.696121582e+03 
4.696931152e+03 
4.697740723e+03 
4.698549805e+03 
4.699358887e+03 
4.700167969e+03 
4.700977051e+03 
4.701786133e+03 
4.702594727e+03 
4.703403320e+03 
4.704212402e+03 
4.705020508e+03 
4.705829102e+03 
4.706637207e+03 
4.707445312e+03 
4.708253418e+03 
4.709061523e+03 
4.709869629e+03 
4.710677246e+03 
4.711484863e+03 
4.712292480e+03 
4.713100098e+03 
4.713907227e+03 
4.714714844e+03 
4.715521973e+03 
4.716329102e+03 
4.717135742e+03 
4.717942871e+03 
4.718749512e+03 
4.719556152e+03 
4.720362793e+03 
4.721169434e+03 
4.721975586e+03 
4.722781738e+03 
4.723587891e+03 
4.724394043e+03 
4.725200195e+03 
4.726005859e+03 
4.726812012e+03 
4.727617676e+03 
4.728423340e+03 
4.729228516e+03 
4.730033691e+03 
4.730838867e+03 
4.731644531e+03 
4.732449219e+03 
4.733254395e+03 
4.734059082e+03 
4.734863770e+03 
4.735668457e+03 
4.736473145e+03 
4.737277344e+03 
4.738082031e+03 
4.738886230e+03 
4.739690430e+03 
4.740494141e+03 
4.741298340e+03 
4.742102051e+03 
4.742905762e+03 
4.743709473e+03 
4.744512695e+03 
4.745316406e+03 
4.746119629e+03 
4.746922852e+03 
4.747726074e+03 
4.748528809e+03 
4.749332031e+03 
4.750134766e+03 
4.750937500e+03 
4.751739746e+03 
4.752542480e+03 
4.753344727e+03 
4.754146973e+03 
4.754949219e+03 
4.755751465e+03 
4.756553223e+03 
4.757355469e+03 
4.758157227e+03 
4.758958984e+03 
4.759760254e+03 
4.760562012e+03 
4.761363281e+03 
4.762164551e+03 
4.762965820e+03 
4.763766602e+03 
4.764567871e+03 
4.765368652e+03 
4.766169434e+03 
4.766970215e+03 
4.767770508e+03 
4.768570801e+03 
4.769371582e+03 
4.770171387e+03 
4.770971680e+03 
7.269955078e+03 
7.269951172e+03 
7.269947754e+03 
7.269944336e+03 
7.269940430e+03 
7.269937012e+03 
7.269933105e+03 
7.269929688e+03 
7.269925781e+03 
7.269922363e+03 
7.269918945e+03 
7.269915039e+03 
7.269911621e+03 
7.269907715e+03 
7.269904297e+03 
7.269900879e+03 
7.269896973e+03 
7.269893555e+03 
7.269890137e+03 
7.269886230e+03 
7.269882812e+03 
7.269879395e+03 
7.269875977e+03 
7.269872070e+03 
7.269868652e+03 
7.269865234e+03 
7.269861328e+03 
7.269857910e+03 
7.269854492e+03 
7.269851074e+03 
7.269847168e+03 
7.269843750e+03 
7.269840332e+03 
7.269836914e+03 
7.269833496e+03 
7.269829590e+03 
7.269826172e+03 
7.269822754e+03 
7.269819336e+03 
7.269815918e+03 
7.269812012e+03 
7.269808594e+03 
7.269805176e+03 
7.269801758e+03 
7.269798340e+03 
7.269794922e+03 
7.269791504e+03 
7.269788086e+03 
7.269784180e+03 
7.269780762e+03 
7.269777344e+03 
7.269773926e+03 
7.269770508e+03 
7.269767090e+03 
7.269763672e+03 
7.269760254e+03 
7.269756836e+03 
7.269753418e+03 
7.269750000e+03 
7.269746582e+03 
7.269743164e+03 
7.269739746e+03 
7.269736328e+03 
7.269732910e+03 
7.269729492e+03 
7.269726074e+03 
7.269722656e+03 
7.269719238e+03 
7.269715820e+03 
7.269712402e+03 
7.269708984e+03 
7.269706055e+03 
7.269702637e+03 
7.269699219e+03 
7.269695801e+03 
7.269692383e+03 
7.269688965e+03 
7.269685547e+03 
7.269682129e+03 
7.269679199e+03 
7.269675781e+03 
7.269672363e+03 
7.269668945e+03 
7.269665527e+03 
7.269662598e+03 
7.269659180e+03 
7.269655762e+03 
7.269652344e+03 
7.269648926e+03 
7.269645996e+03 
7.269642578e+03 
7.269639160e+03 
7.269635742e+03 
7.269632812e+03 
7.269629395e+03 
7.269625977e+03 
7.269622559e+03 
7.269619629e+03 
7.269616211e+03 
7.269612793e+03 
7.269609863e+03 
7.269606445e+03 
7.269603027e+03 
7.269600098e+03 
7.269596680e+03 
7.269593262e+03 
7.269590332e+03 
7.269586914e+03 
7.269583496e+03 
7.269580566e+03 
7.269577148e+03 
7.269573730e+03 
7.269570801e+03 
7.269567383e+03 
7.269563965e+03 
7.269561035e+03 
7.269557617e+03 
7.269554688e+03 
7.269551270e+03 
7.269548340e+03 
7.269544922e+03 
7.269541504e+03 
7.269538574e+03 
7.269535156e+03 
7.269532227e+03 
7.269528809e+03 
7.269525879e+03 
7.269522461e+03 
7.269519531e+03 
7.269516113e+03 
7.269513184e+03 
7.269509766e+03 
7.269506836e+03 
7.269503418e+03 
7.269500488e+03 
7.269497070e+03 
7.269494141e+03 
7.269490723e+03 
7.269487793e+03 
7.269484863e+03 
7.269481445e+03 
7.269478027e+03 
7.269475098e+03 
7.269472168e+03 
7.269468750e+03 
7.269465820e+03 
7.269462402e+03 
7.269459473e+03 
7.269456055e+03 
7.269453125e+03 
7.269449707e+03 
7.269446777e+03 
7.269443848e+03 
7.269440430e+03 
7.269437500e+03 
7.269434082e+03 
7.269431152e+03 
7.269427734e+03 
7.269424805e+03 
7.269421875e+03 
7.269418457e+03 
7.269415527e+03 
7.269412109e+03 
7.269409180e+03 
7.269406250e+03 
7.269402832e+03 
7.269399902e+03 
7.269396484e+03 
7.269393555e+03 
7.269390625e+03 
7.269387207e+03 
7.269384277e+03 
7.269381348e+03 
7.269377930e+03 
7.269375000e+03 
7.269372070e+03 
7.269368652e+03 
7.269365723e+03 
7.269362793e+03 
7.269359375e+03 
7.269356445e+03 
7.269353516e+03 
7.269350098e+03 
7.269347168e+03 
7.269344238e+03 
7.269341309e+03 
7.269337891e+03 
7.269334961e+03 
7.269332031e+03 
7.269329102e+03 
7.269325684e+03 
7.269322754e+03 
7.269319824e+03 
7.269316895e+03 
7.269313965e+03 
7.269310547e+03 
7.269307617e+03 
7.269304688e+03 
7.269301758e+03 
7.269298828e+03 
7.269295898e+03 
7.269292480e+03 
7.269289551e+03 
7.269286621e+03 
7.269283691e+03 
7.269280762e+03 
7.269277832e+03 
7.269274414e+03 
7.269271484e+03 
7.269268555e+03 
7.269265625e+03 
7.269262695e+03 
7.269259766e+03 
7.269256836e+03 
7.269253906e+03 
7.269250977e+03 
7.269248047e+03 
7.269245117e+03 
7.269242188e+03 
7.269239258e+03 
7.269236328e+03 
7.269233398e+03 
7.269230469e+03 
7.269227539e+03 
7.269224609e+03 
7.269221680e+03 
7.269218750e+03 
7.269215820e+03 
7.269212891e+03 
7.269209961e+03 
7.269207031e+03 
7.269204102e+03 
7.269201172e+03 
7.269198242e+03 
7.269195312e+03 
7.269192383e+03 
7.269189453e+03 
7.269186523e+03 
7.269183594e+03 
7.269180664e+03 
7.269177734e+03 
7.269174805e+03 
7.269171875e+03 
7.269169434e+03 
7.269166504e+03 
7.269163574e+03 
7.269160645e+03 
7.269157715e+03 
7.269154785e+03 
7.269152344e+03 
7.269149414e+03 
7.269146484e+03 
7.269143555e+03 
7.269140625e+03 
7.269138184e+03 
7.269135254e+03 
7.269132324e+03 
7.269129883e+03 
7.269126953e+03 
7.269124023e+03 
7.269121582e+03 
7.269118652e+03 
7.269115723e+03 
7.269112793e+03 
7.269110352e+03 
7.269107422e+03 
7.269104980e+03 
7.269102051e+03 
7.269099121e+03 
7.269096680e+03 
7.269093750e+03 
7.269091309e+03 
7.269088379e+03 
7.269085449e+03 
7.269083008e+03 
7.269080078e+03 
7.269077637e+03 
7.269074707e+03 
7.269072266e+03 
7.269069336e+03 
7.269066895e+03 
7.269063965e+03 
7.269061523e+03 
7.269058594e+03 
7.269056152e+03 
7.269053223e+03 
7.269050781e+03 
7.269048340e+03 
7.269045410e+03 
7.269042969e+03 
7.269040039e+03 
7.269037598e+03 
7.269034668e+03 
7.269032227e+03 
7.269029785e+03 
7.269027344e+03 
7.269024414e+03 
7.269021973e+03 
7.269019531e+03 
7.269016602e+03 
7.269014160e+03 
7.269011719e+03 
7.269009277e+03 
7.269006348e+03 
7.269003906e+03 
7.269001465e+03 
7.268999023e+03 
7.268996582e+03 
7.268993652e+03 
7.268991211e+03 
7.268988770e+03 
7.268986328e+03 
7.268983887e+03 
7.268980957e+03 
7.268978516e+03 
7.268976074e+03 
7.268973633e+03 
7.268971191e+03 
7.268968750e+03 
7.268966309e+03 
7.268963867e+03 
7.268961426e+03 
7.268958984e+03 
7.268956543e+03 
7.268954102e+03 
7.268951660e+03 
7.268949219e+03 
7.268946777e+03 
7.268944336e+03 
7.268941895e+03 
7.268939453e+03 
7.268937012e+03 
7.268934570e+03 
7.268932129e+03 
7.268929688e+03 
7.268927246e+03 
7.268924805e+03 
7.268922852e+03 
7.268920410e+03 
7.268917969e+03 
7.268915527e+03 
7.268913086e+03 
7.268911133e+03 
7.268908691e+03 
7.268906250e+03 
7.268903809e+03 
7.268901367e+03 
7.268899414e+03 
7.268896973e+03 
7.268894531e+03 
7.268892578e+03 
7.268890137e+03 
7.268887695e+03 
7.268885742e+03 
7.268883301e+03 
7.268880859e+03 
7.268878906e+03 
7.268876465e+03 
7.268874023e+03 
7.268872070e+03 
7.268869629e+03 
7.268867188e+03 
7.268865234e+03 
7.268862793e+03 
7.268860840e+03 
7.268858398e+03 
7.268856445e+03 
7.268854004e+03 
7.268851562e+03 
7.268849609e+03 
7.268847168e+03 
7.268845215e+03 
7.268842773e+03 
7.268840820e+03 
7.268838379e+03 
7.268836426e+03 
7.268834473e+03 
7.268832031e+03 
7.268830078e+03 
7.268827637e+03 
7.268825684e+03 
7.268823242e+03 
7.268821289e+03 
7.268818848e+03 
7.268816895e+03 
7.268814941e+03 
7.268812500e+03 
7.268810547e+03 
7.268808594e+03 
7.268806152e+03 
7.268804199e+03 
7.268802246e+03 
7.268799805e+03 
7.268797852e+03 
7.268795898e+03 
7.268793457e+03 
7.268791504e+03 
7.268789551e+03 
7.268787109e+03 
7.268785156e+03 
7.268783203e+03 
7.268781250e+03 
7.268778809e+03 
7.268776855e+03 
7.268774902e+03 
7.268772949e+03 
7.268770996e+03 
7.268768555e+03 
7.268766602e+03 
7.268764648e+03 
7.268762695e+03 
7.268760742e+03 
7.268758301e+03 
7.268756348e+03 
7.268754395e+03 
7.268752441e+03 
7.268750488e+03 
7.268748535e+03 
7.268746582e+03 
7.268744141e+03 
7.268742188e+03 
7.268740234e+03 
7.268738281e+03 
7.268736328e+03 
7.268734375e+03 
7.268732422e+03 
7.268730469e+03 
7.268728027e+03 
7.268726074e+03 
7.268724121e+03 
7.268722168e+03 
7.268720215e+03 
7.268718262e+03 
7.268716309e+03 
7.268714355e+03 
7.268712402e+03 
7.268710449e+03 
7.268708008e+03 
7.268706055e+03 
7.268704102e+03 
7.268702148e+03 
7.268700195e+03 
7.268698242e+03 
7.268696289e+03 
7.268694336e+03 
7.268692383e+03 
7.268690430e+03 
7.268688477e+03 
7.268686523e+03 
7.268684570e+03 
7.268682617e+03 
7.268680664e+03 
7.268678711e+03 
7.268676758e+03 
7.268674805e+03 
7.268672852e+03 
7.268670898e+03 
7.268668945e+03 
7.268666992e+03 
7.268665039e+03 
7.268663086e+03 
7.268661133e+03 
7.268659180e+03 
7.268657227e+03 
7.268655273e+03 
7.268653320e+03 
7.268651367e+03 
7.268649414e+03 
7.268647461e+03 
7.268645508e+03 
7.268643555e+03 
7.268641602e+03 
7.268639648e+03 
7.268637695e+03 
7.268635742e+03 
7.268633789e+03 
7.268631836e+03 
7.268629883e+03 
7.268627930e+03 
7.268625977e+03 
7.268624023e+03 
7.268622070e+03 
7.268620117e+03 
7.268618164e+03 
7.268616211e+03 
7.268614258e+03 
7.268612305e+03 
7.268610352e+03 
7.268608398e+03 
7.268606445e+03 
7.268604492e+03 
7.268602539e+03 
7.268600586e+03 
7.268598633e+03 
7.268597168e+03 
7.268595215e+03 
7.268593262e+03 
7.268591309e+03 
7.268589355e+03 
7.268587402e+03 
7.268585449e+03 
7.268583496e+03 
7.268581543e+03 
7.268579590e+03 
7.268577637e+03 
7.268575684e+03 
7.268573730e+03 
7.268571777e+03 
7.268569824e+03 
7.268568359e+03 
7.268566406e+03 
7.268564453e+03 
7.268562500e+03 
7.268560547e+03 
7.268558594e+03 
7.268556641e+03 
7.268554688e+03 
7.268552734e+03 
7.268550781e+03 
7.268548828e+03 
7.268546875e+03 
7.268544922e+03 
7.268542969e+03 
7.268541016e+03 
7.268539062e+03 
7.268537109e+03 
7.268535156e+03 
7.268533203e+03 
7.268531250e+03 
7.268529785e+03 
7.268527832e+03 
7.268525879e+03 
7.268523926e+03 
7.268521973e+03 
7.268520020e+03 
7.268518066e+03 
7.268516113e+03 
7.268514160e+03 
7.268512207e+03 
7.268510254e+03 
7.268508301e+03 
7.268506348e+03 
7.268504395e+03 
7.268502441e+03 
7.268500488e+03 
7.268498535e+03 
7.268496582e+03 
7.268494629e+03 
7.268492676e+03 
7.268490723e+03 
7.268488770e+03 
7.268486816e+03 
7.268484863e+03 
7.268482910e+03 
7.268480957e+03 
7.268479004e+03 
7.268477051e+03 
7.268475098e+03 
7.268473145e+03 
7.268471191e+03 
7.268469238e+03 
7.268467285e+03 
7.268465332e+03 
7.268463379e+03 
7.268461426e+03 
7.268459473e+03 
7.268457520e+03 
7.268455078e+03 
7.268453125e+03 
7.268451172e+03 
7.268449219e+03 
7.268447266e+03 
7.268445312e+03 
7.268443359e+03 
7.268441406e+03 
7.268439453e+03 
7.268437500e+03 
7.268435547e+03 
7.268433594e+03 
7.268431641e+03 
7.268429199e+03 
7.268427246e+03 
7.268425293e+03 
7.268423340e+03 
7.268421387e+03 
7.268419434e+03 
