1.017658887e+04
1.017659766e+04
1.017660742e+04
1.017661621e+04
1.017662500e+04
1.017663379e+04
1.017664355e+04
1.017665234e+04
1.017666113e+04
1.017666992e+04
1.017667969e+04
1.017668848e+04
1.017669727e+04
1.017670703e+04
1.017671582e+04
1.017672461e+04
1.017673340e+04
1.017674316e+04
1.017675195e+04
1.017676074e+04
1.017677051e+04
1.017677930e+04
1.017678809e+04
1.017679785e+04
1.017680664e+04
1.017681543e+04
1.017682520e+04
1.017683398e+04
1.017684277e+04
1.017685254e+04
1.017686133e+04
1.017687012e+04
1.017687988e+04
1.017688867e+04
1.017689746e+04
1.017690723e+04
1.017691602e+04
1.017692480e+04
1.017693457e+04
1.017694336e+04
1.017695215e+04
1.017696191e+04
1.017697070e+04
1.017697949e+04
1.017698926e+04
1.017699805e+04
1.017700781e+04
1.017701660e+04
1.017702539e+04
1.017703516e+04
1.017704395e+04
1.017705273e+04
1.017706250e+04
1.017707129e+04
1.017708105e+04
1.017708984e+04
1.017709863e+04
1.017710840e+04
1.017711719e+04
1.017712695e+04
1.017713574e+04
1.017714453e+04
1.017715430e+04
1.017716309e+04
1.017717285e+04
1.017718164e+04
1.017719141e+04
1.017720020e+04
1.017720898e+04
1.017721875e+04
1.017722754e+04
1.017723730e+04
1.017724609e+04
1.017725586e+04
1.017726465e+04
1.017727441e+04
1.017728320e+04
1.017729199e+04
1.017730176e+04
1.017731152e+04
1.017732031e+04
1.017732910e+04
1.017733887e+04
1.017734766e+04
1.017735742e+04
1.017736621e+04
1.017737598e+04
1.017738477e+04
1.017739453e+04
1.017740332e+04
1.017741309e+04
1.017742188e+04
1.017743164e+04
1.017744043e+04
1.017745020e+04
1.017745898e+04
1.017746875e+04
1.017747754e+04
1.017748730e+04
1.017749609e+04
1.017750586e+04
1.017751465e+04
1.017752441e+04
1.017753320e+04
1.017754297e+04
1.017755176e+04
1.017756152e+04
1.017757031e+04
1.017758008e+04
1.017758887e+04
1.017759863e+04
1.017760840e+04
1.017761719e+04
1.017762695e+04
1.017763574e+04
1.017764551e+04
1.017765430e+04
1.017766406e+04
1.017767285e+04
1.017768262e+04
1.017769238e+04
1.017770117e+04
1.017771094e+04
1.017771973e+04
1.017772949e+04
1.017773828e+04
1.017774805e+04
1.017775781e+04
1.017776660e+04
1.017777637e+04
1.017778516e+04
1.017779492e+04
1.017780469e+04
1.017781348e+04
1.017782324e+04
1.017783203e+04
1.017784180e+04
1.017785156e+04
1.017786035e+04
1.017787012e+04
1.017787891e+04
1.017788867e+04
1.017789844e+04
1.017790723e+04
1.017791699e+04
1.017792578e+04
1.017793555e+04
1.017794531e+04
1.017795410e+04
1.017796387e+04
1.017797363e+04
1.017798242e+04
1.017799219e+04
1.017800098e+04
1.017801074e+04
1.017802051e+04
1.017802930e+04
1.017803906e+04
1.017804785e+04
1.017805762e+04
1.017806738e+04
1.017807617e+04
1.017808594e+04
1.017809570e+04
1.017810449e+04
1.017811426e+04
1.017812305e+04
1.017813281e+04
1.017814258e+04
1.017815137e+04
1.017816113e+04
1.017817090e+04
1.017817969e+04
1.017818945e+04
1.017819824e+04
1.017820801e+04
1.017821777e+04
1.017822656e+04
1.017823633e+04
1.017824609e+04
1.017825488e+04
1.017826465e+04
1.017827344e+04
1.017828320e+04
1.017829297e+04
1.017830273e+04
1.017831152e+04
1.017832129e+04
1.017833008e+04
1.017833984e+04
1.017834961e+04
1.017835938e+04
1.017836816e+04
1.017837793e+04
1.017838770e+04
1.017839648e+04
1.017840625e+04
1.017841602e+04
1.017842480e+04
1.017843457e+04
1.017844434e+04
1.017845312e+04
1.017846289e+04
1.017847266e+04
1.017848242e+04
1.017849121e+04
1.017850098e+04
1.017851074e+04
1.017851953e+04
1.017852930e+04
1.017853906e+04
1.017854883e+04
1.017855762e+04
1.017856738e+04
1.017857715e+04
1.017858691e+04
1.017859570e+04
1.017860547e+04
1.017861523e+04
1.017862500e+04
1.017863477e+04
1.017864355e+04
1.017865332e+04
1.017866309e+04
1.017867285e+04
1.017868262e+04
1.017869141e+04
1.017870117e+04
1.017871094e+04
1.017872070e+04
1.017872949e+04
1.017873926e+04
1.017874902e+04
1.017875879e+04
1.017876855e+04
1.017877734e+04
1.017878711e+04
1.017879688e+04
1.017880664e+04
1.017881641e+04
1.017882617e+04
1.017883496e+04
1.017884473e+04
1.017885449e+04
1.017886426e+04
1.017887402e+04
1.017888379e+04
1.017889258e+04
1.017890234e+04
1.017891211e+04
1.017892188e+04
1.017893164e+04
1.017894141e+04
1.017895117e+04
1.017896094e+04
1.017896973e+04
1.017897949e+04
1.017898926e+04
1.017899902e+04
1.017900879e+04
1.017901855e+04
1.017902832e+04
1.017903809e+04
1.017904785e+04
1.017905762e+04
1.017906738e+04
1.017907715e+04
1.017908691e+04
1.017909570e+04
1.017910547e+04
1.017911523e+04
1.017912500e+04
1.017913477e+04
1.017914453e+04
1.017915430e+04
1.017916406e+04
1.017917383e+04
1.017918359e+04
1.017919336e+04
1.017920312e+04
1.017921289e+04
1.017922266e+04
1.017923242e+04
1.017924219e+04
1.017925195e+04
1.017926172e+04
1.017927148e+04
1.017928125e+04
1.017929102e+04
1.017930078e+04
1.017931055e+04
1.017932031e+04
1.017933008e+04
1.017933984e+04
1.017934961e+04
1.017935938e+04
1.017936914e+04
1.017937891e+04
1.017938867e+04
1.017939844e+04
1.017940918e+04
1.017941895e+04
1.017942871e+04
1.017943848e+04
1.017944824e+04
1.017945801e+04
1.017946777e+04
1.017947754e+04
1.017948730e+04
1.017949805e+04
1.017950781e+04
1.017951758e+04
1.017952734e+04
1.017953711e+04
1.017954688e+04
1.017955664e+04
1.017956641e+04
1.017957715e+04
1.017958691e+04
1.017959668e+04
1.017960645e+04
1.017961621e+04
1.017962598e+04
1.017963672e+04
1.017964648e+04
1.017965625e+04
1.017966602e+04
1.017967578e+04
1.017968652e+04
1.017969629e+04
1.017970605e+04
1.017971582e+04
1.017972559e+04
1.017973633e+04
1.017974609e+04
1.017975586e+04
1.017976562e+04
1.017977637e+04
1.017978613e+04
1.017979590e+04
1.017980566e+04
1.017981641e+04
1.017982617e+04
1.017983594e+04
1.017984570e+04
1.017985645e+04
1.017986621e+04
1.017987598e+04
1.017988574e+04
1.017989648e+04
1.017990625e+04
1.017991602e+04
1.017992676e+04
1.017993652e+04
1.017994629e+04
1.017995703e+04
1.017996680e+04
1.017997656e+04
1.017998730e+04
1.017999707e+04
1.018000684e+04
1.018001758e+04
1.018002734e+04
1.018003711e+04
1.018004785e+04
1.018005762e+04
1.018006836e+04
1.018007812e+04
1.018008789e+04
1.018009863e+04
1.018010840e+04
1.018011816e+04
1.018012891e+04
1.018013867e+04
1.018014941e+04
1.018015918e+04
1.018016895e+04
1.018017969e+04
1.018018945e+04
1.018020020e+04
1.018020996e+04
1.018021973e+04
1.018023047e+04
1.018024023e+04
1.018025098e+04
1.018026074e+04
1.018027051e+04
1.018028125e+04
1.018029102e+04
1.018030176e+04
1.018031152e+04
1.018032227e+04
1.018033203e+04
1.018034180e+04
1.018035254e+04
1.018036230e+04
1.018037305e+04
1.018038281e+04
1.018039355e+04
1.018040332e+04
1.018041406e+04
1.018042383e+04
1.018043359e+04
1.018044434e+04
1.018045410e+04
1.018046484e+04
1.018047461e+04
1.018048535e+04
1.018049512e+04
1.018050586e+04
1.018051562e+04
1.018052637e+04
1.018053613e+04
1.018054688e+04
1.018055664e+04
1.018056738e+04
1.018057715e+04
1.018058789e+04
1.018059766e+04
1.018060840e+04
1.018061816e+04
1.018062793e+04
1.018063867e+04
1.018064844e+04
1.018065918e+04
1.018066895e+04
1.018067969e+04
1.018069043e+04
1.018070020e+04
1.018071094e+04
1.018072070e+04
1.018073145e+04
1.018074121e+04
1.018075195e+04
1.018076172e+04
1.018077246e+04
1.018078223e+04
1.018079297e+04
1.018080273e+04
1.018081348e+04
1.018082324e+04
1.018083398e+04
1.018084375e+04
1.018085449e+04
1.018086426e+04
1.018087500e+04
1.018088574e+04
1.018089551e+04
1.018090625e+04
1.018091602e+04
1.018092676e+04
1.018093652e+04
1.018094727e+04
1.018095703e+04
1.018096777e+04
1.018097754e+04
1.018098828e+04
1.018099805e+04
1.018100879e+04
1.018101953e+04
1.018102930e+04
1.018104004e+04
1.018104980e+04
1.018106055e+04
1.018107031e+04
1.018108105e+04
1.018109180e+04
1.018110156e+04
1.018111230e+04
1.018112207e+04
1.018113281e+04
1.018114258e+04
1.018115332e+04
1.018116309e+04
1.018117383e+04
1.018118457e+04
1.018119434e+04
1.018120508e+04
1.018121484e+04
1.018122559e+04
1.018123633e+04
1.018124609e+04
1.018125684e+04
1.018126660e+04
1.018127734e+04
1.018128711e+04
1.018129785e+04
1.018130859e+04
1.018131836e+04
1.018132910e+04
1.018133887e+04
1.018134961e+04
1.018136035e+04
1.018137012e+04
1.018138086e+04
1.018139062e+04
1.018140137e+04
1.018141211e+04
1.018142188e+04
1.018143262e+04
1.018144238e+04
1.018145312e+04
1.018146387e+04
1.018147363e+04
1.018148438e+04
1.018149414e+04
1.018150488e+04
1.018151465e+04
1.018152539e+04
1.018153613e+04
1.018154590e+04
1.018155664e+04
1.018156641e+04
1.018157715e+04
1.018158789e+04
1.018159766e+04
1.018160840e+04
1.018161816e+04
1.018162891e+04
1.018163867e+04
1.018164941e+04
1.018165918e+04
1.018166992e+04
1.018168066e+04
1.018169043e+04
1.018170117e+04
1.018171094e+04
1.018172168e+04
1.018173145e+04
1.018174219e+04
1.018175293e+04
1.018176270e+04
1.018177344e+04
1.018178320e+04
1.018179395e+04
1.018180371e+04
1.018181445e+04
1.018182520e+04
1.018183496e+04
1.018184570e+04
1.018185547e+04
1.018186621e+04
1.018187598e+04
1.018188672e+04
1.018189746e+04
1.018190723e+04
1.018191797e+04
1.018192773e+04
1.018193848e+04
1.018194824e+04
1.018195898e+04
1.018196875e+04
1.018197949e+04
1.018198926e+04
1.018200000e+04
1.018200977e+04
1.018202051e+04
1.018203125e+04
1.018204102e+04
1.018205176e+04
1.018206152e+04
1.018207227e+04
1.018208203e+04
1.018209277e+04
1.018210254e+04
1.018211328e+04
1.018212305e+04
1.018213379e+04
1.018214355e+04
1.018215430e+04
1.018216406e+04
1.018217480e+04
1.018218457e+04
1.018219531e+04
1.018220508e+04
1.018221582e+04
1.018222559e+04
1.018223633e+04
1.018224609e+04
1.018225684e+04
1.018226660e+04
1.018227734e+04
1.018228711e+04
1.018229688e+04
1.018230762e+04
1.018231738e+04
