-132434182 64659569
-234738785 -52799487
-317073401 90656501
-127724646 100014580
70708488 -394309039
227259139 -149198709
-32630377 -251581319
-63975523 10558960
-192992967 181478235
-290733906 -55940666
-97609655 -28033981
297791345 -108080516
-70435051 90494011
130758976 218473643
-101303014 -288086015
-19197688 507926623
281290159 -246351157
59327277 -92856788
-26194454 -176014489
-93652088 29588352
391981726 -26210965
201054836 -145601931
226131643 -43596126
-347625421 -154689890
-80766136 179419766
262209292 562025343
60341573 516248292
-133817318 286876381
-184165626 -482123114
-225053353 -593523322
-12989364 -213756988
-246908587 -134552504
-55747492 -268747514
-278174444 512200700
-202411781 95486972
-161724692 -202893242
23448090 -163478605
383155463 389987935
-94025790 -33971309
-85359297 252049635
151934129 42811191
-335703135 -75601620
-248136268 -74003727
54697536 -160485435
-51844120 151844956
-138290349 271569392
-156643462 -202994048
-288253964 452558871
-38221862 -250827062
156350262 121318986
-498173038 -139631017
501485362 -50920135
200645477 433612762
287070484 65601202
219655612 122552475
3575533 104479269
-109695823 -66151422
140210824 234494463
35350721 286021095
-286293548 247886047
-5565933 -309806429
-188048249 173356821
193833285 -449844503
-170885165 -79160207
-383047096 -352283720
609512938 160360280
-365586455 -204425675
-34134871 -66930496
-201200269 283647311
145144632 -307541500
253276787 249068287
-407208549 -264830915
135911871 140303510
-79784837 -351014480
206335423 -142966163
-141782249 233662516
200210794 299629587
250747756 -372792275
-317974482 -20810295
-25245059 510826017
-1493639 221265947
104456351 -12730541
-577926183 -247866526
432174 -146194257
409482112 95860016
66904436 230449822
181944546 -135089449
170705358 -590432931
-42910948 44604322
-88880882 170512274
-225753740 105707685
37559112 -112967306
118381645 352416421
-97019264 390829349
-544508145 -157570113
-8947212 -225091901
104687200 -180306932
232850845 107591417
115596656 114132764
-10565616 -145094547
37545798 -375528483
-16357672 -317612717
-121188262 -62742553
194156266 -31215967
-146255628 -35806154
-87223465 177619940
501824071 -292002080
-167136491 -42227276
-566888054 381439632
-205678864 62934747
300018591 -214310475
-530862818 237889142
-167156976 -37049819
-429654095 128158063
-5112802 -281960391
198546530 100730464
92021869 -53562020
366439667 193400889
265145005 -249082996
-151185305 -50277438
-55887237 48814820
-243137970 -123917429
521514582 292079953
-16726103 -357268472
-461545021 126863015
33361455 -94821967
112905386 130786455
-248380265 -651038788
