242831019 -208367485
-223936339 -218645303
50410245 200829010
-96610117 -178667080
-17959858 -295129182
67538308 -177946130
62507634 -150379032
-280928642 -24683044
-255430535 340791603
-146623002 83796870
-364500789 21185610
140297547 179380160
-212606164 -175342253
-439156688 -224926873
113524273 -235230612
45527524 393064191
-129473857 -24583975
72346738 -125038540
127758993 24540017
-165788125 289351676
230892907 48739592
70551416 -56824516
-59473656 -391078362
301199570 273339882
61821011 85403283
-217329633 160704873
-142222448 -155267515
148167505 -369514266
445297002 -193432627
-215062594 340036238
96013092 -311231804
-171955079 306970775
27257568 -5815954
-91538402 -121307209
93512484 24484774
23742701 -279872751
-189064822 231353839
-32357764 -232249004
93210693 434419787
-37110812 254562491
50025351 80172215
153880669 214347284
-91125531 208690596
-20637907 335544752
-18251326 12441211
-205710770 293092284
279408214 57261003
-20145662 -102277932
-47587946 -53585298
-231931485 -40342633
-399870949 218969195
-183436711 201682251
-8321939 -56371859
-311313498 148096563
-176400620 -563049685
291790475 167753602
-25157583 -115233861
146277450 57684958
55807506 -84804189
74163083 365087105
-89317005 -150463254
291103873 -349337354
-40832991 -342883489
-7710864 -32884821
-227798738 -92010698
-58051901 -382606526
29261626 -44888105
-430294585 -205073403
-212031075 -332950143
699372760 -520995234
156878199 -424693937
-150678728 305183680
-59618368 466420789
302097342 -322567736
194945998 -456571832
227305557 -570869834
-532987510 252666827
-183939610 133985642
-103476389 -32883044
-208105217 -568507081
202269574 22727054
-17668138 75361888
-437407929 -132854513
425461506 287543023
-412261188 208878278
110661579 188182241
-564862510 -35749447
-261361095 156582172
-112475771 -200274072
171939600 -44473533
133682607 91783119
-204004753 -416765889
632848295 -54436440
26016133 -819095552
-149039428 423630294
420032839 4439348
-404615045 -217970985
257920038 -92121251
294520692 -122107398
663611225 -82234093
43062709 -15918585
-79492898 300265913
-110870465 -140027903
-73734350 -155478314
-117700704 172458732
-189865366 -466720641
-85131077 463682171
-181433070 -378971409
318920675 232297578
62451454 -241030408
121901202 236539676
-155798447 -209744381
-385707644 154827586
-229008580 -268534123
-31928042 -89250670
-148953440 -123464856
307090693 -191813534
158940463 163629513
-101912779 223095584
-9054733 199935403
113060580 -1701823
-151528460 -382740672
43870229 238829022
-116091554 78760025
-342948406 130195483
-56013911 -24930429
-420732271 405935952
222067099 108845165
