54403443 112347227
11117573 -31813243
126807296 19161237
103792737 131435593
-25080582 104953226
126759692 -10368932
-92298962 -35913110
-68413858 133407601
-109868808 17826174
-20604014 -28747870
26609005 -3299794
50615058 23196470
67148947 -117812692
-4635236 -84919962
87662921 125909917
-111778095 84522165
31939491 -81326075
28225859 -121116410
-67070830 -52828231
-66287048 -108824280
-2990768 -71460573
12776232 -79448021
-10992916 42290900
13398487 -111474351
102151220 -58217923
19736774 -54190818
-83915766 -104963351
67807860 69697756
94813450 126892870
34549318 -19923035
63270913 -5919337
-115926836 40537083
-15141616 93741849
104855476 115180715
33188496 35057691
-46450354 93253407
-132889596 96040501
18154 129768173
118551124 -60906328
-74382990 103670751
-117373957 30600565
46758781 82297909
2801134 -19204434
-104643480 44113662
-10643227 -6926164
-67567277 120175078
-106101897 113810223
-70499766 -28217071
-4484579 6170527
95668518 -40745624
125870170 13722733
111883190 26130352
-19106092 -103615541
27053300 48042883
85773581 -7413858
-79715198 -15545633
14325046 -100428666
8192911 -3237607
-101209398 -121100795
77641063 -31530700
66147395 -83888041
123084346 18158157
60717495 58035253
47827467 -93335134
-122781016 -94474724
41576380 66346109
-123338202 -92408868
91289855 74128540
124054067 -104825880
14938928 121456952
118760273 31717690
111729560 131487080
57164955 -124531977
-131502088 62944889
98460216 -38907484
86589349 130072110
-117327872 4210203
-86287702 -46841677
-81828749 -125545987
72212209 -13816060
132661502 15084677
89840384 2631926
50283019 106949658
81283237 122008707
119266299 73603144
-51278512 59504589
55334618 -126519125
-19811307 -37574137
-117582392 95780514
118654964 47875961
84455022 -35522030
96954453 -75216242
-116274365 -43456578
-116810525 95083749
-116971611 17759736
-104298477 68483082
-109054695 -8638669
-91225296 122322908
-82439186 57781750
-99348597 71475138
-80568133 101398479
-85027995 -124614268
62025755 -45174731
-101415296 -2453340
-16585623 -2657076
22521527 21375631
-63541614 41932812
-8478122 19829118
-79588124 -72403846
-48107110 -64760520
14090677 -81300103
-3456145 -120382136
75389076 -48683389
-19061269 93663971
19112418 -98553205
-124563751 -6176306
-93783591 98681841
-28600281 -119053644
13319863 -80160279
-27903259 -98163092
84791363 20250795
53925369 114751989
-88243553 79424012
105928745 87858633
125896777 116208538
57731838 47685548
-119917707 80893491
-72169637 67531852
