27711270 -101036194
-131227649 -19895793
-10419788 -105926420
-66616461 94830576
21691057 111388846
58936617 -23972773
-49719481 123734039
-77652828 -53622226
96831018 -43873493
-109665320 128881195
-82514721 -32667446
-33114229 127181770
27467165 103415840
129970745 126619263
89830799 -120658854
-115276180 68125948
79335495 88629222
106508208 106747539
-101500126 -101506855
13987225 23070420
126865927 107817951
-109681520 -52183895
-45759524 21177511
55401280 23037327
-114758461 13445359
-51243501 -96644267
40865041 -21042552
-133499086 -10423634
-67326861 24659339
87955425 -14179292
-60665872 70591282
97405631 -91813219
-85049777 -45293858
-68421905 -38751634
-25332958 6205601
9701852 132811170
-127772343 130691464
100710932 4179957
-107793636 39458378
50331278 -96453639
-73497437 -46859173
91312709 -119536574
19397863 -80470651
79832134 19981962
-82597163 112600748
18473257 -75747605
39316436 72020613
25715605 119147482
-25664559 2128210
-1213105 -88690959
125513353 -61764639
-46667238 -40038275
109098318 8421265
-72517827 -46626816
116669642 11434031
99230983 -21072070
76854886 78483639
94824427 -89998785
-71748639 -112027125
-61557329 82611007
51367286 -56724309
83551860 28159720
-62611246 -14464540
-38626693 53665336
117214102 -106797239
-31768227 58481497
21029801 17557028
-8398758 -103013585
-97664643 70916718
67567693 -18170485
112306957 -118333855
55008176 103319991
118332467 -59405664
-23587828 13760737
-67194008 16012957
63313819 -54844960
-120315321 100197370
52267524 -48760049
-9309089 -24111852
34452462 -52921655
7217705 -49450657
-100042181 73282567
100517506 116793157
21027640 -25765075
-73252171 -99435165
116922363 69941868
-91649812 -54057611
-106564868 98941105
82528865 124535714
68599218 -31836644
-67894283 80481750
-22695484 93689146
132253057 -77390261
-52572046 -70008626
46102151 130970529
114904543 -75442663
-15372823 -5452900
-18294559 56911839
-109282505 -88172497
-44610776 49816998
-96759350 -1551392
105276654 -28426338
43365376 -87203556
111593169 -25460334
126778914 27188339
-14343501 -57425869
111295987 -125255337
111453912 45603009
-129227638 92857415
79869471 -33671303
-29394199 -106055308
-95090032 64926578
126927335 58560513
-33586931 -101646032
-80761318 86303386
24231330 65873858
-82137205 -126129921
110796057 -71454395
-98915276 -64945147
34611009 -118383597
22110399 50730793
-55278207 -40535796
88794641 -13016191
-106015770 34588664
-40238784 -48873039
45863271 55077351
124292309 70740889
-7516568 -110531835
