100885208 122258424
69834085 -45428109
59274930 105362492
1672430 63103926
-23020829 73629339
-32200368 116411106
-126056149 -57173794
-88310138 34874008
-63100039 -114402206
41678187 49594846
-73062233 -112402901
-118140453 -105465260
-109472234 28219113
-22015514 -20899637
-115956619 -124356088
-101691936 84822866
-16382675 -16030155
92129358 -34820778
129212134 130847258
129231217 77799572
-80700469 114897279
115421302 -67848552
71679173 -125433535
3665456 116356977
130472631 87521859
-92538948 -77290415
71306635 100306406
-108821672 -30073140
-31347452 97957693
10769559 119746568
-120531901 -1519926
-12441129 21422846
112715070 -19436099
25979057 26342665
-108617308 122179650
-69456850 -52964468
34855223 -77072192
-58231435 133382127
-8240281 83320769
-130815624 -73792007
11446039 17990140
-120483574 -114849839
15000950 -109873850
-33376379 -106292379
-88083165 -28314304
-90725268 2269582
19770767 -71611758
132088263 -95751597
1579403 -7490417
59569841 -106412271
98740992 -64445325
133199372 69976907
78798139 93970801
-116474845 101799534
113765950 -13713609
-96072272 75085695
41419907 -1261810
-131356221 21856545
-46968583 521939
113356382 -49248484
74764091 -92046475
47746745 27382929
8792382 116015943
-119763122 -1541361
-108475569 2386402
-105879646 -86395784
71465922 110548786
52346531 -34424055
86790849 71114555
-99574954 -122487504
29232857 10307363
-109721724 -24138556
23106965 38866934
1120343 69017017
-131779162 -127295483
36644478 -33083904
-115415334 101261335
60236083 -37139474
94157486 83867318
-114015494 46286475
48166809 80908727
45675752 81112394
-84685193 127379003
-49143651 18970140
-30474377 -61578476
-107165058 43823162
-69793689 -60375630
113898001 -132055484
28217328 -104540168
30336096 116101195
10313368 -22389212
1911026 -102150052
-16360807 51205034
65917520 10749033
-75259510 134012540
-103338663 -70832793
-118782387 109948555
-83383865 -80439594
-30480853 99596001
-96636386 -642905
76646971 105961534
11126432 111886612
-117955605 87851553
-115600224 -74352378
-81391830 -59886178
28091643 -42690810
66052878 120497749
-122242819 32526010
56155045 -112755080
104476304 22396448
-111646545 -114579317
-39608453 4790520
-67230612 100279194
64990107 -9032605
-67401407 -74705826
-116620574 -64260170
77384215 123638281
-31975933 -4132213
-88625718 69374884
-130310627 26858062
-108157164 -13957309
-7414592 -116845597
-9497486 -124531473
39394942 -97601241
-97398847 58799300
81014027 5926022
39585487 -27419776
75002455 -14634698
