-20055217 -32727481
-19458488 91007287
-34380193 18724106
-62583720 8890576
57558929 -127185277
-5103395 41561311
-23309147 -47728063
-72714846 73809024
22589188 47147343
64505471 -7093658
-31322409 -100105588
65211214 97864077
71493451 -92532281
-35514901 38733848
106846100 -10318818
41527646 127179735
-67114706 80914529
-18483926 -24833466
-96184138 19676048
9204684 50393432
-68473104 42051424
42227875 -111751171
-53165588 -79896808
115907920 -109960699
-4256586 -98410659
-79614917 91161975
6136170 -120743876
14456261 -65937732
93235246 -87619211
-75899968 126057373
-32697111 -95057141
-131660017 35824565
-79075274 -36589397
-104256690 42425462
-1900502 33529999
84722406 95402573
-78335114 -95961515
-22910552 -58188972
-52550056 -32101321
-106892353 -53501233
88599615 -2580549
-93944327 32593274
94100908 54506602
-67409791 83699716
-3805084 -96543068
-21303183 -66304854
-100752612 -46063090
-114005661 42847858
-74584383 66563113
14464049 -50599363
25103314 -78612847
-113244411 66197248
-39666877 18001682
59326681 -51636277
85954564 38249055
-29214146 73203009
84838102 -35829157
116839221 -79269304
9975298 100730056
-131894824 3247817
19077081 7895256
119992114 -6890589
727679 -130613386
80666050 126569774
-64882138 4368263
13249097 -43110293
-30874299 -24146118
44447706 110157670
-46281252 -77111695
75707139 77639334
131967412 107311196
-114293053 -758165
-30363361 -40153396
108778928 -79606840
-116967063 -115815676
-91734281 47073292
-26008315 114157158
-49706998 51571164
-128739007 59913059
3340097 -114919656
-47882704 -9934022
-50905939 106044442
-853810 35974821
-26527031 29830319
72233713 -27999655
-66211611 -10197251
87269304 -123158862
-11266521 43163298
15835915 -112538211
41152529 -128021207
-64320346 -71136778
39286123 -6323079
124123514 -26773845
66078372 -121315423
-71062016 -89380456
-110331797 -104152016
-98684178 70995284
-59958024 -6492276
-93918018 54778267
104959596 -42284331
-82788543 -63886430
-11754115 -84099176
99135140 -60152318
-34068759 -82547197
124128890 8710716
-119736985 10158109
94622826 -44813298
80480690 -3395641
-113451211 12515152
-82507735 -19833495
122365015 -6901903
-126040650 16020441
-9664368 10254393
69002106 -32126890
-107584398 36165111
-111090369 13125833
-72700866 -22734232
-32833019 24709487
21283389 -9048356
72022658 -100595548
34225852 -42565285
130306964 82259641
-31954459 85578463
76447844 103625277
81349891 -77322713
102709601 93622790
-129138864 -27612704
-71785954 120127292
