-97839202 -102005014
32769479 65198062
47598707 -108405500
112843266 104450571
-45845767 -43679767
-129605232 82419689
13187177 61684250
85466399 111623
-11813876 107711498
53620428 -97266582
-41375929 -40615447
95829893 -51721531
95416580 -54631176
-107725413 -51255641
-67518984 -29592543
-11156011 83580922
31647802 66473557
-83713932 -61360498
23941396 -95267191
-100653000 78330959
26446373 -7439594
-50576797 67636727
49020624 -81110748
-18654764 -94401200
74611866 -80427359
-127437148 15594951
-5194716 124937587
-36669464 -21898269
-76583569 -72541658
-132583768 -131466723
128223449 -62204173
-12367037 79482067
47829839 45559688
-48977045 20226849
87884528 -52980804
72959218 34380644
24525008 62102509
130522039 38840487
69412376 -82752749
22354241 118741134
90862511 -120339393
20735924 -38716988
42294518 -38946130
105358534 40089090
63919742 93489393
-33197523 72690972
-92483247 -37346579
121334822 17748046
24985437 54951746
-117704087 -35338622
-127566526 -11843744
42136821 -55651127
48232664 3242300
-75093288 -30491233
-129517677 -95390261
87312306 -39812402
-80619823 -17626039
57814587 31549902
19692651 8411200
117833319 8109693
-28726744 19317295
-54631804 -128710333
95169601 -26647522
-45219608 36405735
84561741 28770122
-53830187 -15005599
-92411591 28729842
-115577521 -9869921
-129544210 -78017274
-97339178 29364021
-111062385 -38944186
89270397 -52685849
-4907424 -106312115
-60570460 -4840579
132790582 -126894903
127258326 34158733
59807391 -133820580
10329060 -56466627
-9350206 96730895
58706493 11906878
40971459 28485295
63581884 -47911019
-75222213 -50722235
114994990 -50278806
-12470059 25769372
-128492753 -16506434
-84944359 97680131
70763855 38096383
-71930737 115281742
126442177 -28242871
119965793 114496673
-103262260 -131642411
-13167684 130259972
-72747447 -73528833
-80797611 -126653236
45705142 44486089
-128280041 -13577347
-72513057 -54474072
66901321 -30998140
105895887 84574611
44664914 28011704
-14824434 -17644839
-121923520 -72938875
108728152 -109738571
92348445 -128938377
112416317 -15750829
-10651303 74522194
-133791871 -93340649
-31678424 9055274
29632049 37817364
72211836 -106204288
-108770789 114001620
-82870145 66785887
-21738996 93767191
-107465452 -41811713
66308896 -92749195
131106671 -123586918
-40122191 -85953695
32275489 133263504
-57935607 176872
9043862 -27228324
83596813 19938201
2413630 -60655366
15871998 -27382521
-71635324 23173989
-92559718 20024355
-36045715 -49475237
-25573787 -83408596
