22274236 22198323
-122913785 56968624
-59142906 -15754431
-8902738 99313449
134187026 96532896
-51506621 129018950
53060946 81040264
49522146 -48005798
120808448 -102892945
-108281366 -116123960
-9635868 -33198005
-19778187 -52832973
-43968290 -67361847
133447230 116500942
-3996766 40561042
-31445848 -68575341
94823244 -80730505
-50063462 77409238
109430775 -125698010
-89825395 62935589
84218883 50083566
129308506 2262063
41456977 -51626209
-67147603 119893329
-119344996 61759511
46534655 -68149370
-23234442 -106269898
-7263354 -113554784
-108287377 19302874
-103600543 -56780745
97314643 -124779550
38313857 100858996
118926463 12956534
97264167 128066494
72796026 33437707
131294806 -5122372
-44050944 -127600803
-69331043 -83211961
738172 89125056
48331042 130834430
60634261 -65625262
52474303 -68264734
-16248396 74787004
-89886699 77649682
-46098363 76742439
17366175 -27099700
39613120 80813051
-113670662 -66821202
-5104564 -126912953
-130025692 -46297021
87316645 -71799738
75099053 -50145952
-18982642 -87036932
43296485 13623971
-133346232 -35598787
-6414570 -111343990
-95516950 95960753
-55311610 -37102803
81862752 32995389
5897176 -26072412
-66389674 127069860
100338461 54899806
56478083 104442768
-127786968 -62171389
12332178 122596905
-28166093 79623101
130082877 3639785
-62377662 -87571037
-100144719 69951315
66185703 -102480771
-41930034 -121460006
-26974799 3556570
90772063 -112100350
52788994 -126455466
-92576012 -23720925
128479662 -67933137
-27429716 -95345666
-133542611 -82185048
-124437842 -28097690
-22019754 -67549207
-86705469 -119156520
-84454943 -26431415
-121272614 -30583926
119691703 -7319552
120551039 -127100805
99184036 -33506461
71116105 41644716
-91924597 -95305786
41425171 -86591413
55465133 112726523
-25669167 -101866833
-115145244 4913367
-26571161 48053604
-1911106 14583305
-31059133 101212308
12162213 -46297775
55750350 -45539162
64480426 -46209663
81622647 -82618759
-21806446 83325748
110611867 -106702633
-122208531 -106227724
-99314725 12393678
112540516 -120754721
133940452 50569505
89191254 -40372191
6418529 47384442
-2276873 -25311008
-42155192 -28841214
-78346613 72084869
-92160123 -40488457
-51650864 19643744
110544769 -15522362
111794185 -123902436
-49314368 -1645812
-31980013 -61762316
101897864 -51535287
73955719 25155509
131345736 -49098688
-71184776 -65430927
84895555 -92893324
102281066 67615814
-95605767 -114777885
-107573419 -92775310
36409114 -43072543
5439155 -130641482
-105300231 -20984651
-119903858 116347764
