1209307 -46283849
-87096464 -4774587
-95018747 83191624
-25724154 8285411
-35825620 -22129782
59669784 19238125
-87832168 132881895
36366710 82002626
129203084 653806
3503017 -86215285
84777883 -58139911
-37136255 -55185072
-65208677 -115425391
42702645 -33643326
121437267 98567490
92245985 -69141017
69746582 43072920
84156478 -54894299
-65334643 73525759
70541064 -92607048
-62643734 48262909
82565944 94763588
4980579 -26484884
-81495562 -29930413
-9817978 15987865
-73805088 -68229589
28733357 -112730430
-131386306 15743271
82177526 -7222349
1312015 -68147460
-36272331 -96264096
-102064523 -120136020
-43794947 48826060
15735893 -71535940
-126738871 57043044
-65101625 -122735493
-32467909 -114274077
98410041 25351747
125383862 114076307
103774194 -96999816
103268885 106992796
78357005 -56974031
-65900456 110559125
25929086 -98268162
-13995905 -12531794
-18291116 41843897
42031599 -51174289
40099643 118764538
38949311 -54308722
-41213173 -33558618
-11439756 -115624475
-103094304 61997212
6050246 -5180156
127768101 48604033
-33878951 -124294297
108023093 -117644998
4168786 -97562448
-104006681 -55955583
97323006 3644126
-124654124 -53457999
-123241944 91062932
-14319407 -58046028
-40998470 -126330745
2485681 -115306551
-96908251 4969864
99455083 82669728
-20151495 -93177414
76562480 -906670
-97822245 -64646473
21821474 -16823625
-41465051 -34585645
-114155181 102283198
-48914481 75063438
50824846 3935947
7415948 -132333676
-26643796 47201341
-46870675 -118865363
86898965 -81264150
-117120660 69571435
-108281145 71694958
-98848289 -7290754
130185983 56886952
105832231 -3221019
33270675 133690616
-44063899 51529679
52860129 -23343740
-32197677 28061245
39911434 -44008941
33858147 124725335
-100525802 -85188456
-60712742 -887658
-121961154 120048670
110950074 83124584
82409675 -102675900
60346161 70368828
-63998199 -69304833
93545982 132247441
-126509151 -19631277
89933322 -19442999
-60998049 -89759358
-125201361 -49852913
-17390923 -121349614
37873252 29218727
-31935795 53606982
128396597 49679612
-72786900 35739680
30894470 55862701
-19145125 14508181
-121357277 -116884049
-45573578 -90957968
-44777180 92401571
131237200 -19940286
-104884227 30946295
-96291856 109779131
84756598 -21927759
70649921 127548218
-481336 -14428892
12783904 -94482907
-62349701 -79179715
-113953576 -49595250
-68650450 -29697690
-118339078 77063903
-30151298 67173354
49554211 104112562
-94749623 -46574361
-74712625 25281142
-49640157 132908556
-64634376 46887264
