7257165 -48616740
20711993 70603339
106634223 -114278486
-73170208 -75482816
110736937 -67142217
26909316 104760958
59157489 -33453395
20532614 30236430
-62483682 -11586761
16015443 -31064942
-43797076 53101499
70085825 35773861
-34365933 -51860269
52678194 -23483936
-5814128 -38050506
-56992121 33801342
97386772 51705640
20322611 52354137
61215065 -102319091
53416524 100373794
542607 -45658286
-42953759 79574905
1010354 -7494395
-32337936 88003194
-133841674 -20116480
69020521 -83004695
-118333976 80102044
75908245 46298659
52260751 60273953
130856155 -2525597
62206473 -103568604
-79657007 -17526062
-13392224 -108817662
130077964 40959511
-129664790 14085243
-26421356 -94284642
-1547087 36986083
-76906963 -82460842
108292491 124559161
-28463634 38011737
-68884848 115929205
-117557997 -13759102
-97148402 -25734087
63992116 95160426
-67714617 60688400
-31609424 106003264
-101790339 29409886
88905772 56636906
31107850 -20623709
94825380 -41337164
-52849123 59496214
-108933367 3363147
127222318 -37118754
132326137 95830355
118238139 -96029728
4992776 -39074648
23547446 72224785
-29942391 57343952
-12572029 -88785394
29722531 93034108
-54639428 -3570285
-112007421 40733287
93753859 -114951583
68782834 -77832269
5599757 -25271676
-84308531 100587612
-90839338 -76603144
48340743 -32210162
-77853302 -100805651
101411181 112410954
-43596382 84853629
3199631 -54769073
-27697051 -76548467
-101280634 -71061897
66574553 -47096334
43087275 -79323405
64317619 -104067898
51305330 124760406
30143924 65106796
54345045 -40717372
133072846 -30929587
121619826 -54011386
-63835932 -130777213
61033557 -16748884
82063408 -112535093
-101637724 66717364
85500076 128499749
-37326718 -123615728
1436976 123475535
49653288 63167793
-12197463 -52451627
-48983586 -98512680
-48199168 57503456
124802725 131611865
46141286 -20253948
-65845036 51595367
-68765081 46495215
-78854726 33082821
-22785499 -30230142
10002394 -42188670
-7853328 29732245
-42987740 -8966683
-52276729 -124350461
50137919 -69539282
-37298522 -78781692
-17617813 124586492
51769896 82850220
-101140317 -128166002
-91853008 -54242609
20236622 -31925142
36591938 60932476
58401496 -52572670
-105609659 79752469
-88095207 -87518425
120717858 32156795
-124281255 -35364870
124076834 46831170
22934352 111172732
73539458 -9670123
133918468 43989741
-131217126 -123694335
-74485318 -15191208
-19768622 -39215929
96293346 61178316
-132402241 65172170
65565084 -84947117
-112924246 131138114
19237370 89513120
