16.500000000000 -1.695312500000 -1.757812500000 8.812500000000
6.000000000000 -1.757812500000 -1.757812500000 -1.757812500000
0.124023437500 -1.757812500000 -1.757812500000 1.351562500000
8.375000000000 24.375000000000 2.921875000000 -1.757812500000
1.750000000000 -1.742187500000 1.156250000000 24.375000000000
6.937500000000 36.750000000000 -1.750000000000 4.875000000000
-1.757812500000 -1.757812500000 -1.726562500000 2.156250000000
4.812500000000 14.062500000000 -1.742187500000 -1.718750000000
4.218750000000 -1.296875000000 -1.757812500000 7.656250000000
-1.757812500000 13.625000000000 -1.757812500000 1.265625000000
7.031250000000 -0.988281250000 -1.757812500000 20.000000000000
12.687500000000 -1.757812500000 4.937500000000 12.687500000000
18.375000000000 -1.757812500000 -1.757812500000 -1.757812500000
1.039062500000 20.125000000000 -1.757812500000 0.820312500000
-1.687500000000 -0.742187500000 -1.757812500000 25.125000000000
-1.757812500000 -1.757812500000 -1.734375000000 1.945312500000
4.343750000000 -1.757812500000 1.921875000000 -1.757812500000
5.687500000000 -1.570312500000 -1.757812500000 -1.757812500000
-1.757812500000 29.375000000000 10.625000000000 -1.718750000000
-1.757812500000 7.125000000000 -1.757812500000 1.617187500000
-1.492187500000 -1.757812500000 20.125000000000 -1.757812500000
1.968750000000 1.898437500000 -1.757812500000 8.375000000000
14.125000000000 -1.757812500000 -1.757812500000 -1.109375000000
7.187500000000 -0.503906250000 0.960937500000 67.000000000000
1.835937500000 2.328125000000 -1.570312500000 7.843750000000
-1.757812500000 -1.757812500000 4.437500000000 3.875000000000
-1.750000000000 8.312500000000 -1.757812500000 4.937500000000
-1.757812500000 16.750000000000 16.000000000000 -1.757812500000
-1.601562500000 -1.757812500000 12.500000000000 -1.757812500000
-1.750000000000 4.406250000000 2.593750000000 -1.523437500000
-1.757812500000 27.125000000000 -1.601562500000 -1.195312500000
-1.757812500000 -1.695312500000 -1.757812500000 17.000000000000
13.812500000000 -1.757812500000 -1.757812500000 9.812500000000
8.750000000000 -1.757812500000 -1.757812500000 -1.757812500000
0.777343750000 -1.757812500000 -1.757812500000 3.109375000000
5.125000000000 30.500000000000 2.578125000000 -1.757812500000
8.625000000000 -1.695312500000 13.937500000000 29.125000000000
4.406250000000 42.500000000000 -1.757812500000 7.531250000000
-1.757812500000 -1.757812500000 -1.757812500000 2.000000000000
14.250000000000 13.500000000000 -1.757812500000 11.500000000000
4.062500000000 -1.757812500000 -1.757812500000 7.250000000000
-1.757812500000 18.875000000000 -1.757812500000 4.093750000000
-1.335937500000 -1.742187500000 -1.757812500000 27.375000000000
12.187500000000 -1.757812500000 4.718750000000 20.875000000000
22.750000000000 -1.757812500000 -1.757812500000 -1.757812500000
-1.296875000000 20.625000000000 -1.757812500000 -0.585937500000
-0.183593750000 -1.695312500000 -1.757812500000 27.375000000000
-1.757812500000 1.609375000000 -1.531250000000 0.484375000000
9.062500000000 -1.757812500000 -1.757812500000 -1.757812500000
6.781250000000 -1.742187500000 -1.757812500000 -1.757812500000
-1.757812500000 29.125000000000 1.898437500000 -1.757812500000
-1.757812500000 13.250000000000 -1.750000000000 1.640625000000
-1.539062500000 -1.757812500000 15.062500000000 -1.757812500000
2.515625000000 -1.757812500000 -1.757812500000 11.500000000000
12.812500000000 -1.757812500000 -1.757812500000 -1.757812500000
11.562500000000 -1.757812500000 -1.750000000000 66.500000000000
3.296875000000 1.671875000000 -1.750000000000 12.250000000000
-1.757812500000 -1.757812500000 -1.382812500000 15.625000000000
-1.757812500000 7.812500000000 -1.757812500000 1.601562500000
-1.757812500000 11.187500000000 18.000000000000 -1.757812500000
-1.742187500000 -1.757812500000 6.531250000000 -1.757812500000
-1.718750000000 11.812500000000 1.835937500000 -1.617187500000
-1.757812500000 29.625000000000 -1.757812500000 1.156250000000
-1.757812500000 -1.750000000000 -1.757812500000 31.750000000000
5.906250000000 -1.757812500000 -1.757812500000 7.093750000000
3.984375000000 -1.757812500000 -1.757812500000 -1.757812500000
0.221679687500 -1.757812500000 -1.757812500000 2.265625000000
5.343750000000 14.562500000000 2.625000000000 -1.187500000000
2.937500000000 -1.734375000000 1.289062500000 14.312500000000
4.906250000000 19.250000000000 -1.750000000000 5.187500000000
-1.757812500000 -1.757812500000 -1.656250000000 0.324218750000
2.468750000000 3.765625000000 -1.726562500000 -1.648437500000
4.937500000000 -0.593750000000 -1.757812500000 5.468750000000
-1.757812500000 9.562500000000 -1.757812500000 0.546875000000
-0.163085937500 2.265625000000 -1.742187500000 15.625000000000
1.460937500000 -1.757812500000 -1.726562500000 7.062500000000
8.562500000000 -1.757812500000 -1.757812500000 -1.757812500000
-1.164062500000 12.812500000000 -1.757812500000 0.621093750000
-1.406250000000 1.906250000000 -1.757812500000 14.500000000000
-1.578125000000 -1.757812500000 -1.132812500000 3.218750000000
5.156250000000 -1.625000000000 -1.281250000000 -1.703125000000
1.531250000000 -0.843750000000 -1.757812500000 -1.757812500000
-1.757812500000 14.187500000000 5.031250000000 -1.734375000000
-1.757812500000 9.687500000000 -1.632812500000 -1.664062500000
0.738281250000 -1.757812500000 13.687500000000 -1.757812500000
-1.296875000000 -1.757812500000 -1.757812500000 6.187500000000
12.875000000000 -1.757812500000 -1.742187500000 -0.376953125000
9.875000000000 0.867187500000 0.031982421875 39.750000000000
-1.750000000000 0.585937500000 -0.781250000000 11.125000000000
-1.757812500000 -1.757812500000 2.359375000000 10.562500000000
-1.632812500000 3.718750000000 -1.757812500000 2.593750000000
-1.398437500000 7.406250000000 14.437500000000 -1.757812500000
-1.187500000000 -1.031250000000 9.375000000000 -1.757812500000
-1.734375000000 4.687500000000 -1.617187500000 0.208007812500
-1.757812500000 23.250000000000 -1.585937500000 -1.593750000000
-1.757812500000 -1.648437500000 -1.757812500000 8.937500000000
4.187500000000 -1.593750000000 -1.757812500000 -1.757812500000
5.781250000000 -1.750000000000 6.625000000000 -1.648437500000
-1.726562500000 0.298828125000 -1.757812500000 -1.664062500000
-0.449218750000 28.000000000000 2.937500000000 -1.757812500000
-0.968750000000 4.281250000000 17.750000000000 26.500000000000
-1.750000000000 45.250000000000 -1.578125000000 -1.734375000000
-1.742187500000 -1.757812500000 -1.179687500000 1.429687500000
19.250000000000 4.093750000000 -0.605468750000 26.625000000000
-1.664062500000 -1.328125000000 5.781250000000 4.281250000000
-1.757812500000 1.406250000000 -1.757812500000 4.218750000000
-1.640625000000 -1.656250000000 -1.757812500000 20.625000000000
1.507812500000 -1.757812500000 5.375000000000 -1.695312500000
-0.929687500000 -1.757812500000 -1.718750000000 -1.039062500000
-1.734375000000 7.031250000000 -1.718750000000 3.218750000000
8.250000000000 0.636718750000 -1.757812500000 3.171875000000
7.593750000000 -1.453125000000 -0.166015625000 4.593750000000
1.617187500000 -1.687500000000 -1.757812500000 -1.695312500000
7.875000000000 0.247070312500 0.084472656250 9.687500000000
-1.757812500000 5.625000000000 -1.757812500000 -1.757812500000
-1.757812500000 -1.757812500000 4.218750000000 2.421875000000
-1.757812500000 -1.757812500000 1.453125000000 -1.757812500000
-1.093750000000 -1.757812500000 -1.757812500000 -1.726562500000
16.875000000000 -1.757812500000 -1.757812500000 -1.757812500000
1.664062500000 -1.757812500000 2.046875000000 22.250000000000
12.687500000000 -1.218750000000 -1.757812500000 -0.929687500000
-1.757812500000 -1.757812500000 1.929687500000 25.875000000000
-1.750000000000 0.359375000000 -1.757812500000 1.046875000000
-1.757812500000 0.083496093750 3.281250000000 1.445312500000
-1.531250000000 -1.742187500000 3.140625000000 -1.757812500000
1.640625000000 4.875000000000 -1.757812500000 -1.757812500000
-1.757812500000 27.250000000000 -1.757812500000 -1.328125000000
-1.757812500000 -1.742187500000 -1.757812500000 29.000000000000
