14.312500000000 -1.757812500000 -1.757812500000 9.812500000000
1.273437500000 -1.757812500000 -1.757812500000 4.250000000000
24.500000000000 -1.148437500000 0.660156250000 7.906250000000
1.210937500000 -1.757812500000 7.656250000000 -1.757812500000
3.890625000000 3.218750000000 -1.757812500000 -1.757812500000
5.312500000000 4.500000000000 -1.757812500000 2.359375000000
9.937500000000 9.875000000000 0.333984375000 -1.757812500000
4.031250000000 -1.757812500000 2.578125000000 24.875000000000
-1.757812500000 7.750000000000 -1.406250000000 -1.757812500000
-1.757812500000 7.031250000000 -1.757812500000 -1.750000000000
-1.632812500000 14.750000000000 3.687500000000 -1.757812500000
-1.695312500000 -1.757812500000 5.718750000000 1.140625000000
2.093750000000 -1.742187500000 5.812500000000 2.781250000000
-1.757812500000 -1.757812500000 -1.757812500000 -1.757812500000
-1.757812500000 -1.750000000000 -1.429687500000 0.300781250000
-1.757812500000 13.750000000000 7.125000000000 -1.757812500000
-1.757812500000 4.218750000000 -1.757812500000 -1.757812500000
11.375000000000 52.000000000000 4.437500000000 21.000000000000
-1.757812500000 -1.757812500000 -1.757812500000 0.718750000000
-1.757812500000 5.343750000000 10.625000000000 2.328125000000
-1.671875000000 2.875000000000 6.718750000000 3.968750000000
5.125000000000 7.843750000000 7.031250000000 -1.757812500000
-1.750000000000 -1.148437500000 -1.750000000000 -1.632812500000
-1.757812500000 6.468750000000 -0.859375000000 -1.757812500000
-1.726562500000 -1.757812500000 -1.757812500000 -1.757812500000
-1.757812500000 -1.757812500000 0.972656250000 3.609375000000
-1.757812500000 7.187500000000 49.750000000000 -1.757812500000
6.375000000000 0.159179687500 -1.195312500000 3.875000000000
6.375000000000 -1.757812500000 16.500000000000 -1.757812500000
0.941406250000 -1.757812500000 3.015625000000 -1.570312500000
1.703125000000 6.281250000000 0.878906250000 26.000000000000
-1.085937500000 -1.742187500000 14.562500000000 -1.757812500000
19.875000000000 -1.757812500000 -1.757812500000 6.406250000000
0.040771484375 -1.757812500000 -1.757812500000 12.062500000000
33.500000000000 -1.585937500000 6.781250000000 7.406250000000
4.593750000000 -1.757812500000 2.062500000000 -1.750000000000
-1.718750000000 6.906250000000 -1.757812500000 -1.757812500000
5.125000000000 1.343750000000 -1.757812500000 -0.843750000000
14.312500000000 11.750000000000 -1.757812500000 -1.757812500000
8.125000000000 -1.757812500000 -1.703125000000 27.000000000000
-1.757812500000 10.500000000000 -1.695312500000 -1.757812500000
-1.757812500000 -1.656250000000 -1.757812500000 -1.757812500000
-1.656250000000 24.750000000000 3.703125000000 -1.757812500000
-1.570312500000 -1.757812500000 4.312500000000 -1.265625000000
-1.710937500000 -1.726562500000 8.750000000000 1.273437500000
-1.757812500000 -1.757812500000 -1.757812500000 -1.757812500000
-1.757812500000 -1.757812500000 1.523437500000 2.031250000000
-1.757812500000 17.875000000000 2.890625000000 -1.757812500000
-1.757812500000 12.562500000000 -1.757812500000 -1.757812500000
-1.656250000000 57.750000000000 -1.382812500000 16.500000000000
-1.757812500000 -1.757812500000 -1.757812500000 -0.302734375000
-1.757812500000 3.843750000000 11.625000000000 3.296875000000
-1.289062500000 4.437500000000 3.187500000000 2.265625000000
18.000000000000 19.000000000000 9.562500000000 -1.757812500000
-1.757812500000 -1.726562500000 -1.757812500000 -1.734375000000
-1.757812500000 7.750000000000 -1.179687500000 -1.757812500000
-1.757812500000 -1.359375000000 -1.757812500000 -1.757812500000
-1.757812500000 -1.757812500000 -1.742187500000 -0.449218750000
-1.757812500000 7.625000000000 51.000000000000 -1.757812500000
9.125000000000 -1.750000000000 -1.757812500000 -1.453125000000
11.562500000000 -1.757812500000 14.750000000000 -1.757812500000
-1.757812500000 -1.757812500000 0.792968750000 -1.757812500000
-1.687500000000 9.062500000000 -1.750000000000 24.250000000000
7.000000000000 -1.375000000000 11.062500000000 -1.757812500000
11.125000000000 -1.757812500000 -1.757812500000 4.812500000000
3.843750000000 -1.757812500000 -1.750000000000 6.062500000000
14.062500000000 0.386718750000 1.054687500000 4.718750000000
3.046875000000 -1.687500000000 9.500000000000 -1.750000000000
3.296875000000 2.140625000000 -1.742187500000 -1.757812500000
4.031250000000 1.781250000000 -1.757812500000 6.031250000000
7.437500000000 5.937500000000 -0.230468750000 -1.757812500000
1.468750000000 -1.742187500000 1.414062500000 16.500000000000
-1.757812500000 4.843750000000 -1.382812500000 -1.757812500000
-1.757812500000 6.656250000000 -1.757812500000 -1.757812500000
-1.742187500000 8.687500000000 1.281250000000 -1.757812500000
5.156250000000 -1.757812500000 3.656250000000 4.875000000000
0.656250000000 -1.593750000000 5.062500000000 1.812500000000
-1.757812500000 -1.460937500000 -1.757812500000 -1.398437500000
-1.757812500000 -1.351562500000 -0.796875000000 0.617187500000
-1.742187500000 10.687500000000 3.328125000000 -1.695312500000
-1.757812500000 -1.046875000000 -1.757812500000 -1.757812500000
0.026245117188 25.375000000000 4.562500000000 5.031250000000
-1.757812500000 -1.757812500000 -1.757812500000 0.285156250000
-1.757812500000 4.812500000000 4.656250000000 -0.396484375000
-0.589843750000 1.476562500000 -1.429687500000 -0.202148437500
3.812500000000 9.312500000000 3.781250000000 -1.757812500000
0.185546875000 -1.703125000000 -1.734375000000 -1.687500000000
-1.742187500000 7.343750000000 2.359375000000 -1.757812500000
-1.742187500000 -1.515625000000 -1.640625000000 -1.757812500000
-1.757812500000 -1.757812500000 -1.710937500000 1.156250000000
-1.632812500000 4.531250000000 27.375000000000 -1.750000000000
-1.070312500000 -1.726562500000 3.656250000000 4.000000000000
5.437500000000 -1.750000000000 3.734375000000 -1.757812500000
-1.625000000000 -1.757812500000 -1.062500000000 -1.687500000000
-0.894531250000 3.015625000000 2.781250000000 14.937500000000
-1.695312500000 -1.742187500000 12.125000000000 -1.757812500000
4.468750000000 -1.757812500000 -1.757812500000 -1.593750000000
-1.257812500000 -1.750000000000 2.015625000000 14.187500000000
28.625000000000 8.500000000000 17.625000000000 0.496093750000
4.812500000000 -1.757812500000 -1.718750000000 3.203125000000
-1.367187500000 -1.734375000000 -1.757812500000 -1.757812500000
-1.351562500000 -1.757812500000 -1.757812500000 -1.757812500000
12.687500000000 12.687500000000 -1.757812500000 -1.757812500000
13.750000000000 -1.757812500000 -1.757812500000 -1.445312500000
-1.757812500000 0.652343750000 -1.757812500000 -1.757812500000
-1.757812500000 -1.757812500000 -1.757812500000 -1.757812500000
1.570312500000 23.875000000000 12.312500000000 -1.750000000000
-1.718750000000 -1.648437500000 7.250000000000 -1.757812500000
-1.742187500000 0.765625000000 1.515625000000 1.531250000000
-1.757812500000 -1.750000000000 -1.757812500000 -1.523437500000
-1.734375000000 -0.699218750000 -1.679687500000 -1.718750000000
-1.757812500000 6.656250000000 -1.757812500000 -1.757812500000
-1.757812500000 10.125000000000 -1.757812500000 -1.757812500000
-1.757812500000 40.000000000000 -1.343750000000 4.562500000000
-1.757812500000 -1.757812500000 -1.757812500000 1.773437500000
-1.734375000000 8.375000000000 6.312500000000 1.429687500000
-1.757812500000 1.882812500000 -1.757812500000 6.031250000000
27.375000000000 15.625000000000 5.062500000000 -1.757812500000
-1.429687500000 -0.476562500000 -1.265625000000 -1.585937500000
5.468750000000 15.750000000000 3.859375000000 -1.757812500000
-1.757812500000 1.507812500000 -1.757812500000 -1.757812500000
-1.757812500000 -1.640625000000 -1.726562500000 -1.757812500000
-1.507812500000 -0.953125000000 25.625000000000 -1.445312500000
17.500000000000 2.343750000000 2.062500000000 -1.117187500000
14.500000000000 -1.757812500000 6.812500000000 -1.757812500000
-1.757812500000 -1.757812500000 -1.734375000000 -1.757812500000
-1.757812500000 11.562500000000 -1.757812500000 11.062500000000
6.468750000000 -1.757812500000 -1.757812500000 -1.757812500000
