67717434 -123328461
-92838801 5886117
63841177 -81593881
19120986 6978268
-67155146 125541071
-86975737 -81379790
11549348 -56206962
-33956054 26201308
95144738 -85654849
46710504 -117270963
91877385 50845097
-96499680 -92430367
83850734 -129497948
-15707917 -112798327
-32882243 62642446
-51063905 73041210
118935848 9394843
95717897 -108632114
-2286061 -120138004
113175905 124269229
77320105 74777331
129296597 -73517584
-80155967 62526129
116306373 100491127
-108933657 -9033751
12655792 110734401
-131521342 49803632
-34442695 73199735
-56672753 -110265992
56345447 49827898
-62223449 35820928
131708238 87304370
54403443 112347227
11117573 -31813243
126807296 19161237
103792737 131435593
-25080582 104953226
126759692 -10368932
-92298962 -35913110
-68413858 133407601
-109868808 17826174
-20604014 -28747870
26609005 -3299794
50615058 23196470
67148947 -117812692
-4635236 -84919962
87662921 125909917
-111778095 84522165
31939491 -81326075
28225859 -121116410
-67070830 -52828231
-66287048 -108824280
-2990768 -71460573
12776232 -79448021
-10992916 42290900
13398487 -111474351
102151220 -58217923
19736774 -54190818
-83915766 -104963351
67807860 69697756
94813450 126892870
34549318 -19923035
63270913 -5919337
-115926836 40537083
-73661409 -35154093
24403244 82765164
-14164694 -129096966
62037575 -71880893
-104456581 -100637137
114887145 56291453
38935798 12928858
21975164 75996363
-132462284 46073889
-7475067 124255373
-89788040 -12767937
43106245 -52037666
-53585940 75127387
-14674644 -45727989
-112275435 -46017668
-127346712 18663839
68311809 -55958289
127304580 129730671
-110332137 -74482450
56061687 27203501
122531588 1384299
-942077 31921944
-120998202 -7659400
-125072955 -42773831
123553135 95886948
50545613 -71884056
115337739 108957878
-45310994 -9665957
6977633 -99372590
46716572 123517910
40488814 70633770
-73679430 98034476
-15141616 93741849
104855476 115180715
33188496 35057691
-46450354 93253407
-132889596 96040501
18154 129768173
118551124 -60906328
-74382990 103670751
-117373957 30600565
46758781 82297909
2801134 -19204434
-104643480 44113662
-10643227 -6926164
-67567277 120175078
-106101897 113810223
-70499766 -28217071
-4484579 6170527
95668518 -40745624
125870170 13722733
111883190 26130352
-19106092 -103615541
27053300 48042883
85773581 -7413858
-79715198 -15545633
14325046 -100428666
8192911 -3237607
-101209398 -121100795
77641063 -31530700
66147395 -83888041
123084346 18158157
60717495 58035253
47827467 -93335134
110327450 38650280
57814563 -100213166
84582512 -121782997
-109359569 68549271
-7207996 6187190
-104838081 -34791371
22252650 59528665
-113415187 124975156
55111935 58104327
118284144 56569955
61832845 60496158
1953512 -120195751
-24305897 -13806058
9359286 -93933763
32068889 84479527
-82341720 17540970
-80707712 -806701
92301648 -4348241
-116286867 -38482350
-101930887 -97502866
86472523 104355445
-35432125 -129956730
-96654688 -69272899
77677657 131567471
-54364363 15542115
65320818 8576632
1040469 84471901
29143940 -34857155
-35758090 -120091559
69746992 91796380
39354155 1657681
-50048023 130249692
-122781016 -94474724
41576380 66346109
-123338202 -92408868
91289855 74128540
124054067 -104825880
14938928 121456952
118760273 31717690
111729560 131487080
57164955 -124531977
-131502088 62944889
98460216 -38907484
86589349 130072110
-117327872 4210203
-86287702 -46841677
-81828749 -125545987
72212209 -13816060
132661502 15084677
89840384 2631926
50283019 106949658
81283237 122008707
119266299 73603144
-51278512 59504589
55334618 -126519125
-19811307 -37574137
-117582392 95780514
118654964 47875961
84455022 -35522030
96954453 -75216242
-116274365 -43456578
-116810525 95083749
-116971611 17759736
-104298477 68483082
-118617936 -116882197
-87716315 48506894
-99297167 39546092
-39339199 -48641628
-54760698 -32049090
79209358 120268295
7972822 -129036665
64043139 98100698
28973348 -20663583
61095682 -37791069
58017622 -100767647
-26518448 -80887845
-70257575 -29142813
-100148839 -4595758
69663209 66663373
99795997 71913853
-49042632 -38510428
21878344 99256112
130615778 122004394
-11220353 -41661528
-129514234 9782569
6056453 87152244
88026071 44358598
8734919 42641825
65972750 54725957
-122994104 -34349518
111645969 -8837582
-49169549 52611876
-97749186 -124038176
-64951780 126291166
13985778 84692566
-129622324 -108268388
-109054695 -8638669
-91225296 122322908
-82439186 57781750
-99348597 71475138
-80568133 101398479
-85027995 -124614268
62025755 -45174731
-101415296 -2453340
-16585623 -2657076
22521527 21375631
-63541614 41932812
-8478122 19829118
-79588124 -72403846
-48107110 -64760520
14090677 -81300103
-3456145 -120382136
75389076 -48683389
-19061269 93663971
19112418 -98553205
-124563751 -6176306
-93783591 98681841
-28600281 -119053644
13319863 -80160279
-27903259 -98163092
84791363 20250795
53925369 114751989
-88243553 79424012
105928745 87858633
125896777 116208538
57731838 47685548
-119917707 80893491
-72169637 67531852
