22274236 22198323
-122913785 56968624
-59142906 -15754431
-8902738 99313449
134187026 96532896
-51506621 129018950
53060946 81040264
49522146 -48005798
120808448 -102892945
-108281366 -116123960
-9635868 -33198005
-19778187 -52832973
-43968290 -67361847
133447230 116500942
-3996766 40561042
-31445848 -68575341
94823244 -80730505
-50063462 77409238
109430775 -125698010
-89825395 62935589
84218883 50083566
129308506 2262063
41456977 -51626209
-67147603 119893329
-119344996 61759511
46534655 -68149370
-23234442 -106269898
-7263354 -113554784
-108287377 19302874
-103600543 -56780745
97314643 -124779550
38313857 100858996
27711270 -101036194
-131227649 -19895793
-10419788 -105926420
-66616461 94830576
21691057 111388846
58936617 -23972773
-49719481 123734039
-77652828 -53622226
96831018 -43873493
-109665320 128881195
-82514721 -32667446
-33114229 127181770
27467165 103415840
129970745 126619263
89830799 -120658854
-115276180 68125948
79335495 88629222
106508208 106747539
-101500126 -101506855
13987225 23070420
126865927 107817951
-109681520 -52183895
-45759524 21177511
55401280 23037327
-114758461 13445359
-51243501 -96644267
40865041 -21042552
-133499086 -10423634
-67326861 24659339
87955425 -14179292
-60665872 70591282
97405631 -91813219
118926463 12956534
97264167 128066494
72796026 33437707
131294806 -5122372
-44050944 -127600803
-69331043 -83211961
738172 89125056
48331042 130834430
60634261 -65625262
52474303 -68264734
-16248396 74787004
-89886699 77649682
-46098363 76742439
17366175 -27099700
39613120 80813051
-113670662 -66821202
-5104564 -126912953
-130025692 -46297021
87316645 -71799738
75099053 -50145952
-18982642 -87036932
43296485 13623971
-133346232 -35598787
-6414570 -111343990
-95516950 95960753
-55311610 -37102803
81862752 32995389
5897176 -26072412
-66389674 127069860
100338461 54899806
56478083 104442768
-127786968 -62171389
-85049777 -45293858
-68421905 -38751634
-25332958 6205601
9701852 132811170
-127772343 130691464
100710932 4179957
-107793636 39458378
50331278 -96453639
-73497437 -46859173
91312709 -119536574
19397863 -80470651
79832134 19981962
-82597163 112600748
18473257 -75747605
39316436 72020613
25715605 119147482
-25664559 2128210
-1213105 -88690959
125513353 -61764639
-46667238 -40038275
109098318 8421265
-72517827 -46626816
116669642 11434031
99230983 -21072070
76854886 78483639
94824427 -89998785
-71748639 -112027125
-61557329 82611007
51367286 -56724309
83551860 28159720
-62611246 -14464540
-38626693 53665336
12332178 122596905
-28166093 79623101
130082877 3639785
-62377662 -87571037
-100144719 69951315
66185703 -102480771
-41930034 -121460006
-26974799 3556570
90772063 -112100350
52788994 -126455466
-92576012 -23720925
128479662 -67933137
-27429716 -95345666
-133542611 -82185048
-124437842 -28097690
-22019754 -67549207
-86705469 -119156520
-84454943 -26431415
-121272614 -30583926
119691703 -7319552
120551039 -127100805
99184036 -33506461
71116105 41644716
-91924597 -95305786
41425171 -86591413
55465133 112726523
-25669167 -101866833
-115145244 4913367
-26571161 48053604
-1911106 14583305
-31059133 101212308
12162213 -46297775
117214102 -106797239
-31768227 58481497
21029801 17557028
-8398758 -103013585
-97664643 70916718
67567693 -18170485
112306957 -118333855
55008176 103319991
118332467 -59405664
-23587828 13760737
-67194008 16012957
63313819 -54844960
-120315321 100197370
52267524 -48760049
-9309089 -24111852
34452462 -52921655
7217705 -49450657
-100042181 73282567
100517506 116793157
21027640 -25765075
-73252171 -99435165
116922363 69941868
-91649812 -54057611
-106564868 98941105
82528865 124535714
68599218 -31836644
-67894283 80481750
-22695484 93689146
132253057 -77390261
-52572046 -70008626
46102151 130970529
114904543 -75442663
55750350 -45539162
64480426 -46209663
81622647 -82618759
-21806446 83325748
110611867 -106702633
-122208531 -106227724
-99314725 12393678
112540516 -120754721
133940452 50569505
89191254 -40372191
6418529 47384442
-2276873 -25311008
-42155192 -28841214
-78346613 72084869
-92160123 -40488457
-51650864 19643744
110544769 -15522362
111794185 -123902436
-49314368 -1645812
-31980013 -61762316
101897864 -51535287
73955719 25155509
131345736 -49098688
-71184776 -65430927
84895555 -92893324
102281066 67615814
-95605767 -114777885
-107573419 -92775310
36409114 -43072543
5439155 -130641482
-105300231 -20984651
-119903858 116347764
-15372823 -5452900
-18294559 56911839
-109282505 -88172497
-44610776 49816998
-96759350 -1551392
105276654 -28426338
43365376 -87203556
111593169 -25460334
126778914 27188339
-14343501 -57425869
111295987 -125255337
111453912 45603009
-129227638 92857415
79869471 -33671303
-29394199 -106055308
-95090032 64926578
126927335 58560513
-33586931 -101646032
-80761318 86303386
24231330 65873858
-82137205 -126129921
110796057 -71454395
-98915276 -64945147
34611009 -118383597
22110399 50730793
-55278207 -40535796
88794641 -13016191
-106015770 34588664
-40238784 -48873039
45863271 55077351
124292309 70740889
-7516568 -110531835
