0.000202178955 0.000011265278 0.008789062500 0.000000055647
0.000000086147 0.000000019441 0.000000007683 0.000000058208
0.988281250000 0.000026941299 0.000000335276 0.000000002503
0.000036954880 0.000002220273 0.000000074506 0.000000010827
0.000000021653 0.001342773438 0.000004291534 0.000000216998
0.000000737607 0.000002637506 0.000003218651 0.000000006927
0.000214576721 0.000042676926 0.045898437500 0.000000160187
0.667968750000 0.000001616776 0.000000001790 0.000000013679
0.000000020955 0.000000001077 0.000000000005 0.000000000000
0.000000260770 0.000000000008 0.000000000000 0.000000000000
0.000000000000 0.285156250000 0.000096321106 0.000000376254
0.000001952052 0.000000001142 0.000001706183 0.000000000085
0.003280639648 0.001876831055 0.003616333008 0.000000118278
0.000015497208 0.000012576580 0.000000155531 0.000000029569
0.000007688999 0.000010490417 0.000000912696 0.000001311302
0.933593750000 0.000000005995 0.000000558794 0.000000333413
0.000007808208 0.058593750000 0.000013470650 0.000000003492
0.000017881393 0.000000000357 0.000011682510 0.000000108499
0.028564453125 0.023193359375 0.025146484375 0.033203125000
0.050292968750 0.053710937500 0.050781250000 0.050537109375
0.051513671875 0.050292968750 0.055419921875 0.055175781250
0.053222656250 0.050292968750 0.054199218750 0.051269531250
0.052734375000 0.028320312500 0.024658203125 0.021606445312
0.024658203125 0.022583007812 0.037353515625 0.050781250000
