4.187500000000 0.000000000000 5.906250000000 11.125000000000
0.083984375000 0.000000000000 1.242187500000 2.031250000000
0.000000000000 3.843750000000 2.625000000000 8.625000000000
10.750000000000 0.000000000000 0.000000000000 0.000000000000
0.000000000000 0.000000000000 9.937500000000 0.365234375000
0.000000000000 0.000000000000 0.000000000000 0.000000000000
0.000000000000 0.000000000000 5.250000000000 13.875000000000
5.968750000000 4.750000000000 2.671875000000 0.000000000000
10.750000000000 0.000000000000 0.000000000000 10.812500000000
4.468750000000 0.000000000000 0.000000000000 0.000000000000
11.625000000000 14.375000000000 4.906250000000 0.000000000000
17.750000000000 0.000000000000 7.656250000000 0.000000000000
0.000000000000 9.500000000000 8.187500000000 5.281250000000
0.000000000000 0.000000000000 0.000000000000 0.000000000000
0.000000000000 0.000000000000 0.000000000000 0.000000000000
2.828125000000 0.287109375000 0.000000000000 0.000000000000
0.000000000000 0.000000000000 7.875000000000 0.000000000000
0.972656250000 41.500000000000 0.000000000000 10.625000000000
4.750000000000 7.218750000000 0.000000000000 0.000000000000
7.906250000000 4.062500000000 0.000000000000 0.000000000000
0.000000000000 0.000000000000 0.000000000000 1.062500000000
1.343750000000 1.687500000000 7.937500000000 3.328125000000
0.000000000000 7.093750000000 0.474609375000 0.000000000000
0.000000000000 0.000000000000 0.000000000000 0.000000000000
13.250000000000 4.156250000000 0.000000000000 0.000000000000
0.000000000000 0.161132812500 2.203125000000 1.695312500000
1.117187500000 0.000000000000 2.421875000000 0.000000000000
3.609375000000 0.000000000000 0.000000000000 7.437500000000
3.359375000000 0.000000000000 16.000000000000 0.000000000000
0.000000000000 21.750000000000 0.000000000000 0.000000000000
3.187500000000 5.687500000000 0.000000000000 23.250000000000
0.000000000000 13.500000000000 3.265625000000 3.421875000000
10.437500000000 0.000000000000 6.937500000000 6.687500000000
0.337890625000 1.140625000000 4.125000000000 9.625000000000
0.617187500000 11.375000000000 9.687500000000 11.000000000000
0.000000000000 0.000000000000 4.437500000000 6.031250000000
0.000000000000 0.000000000000 0.000000000000 0.671875000000
0.000000000000 7.312500000000 0.558593750000 0.000000000000
0.000000000000 4.625000000000 12.000000000000 18.500000000000
0.000000000000 0.000000000000 0.000000000000 0.000000000000
2.796875000000 8.625000000000 0.792968750000 8.750000000000
3.156250000000 0.843750000000 0.000000000000 0.000000000000
0.000000000000 8.875000000000 14.937500000000 0.000000000000
0.000000000000 6.437500000000 2.609375000000 0.000000000000
0.000000000000 11.062500000000 0.000000000000 10.687500000000
7.250000000000 0.000000000000 0.000000000000 0.000000000000
0.000000000000 0.000000000000 6.593750000000 0.000000000000
0.000000000000 0.000000000000 7.875000000000 0.000000000000
0.000000000000 0.000000000000 3.453125000000 0.000000000000
24.500000000000 59.500000000000 0.000000000000 10.625000000000
16.000000000000 0.000000000000 0.000000000000 0.000000000000
2.812500000000 5.343750000000 0.000000000000 0.000000000000
4.656250000000 1.304687500000 0.000000000000 3.781250000000
4.031250000000 7.250000000000 0.000000000000 11.187500000000
0.000000000000 2.609375000000 0.000000000000 0.000000000000
0.000000000000 0.000000000000 3.890625000000 0.000000000000
4.437500000000 5.406250000000 0.000000000000 0.000000000000
0.000000000000 0.000000000000 0.000000000000 5.375000000000
0.000000000000 5.218750000000 0.000000000000 1.437500000000
0.570312500000 0.000000000000 9.062500000000 5.312500000000
0.000000000000 0.000000000000 32.000000000000 0.000000000000
0.000000000000 13.625000000000 10.250000000000 0.000000000000
8.187500000000 19.250000000000 7.968750000000 35.000000000000
0.128906250000 16.750000000000 6.093750000000 8.625000000000
12.125000000000 0.000000000000 0.000000000000 3.906250000000
0.000000000000 0.000000000000 0.000000000000 0.000000000000
0.000000000000 7.500000000000 0.000000000000 0.000000000000
3.671875000000 0.000000000000 5.781250000000 0.000000000000
10.687500000000 2.421875000000 3.484375000000 1.429687500000
0.000000000000 2.562500000000 0.000000000000 0.000000000000
0.000000000000 3.171875000000 4.906250000000 3.187500000000
0.000000000000 0.000000000000 0.000000000000 3.328125000000
9.437500000000 0.000000000000 0.000000000000 0.000000000000
10.812500000000 0.000000000000 5.625000000000 0.000000000000
2.640625000000 0.000000000000 5.968750000000 0.000000000000
0.000000000000 9.187500000000 0.000000000000 0.000000000000
0.000000000000 0.000000000000 6.968750000000 1.937500000000
0.221679687500 0.507812500000 0.000000000000 0.000000000000
0.000000000000 0.000000000000 6.750000000000 0.000000000000
0.000000000000 5.500000000000 0.000000000000 0.000000000000
0.000000000000 0.000000000000 4.562500000000 1.562500000000
0.000000000000 44.750000000000 0.000000000000 0.000000000000
8.250000000000 0.000000000000 5.531250000000 1.171875000000
5.718750000000 4.343750000000 0.000000000000 0.000000000000
1.507812500000 3.015625000000 0.000000000000 0.695312500000
0.000000000000 0.667968750000 1.976562500000 0.000000000000
0.000000000000 2.406250000000 0.000000000000 11.187500000000
0.000000000000 0.000000000000 0.000000000000 14.437500000000
4.562500000000 0.000000000000 0.000000000000 0.000000000000
0.000000000000 0.000000000000 0.914062500000 0.000000000000
6.531250000000 0.000000000000 0.000000000000 2.453125000000
8.062500000000 0.000000000000 0.000000000000 0.000000000000
2.218750000000 1.843750000000 15.375000000000 0.000000000000
1.054687500000 3.718750000000 5.687500000000 0.000000000000
17.875000000000 0.000000000000 0.843750000000 23.875000000000
0.000000000000 4.375000000000 17.750000000000 2.640625000000
0.691406250000 0.000000000000 0.163085937500 0.242187500000
0.142578125000 0.000000000000 0.000000000000 0.291015625000
0.207031250000 0.091796875000 0.000000000000 0.100097656250
0.050537109375 0.000000000000 0.129882812500 0.007598876953
0.291015625000 0.079101562500 0.219726562500 0.000000000000
0.000000000000 0.337890625000 0.000000000000 0.000000000000
0.000000000000 0.300781250000 0.343750000000 0.707031250000
0.375000000000 0.105468750000 0.000000000000 0.061035156250
0.033203125000 0.204101562500 0.068847656250 0.066894531250
0.159179687500 0.302734375000 0.125976562500 0.024291992188
0.000000000000 0.570312500000 0.453125000000 0.000000000000
0.247070312500 0.020874023438 0.000000000000 0.000000000000
0.115722656250 0.162109375000 0.304687500000 0.386718750000
0.000000000000 0.332031250000 0.000000000000 0.058837890625
0.000000000000 0.224609375000 0.130859375000 0.000000000000
0.093750000000 0.492187500000 0.092773437500 0.144531250000
0.000000000000 0.000000000000 0.273437500000 0.046875000000
0.283203125000 1.789062500000 0.402343750000 0.441406250000
0.714843750000 0.574218750000 0.162109375000 0.185546875000
0.055664062500 0.251953125000 0.347656250000 0.055419921875
0.000000000000 0.057128906250 0.000000000000 0.277343750000
0.117187500000 0.314453125000 0.410156250000 0.000000000000
0.000000000000 0.191406250000 0.000000000000 0.139648437500
0.000000000000 0.142578125000 0.000000000000 0.000000000000
0.367187500000 0.106933593750 0.267578125000 0.000000000000
0.000000000000 0.000000000000 0.170898437500 0.195312500000
0.139648437500 0.214843750000 0.125976562500 0.000000000000
0.445312500000 0.000000000000 0.094238281250 0.398437500000
0.201171875000 0.000000000000 0.435546875000 0.185546875000
0.162109375000 0.433593750000 0.550781250000 0.000000000000
0.164062500000 0.251953125000 0.365234375000 0.652343750000
0.000000000000 0.353515625000 0.667968750000 0.429687500000
