-1.757812500000 -1.757812500000 -1.757812500000 -1.757812500000
2.687500000000 3.796875000000 2.437500000000 6.812500000000
2.906250000000 -0.119140625000 -1.757812500000 -1.742187500000
2.734375000000 -1.757812500000 2.031250000000 -1.757812500000
-1.750000000000 -1.640625000000 1.296875000000 4.093750000000
-1.500000000000 -1.757812500000 1.812500000000 0.925781250000
-1.406250000000 -1.750000000000 10.250000000000 13.187500000000
2.046875000000 -1.757812500000 5.281250000000 -1.445312500000
2.562500000000 -1.367187500000 -1.500000000000 2.640625000000
0.906250000000 -1.273437500000 -1.757812500000 7.218750000000
-1.609375000000 -1.710937500000 -1.734375000000 5.593750000000
9.500000000000 -1.742187500000 3.234375000000 4.718750000000
-1.687500000000 6.093750000000 -1.726562500000 -1.695312500000
-0.061767578125 4.531250000000 -1.757812500000 -1.757812500000
10.375000000000 16.250000000000 -1.679687500000 0.769531250000
6.218750000000 11.937500000000 -1.703125000000 -1.406250000000
-1.757812500000 4.156250000000 9.250000000000 2.625000000000
1.257812500000 4.625000000000 19.250000000000 -1.757812500000
39.500000000000 8.625000000000 -1.757812500000 -1.695312500000
-1.742187500000 -1.757812500000 -1.757812500000 -1.664062500000
-1.757812500000 6.687500000000 14.437500000000 -1.757812500000
-1.757812500000 -0.143554687500 -1.734375000000 14.250000000000
-1.757812500000 2.406250000000 0.263671875000 9.250000000000
2.453125000000 -1.437500000000 7.843750000000 -1.757812500000
-1.757812500000 9.062500000000 -1.757812500000 -1.671875000000
-1.203125000000 5.281250000000 12.437500000000 -1.757812500000
-1.734375000000 -0.243164062500 -1.757812500000 2.062500000000
11.437500000000 -1.453125000000 3.250000000000 -1.757812500000
1.726562500000 -1.453125000000 -1.757812500000 -1.687500000000
-1.750000000000 -1.015625000000 0.365234375000 -0.910156250000
-1.570312500000 8.562500000000 10.687500000000 4.343750000000
8.625000000000 4.750000000000 9.000000000000 5.468750000000
3.765625000000 -1.710937500000 29.625000000000 -1.757812500000
-1.757812500000 0.945312500000 8.500000000000 -1.601562500000
11.750000000000 -1.445312500000 -1.757812500000 -1.757812500000
-1.570312500000 -1.757812500000 -1.695312500000 11.687500000000
-1.757812500000 1.382812500000 -1.757812500000 -1.718750000000
4.281250000000 -1.757812500000 -1.757812500000 -1.289062500000
-1.757812500000 -1.726562500000 -1.757812500000 4.937500000000
-1.757812500000 -1.757812500000 0.347656250000 0.664062500000
12.187500000000 15.875000000000 -1.757812500000 -1.570312500000
10.687500000000 7.750000000000 18.875000000000 5.250000000000
-1.757812500000 12.875000000000 -1.664062500000 -1.757812500000
0.750000000000 10.312500000000 -1.750000000000 4.031250000000
-1.757812500000 5.187500000000 -1.757812500000 -1.445312500000
-1.750000000000 1.359375000000 -1.750000000000 6.656250000000
4.437500000000 -1.757812500000 -1.039062500000 16.625000000000
-1.757812500000 -1.750000000000 15.000000000000 -1.757812500000
-1.664062500000 11.250000000000 -1.296875000000 -1.742187500000
-1.625000000000 2.734375000000 11.250000000000 -1.757812500000
20.000000000000 0.734375000000 -1.390625000000 -1.750000000000
12.500000000000 -1.757812500000 -1.757812500000 -1.757812500000
-1.750000000000 0.539062500000 24.625000000000 2.187500000000
-1.710937500000 3.890625000000 8.062500000000 19.875000000000
-1.757812500000 14.375000000000 -1.664062500000 2.937500000000
17.250000000000 1.710937500000 -1.742187500000 -1.757812500000
-1.757812500000 -1.757812500000 10.437500000000 3.359375000000
-1.757812500000 8.250000000000 14.250000000000 -1.742187500000
-1.718750000000 3.000000000000 7.031250000000 -1.750000000000
23.375000000000 5.281250000000 -1.757812500000 -1.750000000000
1.640625000000 4.343750000000 -1.757812500000 10.500000000000
-1.679687500000 -1.757812500000 23.875000000000 4.156250000000
-1.757812500000 6.312500000000 8.812500000000 11.687500000000
12.687500000000 8.562500000000 4.093750000000 -1.757812500000
1.414062500000 -1.757812500000 -1.757812500000 -1.757812500000
-1.710937500000 6.562500000000 -1.757812500000 -1.750000000000
-0.597656250000 2.593750000000 -1.757812500000 -1.640625000000
-0.316406250000 -1.710937500000 3.093750000000 -1.757812500000
-1.757812500000 4.937500000000 -1.757812500000 -1.757812500000
-1.750000000000 -1.757812500000 -1.562500000000 0.578125000000
-1.757812500000 0.597656250000 -1.750000000000 14.312500000000
-1.750000000000 4.437500000000 8.937500000000 -1.757812500000
9.250000000000 -1.757812500000 -1.757812500000 -1.757812500000
4.968750000000 -1.562500000000 -1.757812500000 -1.757812500000
2.421875000000 5.468750000000 -1.757812500000 10.375000000000
-1.390625000000 14.875000000000 8.562500000000 2.296875000000
9.875000000000 8.062500000000 -1.757812500000 13.437500000000
-1.437500000000 -0.451171875000 -1.757812500000 -1.585937500000
-1.750000000000 -1.757812500000 3.000000000000 1.539062500000
-1.500000000000 -1.687500000000 2.609375000000 -1.726562500000
2.062500000000 10.187500000000 -1.750000000000 -1.757812500000
-1.757812500000 1.437500000000 2.812500000000 -1.757812500000
10.562500000000 11.312500000000 -1.757812500000 2.312500000000
-1.734375000000 -1.695312500000 -1.757812500000 0.781250000000
-1.617187500000 7.687500000000 -1.093750000000 3.796875000000
-1.757812500000 8.250000000000 -1.703125000000 -1.757812500000
-1.757812500000 10.875000000000 1.312500000000 -1.257812500000
-1.625000000000 3.906250000000 5.093750000000 11.687500000000
-1.757812500000 12.500000000000 -1.695312500000 20.750000000000
2.984375000000 -1.710937500000 8.812500000000 -1.757812500000
-1.757812500000 -1.757812500000 3.546875000000 -1.671875000000
23.375000000000 0.578125000000 -1.500000000000 -1.476562500000
5.437500000000 7.281250000000 -1.757812500000 14.312500000000
-1.757812500000 -1.445312500000 1.101562500000 -1.734375000000
0.519531250000 -1.726562500000 9.000000000000 -1.742187500000
10.125000000000 8.500000000000 4.062500000000 -1.585937500000
0.101074218750 0.145507812500 0.065429687500 -0.182617187500
0.058837890625 -0.019287109375 0.102539062500 0.104980468750
0.010742187500 -0.111816406250 0.141601562500 0.250000000000
0.156250000000 0.128906250000 0.115722656250 0.028564453125
-0.169921875000 0.151367187500 -0.044189453125 0.208984375000
0.197265625000 0.144531250000 0.251953125000 0.113281250000
0.032958984375 -0.057128906250 -0.038330078125 0.091796875000
0.014892578125 0.248046875000 0.160156250000 0.041503906250
-0.013549804688 0.367187500000 -0.062988281250 -0.001983642578
0.113281250000 -0.122070312500 0.291015625000 -0.100097656250
0.326171875000 0.137695312500 -0.168945312500 -0.371093750000
-0.185546875000 0.146484375000 -0.024902343750 0.261718750000
0.107910156250 0.116210937500 0.184570312500 0.077636718750
0.131835937500 -0.312500000000 -0.087402343750 0.029785156250
0.105957031250 0.203125000000 -0.013549804688 0.137695312500
-0.198242187500 -0.209960937500 -0.181640625000 -0.031982421875
-0.046875000000 -0.208984375000 0.036132812500 -0.011047363281
-0.222656250000 0.204101562500 0.316406250000 0.013488769531
0.306640625000 0.205078125000 0.261718750000 0.146484375000
-0.277343750000 -0.156250000000 0.131835937500 -0.203125000000
0.046875000000 -0.157226562500 0.269531250000 -0.390625000000
0.235351562500 0.337890625000 0.126953125000 0.189453125000
0.203125000000 -0.092773437500 -0.064453125000 0.063964843750
0.192382812500 0.040039062500 0.050537109375 -0.001289367676
0.025024414062 -0.064453125000 0.013366699219 0.394531250000
0.176757812500 0.044921875000 -0.062011718750 -0.531250000000
-0.310546875000 0.227539062500 -0.484375000000 -0.094726562500
0.178710937500 -0.081054687500 -0.355468750000 -0.082519531250
-0.203125000000 -0.143554687500 0.123046875000 -0.149414062500
0.000280380249 0.074218750000 0.165039062500 0.217773437500
0.416015625000 0.437500000000 0.139648437500 0.005615234375
-0.589843750000 0.203125000000 0.214843750000 0.069335937500
