0.000000000000 0.000000000000 0.605468750000 0.000000000000
0.000000000000 0.000000000000 0.000000000000 0.000000000000
0.000000000000 1.289062500000 0.000000000000 0.000000000000
0.000000000000 0.000000000000 0.000000000000 0.000000000000
0.000000000000 0.000000000000 2.312500000000 4.656250000000
0.043945312500 0.000000000000 0.000000000000 0.178710937500
0.000000000000 0.906250000000 1.164062500000 1.726562500000
3.000000000000 3.343750000000 0.574218750000 0.388671875000
2.546875000000 0.023925781250 0.000000000000 0.000000000000
0.000000000000 0.111328125000 2.562500000000 0.000000000000
1.210937500000 4.312500000000 0.000000000000 0.000000000000
0.000000000000 0.000000000000 1.937500000000 0.937500000000
0.000000000000 0.000000000000 0.470703125000 0.000000000000
0.000000000000 0.000000000000 0.020874023438 0.000000000000
3.140625000000 0.451171875000 0.000000000000 0.066894531250
0.000000000000 0.000000000000 1.468750000000 1.406250000000
0.000000000000 0.000000000000 0.000000000000 0.000000000000
1.492187500000 0.000000000000 0.000000000000 0.000000000000
0.835937500000 0.742187500000 0.000000000000 0.000000000000
0.000000000000 0.000000000000 0.000000000000 0.000000000000
0.000000000000 0.000000000000 2.953125000000 3.890625000000
0.000000000000 0.000000000000 0.000000000000 0.675781250000
0.000000000000 0.855468750000 0.000000000000 1.195312500000
5.718750000000 5.250000000000 0.000000000000 0.000000000000
2.234375000000 1.976562500000 1.179687500000 0.255859375000
0.000000000000 0.742187500000 2.984375000000 0.000000000000
0.445312500000 5.500000000000 0.000000000000 0.000000000000
0.000000000000 0.781250000000 3.546875000000 0.071289062500
0.000000000000 0.000000000000 0.523437500000 0.000000000000
0.742187500000 0.000000000000 0.000000000000 0.000000000000
0.000000000000 0.000000000000 0.000000000000 0.237304687500
0.000000000000 0.000000000000 0.851562500000 0.000000000000
0.558593750000 0.000000000000 0.000000000000 0.000000000000
1.281250000000 0.000000000000 0.000000000000 0.000000000000
1.523437500000 0.000000000000 0.000000000000 0.099609375000
0.000000000000 0.000000000000 0.000000000000 0.000000000000
0.000000000000 0.000000000000 0.000000000000 3.109375000000
0.000000000000 0.000000000000 0.000000000000 0.000000000000
0.000000000000 1.437500000000 0.000000000000 0.259765625000
5.468750000000 4.531250000000 0.000000000000 0.000000000000
2.812500000000 2.406250000000 2.843750000000 1.210937500000
0.000000000000 0.349609375000 3.343750000000 0.000000000000
0.000000000000 3.921875000000 0.000000000000 0.000000000000
0.000000000000 0.000000000000 3.296875000000 0.177734375000
0.281250000000 0.882812500000 0.141601562500 0.000000000000
0.953125000000 0.000000000000 0.000000000000 0.000000000000
1.500000000000 0.000000000000 0.000000000000 0.000000000000
0.000000000000 0.000000000000 0.000000000000 0.000000000000
0.882812500000 0.000000000000 0.000000000000 0.000000000000
0.000000000000 0.000000000000 0.000000000000 0.000000000000
0.000000000000 0.462890625000 0.000000000000 0.000000000000
0.000000000000 0.000000000000 0.000000000000 0.000000000000
0.000000000000 0.000000000000 2.140625000000 4.875000000000
0.000000000000 0.000000000000 0.000000000000 0.000000000000
0.000000000000 2.140625000000 0.000000000000 0.000000000000
8.375000000000 6.437500000000 0.292968750000 0.000000000000
2.046875000000 0.000000000000 3.328125000000 1.203125000000
0.000000000000 0.322265625000 3.734375000000 0.091308593750
0.000000000000 2.734375000000 0.000000000000 0.000000000000
0.000000000000 0.000000000000 3.031250000000 0.105957031250
0.000000000000 0.605468750000 0.773437500000 0.000000000000
1.593750000000 0.000000000000 0.703125000000 0.000000000000
1.890625000000 1.460937500000 0.000000000000 0.000000000000
0.000000000000 0.000000000000 0.000000000000 0.000000000000
0.882812500000 0.000000000000 0.000000000000 0.000000000000
0.000000000000 0.000000000000 0.000000000000 0.000000000000
0.000000000000 0.000000000000 0.000000000000 0.000000000000
0.000000000000 0.000000000000 0.000000000000 0.000000000000
0.000000000000 0.000000000000 1.406250000000 8.250000000000
0.000000000000 0.000000000000 0.000000000000 0.000000000000
0.000000000000 1.171875000000 0.116699218750 0.253906250000
8.750000000000 7.187500000000 0.194335937500 0.000000000000
1.539062500000 0.000000000000 1.164062500000 1.250000000000
0.000000000000 1.148437500000 3.156250000000 2.406250000000
0.000000000000 3.812500000000 0.000000000000 0.773437500000
0.000000000000 0.000000000000 2.578125000000 1.312500000000
0.000000000000 0.000000000000 1.187500000000 0.000000000000
0.730468750000 0.000000000000 2.218750000000 0.000000000000
5.218750000000 2.453125000000 1.476562500000 0.000000000000
0.000000000000 0.000000000000 0.000000000000 0.000000000000
0.750000000000 0.000000000000 0.185546875000 0.000000000000
0.753906250000 0.000000000000 0.000000000000 0.000000000000
0.000000000000 0.000000000000 0.000000000000 0.000000000000
0.000000000000 0.000000000000 0.068359375000 0.000000000000
0.000000000000 0.000000000000 0.003265380859 7.781250000000
0.000000000000 0.000000000000 0.000000000000 0.000000000000
0.000000000000 0.863281250000 0.482421875000 2.187500000000
8.125000000000 11.437500000000 0.000000000000 0.000000000000
2.875000000000 1.085937500000 0.000000000000 1.742187500000
0.000000000000 2.093750000000 3.687500000000 2.703125000000
1.835937500000 5.281250000000 0.000000000000 0.000000000000
0.000000000000 0.000000000000 2.828125000000 0.120117187500
0.000000000000 0.000000000000 0.000000000000 0.000000000000
0.115722656250 0.000000000000 2.578125000000 0.000000000000
6.437500000000 2.437500000000 1.585937500000 0.000000000000
0.000000000000 0.000000000000 0.000000000000 0.053710937500
0.933593750000 0.000000000000 0.277343750000 0.000000000000
2.156250000000 0.000000000000 0.000000000000 0.000000000000
0.000000000000 0.000000000000 0.000000000000 0.000000000000
0.000000000000 0.000000000000 0.000000000000 0.000000000000
0.000000000000 0.000000000000 0.601562500000 6.500000000000
0.000000000000 0.914062500000 0.000000000000 0.000000000000
0.000000000000 1.203125000000 0.476562500000 2.093750000000
6.906250000000 12.312500000000 0.000000000000 0.000000000000
4.031250000000 2.828125000000 0.000000000000 0.996093750000
0.000000000000 1.453125000000 4.312500000000 2.171875000000
1.570312500000 5.906250000000 0.000000000000 0.000000000000
0.000000000000 0.000000000000 2.609375000000 0.000000000000
0.000000000000 0.000000000000 0.000000000000 0.000000000000
1.093750000000 0.000000000000 1.296875000000 0.000000000000
4.562500000000 0.000000000000 0.157226562500 0.000000000000
0.000000000000 0.000000000000 0.000000000000 0.347656250000
0.200195312500 0.000000000000 0.000000000000 0.000000000000
0.546875000000 0.000000000000 0.000000000000 0.281250000000
0.000000000000 0.000000000000 0.496093750000 0.138671875000
0.000000000000 1.382812500000 0.000000000000 0.000000000000
0.000000000000 0.000000000000 0.480468750000 2.406250000000
0.000000000000 1.257812500000 0.000000000000 0.000000000000
0.000000000000 0.478515625000 0.542968750000 2.343750000000
5.187500000000 9.250000000000 0.000000000000 0.000000000000
2.671875000000 3.296875000000 1.890625000000 0.683593750000
0.000000000000 1.250000000000 3.500000000000 0.679687500000
0.008239746094 4.250000000000 0.000000000000 0.000000000000
0.000000000000 0.111328125000 1.992187500000 0.000000000000
0.000000000000 0.000000000000 0.000000000000 0.000000000000
1.812500000000 0.000000000000 0.800781250000 1.367187500000
2.406250000000 0.000000000000 0.000000000000 0.000000000000
0.000000000000 0.000000000000 0.000000000000 1.093750000000
1.625000000000 0.000000000000 0.000000000000 0.000000000000
2.000000000000 0.000000000000 0.000000000000 0.412109375000
0.000000000000 0.000000000000 0.000000000000 0.000000000000
0.000000000000 0.000000000000 0.000000000000 0.648437500000
0.000000000000 0.000000000000 0.546875000000 3.000000000000
0.000000000000 0.273437500000 0.000000000000 0.000000000000
0.000000000000 0.000000000000 1.226562500000 0.000000000000
4.312500000000 3.062500000000 0.054443359375 0.000000000000
0.000000000000 0.000000000000 0.000000000000 0.168945312500
0.910156250000 0.138671875000 0.000000000000 5.937500000000
1.406250000000 0.808593750000 0.000000000000 0.000000000000
0.000000000000 0.992187500000 0.000000000000 0.000000000000
0.002975463867 0.000000000000 0.000000000000 0.000000000000
0.000000000000 1.570312500000 0.000000000000 0.000000000000
3.500000000000 1.531250000000 4.656250000000 0.000000000000
0.000000000000 0.000000000000 0.000000000000 3.125000000000
2.609375000000 0.000000000000 0.000000000000 0.000000000000
3.609375000000 0.000000000000 0.000000000000 0.000000000000
0.000000000000 0.000000000000 0.000000000000 0.000000000000
0.000000000000 0.000000000000 0.000000000000 1.007812500000
0.000000000000 0.000000000000 0.972656250000 2.265625000000
0.000000000000 0.000000000000 0.000000000000 0.000000000000
0.000000000000 0.000000000000 1.656250000000 0.000000000000
6.250000000000 4.406250000000 0.000000000000 0.000000000000
0.000000000000 0.000000000000 0.000000000000 0.000000000000
0.000000000000 0.137695312500 2.218750000000 9.812500000000
3.453125000000 0.000000000000 0.000000000000 0.000000000000
0.000000000000 2.484375000000 0.000000000000 0.000000000000
0.000000000000 0.000000000000 0.000000000000 0.000000000000
0.000000000000 1.890625000000 0.000000000000 0.000000000000
4.687500000000 1.468750000000 7.125000000000 0.000000000000
0.000000000000 0.000000000000 0.000000000000 3.234375000000
2.937500000000 0.000000000000 0.000000000000 0.000000000000
5.093750000000 0.000000000000 0.085449218750 0.000000000000
0.000000000000 0.000000000000 0.000000000000 0.000000000000
0.000000000000 0.000000000000 0.000000000000 1.914062500000
0.000000000000 0.000000000000 0.000000000000 0.519531250000
0.000000000000 0.000000000000 0.000000000000 0.000000000000
0.000000000000 0.000000000000 2.250000000000 0.000000000000
6.656250000000 5.031250000000 0.000000000000 0.000000000000
0.000000000000 0.000000000000 0.000000000000 0.000000000000
0.000000000000 1.070312500000 3.750000000000 12.062500000000
1.937500000000 0.000000000000 0.000000000000 0.000000000000
0.000000000000 1.742187500000 0.000000000000 0.000000000000
0.000000000000 0.000000000000 0.000000000000 1.031250000000
0.000000000000 2.062500000000 0.000000000000 0.000000000000
5.062500000000 2.546875000000 7.343750000000 0.000000000000
0.000000000000 0.000000000000 0.000000000000 4.281250000000
2.953125000000 0.000000000000 0.000000000000 0.000000000000
4.218750000000 0.000000000000 0.578125000000 0.000000000000
0.000000000000 0.000000000000 0.000000000000 0.233398437500
0.000000000000 0.000000000000 0.000000000000 1.671875000000
0.000000000000 0.000000000000 0.000000000000 0.000000000000
0.000000000000 0.000000000000 0.000000000000 0.000000000000
0.000000000000 0.000000000000 2.937500000000 0.000000000000
7.812500000000 5.031250000000 0.000000000000 0.000000000000
0.000000000000 0.000000000000 0.000000000000 0.000000000000
0.000000000000 1.593750000000 4.250000000000 12.187500000000
1.578125000000 0.000000000000 0.000000000000 0.000000000000
0.000000000000 1.335937500000 0.000000000000 0.000000000000
0.000000000000 0.265625000000 0.000000000000 0.824218750000
0.365234375000 1.617187500000 0.000000000000 0.000000000000
4.312500000000 1.929687500000 8.000000000000 0.000000000000
0.000000000000 0.000000000000 0.000000000000 3.875000000000
3.484375000000 0.000000000000 0.000000000000 0.000000000000
3.453125000000 0.000000000000 0.000000000000 0.000000000000
0.000000000000 0.000000000000 0.000000000000 0.032470703125
0.000000000000 0.000000000000 0.000000000000 1.367187500000
0.000000000000 0.000000000000 0.000000000000 0.585937500000
0.000000000000 0.000000000000 0.000000000000 0.000000000000
0.000000000000 0.000000000000 3.375000000000 0.000000000000
8.875000000000 4.531250000000 0.000000000000 0.000000000000
0.000000000000 0.000000000000 0.000000000000 0.000000000000
0.000000000000 0.855468750000 3.968750000000 12.625000000000
1.937500000000 0.000000000000 0.000000000000 0.000000000000
0.000000000000 0.972656250000 0.000000000000 0.000000000000
0.000000000000 0.542968750000 0.000000000000 1.429687500000
0.527343750000 1.632812500000 0.000000000000 0.000000000000
4.468750000000 2.140625000000 7.906250000000 0.000000000000
0.000000000000 0.000000000000 0.000000000000 3.796875000000
4.093750000000 0.000000000000 0.000000000000 0.000000000000
3.953125000000 0.000000000000 0.000000000000 0.000000000000
0.000000000000 0.000000000000 0.000000000000 0.000000000000
0.000000000000 0.000000000000 0.000000000000 1.601562500000
0.000000000000 0.000000000000 0.000000000000 0.380859375000
0.000000000000 0.000000000000 0.000000000000 0.000000000000
0.000000000000 0.000000000000 2.687500000000 0.000000000000
9.812500000000 4.093750000000 0.000000000000 0.000000000000
0.000000000000 0.000000000000 0.000000000000 0.000000000000
0.000000000000 0.006530761719 3.937500000000 12.062500000000
1.781250000000 0.000000000000 0.000000000000 0.000000000000
0.000000000000 0.964843750000 0.000000000000 0.000000000000
0.000000000000 0.022583007812 0.000000000000 1.578125000000
0.132812500000 0.515625000000 0.000000000000 0.000000000000
5.343750000000 1.875000000000 7.531250000000 0.000000000000
0.000000000000 0.000000000000 0.000000000000 3.765625000000
3.265625000000 0.000000000000 0.000000000000 0.000000000000
4.093750000000 0.000000000000 0.000000000000 0.000000000000
0.027832031250 0.000000000000 0.000000000000 0.000000000000
0.000000000000 0.000000000000 0.000000000000 1.593750000000
0.000000000000 0.000000000000 0.000000000000 1.132812500000
0.000000000000 0.000000000000 0.734375000000 0.000000000000
0.000000000000 0.000000000000 2.781250000000 0.000000000000
9.937500000000 3.984375000000 0.000000000000 0.000000000000
0.000000000000 0.691406250000 0.000000000000 0.000000000000
0.000000000000 1.328125000000 4.468750000000 10.250000000000
1.867187500000 0.000000000000 0.000000000000 0.496093750000
0.000000000000 0.789062500000 0.000000000000 0.000000000000
0.000000000000 0.000000000000 0.000000000000 1.164062500000
0.867187500000 0.562500000000 0.000000000000 0.000000000000
5.625000000000 2.328125000000 7.125000000000 0.000000000000
0.000000000000 0.000000000000 0.000000000000 3.828125000000
3.140625000000 0.000000000000 0.000000000000 0.000000000000
1.468750000000 0.000000000000 0.742187500000 0.000000000000
0.000000000000 0.000000000000 0.000000000000 0.000000000000
0.000000000000 0.000000000000 0.000000000000 1.125000000000
0.000000000000 0.000000000000 0.000000000000 0.092285156250
0.000000000000 0.000000000000 1.296875000000 0.000000000000
0.000000000000 0.000000000000 2.265625000000 0.000000000000
6.750000000000 3.062500000000 0.000000000000 0.000000000000
0.000000000000 1.093750000000 0.000000000000 0.000000000000
0.000000000000 0.781250000000 4.156250000000 8.500000000000
3.734375000000 0.000000000000 0.000000000000 2.234375000000
0.000000000000 0.894531250000 0.000000000000 0.000000000000
0.000000000000 1.421875000000 0.000000000000 1.640625000000
0.628906250000 0.000000000000 1.062500000000 0.000000000000
4.062500000000 0.507812500000 5.750000000000 0.000000000000
0.000000000000 0.000000000000 0.000000000000 2.234375000000
1.757812500000 0.291015625000 0.800781250000 0.000000000000
0.671875000000 3.593750000000 1.500000000000 0.000000000000
1.867187500000 0.000000000000 0.000000000000 0.000000000000
0.000000000000 2.718750000000 0.000000000000 0.000000000000
0.000000000000 0.000000000000 0.000000000000 0.000000000000
0.000000000000 0.000000000000 0.310546875000 0.000000000000
0.000000000000 0.000000000000 0.000000000000 0.000000000000
2.375000000000 2.156250000000 0.209960937500 1.164062500000
0.000000000000 0.492187500000 1.820312500000 0.000000000000
0.000000000000 0.000000000000 0.000000000000 0.000000000000
1.453125000000 0.000000000000 0.000000000000 0.108886718750
0.000000000000 0.000000000000 1.062500000000 4.125000000000
5.062500000000 0.000000000000 0.000000000000 0.000000000000
0.000000000000 0.000000000000 2.046875000000 0.000000000000
0.000000000000 0.000000000000 0.000000000000 0.152343750000
0.000000000000 0.000000000000 0.000000000000 0.000000000000
3.484375000000 0.101562500000 1.835937500000 0.000000000000
0.000000000000 4.937500000000 0.000000000000 0.000000000000
1.960937500000 0.000000000000 0.000000000000 0.000000000000
0.000000000000 2.203125000000 0.000000000000 0.000000000000
0.000000000000 0.000000000000 0.000000000000 3.015625000000
0.000000000000 0.718750000000 1.101562500000 0.000000000000
0.000000000000 0.000000000000 0.000000000000 0.000000000000
7.375000000000 2.718750000000 0.000000000000 0.000000000000
0.000000000000 0.000000000000 1.890625000000 0.910156250000
0.000000000000 0.000000000000 0.000000000000 0.000000000000
4.562500000000 0.000000000000 0.000000000000 0.330078125000
0.000000000000 0.000000000000 1.257812500000 4.781250000000
9.500000000000 0.000000000000 0.000000000000 0.000000000000
0.000000000000 0.523437500000 4.843750000000 0.000000000000
0.000000000000 0.000000000000 1.625000000000 0.396484375000
0.000000000000 0.000000000000 0.000000000000 0.000000000000
3.062500000000 0.000000000000 3.859375000000 0.000000000000
0.000000000000 5.218750000000 0.314453125000 0.000000000000
4.000000000000 0.000000000000 0.000000000000 0.000000000000
0.000000000000 0.117187500000 0.000000000000 0.000000000000
0.000000000000 0.000000000000 2.281250000000 5.218750000000
0.000000000000 0.000000000000 0.000000000000 0.000000000000
0.000000000000 0.000000000000 0.000000000000 1.945312500000
9.187500000000 2.031250000000 0.000000000000 0.000000000000
0.000000000000 0.000000000000 1.726562500000 0.855468750000
0.014404296875 0.000000000000 0.000000000000 0.000000000000
7.062500000000 0.000000000000 0.000000000000 1.046875000000
0.000000000000 0.000000000000 0.000000000000 3.578125000000
8.062500000000 0.000000000000 0.000000000000 0.000000000000
0.000000000000 1.609375000000 5.656250000000 0.000000000000
0.000000000000 1.500000000000 2.265625000000 0.507812500000
0.000000000000 0.000000000000 0.000000000000 0.000000000000
3.046875000000 0.000000000000 4.593750000000 0.000000000000
1.898437500000 4.062500000000 0.000000000000 0.000000000000
3.609375000000 0.000000000000 0.000000000000 0.000000000000
0.000000000000 1.132812500000 0.170898437500 0.000000000000
0.000000000000 0.000000000000 1.804687500000 6.750000000000
0.000000000000 2.453125000000 0.000000000000 0.000000000000
0.000000000000 0.000000000000 0.000000000000 2.156250000000
10.000000000000 6.656250000000 0.000000000000 0.000000000000
0.000000000000 0.000000000000 0.000000000000 0.906250000000
0.177734375000 0.000000000000 0.088378906250 0.000000000000
7.437500000000 0.000000000000 0.000000000000 3.562500000000
0.000000000000 0.000000000000 0.000000000000 1.609375000000
6.718750000000 0.000000000000 0.000000000000 0.000000000000
1.117187500000 0.000000000000 5.218750000000 0.000000000000
0.000000000000 1.570312500000 3.343750000000 2.734375000000
0.000000000000 0.000000000000 0.000000000000 0.000000000000
0.468750000000 0.000000000000 2.546875000000 0.000000000000
0.820312500000 1.265625000000 0.000000000000 0.000000000000
1.375000000000 0.000000000000 0.000000000000 0.000000000000
0.000000000000 0.996093750000 1.273437500000 0.000000000000
0.000000000000 0.000000000000 1.085937500000 5.281250000000
0.000000000000 1.664062500000 0.000000000000 0.000000000000
0.000000000000 0.000000000000 0.000000000000 3.515625000000
9.687500000000 5.937500000000 0.000000000000 0.000000000000
0.000000000000 0.000000000000 0.000000000000 1.148437500000
2.281250000000 0.000000000000 1.281250000000 0.000000000000
6.718750000000 0.000000000000 0.000000000000 2.171875000000
0.339843750000 0.000000000000 0.000000000000 2.593750000000
4.906250000000 0.000000000000 0.000000000000 0.000000000000
2.281250000000 0.000000000000 3.031250000000 0.000000000000
0.000000000000 3.250000000000 2.687500000000 1.000000000000
0.000000000000 0.000000000000 0.000000000000 0.000000000000
2.562500000000 0.000000000000 1.781250000000 0.000000000000
2.078125000000 0.816406250000 0.000000000000 0.000000000000
0.000000000000 0.000000000000 0.000000000000 0.000000000000
0.000000000000 3.250000000000 0.000000000000 0.000000000000
0.000000000000 0.000000000000 2.296875000000 3.328125000000
0.000000000000 2.515625000000 0.000000000000 0.000000000000
0.000000000000 0.000000000000 0.000000000000 2.328125000000
4.687500000000 6.875000000000 0.000000000000 0.000000000000
0.000000000000 2.656250000000 0.000000000000 0.613281250000
1.117187500000 0.000000000000 0.126953125000 0.107421875000
5.781250000000 0.000000000000 0.000000000000 2.062500000000
0.000000000000 0.000000000000 0.546875000000 0.851562500000
3.562500000000 0.000000000000 0.000000000000 0.000000000000
1.703125000000 0.000000000000 2.312500000000 0.000000000000
0.000000000000 0.000000000000 2.625000000000 1.359375000000
0.000000000000 0.000000000000 0.000000000000 0.000000000000
3.906250000000 0.000000000000 0.000000000000 0.000000000000
3.312500000000 0.964843750000 0.000000000000 0.000000000000
0.980468750000 0.000000000000 0.000000000000 0.000000000000
0.000000000000 3.406250000000 0.000000000000 0.000000000000
0.000000000000 0.000000000000 0.237304687500 3.343750000000
0.000000000000 1.906250000000 0.000000000000 0.000000000000
0.000000000000 0.000000000000 0.000000000000 0.435546875000
4.218750000000 6.406250000000 0.194335937500 0.000000000000
0.000000000000 2.890625000000 2.906250000000 2.953125000000
0.585937500000 0.000000000000 2.593750000000 1.484375000000
4.250000000000 0.000000000000 0.000000000000 0.835937500000
0.000000000000 0.000000000000 0.000000000000 1.757812500000
2.484375000000 0.000000000000 0.000000000000 0.000000000000
0.468750000000 0.000000000000 3.343750000000 0.000000000000
0.000000000000 0.000000000000 0.000000000000 1.273437500000
0.000000000000 0.000000000000 0.000000000000 0.000000000000
4.468750000000 0.000000000000 0.000000000000 0.000000000000
0.000000000000 0.464843750000 0.000000000000 0.000000000000
0.847656250000 0.000000000000 0.000000000000 0.000000000000
0.000000000000 0.000000000000 0.000000000000 0.000000000000
0.000000000000 0.000000000000 0.941406250000 3.328125000000
0.000000000000 0.000000000000 0.000000000000 0.361328125000
0.000000000000 0.000000000000 0.115234375000 1.585937500000
4.781250000000 2.218750000000 0.000000000000 0.000000000000
0.134765625000 0.132812500000 1.500000000000 1.781250000000
0.000000000000 0.000000000000 2.000000000000 2.359375000000
2.031250000000 0.000000000000 0.000000000000 0.000000000000
0.000000000000 0.000000000000 0.000000000000 0.217773437500
2.218750000000 0.000000000000 0.000000000000 0.750000000000
0.695312500000 0.048095703125 3.000000000000 0.000000000000
0.078125000000 0.220703125000 0.000000000000 0.000000000000
0.000000000000 0.722656250000 0.000000000000 0.000000000000
0.000000000000 0.000000000000 0.000000000000 0.000000000000
0.000000000000 0.000000000000 0.000000000000 0.000000000000
0.000000000000 0.000000000000 0.000000000000 0.000000000000
0.000000000000 0.000000000000 0.000000000000 0.000000000000
0.000000000000 0.000000000000 0.000000000000 0.000000000000
0.000000000000 0.000000000000 0.000000000000 0.000000000000
0.000000000000 0.000000000000 0.000000000000 0.000000000000
0.000000000000 0.000000000000 0.000000000000 0.000000000000
0.000000000000 0.000000000000 0.000000000000 0.000000000000
0.000000000000 0.000000000000 0.000000000000 0.000000000000
0.000000000000 0.000000000000 0.000000000000 0.000000000000
0.000000000000 0.000000000000 0.000000000000 0.000000000000
0.000000000000 0.000000000000 0.000000000000 0.000000000000
0.000000000000 0.000000000000 0.000000000000 0.000000000000
0.000000000000 0.000000000000 0.000000000000 0.000000000000
0.000000000000 0.000000000000 0.000000000000 0.000000000000
0.000000000000 0.000000000000 0.000000000000 0.000000000000
0.000000000000 0.000000000000 0.000000000000 0.000000000000
0.000000000000 0.000000000000 0.000000000000 0.000000000000
0.000000000000 0.000000000000 0.000000000000 0.000000000000
0.000000000000 0.000000000000 0.000000000000 0.000000000000
0.000000000000 0.000000000000 0.000000000000 0.000000000000
0.000000000000 0.000000000000 0.000000000000 0.000000000000
0.000000000000 0.000000000000 0.000000000000 0.000000000000
0.000000000000 0.000000000000 0.000000000000 0.000000000000
0.000000000000 0.000000000000 0.000000000000 0.000000000000
0.000000000000 0.000000000000 0.000000000000 0.000000000000
0.000000000000 0.000000000000 0.000000000000 0.000000000000
0.000000000000 0.000000000000 0.000000000000 0.000000000000
0.000000000000 0.000000000000 0.000000000000 0.000000000000
0.000000000000 0.000000000000 0.000000000000 0.000000000000
0.000000000000 0.000000000000 0.000000000000 0.000000000000
0.000000000000 0.000000000000 0.000000000000 0.000000000000
0.000000000000 0.000000000000 0.000000000000 0.000000000000
0.000000000000 0.000000000000 0.000000000000 0.000000000000
0.000000000000 0.000000000000 0.000000000000 0.000000000000
0.000000000000 0.000000000000 0.000000000000 0.000000000000
0.000000000000 0.000000000000 0.000000000000 0.000000000000
0.000000000000 0.000000000000 0.000000000000 0.000000000000
0.000000000000 0.000000000000 0.000000000000 0.000000000000
0.000000000000 0.000000000000 0.000000000000 0.000000000000
0.000000000000 0.000000000000 0.000000000000 0.000000000000
0.000000000000 0.000000000000 0.000000000000 0.000000000000
0.000000000000 0.000000000000 0.000000000000 0.000000000000
0.000000000000 0.000000000000 0.000000000000 0.000000000000
0.000000000000 0.000000000000 0.000000000000 0.000000000000
0.000000000000 0.000000000000 0.000000000000 0.000000000000
0.000000000000 0.000000000000 0.000000000000 0.000000000000
0.000000000000 0.000000000000 0.000000000000 0.000000000000
0.000000000000 0.000000000000 0.000000000000 0.000000000000
0.000000000000 0.000000000000 0.000000000000 0.000000000000
0.000000000000 0.000000000000 0.000000000000 0.000000000000
0.000000000000 0.000000000000 0.000000000000 0.000000000000
0.000000000000 0.000000000000 0.000000000000 0.000000000000
0.000000000000 0.000000000000 0.000000000000 0.000000000000
0.000000000000 0.000000000000 0.000000000000 0.000000000000
0.000000000000 0.000000000000 0.000000000000 0.000000000000
0.000000000000 0.000000000000 0.000000000000 0.000000000000
0.000000000000 0.000000000000 0.000000000000 0.000000000000
0.000000000000 0.000000000000 0.000000000000 0.000000000000
0.000000000000 0.000000000000 0.000000000000 0.000000000000
0.000000000000 0.000000000000 0.000000000000 0.000000000000
0.000000000000 0.000000000000 0.000000000000 0.000000000000
0.000000000000 0.000000000000 0.000000000000 0.000000000000
0.000000000000 0.000000000000 0.000000000000 0.000000000000
0.000000000000 0.000000000000 0.000000000000 0.000000000000
0.000000000000 0.000000000000 0.000000000000 0.000000000000
0.000000000000 0.000000000000 0.000000000000 0.000000000000
0.000000000000 0.000000000000 0.000000000000 0.000000000000
0.000000000000 0.000000000000 0.000000000000 0.000000000000
0.000000000000 0.000000000000 0.000000000000 0.000000000000
0.000000000000 0.000000000000 0.000000000000 0.000000000000
0.000000000000 0.000000000000 0.000000000000 0.000000000000
0.000000000000 0.000000000000 0.000000000000 0.000000000000
0.000000000000 0.000000000000 0.000000000000 0.000000000000
0.000000000000 0.000000000000 0.000000000000 0.000000000000
0.000000000000 0.000000000000 0.000000000000 0.000000000000
0.000000000000 0.000000000000 0.000000000000 0.000000000000
0.000000000000 0.000000000000 0.000000000000 0.000000000000
0.000000000000 0.000000000000 0.000000000000 0.000000000000
0.000000000000 0.566406250000 0.000000000000 0.000000000000
0.000000000000 0.000000000000 0.000000000000 0.000000000000
0.328125000000 0.000000000000 0.000000000000 0.000000000000
0.000000000000 0.000000000000 0.000000000000 0.000000000000
0.000000000000 0.000000000000 0.000000000000 0.000000000000
0.000000000000 0.000000000000 0.000000000000 0.000000000000
0.000000000000 0.000000000000 0.000000000000 0.000000000000
0.000000000000 0.000000000000 0.000000000000 0.000000000000
0.000000000000 0.000000000000 0.000000000000 0.000000000000
0.000000000000 0.000000000000 0.000000000000 0.000000000000
0.000000000000 0.000000000000 0.000000000000 0.000000000000
0.000000000000 0.000000000000 0.000000000000 0.000000000000
0.000000000000 0.000000000000 0.000000000000 0.000000000000
0.000000000000 0.000000000000 0.000000000000 0.000000000000
0.000000000000 0.000000000000 0.000000000000 0.000000000000
0.000000000000 0.000000000000 0.000000000000 0.000000000000
0.000000000000 0.000000000000 0.000000000000 0.000000000000
0.000000000000 0.000000000000 0.000000000000 0.000000000000
0.000000000000 0.000000000000 0.800781250000 0.000000000000
0.000000000000 0.000000000000 0.000000000000 0.000000000000
0.000000000000 0.000000000000 0.000000000000 0.000000000000
0.000000000000 0.000000000000 0.000000000000 0.000000000000
0.000000000000 0.000000000000 0.000000000000 0.000000000000
0.000000000000 0.000000000000 0.000000000000 0.000000000000
0.000000000000 0.000000000000 0.000000000000 0.000000000000
0.000000000000 0.000000000000 0.000000000000 0.000000000000
0.000000000000 0.000000000000 0.000000000000 0.000000000000
0.000000000000 0.000000000000 0.000000000000 0.000000000000
0.000000000000 0.000000000000 0.000000000000 0.000000000000
0.000000000000 0.000000000000 0.000000000000 0.000000000000
0.000000000000 0.000000000000 0.000000000000 0.000000000000
0.000000000000 0.000000000000 0.000000000000 0.000000000000
0.000000000000 0.000000000000 0.000000000000 0.000000000000
0.000000000000 0.000000000000 0.000000000000 0.045898437500
0.000000000000 0.000000000000 0.015625000000 0.000000000000
0.000000000000 0.000000000000 0.000000000000 0.000000000000
0.000000000000 0.000000000000 0.000000000000 0.000000000000
0.000000000000 0.000000000000 0.000000000000 0.000000000000
0.523437500000 0.000000000000 0.000000000000 0.000000000000
0.000000000000 0.000000000000 0.000000000000 0.000000000000
0.000000000000 0.000000000000 0.000000000000 0.000000000000
0.000000000000 0.000000000000 0.000000000000 0.000000000000
0.000000000000 0.000000000000 0.000000000000 0.000000000000
0.000000000000 0.000000000000 0.000000000000 0.000000000000
0.000000000000 0.000000000000 0.000000000000 0.000000000000
0.000000000000 0.000000000000 0.000000000000 0.000000000000
0.000000000000 0.000000000000 0.000000000000 0.000000000000
0.000000000000 0.000000000000 0.000000000000 0.000000000000
