-0.002853393555
-0.031494140625
0.049804687500
-0.090332031250
0.011840820312
-0.110351562500
-0.109863281250
-0.064941406250
0.024291992188
0.016113281250
0.011291503906
0.162109375000
-0.083496093750
-0.104980468750
-0.068847656250
0.040283203125
0.176757812500
0.018798828125
-0.063476562500
0.030761718750
-0.061767578125
-0.098144531250
0.099121093750
0.089843750000
-0.025512695312
0.049072265625
0.125976562500
0.095214843750
0.000564575195
0.041015625000
0.077148437500
0.012512207031
0.103027343750
-0.066406250000
-0.051269531250
-0.112304687500
0.074707031250
-0.044677734375
-0.069335937500
0.134765625000
-0.046875000000
-0.036132812500
0.161132812500
0.039794921875
-0.042968750000
-0.011535644531
0.050781250000
-0.091308593750
0.004669189453
-0.080566406250
0.052978515625
-0.111816406250
-0.167968750000
0.005462646484
-0.104003906250
0.056640625000
-0.016113281250
0.086425781250
-0.009277343750
-0.034912109375
-0.100097656250
-0.091308593750
0.118164062500
-0.064453125000
-0.044189453125
-0.079101562500
0.074707031250
0.109375000000
-0.105468750000
-0.121093750000
0.038818359375
0.110839843750
-0.143554687500
0.116210937500
-0.080566406250
-0.073730468750
0.062011718750
0.075195312500
-0.090820312500
-0.071777343750
0.059814453125
-0.046875000000
0.125000000000
0.046142578125
-0.047363281250
0.134765625000
0.051513671875
0.011840820312
-0.131835937500
0.043945312500
0.061035156250
-0.021606445312
-0.105468750000
-0.018310546875
0.200195312500
-0.126953125000
-0.099609375000
0.171875000000
-0.103515625000
-0.044921875000
0.146484375000
-0.107910156250
-0.078613281250
0.013183593750
0.054199218750
0.019287109375
-0.089843750000
-0.116210937500
0.054443359375
0.028686523438
0.015563964844
0.106445312500
0.095703125000
-0.198242187500
0.016113281250
-0.094726562500
0.009704589844
-0.178710937500
-0.110839843750
-0.058349609375
-0.006896972656
0.030639648438
0.022460937500
-0.027587890625
-0.104980468750
0.057617187500
0.130859375000
-0.051269531250
-0.125000000000
0.049560546875
0.054687500000
-0.048095703125
0.002273559570
-0.091796875000
-0.119628906250
-0.000167846680
0.092285156250
0.061279296875
0.102050781250
0.190429687500
0.214843750000
0.011108398438
-0.023437500000
-0.086425781250
-0.042968750000
-0.158203125000
-0.063476562500
0.064941406250
-0.026245117188
0.046630859375
-0.031005859375
-0.017822265625
0.083984375000
0.121582031250
-0.012939453125
0.017822265625
-0.084960937500
0.025878906250
0.073242187500
-0.001670837402
0.077636718750
0.004943847656
0.021606445312
-0.097656250000
0.074707031250
0.053710937500
-0.223632812500
0.074707031250
-0.086425781250
-0.009094238281
0.090820312500
0.003036499023
-0.085937500000
-0.030029296875
-0.006652832031
-0.110839843750
-0.009643554688
0.015747070312
0.071777343750
0.176757812500
-0.130859375000
-0.022949218750
0.131835937500
0.019409179688
0.092773437500
0.096191406250
-0.076660156250
-0.057128906250
-0.101562500000
-0.111816406250
0.088378906250
-0.021728515625
-0.077148437500
-0.091796875000
0.064453125000
0.069335937500
-0.106933593750
-0.081054687500
-0.022094726562
0.023803710938
0.066406250000
0.024902343750
0.028320312500
-0.060058593750
-0.016845703125
0.011535644531
-0.086425781250
-0.016845703125
-0.103027343750
-0.033447265625
-0.048095703125
-0.016723632812
-0.037353515625
0.017333984375
-0.007812500000
0.019042968750
0.088867187500
-0.055175781250
0.014404296875
-0.110839843750
0.071777343750
-0.005645751953
-0.029052734375
-0.143554687500
-0.047119140625
-0.071289062500
-0.055664062500
0.091308593750
0.194335937500
-0.064941406250
0.064941406250
0.020019531250
0.135742187500
0.014709472656
-0.017333984375
-0.124511718750
-0.014648437500
0.066406250000
0.040527343750
0.099609375000
0.114257812500
0.066894531250
-0.036865234375
0.162109375000
-0.022827148438
-0.106445312500
0.132812500000
-0.144531250000
0.016113281250
0.064941406250
0.103027343750
-0.072753906250
-0.125000000000
0.067871093750
0.094726562500
-0.088867187500
-0.007812500000
0.046630859375
-0.056152343750
-0.010375976562
0.030029296875
0.025512695312
-0.042236328125
-0.020996093750
-0.088867187500
0.091308593750
0.111328125000
0.142578125000
0.007293701172
-0.023681640625
0.071289062500
-0.034912109375
-0.062988281250
-0.008056640625
-0.024780273438
0.061767578125
0.005096435547
0.054931640625
-0.017456054688
-0.062988281250
0.048583984375
0.084960937500
-0.042480468750
-0.030273437500
-0.001075744629
-0.121582031250
-0.034912109375
0.027221679688
0.070800781250
0.040527343750
-0.034912109375
0.059326171875
0.054199218750
-0.104003906250
0.012512207031
0.005798339844
-0.053222656250
-0.037353515625
0.003677368164
-0.075195312500
-0.024902343750
0.010620117188
0.039306640625
-0.054199218750
-0.010559082031
-0.090820312500
-0.020874023438
0.083007812500
-0.041748046875
0.013793945312
0.053710937500
0.091796875000
0.056152343750
0.064453125000
-0.077636718750
-0.109375000000
-0.084472656250
-0.188476562500
0.066894531250
0.004547119141
-0.033203125000
0.015747070312
-0.018798828125
0.024169921875
-0.101074218750
0.083496093750
-0.064453125000
0.106445312500
0.020019531250
-0.030273437500
0.100097656250
0.020996093750
0.011535644531
0.043701171875
-0.063476562500
0.012512207031
0.058349609375
-0.062011718750
-0.129882812500
-0.040527343750
-0.041259765625
-0.044921875000
0.038085937500
0.034423828125
0.078125000000
0.062500000000
0.036621093750
-0.032714843750
0.011840820312
0.026611328125
-0.048339843750
-0.154296875000
0.032714843750
-0.062011718750
-0.027465820312
0.110351562500
0.128906250000
0.116699218750
-0.030883789062
0.031494140625
0.080566406250
0.023315429688
-0.012329101562
-0.034912109375
-0.035644531250
0.043212890625
0.023559570312
0.118164062500
-0.024169921875
0.074218750000
-0.052490234375
-0.043457031250
-0.025878906250
-0.006164550781
-0.028442382812
-0.124023437500
-0.061767578125
0.083496093750
-0.186523437500
-0.049560546875
0.016479492188
0.003967285156
-0.061279296875
-0.015014648438
-0.011047363281
0.082519531250
0.000576019287
0.038818359375
0.019165039062
-0.007812500000
-0.055419921875
-0.122070312500
-0.116699218750
0.145507812500
0.112304687500
0.030029296875
-0.166992187500
-0.009216308594
0.139648437500
-0.053710937500
-0.067382812500
0.025756835938
0.110839843750
0.023559570312
-0.043212890625
0.016723632812
0.047119140625
-0.050292968750
-0.032958984375
-0.023193359375
-0.011718750000
-0.104980468750
-0.009948730469
-0.040039062500
-0.041015625000
-0.093261718750
-0.012573242188
0.062988281250
0.026977539062
0.148437500000
0.071289062500
0.017456054688
-0.017089843750
-0.091308593750
-0.029663085938
-0.048583984375
-0.028442382812
-0.119628906250
0.012451171875
0.049072265625
0.056884765625
-0.063964843750
-0.039550781250
-0.027343750000
-0.033203125000
-0.250000000000
0.014953613281
0.014709472656
-0.061523437500
0.060791015625
0.058837890625
0.097656250000
-0.112304687500
-0.070312500000
-0.097656250000
-0.048095703125
0.059570312500
0.059814453125
-0.017944335938
0.034423828125
-0.076660156250
-0.056640625000
-0.027221679688
0.029907226562
-0.059082031250
0.126953125000
0.058593750000
-0.060302734375
0.086425781250
-0.006378173828
0.039550781250
0.117675781250
-0.099121093750
0.058593750000
0.108398437500
-0.047607421875
0.050048828125
-0.061523437500
0.052490234375
-0.124023437500
0.073730468750
0.051269531250
0.072753906250
0.099609375000
-0.022705078125
0.055664062500
-0.099121093750
-0.144531250000
-0.095214843750
0.036865234375
-0.009094238281
-0.034912109375
0.003936767578
0.145507812500
0.109863281250
0.123046875000
-0.019042968750
0.006561279297
0.065917968750
0.072265625000
-0.020507812500
-0.055419921875
0.025024414062
0.022338867188
-0.021118164062
0.020385742188
-0.095214843750
0.030029296875
-0.014038085938
0.049072265625
0.013183593750
0.116699218750
0.005279541016
-0.143554687500
-0.077148437500
0.095703125000
-0.038330078125
-0.011596679688
-0.098144531250
0.035644531250
-0.021972656250
-0.000682830811
0.187500000000
0.101562500000
-0.021362304688
0.064941406250
-0.014709472656
0.112792968750
-0.108886718750
-0.058837890625
0.042480468750
0.083984375000
0.082519531250
0.011047363281
0.121582031250
0.037109375000
-0.002716064453
-0.073730468750
0.027954101562
0.012512207031
0.078613281250
0.045898437500
-0.011840820312
0.150390625000
0.024291992188
-0.087402343750
-0.046386718750
0.035400390625
-0.083984375000
-0.033935546875
0.080566406250
0.068359375000
-0.088867187500
0.017700195312
-0.080566406250
0.050781250000
0.058837890625
-0.056152343750
0.015502929688
0.076660156250
0.019165039062
-0.085937500000
0.010986328125
-0.048339843750
-0.118164062500
-0.108398437500
0.123046875000
0.053710937500
-0.063964843750
-0.104003906250
0.005706787109
-0.035888671875
-0.021972656250
0.089355468750
0.090332031250
0.060302734375
0.056884765625
0.078613281250
0.011596679688
0.043212890625
-0.025756835938
-0.048583984375
0.023925781250
-0.115722656250
-0.077636718750
0.024047851562
-0.044433593750
0.006744384766
-0.057128906250
-0.100097656250
0.033935546875
0.013366699219
-0.125976562500
0.050292968750
0.116210937500
-0.040527343750
0.089355468750
-0.022216796875
0.013427734375
0.077148437500
-0.036376953125
0.083984375000
-0.025512695312
-0.022705078125
-0.062988281250
-0.096191406250
-0.053955078125
-0.156250000000
0.092773437500
0.046142578125
0.048828125000
0.066894531250
-0.052246093750
0.038818359375
0.082031250000
0.094238281250
-0.009521484375
0.030029296875
0.054931640625
-0.031982421875
0.062500000000
-0.043212890625
-0.013061523438
0.090332031250
0.012695312500
-0.041503906250
0.013488769531
0.028320312500
0.091308593750
-0.011413574219
0.004943847656
0.027343750000
0.020996093750
0.059326171875
-0.147460937500
0.111816406250
-0.060302734375
-0.130859375000
-0.003570556641
0.108398437500
-0.148437500000
-0.058349609375
-0.050537109375
0.107910156250
0.011291503906
0.017578125000
-0.015991210938
-0.015136718750
0.061279296875
0.120605468750
-0.074707031250
0.119140625000
0.046875000000
0.174804687500
-0.031250000000
0.152343750000
0.007751464844
-0.007415771484
0.000907897949
0.094238281250
0.044921875000
-0.121582031250
-0.074707031250
0.078125000000
-0.092285156250
-0.004547119141
0.013305664062
0.044921875000
0.081542968750
0.047363281250
-0.006958007812
-0.052490234375
-0.009216308594
-0.104003906250
-0.062500000000
0.080078125000
-0.040527343750
-0.082519531250
0.133789062500
-0.148437500000
-0.015747070312
-0.009033203125
-0.102050781250
0.091308593750
0.054199218750
0.035156250000
-0.055419921875
0.062988281250
-0.001235961914
-0.168945312500
0.124023437500
-0.064453125000
-0.134765625000
-0.118652343750
0.128906250000
0.047607421875
0.075683593750
-0.049072265625
-0.023071289062
0.005950927734
-0.055175781250
0.001281738281
0.110839843750
-0.056884765625
0.057861328125
0.099121093750
-0.027709960938
-0.048583984375
-0.099609375000
0.001953125000
0.129882812500
0.032470703125
-0.103027343750
0.053710937500
-0.050048828125
0.014465332031
-0.042480468750
-0.093750000000
0.111816406250
0.055908203125
-0.108398437500
0.021240234375
0.076660156250
0.062255859375
-0.093261718750
-0.016235351562
0.027221679688
0.073730468750
-0.018798828125
0.053710937500
0.013000488281
-0.043212890625
0.016967773438
-0.052978515625
-0.061279296875
-0.053466796875
0.014892578125
0.047363281250
0.105957031250
0.026611328125
-0.074707031250
0.064941406250
0.043212890625
-0.148437500000
-0.104980468750
-0.005157470703
0.148437500000
-0.021606445312
0.101074218750
0.032958984375
-0.092773437500
-0.113769531250
0.057373046875
-0.042480468750
-0.057128906250
-0.086914062500
0.098632812500
-0.027587890625
0.018432617188
0.033447265625
-0.045898437500
0.049560546875
-0.146484375000
-0.063476562500
-0.045654296875
0.012512207031
-0.001197814941
0.179687500000
0.146484375000
0.000349044800
-0.142578125000
0.098632812500
0.036376953125
0.028076171875
0.040283203125
0.024658203125
-0.075195312500
0.178710937500
-0.121093750000
0.097656250000
-0.018920898438
0.132812500000
-0.053466796875
0.094726562500
-0.059814453125
0.128906250000
0.021484375000
-0.127929687500
-0.013366699219
-0.179687500000
0.050048828125
0.033935546875
0.005889892578
0.033935546875
0.128906250000
0.110351562500
-0.157226562500
0.060058593750
0.026733398438
0.021972656250
-0.080078125000
-0.024291992188
-0.044677734375
-0.136718750000
-0.029541015625
-0.069335937500
0.017333984375
0.062255859375
-0.040039062500
0.038330078125
0.017944335938
0.023681640625
0.047363281250
-0.140625000000
-0.092285156250
-0.070800781250
0.137695312500
-0.158203125000
-0.007446289062
-0.033935546875
-0.119140625000
-0.009094238281
0.175781250000
0.040771484375
0.045654296875
-0.009216308594
-0.032226562500
-0.071777343750
-0.035156250000
0.015869140625
0.124511718750
-0.074218750000
0.051513671875
-0.015258789062
-0.081542968750
0.045166015625
-0.073242187500
0.033691406250
0.039306640625
0.180664062500
-0.035888671875
0.081542968750
-0.009765625000
-0.039062500000
0.199218750000
-0.107910156250
0.093261718750
0.089843750000
0.092773437500
-0.207031250000
0.098144531250
0.096679687500
0.003082275391
0.050781250000
0.067382812500
0.057373046875
0.100585937500
0.032714843750
0.020751953125
-0.082519531250
0.057373046875
0.031494140625
-0.074218750000
0.006317138672
0.062988281250
-0.116699218750
-0.019775390625
-0.170898437500
-0.052490234375
0.074707031250
-0.153320312500
0.007049560547
-0.146484375000
0.110839843750
-0.125976562500
-0.057861328125
0.096679687500
-0.005584716797
-0.192382812500
-0.063964843750
-0.045166015625
-0.044677734375
-0.121093750000
-0.037841796875
0.119628906250
-0.014099121094
0.002868652344
-0.049560546875
-0.023071289062
0.036376953125
-0.137695312500
-0.153320312500
0.010131835938
0.048828125000
0.011047363281
0.037109375000
-0.064941406250
0.048828125000
-0.111816406250
0.019531250000
0.054687500000
0.118652343750
0.091308593750
-0.067871093750
-0.048339843750
0.134765625000
