-132434182 64659569
70708488 -394309039
-234738785 -52799487
227259139 -149198709
-317073401 90656501
-32630377 -251581319
-127724646 100014580
-63975523 10558960
-192992967 181478235
-70435051 90494011
-290733906 -55940666
130758976 218473643
-97609655 -28033981
-101303014 -288086015
297791345 -108080516
-19197688 507926623
281290159 -246351157
391981726 -26210965
59327277 -92856788
201054836 -145601931
-26194454 -176014489
226131643 -43596126
-93652088 29588352
-347625421 -154689890
-80766136 179419766
-184165626 -482123114
262209292 562025343
-225053353 -593523322
60341573 516248292
-12989364 -213756988
-133817318 286876381
-246908587 -134552504
242831019 -208367485
-17959858 -295129182
-223936339 -218645303
67538308 -177946130
50410245 200829010
62507634 -150379032
-96610117 -178667080
-280928642 -24683044
-255430535 340791603
-212606164 -175342253
-146623002 83796870
-439156688 -224926873
-364500789 21185610
113524273 -235230612
140297547 179380160
45527524 393064191
-129473857 -24583975
230892907 48739592
72346738 -125038540
70551416 -56824516
127758993 24540017
-59473656 -391078362
-165788125 289351676
301199570 273339882
61821011 85403283
445297002 -193432627
-217329633 160704873
-215062594 340036238
-142222448 -155267515
96013092 -311231804
148167505 -369514266
-171955079 306970775
-55747492 -268747514
23448090 -163478605
-278174444 512200700
383155463 389987935
-202411781 95486972
-94025790 -33971309
-161724692 -202893242
-85359297 252049635
151934129 42811191
-51844120 151844956
-335703135 -75601620
-138290349 271569392
-248136268 -74003727
-156643462 -202994048
54697536 -160485435
-288253964 452558871
-38221862 -250827062
200645477 433612762
156350262 121318986
287070484 65601202
-498173038 -139631017
219655612 122552475
501485362 -50920135
3575533 104479269
-109695823 -66151422
-5565933 -309806429
140210824 234494463
-188048249 173356821
35350721 286021095
193833285 -449844503
-286293548 247886047
-170885165 -79160207
27257568 -5815954
-189064822 231353839
-91538402 -121307209
-32357764 -232249004
93512484 24484774
93210693 434419787
23742701 -279872751
-37110812 254562491
50025351 80172215
-18251326 12441211
153880669 214347284
-205710770 293092284
-91125531 208690596
279408214 57261003
-20637907 335544752
-20145662 -102277932
-47587946 -53585298
-8321939 -56371859
-231931485 -40342633
-311313498 148096563
-399870949 218969195
-176400620 -563049685
-183436711 201682251
291790475 167753602
-25157583 -115233861
-89317005 -150463254
146277450 57684958
291103873 -349337354
55807506 -84804189
-40832991 -342883489
74163083 365087105
-7710864 -32884821
-383047096 -352283720
-201200269 283647311
609512938 160360280
145144632 -307541500
-365586455 -204425675
253276787 249068287
-34134871 -66930496
-407208549 -264830915
135911871 140303510
200210794 299629587
-79784837 -351014480
250747756 -372792275
206335423 -142966163
-317974482 -20810295
-141782249 233662516
-25245059 510826017
-1493639 221265947
409482112 95860016
104456351 -12730541
66904436 230449822
-577926183 -247866526
181944546 -135089449
432174 -146194257
170705358 -590432931
-42910948 44604322
118381645 352416421
-88880882 170512274
-97019264 390829349
-225753740 105707685
-544508145 -157570113
37559112 -112967306
-8947212 -225091901
-227798738 -92010698
-212031075 -332950143
-58051901 -382606526
699372760 -520995234
29261626 -44888105
156878199 -424693937
-430294585 -205073403
-150678728 305183680
-59618368 466420789
-532987510 252666827
302097342 -322567736
-183939610 133985642
194945998 -456571832
-103476389 -32883044
227305557 -570869834
-208105217 -568507081
202269574 22727054
-412261188 208878278
-17668138 75361888
110661579 188182241
-437407929 -132854513
-564862510 -35749447
425461506 287543023
-261361095 156582172
-112475771 -200274072
632848295 -54436440
171939600 -44473533
26016133 -819095552
133682607 91783119
-149039428 423630294
-204004753 -416765889
420032839 4439348
104687200 -180306932
37545798 -375528483
232850845 107591417
-16357672 -317612717
115596656 114132764
-121188262 -62742553
-10565616 -145094547
194156266 -31215967
-146255628 -35806154
-566888054 381439632
-87223465 177619940
-205678864 62934747
501824071 -292002080
300018591 -214310475
-167136491 -42227276
-530862818 237889142
-167156976 -37049819
92021869 -53562020
-429654095 128158063
366439667 193400889
-5112802 -281960391
265145005 -249082996
198546530 100730464
-151185305 -50277438
-55887237 48814820
-461545021 126863015
-243137970 -123917429
33361455 -94821967
521514582 292079953
112905386 130786455
-16726103 -357268472
-248380265 -651038788
-404615045 -217970985
43062709 -15918585
257920038 -92121251
-79492898 300265913
294520692 -122107398
-110870465 -140027903
663611225 -82234093
-73734350 -155478314
-117700704 172458732
318920675 232297578
-189865366 -466720641
62451454 -241030408
-85131077 463682171
121901202 236539676
-181433070 -378971409
-155798447 -209744381
-385707644 154827586
307090693 -191813534
-229008580 -268534123
158940463 163629513
-31928042 -89250670
-101912779 223095584
-148953440 -123464856
-9054733 199935403
113060580 -1701823
-342948406 130195483
-151528460 -382740672
-56013911 -24930429
43870229 238829022
-420732271 405935952
-116091554 78760025
222067099 108845165
