22274236 22198323
-122913785 56968624
-59142906 -15754431
-8902738 99313449
134187026 96532896
-51506621 129018950
53060946 81040264
49522146 -48005798
120808448 -102892945
-108281366 -116123960
-9635868 -33198005
-19778187 -52832973
-43968290 -67361847
133447230 116500942
-3996766 40561042
-31445848 -68575341
100885208 122258424
69834085 -45428109
59274930 105362492
1672430 63103926
-23020829 73629339
-32200368 116411106
-126056149 -57173794
-88310138 34874008
-63100039 -114402206
41678187 49594846
-73062233 -112402901
-118140453 -105465260
-109472234 28219113
-22015514 -20899637
-115956619 -124356088
-101691936 84822866
-20055217 -32727481
-19458488 91007287
-34380193 18724106
-62583720 8890576
57558929 -127185277
-5103395 41561311
-23309147 -47728063
-72714846 73809024
22589188 47147343
64505471 -7093658
-31322409 -100105588
65211214 97864077
71493451 -92532281
-35514901 38733848
106846100 -10318818
41527646 127179735
67717434 -123328461
-92838801 5886117
63841177 -81593881
19120986 6978268
-67155146 125541071
-86975737 -81379790
11549348 -56206962
-33956054 26201308
95144738 -85654849
46710504 -117270963
91877385 50845097
-96499680 -92430367
83850734 -129497948
-15707917 -112798327
-32882243 62642446
-51063905 73041210
94823244 -80730505
-50063462 77409238
109430775 -125698010
-89825395 62935589
84218883 50083566
129308506 2262063
41456977 -51626209
-67147603 119893329
-119344996 61759511
46534655 -68149370
-23234442 -106269898
-7263354 -113554784
-108287377 19302874
-103600543 -56780745
97314643 -124779550
38313857 100858996
-16382675 -16030155
92129358 -34820778
129212134 130847258
129231217 77799572
-80700469 114897279
115421302 -67848552
71679173 -125433535
3665456 116356977
130472631 87521859
-92538948 -77290415
71306635 100306406
-108821672 -30073140
-31347452 97957693
10769559 119746568
-120531901 -1519926
-12441129 21422846
-67114706 80914529
-18483926 -24833466
-96184138 19676048
9204684 50393432
-68473104 42051424
42227875 -111751171
-53165588 -79896808
115907920 -109960699
-4256586 -98410659
-79614917 91161975
6136170 -120743876
14456261 -65937732
93235246 -87619211
-75899968 126057373
-32697111 -95057141
-131660017 35824565
118935848 9394843
95717897 -108632114
-2286061 -120138004
113175905 124269229
77320105 74777331
129296597 -73517584
-80155967 62526129
116306373 100491127
-108933657 -9033751
12655792 110734401
-131521342 49803632
-34442695 73199735
-56672753 -110265992
56345447 49827898
-62223449 35820928
131708238 87304370
27711270 -101036194
-131227649 -19895793
-10419788 -105926420
-66616461 94830576
21691057 111388846
58936617 -23972773
-49719481 123734039
-77652828 -53622226
96831018 -43873493
-109665320 128881195
-82514721 -32667446
-33114229 127181770
27467165 103415840
129970745 126619263
89830799 -120658854
-115276180 68125948
-82437923 -18280579
-28542598 64339926
30102179 79646616
-18482167 -81806930
-97587524 66484552
49026405 82293108
-66336211 -65451504
-131161900 -37436245
-120843232 128439707
-80155791 -48068425
-15207724 -120251088
57520658 -112367559
-111563480 -87809391
2616300 134109810
-38001390 130186101
-26604721 -127979060
-97839202 -102005014
32769479 65198062
47598707 -108405500
112843266 104450571
-45845767 -43679767
-129605232 82419689
13187177 61684250
85466399 111623
-11813876 107711498
53620428 -97266582
-41375929 -40615447
95829893 -51721531
95416580 -54631176
-107725413 -51255641
-67518984 -29592543
-11156011 83580922
54403443 112347227
11117573 -31813243
126807296 19161237
103792737 131435593
-25080582 104953226
126759692 -10368932
-92298962 -35913110
-68413858 133407601
-109868808 17826174
-20604014 -28747870
26609005 -3299794
50615058 23196470
67148947 -117812692
-4635236 -84919962
87662921 125909917
-111778095 84522165
79335495 88629222
106508208 106747539
-101500126 -101506855
13987225 23070420
126865927 107817951
-109681520 -52183895
-45759524 21177511
55401280 23037327
-114758461 13445359
-51243501 -96644267
40865041 -21042552
-133499086 -10423634
-67326861 24659339
87955425 -14179292
-60665872 70591282
97405631 -91813219
-15096873 81757526
-21406444 -6622386
97588307 -21839621
32174359 -114033521
118133696 -126170030
-13676308 63539539
101644842 -93101147
-65856460 116511433
29525829 86920406
130048046 33130219
3760602 45080091
-25093724 -127180300
-28000632 99053530
17803620 -28109514
-13300419 -83078275
-82506464 -88273874
31647802 66473557
-83713932 -61360498
23941396 -95267191
-100653000 78330959
26446373 -7439594
-50576797 67636727
49020624 -81110748
-18654764 -94401200
74611866 -80427359
-127437148 15594951
-5194716 124937587
-36669464 -21898269
-76583569 -72541658
-132583768 -131466723
128223449 -62204173
-12367037 79482067
31939491 -81326075
28225859 -121116410
-67070830 -52828231
-66287048 -108824280
-2990768 -71460573
12776232 -79448021
-10992916 42290900
13398487 -111474351
102151220 -58217923
19736774 -54190818
-83915766 -104963351
67807860 69697756
94813450 126892870
34549318 -19923035
63270913 -5919337
-115926836 40537083
118926463 12956534
97264167 128066494
72796026 33437707
131294806 -5122372
-44050944 -127600803
-69331043 -83211961
738172 89125056
48331042 130834430
60634261 -65625262
52474303 -68264734
-16248396 74787004
-89886699 77649682
-46098363 76742439
17366175 -27099700
39613120 80813051
-113670662 -66821202
112715070 -19436099
25979057 26342665
-108617308 122179650
-69456850 -52964468
34855223 -77072192
-58231435 133382127
-8240281 83320769
-130815624 -73792007
11446039 17990140
-120483574 -114849839
15000950 -109873850
-33376379 -106292379
-88083165 -28314304
-90725268 2269582
19770767 -71611758
132088263 -95751597
-79075274 -36589397
-104256690 42425462
-1900502 33529999
84722406 95402573
-78335114 -95961515
-22910552 -58188972
-52550056 -32101321
-106892353 -53501233
88599615 -2580549
-93944327 32593274
94100908 54506602
-67409791 83699716
-3805084 -96543068
-21303183 -66304854
-100752612 -46063090
-114005661 42847858
-73661409 -35154093
24403244 82765164
-14164694 -129096966
62037575 -71880893
-104456581 -100637137
114887145 56291453
38935798 12928858
21975164 75996363
-132462284 46073889
-7475067 124255373
-89788040 -12767937
43106245 -52037666
-53585940 75127387
-14674644 -45727989
-112275435 -46017668
-127346712 18663839
-5104564 -126912953
-130025692 -46297021
87316645 -71799738
75099053 -50145952
-18982642 -87036932
43296485 13623971
-133346232 -35598787
-6414570 -111343990
-95516950 95960753
-55311610 -37102803
81862752 32995389
5897176 -26072412
-66389674 127069860
100338461 54899806
56478083 104442768
-127786968 -62171389
1579403 -7490417
59569841 -106412271
98740992 -64445325
133199372 69976907
78798139 93970801
-116474845 101799534
113765950 -13713609
-96072272 75085695
41419907 -1261810
-131356221 21856545
-46968583 521939
113356382 -49248484
74764091 -92046475
47746745 27382929
8792382 116015943
-119763122 -1541361
-74584383 66563113
14464049 -50599363
25103314 -78612847
-113244411 66197248
-39666877 18001682
59326681 -51636277
85954564 38249055
-29214146 73203009
84838102 -35829157
116839221 -79269304
9975298 100730056
-131894824 3247817
19077081 7895256
119992114 -6890589
727679 -130613386
80666050 126569774
68311809 -55958289
127304580 129730671
-110332137 -74482450
56061687 27203501
122531588 1384299
-942077 31921944
-120998202 -7659400
-125072955 -42773831
123553135 95886948
50545613 -71884056
115337739 108957878
-45310994 -9665957
6977633 -99372590
46716572 123517910
40488814 70633770
-73679430 98034476
-85049777 -45293858
-68421905 -38751634
-25332958 6205601
9701852 132811170
-127772343 130691464
100710932 4179957
-107793636 39458378
50331278 -96453639
-73497437 -46859173
91312709 -119536574
19397863 -80470651
79832134 19981962
-82597163 112600748
18473257 -75747605
39316436 72020613
25715605 119147482
-2126465 76069989
-61431690 53124254
64008555 -69577410
-4479861 -102818432
38369732 -59838342
-55554394 -11587400
105209162 86825707
-75304080 57254156
49723457 -19668876
131818156 83335330
-34052541 -118853174
-86632176 -124819514
-101296931 -4794270
-96962011 55239806
14042127 82016210
16151543 106445515
47829839 45559688
-48977045 20226849
87884528 -52980804
72959218 34380644
24525008 62102509
130522039 38840487
69412376 -82752749
22354241 118741134
90862511 -120339393
20735924 -38716988
42294518 -38946130
105358534 40089090
63919742 93489393
-33197523 72690972
-92483247 -37346579
121334822 17748046
-15141616 93741849
104855476 115180715
33188496 35057691
-46450354 93253407
-132889596 96040501
18154 129768173
118551124 -60906328
-74382990 103670751
-117373957 30600565
46758781 82297909
2801134 -19204434
-104643480 44113662
-10643227 -6926164
-67567277 120175078
-106101897 113810223
-70499766 -28217071
-25664559 2128210
-1213105 -88690959
125513353 -61764639
-46667238 -40038275
109098318 8421265
-72517827 -46626816
116669642 11434031
99230983 -21072070
76854886 78483639
94824427 -89998785
-71748639 -112027125
-61557329 82611007
51367286 -56724309
83551860 28159720
-62611246 -14464540
-38626693 53665336
-77189109 -97164658
33587733 97078424
105606836 128909390
-72564150 56332667
-130381470 -96700383
-67276453 -30567038
86661390 -15811871
-30389903 47207454
-76358457 -93399269
65566650 95478358
11551932 66668860
-81252599 130434857
-41937492 -53881985
5942623 -57967482
98826936 -10807464
98156482 -17313636
24985437 54951746
-117704087 -35338622
-127566526 -11843744
42136821 -55651127
48232664 3242300
-75093288 -30491233
-129517677 -95390261
87312306 -39812402
-80619823 -17626039
57814587 31549902
19692651 8411200
117833319 8109693
-28726744 19317295
-54631804 -128710333
95169601 -26647522
-45219608 36405735
-4484579 6170527
95668518 -40745624
125870170 13722733
111883190 26130352
-19106092 -103615541
27053300 48042883
85773581 -7413858
-79715198 -15545633
14325046 -100428666
8192911 -3237607
-101209398 -121100795
77641063 -31530700
66147395 -83888041
123084346 18158157
60717495 58035253
47827467 -93335134
12332178 122596905
-28166093 79623101
130082877 3639785
-62377662 -87571037
-100144719 69951315
66185703 -102480771
-41930034 -121460006
-26974799 3556570
90772063 -112100350
52788994 -126455466
-92576012 -23720925
128479662 -67933137
-27429716 -95345666
-133542611 -82185048
-124437842 -28097690
-22019754 -67549207
-108475569 2386402
-105879646 -86395784
71465922 110548786
52346531 -34424055
86790849 71114555
-99574954 -122487504
29232857 10307363
-109721724 -24138556
23106965 38866934
1120343 69017017
-131779162 -127295483
36644478 -33083904
-115415334 101261335
60236083 -37139474
94157486 83867318
-114015494 46286475
-64882138 4368263
13249097 -43110293
-30874299 -24146118
44447706 110157670
-46281252 -77111695
75707139 77639334
131967412 107311196
-114293053 -758165
-30363361 -40153396
108778928 -79606840
-116967063 -115815676
-91734281 47073292
-26008315 114157158
-49706998 51571164
-128739007 59913059
3340097 -114919656
110327450 38650280
57814563 -100213166
84582512 -121782997
-109359569 68549271
-7207996 6187190
-104838081 -34791371
22252650 59528665
-113415187 124975156
55111935 58104327
118284144 56569955
61832845 60496158
1953512 -120195751
-24305897 -13806058
9359286 -93933763
32068889 84479527
-82341720 17540970
-86705469 -119156520
-84454943 -26431415
-121272614 -30583926
119691703 -7319552
120551039 -127100805
99184036 -33506461
71116105 41644716
-91924597 -95305786
41425171 -86591413
55465133 112726523
-25669167 -101866833
-115145244 4913367
-26571161 48053604
-1911106 14583305
-31059133 101212308
12162213 -46297775
48166809 80908727
45675752 81112394
-84685193 127379003
-49143651 18970140
-30474377 -61578476
-107165058 43823162
-69793689 -60375630
113898001 -132055484
28217328 -104540168
30336096 116101195
10313368 -22389212
1911026 -102150052
-16360807 51205034
65917520 10749033
-75259510 134012540
-103338663 -70832793
-47882704 -9934022
-50905939 106044442
-853810 35974821
-26527031 29830319
72233713 -27999655
-66211611 -10197251
87269304 -123158862
-11266521 43163298
15835915 -112538211
41152529 -128021207
-64320346 -71136778
39286123 -6323079
124123514 -26773845
66078372 -121315423
-71062016 -89380456
-110331797 -104152016
-80707712 -806701
92301648 -4348241
-116286867 -38482350
-101930887 -97502866
86472523 104355445
-35432125 -129956730
-96654688 -69272899
77677657 131567471
-54364363 15542115
65320818 8576632
1040469 84471901
29143940 -34857155
-35758090 -120091559
69746992 91796380
39354155 1657681
-50048023 130249692
117214102 -106797239
-31768227 58481497
21029801 17557028
-8398758 -103013585
-97664643 70916718
67567693 -18170485
112306957 -118333855
55008176 103319991
118332467 -59405664
-23587828 13760737
-67194008 16012957
63313819 -54844960
-120315321 100197370
52267524 -48760049
-9309089 -24111852
34452462 -52921655
19417252 45528869
-101626406 32148771
107524355 -92206002
82989676 -132258384
103338252 19208577
-93890377 -5047728
33982014 -97894692
-44860608 87971748
3437609 73122425
31336227 66065020
21476567 95186237
54338124 -24531560
63887718 79608877
-58410203 19113904
-110274933 -106387026
82981468 31648368
84561741 28770122
-53830187 -15005599
-92411591 28729842
-115577521 -9869921
-129544210 -78017274
-97339178 29364021
-111062385 -38944186
89270397 -52685849
-4907424 -106312115
-60570460 -4840579
132790582 -126894903
127258326 34158733
59807391 -133820580
10329060 -56466627
-9350206 96730895
58706493 11906878
-122781016 -94474724
41576380 66346109
-123338202 -92408868
91289855 74128540
124054067 -104825880
14938928 121456952
118760273 31717690
111729560 131487080
57164955 -124531977
-131502088 62944889
98460216 -38907484
86589349 130072110
-117327872 4210203
-86287702 -46841677
-81828749 -125545987
72212209 -13816060
7217705 -49450657
-100042181 73282567
100517506 116793157
21027640 -25765075
-73252171 -99435165
116922363 69941868
-91649812 -54057611
-106564868 98941105
82528865 124535714
68599218 -31836644
-67894283 80481750
-22695484 93689146
132253057 -77390261
-52572046 -70008626
46102151 130970529
114904543 -75442663
82182114 -42161929
41784879 114199403
-86099733 -21752844
93583158 34814550
-26745837 80335353
-36338366 101087730
-50692763 -7931358
-93358642 -36109593
128239265 -100151760
102490636 100203363
-86200503 -53764787
-90462153 68647895
83626127 7919470
-65534737 112919634
-49863738 -87814902
-24298924 52919821
40971459 28485295
63581884 -47911019
-75222213 -50722235
114994990 -50278806
-12470059 25769372
-128492753 -16506434
-84944359 97680131
70763855 38096383
-71930737 115281742
126442177 -28242871
119965793 114496673
-103262260 -131642411
-13167684 130259972
-72747447 -73528833
-80797611 -126653236
45705142 44486089
132661502 15084677
89840384 2631926
50283019 106949658
81283237 122008707
119266299 73603144
-51278512 59504589
55334618 -126519125
-19811307 -37574137
-117582392 95780514
118654964 47875961
84455022 -35522030
96954453 -75216242
-116274365 -43456578
-116810525 95083749
-116971611 17759736
-104298477 68483082
55750350 -45539162
64480426 -46209663
81622647 -82618759
-21806446 83325748
110611867 -106702633
-122208531 -106227724
-99314725 12393678
112540516 -120754721
133940452 50569505
89191254 -40372191
6418529 47384442
-2276873 -25311008
-42155192 -28841214
-78346613 72084869
-92160123 -40488457
-51650864 19643744
-118782387 109948555
-83383865 -80439594
-30480853 99596001
-96636386 -642905
76646971 105961534
11126432 111886612
-117955605 87851553
-115600224 -74352378
-81391830 -59886178
28091643 -42690810
66052878 120497749
-122242819 32526010
56155045 -112755080
104476304 22396448
-111646545 -114579317
-39608453 4790520
-98684178 70995284
-59958024 -6492276
-93918018 54778267
104959596 -42284331
-82788543 -63886430
-11754115 -84099176
99135140 -60152318
-34068759 -82547197
124128890 8710716
-119736985 10158109
94622826 -44813298
80480690 -3395641
-113451211 12515152
-82507735 -19833495
122365015 -6901903
-126040650 16020441
-118617936 -116882197
-87716315 48506894
-99297167 39546092
-39339199 -48641628
-54760698 -32049090
79209358 120268295
7972822 -129036665
64043139 98100698
28973348 -20663583
61095682 -37791069
58017622 -100767647
-26518448 -80887845
-70257575 -29142813
-100148839 -4595758
69663209 66663373
99795997 71913853
110544769 -15522362
111794185 -123902436
-49314368 -1645812
-31980013 -61762316
101897864 -51535287
73955719 25155509
131345736 -49098688
-71184776 -65430927
84895555 -92893324
102281066 67615814
-95605767 -114777885
-107573419 -92775310
36409114 -43072543
5439155 -130641482
-105300231 -20984651
-119903858 116347764
-67230612 100279194
64990107 -9032605
-67401407 -74705826
-116620574 -64260170
77384215 123638281
-31975933 -4132213
-88625718 69374884
-130310627 26858062
-108157164 -13957309
-7414592 -116845597
-9497486 -124531473
39394942 -97601241
-97398847 58799300
81014027 5926022
39585487 -27419776
75002455 -14634698
-9664368 10254393
69002106 -32126890
-107584398 36165111
-111090369 13125833
-72700866 -22734232
-32833019 24709487
21283389 -9048356
72022658 -100595548
34225852 -42565285
130306964 82259641
-31954459 85578463
76447844 103625277
81349891 -77322713
102709601 93622790
-129138864 -27612704
-71785954 120127292
-49042632 -38510428
21878344 99256112
130615778 122004394
-11220353 -41661528
-129514234 9782569
6056453 87152244
88026071 44358598
8734919 42641825
65972750 54725957
-122994104 -34349518
111645969 -8837582
-49169549 52611876
-97749186 -124038176
-64951780 126291166
13985778 84692566
-129622324 -108268388
-15372823 -5452900
-18294559 56911839
-109282505 -88172497
-44610776 49816998
-96759350 -1551392
105276654 -28426338
43365376 -87203556
111593169 -25460334
126778914 27188339
-14343501 -57425869
111295987 -125255337
111453912 45603009
-129227638 92857415
79869471 -33671303
-29394199 -106055308
-95090032 64926578
69767676 -101754862
125454957 -130525877
-35331675 -127109251
-60442715 126636407
-56569973 -28299005
-17597081 -116169177
-65064306 -127839236
2033654 -115656750
-133649793 27793085
122454481 -100771707
17800025 -34365975
-57220768 -120598503
55079731 53517363
-41296164 -37362123
123057730 -85727114
15094181 -66711665
-128280041 -13577347
-72513057 -54474072
66901321 -30998140
105895887 84574611
44664914 28011704
-14824434 -17644839
-121923520 -72938875
108728152 -109738571
92348445 -128938377
112416317 -15750829
-10651303 74522194
-133791871 -93340649
-31678424 9055274
29632049 37817364
72211836 -106204288
-108770789 114001620
-109054695 -8638669
-91225296 122322908
-82439186 57781750
-99348597 71475138
-80568133 101398479
-85027995 -124614268
62025755 -45174731
-101415296 -2453340
-16585623 -2657076
22521527 21375631
-63541614 41932812
-8478122 19829118
-79588124 -72403846
-48107110 -64760520
14090677 -81300103
-3456145 -120382136
126927335 58560513
-33586931 -101646032
-80761318 86303386
24231330 65873858
-82137205 -126129921
110796057 -71454395
-98915276 -64945147
34611009 -118383597
22110399 50730793
-55278207 -40535796
88794641 -13016191
-106015770 34588664
-40238784 -48873039
45863271 55077351
124292309 70740889
-7516568 -110531835
29456844 122553794
64634392 29281285
-69746349 -120412836
46484784 76647753
-108162283 50654822
67253227 -32001076
-23466633 -80254911
75358447 86443643
-131454709 115484697
-58771121 39829136
9425405 122976303
104696278 -112213622
-62970935 120957987
-117767781 -90396190
-37797759 93830264
-93315334 -13973644
-82870145 66785887
-21738996 93767191
-107465452 -41811713
66308896 -92749195
131106671 -123586918
-40122191 -85953695
32275489 133263504
-57935607 176872
9043862 -27228324
83596813 19938201
2413630 -60655366
15871998 -27382521
-71635324 23173989
-92559718 20024355
-36045715 -49475237
-25573787 -83408596
75389076 -48683389
-19061269 93663971
19112418 -98553205
-124563751 -6176306
-93783591 98681841
-28600281 -119053644
13319863 -80160279
-27903259 -98163092
84791363 20250795
53925369 114751989
-88243553 79424012
105928745 87858633
125896777 116208538
57731838 47685548
-119917707 80893491
-72169637 67531852
