1209307 -46283849
-35825620 -22129782
-87096464 -4774587
59669784 19238125
-95018747 83191624
-87832168 132881895
-25724154 8285411
36366710 82002626
129203084 653806
-65208677 -115425391
3503017 -86215285
42702645 -33643326
84777883 -58139911
121437267 98567490
-37136255 -55185072
92245985 -69141017
69746582 43072920
-62643734 48262909
84156478 -54894299
82565944 94763588
-65334643 73525759
4980579 -26484884
70541064 -92607048
-81495562 -29930413
-9817978 15987865
82177526 -7222349
-73805088 -68229589
1312015 -68147460
28733357 -112730430
-36272331 -96264096
-131386306 15743271
-102064523 -120136020
-10600755 -7040972
27652016 -25034
-66915802 -166315
90845527 48090507
72947576 66119463
-39992111 -41139895
87375422 84246946
-68001628 83138895
-4084164 -7506927
-108055084 -41483354
5684550 116491436
51764887 -95095464
-66959203 29320380
-68016195 -65119236
-19512115 8794330
58404031 -60962011
123551261 7564763
59004090 132639064
94605020 -129338757
13056201 -63066768
-94338663 98540981
-107494686 15165572
106129739 58126361
-99854133 -53107715
36919185 -106068972
35278628 -96312160
2887081 104540191
55639540 -113549014
83446282 -62045528
23168467 -107931455
28565985 -12206074
76580422 27984326
74183468 -80702751
-55616501 84545532
125424534 -44231962
-24400944 117408353
-47340374 59389087
-85196654 32719977
72020390 49755154
-109426276 -52612413
126174931 -28597887
48590574 111663437
10058529 126222930
101490127 -88469271
60539144 94825528
-124290512 -10450609
-7171484 57986561
-1069181 -11294732
23195047 21488727
133544610 106617633
96824355 -27591611
27587711 81648876
32959233 -58878302
-16484536 12360741
20283663 -95912078
-62793264 -32520738
126360053 132909898
-113575225 -87288588
-14787241 -45407951
-66078110 125632039
55566708 -99390361
11353400 -101457977
-20801246 -12607960
-68349633 124920734
7257165 -48616740
110736937 -67142217
20711993 70603339
26909316 104760958
106634223 -114278486
59157489 -33453395
-73170208 -75482816
20532614 30236430
-62483682 -11586761
-34365933 -51860269
16015443 -31064942
52678194 -23483936
-43797076 53101499
-5814128 -38050506
70085825 35773861
-56992121 33801342
97386772 51705640
542607 -45658286
20322611 52354137
-42953759 79574905
61215065 -102319091
1010354 -7494395
53416524 100373794
-32337936 88003194
-133841674 -20116480
52260751 60273953
69020521 -83004695
130856155 -2525597
-118333976 80102044
62206473 -103568604
75908245 46298659
-79657007 -17526062
-43794947 48826060
-32467909 -114274077
15735893 -71535940
98410041 25351747
-126738871 57043044
125383862 114076307
-65101625 -122735493
103774194 -96999816
103268885 106992796
-13995905 -12531794
78357005 -56974031
-18291116 41843897
-65900456 110559125
42031599 -51174289
25929086 -98268162
40099643 118764538
38949311 -54308722
6050246 -5180156
-41213173 -33558618
127768101 48604033
-11439756 -115624475
-33878951 -124294297
-103094304 61997212
108023093 -117644998
4168786 -97562448
-123241944 91062932
-104006681 -55955583
-14319407 -58046028
97323006 3644126
-40998470 -126330745
-124654124 -53457999
2485681 -115306551
60383468 -113713486
66850753 64419417
105208583 -47803774
19731900 80157014
82873528 -72843318
103125722 -23866248
30320796 -19229464
61591980 -91944032
122774410 28189196
-39366055 -107660601
107524437 -79858470
-28253043 99926893
74292618 -76884500
95248069 95045232
-82298306 92468342
44377607 114819305
-95042203 -89631854
128559196 43829849
61513350 -53225865
-130203424 -23200721
-33919183 94862754
-29950312 90665418
-33165684 -30188554
32654143 81981870
11845303 48904229
10620919 -11419307
-41138040 41880447
99905862 -102672850
87423754 36461508
36755975 -8534073
89463650 -17890030
72976424 -75622371
24683409 59238246
127096578 -70151638
120705995 -111636595
29571186 93925979
-65722092 81005153
12734947 62838850
54834509 57521290
-115696539 -50867140
-5596434 123027340
-93282020 83630050
-64503332 -42941544
42553978 -97471937
10073184 80092615
73339433 83906274
-99217525 22424412
24647367 119517095
27257420 121425516
59457334 130167223
32953253 14071616
-30811529 125575609
-43916747 -15458611
-44337043 57035571
111042813 -19746403
84299210 43856131
-43060251 13182152
-49140881 21074596
67353117 40607099
116602457 -14791983
71161643 31331703
85703599 -126363846
33810327 85817188
-52158872 109587746
-13392224 -108817662
-1547087 36986083
130077964 40959511
-76906963 -82460842
-129664790 14085243
108292491 124559161
-26421356 -94284642
-28463634 38011737
-68884848 115929205
-67714617 60688400
-117557997 -13759102
-31609424 106003264
-97148402 -25734087
-101790339 29409886
63992116 95160426
88905772 56636906
31107850 -20623709
127222318 -37118754
94825380 -41337164
132326137 95830355
-52849123 59496214
118238139 -96029728
-108933367 3363147
4992776 -39074648
23547446 72224785
-54639428 -3570285
-29942391 57343952
-112007421 40733287
-12572029 -88785394
93753859 -114951583
29722531 93034108
68782834 -77832269
-96908251 4969864
-97822245 -64646473
99455083 82669728
21821474 -16823625
-20151495 -93177414
-41465051 -34585645
76562480 -906670
-114155181 102283198
-48914481 75063438
-46870675 -118865363
50824846 3935947
86898965 -81264150
7415948 -132333676
-117120660 69571435
-26643796 47201341
-108281145 71694958
-98848289 -7290754
-44063899 51529679
130185983 56886952
52860129 -23343740
105832231 -3221019
-32197677 28061245
33270675 133690616
39911434 -44008941
33858147 124725335
110950074 83124584
-100525802 -85188456
82409675 -102675900
-60712742 -887658
60346161 70368828
-121961154 120048670
-63998199 -69304833
26281467 59781907
47683083 -94477106
59802029 40597377
-29582945 83155375
108431013 57995242
91181288 -108252691
102346278 111145103
3559740 31359744
39979294 -104771708
-96468543 64142724
-117353026 25631726
-21024506 125337388
5610147 -115232142
80625778 -62665640
-38204442 26285690
22792885 -60720586
48870083 -5846849
-119624042 -118950282
-121008780 -77438028
31161533 -31509575
78542452 -118809113
83493468 -77871924
-66378806 727516
8364731 -3966249
-63524500 113593219
97211431 110337948
-83037279 68370204
-112043936 46519527
27847664 40195389
-71009484 -120357141
13973145 -67304363
-2741755 90476439
64910736 -25166860
-91511749 -8360340
124221123 56140608
-91984166 46279910
129908746 94178027
-87994012 99491654
93226042 98818691
131137294 31186318
-85168403 84624773
12462104 110951763
-58400067 18529119
107953445 -25395038
-118339559 -100192304
48673963 -115692961
-128741073 -9062674
101835609 98306887
10177947 -62373871
62534641 76510418
-68692928 -62939910
-134184385 125395528
-61422041 86073825
102090493 60428356
39623907 23203459
2660331 85744713
86191045 106527344
-75789547 -3492961
73036077 127635023
-12048378 -49391913
-57978420 -55246648
73208420 88092528
-66406297 -128614807
74033737 131195173
5599757 -25271676
-77853302 -100805651
-84308531 100587612
101411181 112410954
-90839338 -76603144
-43596382 84853629
48340743 -32210162
3199631 -54769073
-27697051 -76548467
64317619 -104067898
-101280634 -71061897
51305330 124760406
66574553 -47096334
30143924 65106796
43087275 -79323405
54345045 -40717372
133072846 -30929587
82063408 -112535093
121619826 -54011386
-101637724 66717364
-63835932 -130777213
85500076 128499749
61033557 -16748884
-37326718 -123615728
1436976 123475535
-48199168 57503456
49653288 63167793
124802725 131611865
-12197463 -52451627
46141286 -20253948
-48983586 -98512680
-65845036 51595367
93545982 132247441
-125201361 -49852913
-126509151 -19631277
-17390923 -121349614
89933322 -19442999
37873252 29218727
-60998049 -89759358
-31935795 53606982
128396597 49679612
-121357277 -116884049
-72786900 35739680
-45573578 -90957968
30894470 55862701
-44777180 92401571
-19145125 14508181
131237200 -19940286
-104884227 30946295
-481336 -14428892
-96291856 109779131
12783904 -94482907
84756598 -21927759
-62349701 -79179715
70649921 127548218
-113953576 -49595250
-68650450 -29697690
-94749623 -46574361
-118339078 77063903
-74712625 25281142
-30151298 67173354
-49640157 132908556
49554211 104112562
-64634376 46887264
129288545 37098918
5564287 18224864
-115804523 -130276237
110533627 -51119243
-103917050 -98993324
-18697484 76228864
-25626505 93282196
68464234 57997242
104669290 51650045
92188138 -90984842
114375278 684973
-58726981 117353544
48401389 2735952
108228234 105919330
-43174928 -133030495
-55552569 -54166878
104859572 -80215517
123593613 -74576902
87632728 -83482600
-77347048 -115421914
-20658892 -114946000
60997062 83201703
66664074 73985035
-74375544 54743844
-52385733 -129146597
133511261 -3800581
78458841 17028801
-74143427 492089
111992362 -126707071
2266351 33927633
52207834 76665729
79353046 -27786725
53640965 277166
3165138 132550672
88318661 -87897604
48872462 18371120
83324588 -44918321
49922163 77767075
9819059 -25215791
122936792 -37963426
-12770699 -11038304
-61537919 -94346679
-68362370 12499613
49484967 59881761
-7961076 -125522808
-103030250 -92546174
57181113 -90241618
85836659 22382377
-2650524 -40795699
-9234136 -56261177
-3108453 70191573
-86852709 102333578
-133449680 127361864
111697241 112167365
99429616 -63419825
105076722 -109074740
-33334241 76733101
-117722545 -264144
63126180 16229849
-126366031 -61639056
-40988192 88992535
52483093 64767648
-91777548 -7808039
-97304202 -113182299
-68765081 46495215
-7853328 29732245
-78854726 33082821
-42987740 -8966683
-22785499 -30230142
-52276729 -124350461
10002394 -42188670
50137919 -69539282
-37298522 -78781692
-91853008 -54242609
-17617813 124586492
20236622 -31925142
51769896 82850220
36591938 60932476
-101140317 -128166002
58401496 -52572670
-105609659 79752469
124076834 46831170
-88095207 -87518425
22934352 111172732
120717858 32156795
73539458 -9670123
-124281255 -35364870
133918468 43989741
-131217126 -123694335
-132402241 65172170
-74485318 -15191208
65565084 -84947117
-19768622 -39215929
-112924246 131138114
96293346 61178316
19237370 89513120
